  NODES_PER_ELEMENT
   1 6
   2 6
   3 6
   4 6
   5 6
   6 6
   7 6
   8 6
   9 6
   10 6
   11 6
   12 6
   13 6
   14 6
   15 6
   16 6
   17 6
   18 6
   19 6
   20 6
   21 6
   22 6
   23 6
   24 6
   25 6
   26 6
   27 6
   28 6
   29 6
   30 6
   31 6
   32 6
   33 6
   34 6
   35 6
   36 6
   37 6
   38 6
   39 6
   40 6
   41 6
   42 6
   43 6
   44 6
   45 6
   46 6
   47 6
   48 6
   49 6
   50 6
   51 6
   52 6
   53 6
   54 6
   55 6
   56 6
   57 6
   58 6
   59 6
   60 6
   61 6
   62 6
   63 6
   64 6
   65 6
   66 6
   67 6
   68 6
   69 6
   70 6
   71 6
   72 6
   73 6
   74 6
   75 6
   76 6
   77 6
   78 6
   79 6
   80 6
   81 6
   82 6
   83 6
   84 6
   85 6
   86 6
   87 6
   88 6
   89 6
   90 6
   91 6
   92 6
   93 6
   94 6
   95 6
   96 6
   97 6
   98 6
   99 6
   100 6
   101 6
   102 6
   103 6
   104 6
   105 6
   106 6
   107 6
   108 6
   109 6
   110 6
   111 6
   112 6
   113 6
   114 6
   115 6
   116 6
   117 6
   118 6
   119 6
   120 6
   121 6
   122 6
   123 6
   124 6
   125 6
   126 6
   127 6
   128 6
   129 6
   130 6
   131 6
   132 6
   133 6
   134 6
   135 6
   136 6
   137 6
   138 6
   139 6
   140 6
   141 6
   142 6
   143 6
   144 6
   145 6
   146 6
   147 6
   148 6
   149 6
   150 6
   151 6
   152 6
   153 6
   154 6
   155 6
   156 6
   157 6
   158 6
   159 6
   160 6
   161 6
   162 6
   163 6
   164 6
   165 6
   166 6
   167 6
   168 6
   169 6
   170 6
   171 6
   172 6
   173 6
   174 6
   175 6
   176 6
   177 6
   178 6
   179 6
   180 6
   181 6
   182 6
   183 6
   184 6
   185 6
   186 6
   187 6
   188 6
   189 6
   190 6
   191 6
   192 6
   193 6
   194 6
   195 6
   196 6
   197 6
   198 6
   199 6
   200 6
   201 6
   202 6
   203 6
   204 6
   205 6
   206 6
   207 6
   208 6
   209 6
   210 6
   211 6
   212 6
   213 6
   214 6
   215 6
   216 6
   217 6
   218 6
   219 6
   220 6
   221 6
   222 6
   223 6
   224 6
   225 6
   226 6
   227 6
   228 6
   229 6
   230 6
   231 6
   232 6
   233 6
   234 6
   235 6
   236 6
   237 6
   238 6
   239 6
   240 6
   241 6
   242 6
   243 6
   244 6
   245 6
   246 6
   247 6
   248 6
   249 6
   250 6
   251 6
   252 6
   253 6
   254 6
   255 6
   256 6
   257 6
   258 6
   259 6
   260 6
   261 6
   262 6
   263 6
   264 6
   265 6
   266 6
   267 6
   268 6
   269 6
   270 6
   271 6
   272 6
   273 6
   274 6
   275 6
   276 6
   277 6
   278 6
   279 6
   280 6
   281 6
   282 6
   283 6
   284 6
   285 6
   286 6
   287 6
   288 6
   289 6
   290 6
   291 6
   292 6
   293 6
   294 6
   295 6
   296 6
   297 6
   298 6
   299 6
   300 6
   301 6
   302 6
   303 6
   304 6
   305 6
   306 6
   307 6
   308 6
   309 6
   310 6
   311 6
   312 6
   313 6
   314 6
   315 6
   316 6
   317 6
   318 6
   319 6
   320 6
   321 6
   322 6
   323 6
   324 6
   325 6
   326 6
   327 6
   328 6
   329 6
   330 6
   331 6
   332 6
   333 6
   334 6
   335 6
   336 6
   337 6
   338 6
   339 6
   340 6
   341 6
   342 6
   343 6
   344 6
   345 6
   346 6
   347 6
   348 6
   349 6
   350 6
   351 6
   352 6
   353 6
   354 6
   355 6
   356 6
   357 6
   358 6
   359 6
   360 6
   361 6
   362 6
   363 6
   364 6
   365 6
   366 6
   367 6
   368 6
   369 6
   370 6
   371 6
   372 6
   373 6
   374 6
   375 6
   376 6
   377 6
   378 6
   379 6
   380 6
   381 6
   382 6
   383 6
   384 6
   385 6
   386 6
   387 6
   388 6
  END_NODES_PER_ELEMENT
  ELEMENTS
  1 515 531 517 524 525 516  
  2 517 531 537 525 534 528  
  3 515 517 499 516 508 507  
  4 499 517 504 508 511 502  
  5 515 499 481 507 489 498  
  6 504 517 537 511 528 523  
  7 499 504 483 502 491 490  
  8 483 504 488 491 496 485  
  9 499 483 481 490 482 489  
  10 785 780 750 783 763 767  
  11 782 793 755 789 772 769  
  12 793 804 766 799 786 779  
  13 816 828 808 822 820 813  
  14 798 785 757 794 771 777  
  15 780 782 746 781 764 762  
  16 804 816 790 809 805 797  
  17 481 483 457 482 472 471  
  18 814 787 796 803 792 806  
  19 675 687 632 680 657 652  
  20 755 793 766 772 779 760  
  21 782 755 746 769 752 764  
  22 808 828 826 820 827 819  
  23 816 808 790 813 801 805  
  24 750 780 746 763 762 748  
  25 766 804 790 786 797 776  
  26 757 785 750 771 767 756  
  27 798 757 775 777 768 788  
  28 488 504 521 496 512 503  
  29 483 488 468 485 478 476  
  30 755 766 722 760 742 740  
  31 790 808 765 801 791 774  
  32 757 750 709 756 729 736  
  33 746 755 718 752 737 734  
  34 750 746 715 748 731 733  
  35 766 790 739 776 759 749  
  36 616 636 630 627 634 623  
  37 546 557 532 550 547 539  
  38 568 583 566 574 573 567  
  39 598 616 606 607 611 603  
  40 537 546 521 541 535 529  
  41 521 546 532 535 539 526  
  42 557 568 549 562 561 552  
  43 583 598 587 591 593 585  
  44 636 662 664 649 663 653  
  45 504 537 521 523 529 512  
  46 521 532 484 526 505 500  
  47 667 675 632 672 652 646  
  48 828 839 826 834 833 827  
  49 796 787 754 792 770 773  
  50 814 796 823 806 811 821  
  51 808 826 802 819 817 807  
  52 775 757 735 768 743 753  
  53 798 775 832 788 812 818  
  54 630 636 664 634 653 643  
  55 616 630 606 623 617 611  
  56 549 568 566 561 567 559  
  57 557 549 532 552 543 547  
  58 566 583 587 573 585 577  
  59 598 606 587 603 595 593  
  60 664 662 701 663 682 686  
  61 457 483 468 472 476 462  
  62 457 468 442 462 453 451  
  63 481 457 430 471 446 452  
  64 826 839 841 833 840 837  
  65 488 521 484 503 500 486  
  66 468 488 484 478 486 477  
  67 630 664 677 643 669 651  
  68 532 549 506 543 533 518  
  69 587 606 594 595 599 589  
  70 606 630 625 617 629 614  
  71 549 566 545 559 556 548  
  72 566 587 564 577 576 565  
  73 744 719 708 728 711 724  
  74 719 698 681 707 688 703  
  75 671 667 638 668 656 658  
  76 835 814 823 825 821 829  
  77 787 744 754 761 745 770  
  78 698 684 660 689 666 679  
  79 684 671 641 678 659 661  
  80 835 823 841 829 836 838  
  81 754 744 708 745 724 727  
  82 796 754 802 773 778 800  
  83 823 796 802 811 800 815  
  84 802 754 765 778 758 784  
  85 802 765 808 784 791 807  
  86 722 766 739 742 749 726  
  87 722 739 690 726 710 706  
  88 718 755 722 737 740 720  
  89 718 722 673 720 702 695  
  90 790 765 739 774 747 759  
  91 739 765 721 747 741 725  
  92 746 718 715 734 717 731  
  93 715 718 677 717 699 696  
  94 709 750 715 729 733 712  
  95 709 715 677 712 696 693  
  96 757 709 735 736 723 743  
  97 735 709 701 723 705 716  
  98 735 701 730 716 714 732  
  99 802 826 823 817 824 815  
  100 823 826 841 824 837 836  
  101 775 735 730 753 732 751  
  102 701 662 730 682 700 714  
  103 664 701 709 686 705 691  
  104 638 667 632 656 646 635  
  105 671 638 641 658 639 659  
  106 708 719 681 711 703 694  
  107 681 698 660 688 679 665  
  108 660 684 641 666 661 650  
  109 754 708 721 727 713 738  
  110 708 681 670 694 676 692  
  111 841 839 848 840 844 845  
  112 641 638 604 639 621 622  
  113 681 660 631 665 640 654  
  114 660 641 612 650 626 633  
  115 484 532 506 505 518 492  
  116 677 664 709 669 691 693  
  117 625 630 677 629 651 647  
  118 625 677 673 647 674 645  
  119 564 587 594 576 589 580  
  120 564 594 571 580 582 569  
  121 506 549 545 533 548 527  
  122 506 545 487 527 514 495  
  123 545 566 564 556 565 555  
  124 545 564 536 555 551 540  
  125 606 625 594 614 609 599  
  126 594 625 610 609 619 602  
  127 442 468 449 453 456 448  
  128 457 442 430 451 438 446  
  129 835 841 846 838 843 842  
  130 484 506 460 492 480 474  
  131 430 442 416 438 426 423  
  132 690 739 721 710 725 704  
  133 690 721 670 704 697 683  
  134 673 722 690 702 706 685  
  135 673 690 624 685 655 644  
  136 721 765 754 741 758 738  
  137 718 673 677 695 674 699  
  138 468 484 449 477 467 456  
  139 604 638 632 621 635 615  
  140 641 604 612 622 608 626  
  141 612 604 563 608 584 588  
  142 670 681 631 676 654 648  
  143 670 631 624 648 628 642  
  144 708 670 721 692 697 713  
  145 631 660 612 640 633 620  
  146 631 612 581 620 596 605  
  147 442 449 416 448 428 426  
  148 846 841 848 843 845 847  
  149 449 484 460 467 474 455  
  150 449 460 427 455 445 440  
  151 832 775 830 812 810 831  
  152 775 730 830 751 795 810  
  153 487 545 536 514 540 510  
  154 487 536 473 510 497 479  
  155 536 564 571 551 569 554  
  156 536 571 473 554 530 497  
  157 610 625 673 619 645 637  
  158 506 487 460 495 475 480  
  159 460 487 441 475 458 450  
  160 594 610 571 602 592 582  
  161 571 624 581 597 601 575  
  162 430 416 387 423 403 406  
  163 427 460 441 445 450 436  
  164 449 427 416 440 422 428  
  165 624 690 670 655 683 642  
  166 673 624 610 644 618 637  
  167 610 624 571 618 597 592  
  168 563 604 553 584 579 560  
  169 612 563 581 588 572 596  
  170 581 563 473 572 520 538  
  171 631 581 624 605 601 628  
  172 846 848 851 847 850 849  
  173 427 441 404 436 420 418  
  174 487 473 441 479 454 458  
  175 441 473 424 454 447 429  
  176 604 632 553 615 590 579  
  177 632 600 553 613 578 590  
  178 563 553 469 560 509 519  
  179 404 441 424 420 429 413  
  180 427 404 416 418 407 422  
  181 14 28 15 23 22 13  
  182 28 40 32 36 37 29  
  183 21 7 17 12 9 18  
  184 7 1 8 2 3 6  
  185 242 213 216 230 214 233  
  186 213 176 179 195 177 196  
  187 176 151 179 165 164 177  
  188 151 122 129 136 125 138  
  189 469 553 459 509 501 464  
  190 563 469 473 519 470 520  
  191 387 416 385 403 402 386  
  192 385 416 404 402 407 396  
  193 387 385 349 386 367 369  
  194 15 28 32 22 29 24  
  195 15 32 25 24 27 20  
  196 14 15 1 13 5 4  
  197 32 40 60 37 50 46  
  198 424 473 469 447 470 443  
  199 600 570 459 586 513 544  
  200 570 542 465 558 494 522  
  201 473 571 581 530 575 538  
  202 385 404 366 396 384 373  
  203 25 32 45 27 38 35  
  204 15 25 8 20 16 10  
  205 15 8 1 10 3 5  
  206 17 7 8 9 6 11  
  207 17 8 25 11 16 19  
  208 21 17 39 18 26 31  
  209 216 213 179 214 196 199  
  210 216 179 187 199 184 201  
  211 242 216 278 233 249 260  
  212 187 179 153 184 168 170  
  213 216 187 231 201 209 223  
  214 129 122 100 125 113 115  
  215 151 129 179 138 154 164  
  216 459 553 600 501 578 544  
  217 469 459 415 464 434 439  
  218 465 542 466 494 493 463  
  219 570 465 459 522 461 513  
  220 366 404 388 384 398 374  
  221 385 366 348 373 357 368  
  222 45 32 60 38 46 49  
  223 25 45 43 35 41 34  
  224 153 179 129 168 154 141  
  225 187 153 161 170 156 173  
  226 231 187 204 209 194 218  
  227 216 231 278 223 253 249  
  228 100 122 93 113 106 95  
  229 100 93 71 95 83 86  
  230 71 93 59 83 76 68  
  231 100 71 91 86 82 94  
  232 71 59 47 68 55 58  
  233 91 71 64 82 70 78  
  234 100 91 129 94 108 115  
  235 415 459 409 434 431 411  
  236 469 415 424 439 419 443  
  237 47 59 39 55 48 42  
  238 71 47 64 58 57 70  
  239 64 47 43 57 44 51  
  240 388 404 424 398 413 405  
  241 388 424 415 405 419 401  
  242 366 388 351 374 370 358  
  243 348 366 324 357 344 336  
  244 385 348 349 368 347 367  
  245 349 348 307 347 325 326  
  246 43 45 61 41 53 52  
  247 25 43 17 34 30 19  
  248 91 64 84 78 72 87  
  249 161 153 130 156 142 146  
  250 187 161 204 173 180 194  
  251 231 204 247 218 228 238  
  252 409 459 465 431 461 433  
  253 415 409 379 411 393 397  
  254 351 388 379 370 383 362  
  255 366 351 324 358 340 344  
  256 348 324 308 336 316 327  
  257 61 45 69 53 56 66  
  258 43 61 67 52 62 54  
  259 84 64 67 72 65 74  
  260 84 67 89 74 77 85  
  261 67 64 43 65 51 54  
  262 89 67 61 77 62 73  
  263 84 89 111 85 99 98  
  264 111 89 116 99 101 114  
  265 84 111 130 98 119 105  
  266 116 89 96 101 92 104  
  267 111 116 139 114 127 123  
  268 91 84 130 87 105 109  
  269 116 96 124 104 110 120  
  270 111 139 130 123 134 119  
  271 96 89 61 92 73 80  
  272 139 116 147 127 131 143  
  273 130 153 129 142 141 128  
  274 247 204 226 228 215 235  
  275 379 409 375 393 391 376  
  276 161 130 139 146 134 150  
  277 231 247 269 238 258 250  
  278 415 379 388 397 383 401  
  279 308 324 284 316 304 295  
  280 124 96 107 110 102 117  
  281 226 204 183 215 192 203  
  282 269 247 289 258 266 277  
  283 107 96 69 102 81 88  
  284 226 183 208 203 193 217  
  285 289 247 265 266 256 276  
  286 284 324 309 304 317 296  
  287 183 204 161 192 180 172  
  288 69 45 60 56 49 63  
  289 147 116 124 131 120 135  
  290 375 409 410 391 408 392  
  291 308 284 264 295 275 287  
  292 348 308 307 327 306 325  
  293 307 308 264 306 287 286  
  294 247 226 265 235 246 256  
  295 269 289 311 277 298 291  
  296 231 269 278 250 273 253  
  297 61 69 96 66 81 80  
  298 139 147 171 143 157 155  
  299 171 147 178 157 162 174  
  300 139 171 183 155 175 159  
  301 379 375 335 376 355 356  
  302 124 107 140 117 121 133  
  303 208 183 171 193 175 188  
  304 208 171 205 188 186 207  
  305 205 171 178 186 174 191  
  306 205 178 219 191 198 210  
  307 219 178 185 198 181 200  
  308 205 219 243 210 234 227  
  309 185 178 152 181 166 169  
  310 219 185 229 200 206 221  
  311 243 219 257 234 237 251  
  312 205 243 236 227 239 220  
  313 152 178 147 166 162 149  
  314 152 147 124 149 135 137  
  315 152 124 140 137 133 145  
  316 229 185 197 206 190 212  
  317 257 219 229 237 221 240  
  318 236 243 274 239 259 254  
  319 185 152 140 169 145 160  
  320 243 257 282 251 270 261  
  321 205 236 208 220 222 207  
  322 208 236 226 222 232 217  
  323 197 185 140 190 160 167  
  324 274 243 282 259 261 279  
  325 282 257 309 270 280 294  
  326 282 309 323 294 315 303  
  327 323 309 351 315 329 337  
  328 282 323 274 303 299 279  
  329 229 197 225 212 211 224  
  330 225 197 182 211 189 202  
  331 182 197 140 189 167 158  
  332 236 274 268 254 272 252  
  333 268 274 305 272 290 288  
  334 236 268 226 252 248 232  
  335 305 274 335 290 302 321  
  336 268 305 300 288 301 283  
  337 309 324 351 317 340 329  
  338 264 284 229 275 255 245  
  339 335 375 342 355 359 341  
  340 268 300 265 283 281 267  
  341 265 300 289 281 293 276  
  342 268 265 226 267 246 248  
  343 342 375 380 359 377 360  
  344 335 342 305 341 322 321  
  345 305 342 334 322 338 319  
  346 334 342 380 338 360 354  
  347 305 334 300 319 318 301  
  348 300 334 331 318 333 314  
  349 331 334 365 333 350 346  
  350 300 331 289 314 310 293  
  351 365 334 380 350 354 372  
  352 331 365 364 346 363 345  
  353 364 365 400 363 381 382  
  354 364 400 378 382 389 371  
  355 364 378 343 371 361 353  
  356 331 364 311 345 339 320  
  357 380 375 410 377 392 395  
  358 410 409 465 408 433 435  
  359 410 465 466 435 463 432  
  360 311 289 331 298 310 320  
  361 140 107 118 121 112 126  
  362 284 309 257 296 280 271  
  363 269 311 313 291 312 292  
  364 313 311 343 312 328 332  
  365 343 311 364 328 339 353  
  366 379 335 323 356 330 352  
  367 323 335 274 330 302 299  
  368 380 410 417 395 414 399  
  369 417 410 466 414 432 437  
  370 417 466 425 437 444 421  
  371 380 417 365 399 390 372  
  372 425 400 365 412 381 394  
  373 60 90 69 75 79 63  
  374 90 118 107 103 112 97  
  375 118 148 140 132 144 126  
  376 148 182 140 163 158 144  
  377 225 263 264 244 262 241  
  378 264 263 307 262 285 286  
  379 47 39 17 42 26 33  
  380 284 257 229 271 240 255  
  381 313 278 269 297 273 292  
  382 183 161 139 172 150 159  
  383 417 425 365 421 394 390  
  384 323 351 379 337 362 352  
  385 264 229 225 245 224 241  
  386 69 90 107 79 97 88  
  387 91 130 129 109 128 108  
  388 17 43 47 30 44 33  
  END_ELEMENTS  
  COORDINATES  
   1   4.935400e+00  4.719600e+00   
   2   5.139900e+00  4.673300e+00   
   3   4.989842e+00  4.485288e+00   
   4   4.630000e+00  4.528350e+00   
   5   4.800307e+00  4.382617e+00   
   6   5.194342e+00  4.438988e+00   
   7   5.344400e+00  4.627000e+00   
   8   5.044283e+00  4.250976e+00   
   9   5.398842e+00  4.392688e+00   
   10   4.854748e+00  4.148305e+00   
   11   5.248783e+00  4.204676e+00   
   12   5.548900e+00  4.580700e+00   
   13   4.494907e+00  4.191367e+00   
   14   4.324600e+00  4.337100e+00   
   15   4.665213e+00  4.045635e+00   
   16   5.039115e+00  3.998846e+00   
   17   5.453283e+00  4.158376e+00   
   18   5.603342e+00  4.346388e+00   
   19   5.243615e+00  3.952546e+00   
   20   4.849580e+00  3.896175e+00   
   21   5.753400e+00  4.534400e+00   
   22   4.445082e+00  4.003392e+00   
   23   4.274775e+00  4.149125e+00   
   24   4.615388e+00  3.857660e+00   
   25   5.033947e+00  3.746716e+00   
   26   5.803092e+00  4.194188e+00   
   27   4.799755e+00  3.708200e+00   
   28   4.224950e+00  3.961150e+00   
   29   4.395257e+00  3.815417e+00   
   30   5.406863e+00  3.764226e+00   
   31   5.953150e+00  4.382200e+00   
   32   4.565563e+00  3.669685e+00   
   33   5.777723e+00  3.936998e+00   
   34   5.197195e+00  3.558395e+00   
   35   4.951986e+00  3.513821e+00   
   36   4.175125e+00  3.773175e+00   
   37   4.345432e+00  3.627442e+00   
   38   4.717794e+00  3.475306e+00   
   39   6.152900e+00  4.230000e+00   
   40   4.125300e+00  3.585200e+00   
   41   5.115234e+00  3.325501e+00   
   42   6.127531e+00  3.972810e+00   
   43   5.360443e+00  3.370075e+00   
   44   5.731302e+00  3.542848e+00   
   45   4.870025e+00  3.280927e+00   
   46   4.340432e+00  3.374117e+00   
   47   6.102162e+00  3.715621e+00   
   48   6.352650e+00  4.077800e+00   
   49   4.492662e+00  3.179739e+00   
   50   4.120300e+00  3.331875e+00   
   51   5.709540e+00  3.305265e+00   
   52   5.276560e+00  3.134773e+00   
   53   5.031351e+00  3.090199e+00   
   54   5.522437e+00  3.179724e+00   
   55   6.327281e+00  3.820610e+00   
   56   4.785385e+00  3.045742e+00   
   57   6.080399e+00  3.478038e+00   
   58   6.308808e+00  3.577784e+00   
   59   6.552400e+00  3.925600e+00   
   60   4.115300e+00  3.078550e+00   
   61   5.192678e+00  2.899470e+00   
   62   5.438555e+00  2.944421e+00   
   63   4.408022e+00  2.944554e+00   
   64   6.058637e+00  3.240455e+00   
   65   5.871534e+00  3.114913e+00   
   66   4.946711e+00  2.855014e+00   
   67   5.684431e+00  2.989372e+00   
   68   6.533927e+00  3.682774e+00   
   69   4.700745e+00  2.810557e+00   
   70   6.287045e+00  3.340201e+00   
   71   6.515454e+00  3.439948e+00   
   72   6.033064e+00  2.991958e+00   
   73   5.388185e+00  2.710668e+00   
   74   5.845962e+00  2.866416e+00   
   75   4.110300e+00  2.825225e+00   
   76   6.764675e+00  3.739100e+00   
   77   5.634062e+00  2.755619e+00   
   78   6.260785e+00  3.094662e+00   
   79   4.403022e+00  2.691229e+00   
   80   5.163981e+00  2.600444e+00   
   81   4.918015e+00  2.555987e+00   
   82   6.489194e+00  3.194408e+00   
   83   6.746202e+00  3.496274e+00   
   84   6.007492e+00  2.743460e+00   
   85   5.795592e+00  2.632663e+00   
   86   6.710376e+00  3.304217e+00   
   87   6.235213e+00  2.846164e+00   
   88   4.693886e+00  2.445257e+00   
   89   5.583693e+00  2.521866e+00   
   90   4.105300e+00  2.571900e+00   
   91   6.462934e+00  2.948868e+00   
   92   5.359489e+00  2.411641e+00   
   93   6.976950e+00  3.552600e+00   
   94   6.684116e+00  3.058677e+00   
   95   6.941124e+00  3.360543e+00   
   96   5.135285e+00  2.301417e+00   
   97   4.396164e+00  2.325928e+00   
   98   6.001862e+00  2.496200e+00   
   99   5.789962e+00  2.385402e+00   
   100   6.905297e+00  3.168486e+00   
   101   5.567368e+00  2.273067e+00   
   102   4.911156e+00  2.190687e+00   
   103   4.105300e+00  2.318075e+00   
   104   5.343164e+00  2.162842e+00   
   105   6.313991e+00  2.490572e+00   
   106   7.189225e+00  3.366100e+00   
   107   4.687028e+00  2.079956e+00   
   108   6.818433e+00  2.850005e+00   
   109   6.541712e+00  2.593276e+00   
   110   5.119136e+00  2.051981e+00   
   111   5.996232e+00  2.248939e+00   
   112   4.396164e+00  2.072103e+00   
   113   7.153399e+00  3.174043e+00   
   114   5.773638e+00  2.136604e+00   
   115   7.039615e+00  2.959814e+00   
   116   5.551044e+00  2.024268e+00   
   117   4.895007e+00  1.941250e+00   
   118   4.105300e+00  2.064250e+00   
   119   6.308360e+00  2.243311e+00   
   120   5.327015e+00  1.913406e+00   
   121   4.670889e+00  1.830480e+00   
   122   7.401500e+00  3.179600e+00   
   123   5.982480e+00  1.999484e+00   
   124   5.102987e+00  1.802544e+00   
   125   7.287716e+00  2.965371e+00   
   126   4.380026e+00  1.822627e+00   
   127   5.759886e+00  1.887149e+00   
   128   6.897211e+00  2.494413e+00   
   129   7.173933e+00  2.751143e+00   
   130   6.620489e+00  2.237683e+00   
   131   5.536637e+00  1.774725e+00   
   132   4.105300e+00  1.810425e+00   
   133   4.878869e+00  1.691774e+00   
   134   6.294609e+00  1.993856e+00   
   135   5.312609e+00  1.663863e+00   
   136   7.527675e+00  3.000875e+00   
   137   5.133611e+00  1.601250e+00   
   138   7.413891e+00  2.786646e+00   
   139   5.968729e+00  1.750030e+00   
   140   4.654751e+00  1.581004e+00   
   141   7.144639e+00  2.459545e+00   
   142   6.867917e+00  2.202815e+00   
   143   5.745480e+00  1.637606e+00   
   144   4.380026e+00  1.568802e+00   
   145   4.909494e+00  1.490480e+00   
   146   6.714414e+00  2.006135e+00   
   147   5.522231e+00  1.525182e+00   
   148   4.105300e+00  1.556600e+00   
   149   5.343234e+00  1.462569e+00   
   150   6.388534e+00  1.762308e+00   
   151   7.653850e+00  2.822150e+00   
   152   5.164236e+00  1.399956e+00   
   153   7.115346e+00  2.167947e+00   
   154   7.389261e+00  2.418967e+00   
   155   5.954482e+00  1.500446e+00   
   156   6.961842e+00  1.971267e+00   
   157   5.731233e+00  1.388023e+00   
   158   4.380026e+00  1.314702e+00   
   159   6.252127e+00  1.528199e+00   
   160   4.832643e+00  1.253450e+00   
   161   6.808339e+00  1.774586e+00   
   162   5.507943e+00  1.275593e+00   
   163   4.105300e+00  1.302500e+00   
   164   7.629220e+00  2.454471e+00   
   165   7.780025e+00  2.643425e+00   
   166   5.328946e+00  1.212980e+00   
   167   4.590282e+00  1.192965e+00   
   168   7.359968e+00  2.127369e+00   
   169   5.087385e+00  1.162926e+00   
   170   7.209163e+00  1.938415e+00   
   171   5.940236e+00  1.250863e+00   
   172   6.671932e+00  1.540477e+00   
   173   7.055659e+00  1.741735e+00   
   174   5.716946e+00  1.138434e+00   
   175   6.237880e+00  1.278615e+00   
   176   7.906200e+00  2.464700e+00   
   177   7.755395e+00  2.275746e+00   
   178   5.493656e+00  1.026005e+00   
   179   7.604590e+00  2.086792e+00   
   180   6.921753e+00  1.531222e+00   
   181   5.252095e+00  9.759506e-01   
   182   4.105300e+00  1.048400e+00   
   183   6.535525e+00  1.306368e+00   
   184   7.453785e+00  1.897838e+00   
   185   5.010534e+00  9.258966e-01   
   186   5.861304e+00  1.014447e+00   
   187   7.302980e+00  1.708884e+00   
   188   6.104972e+00  1.066874e+00   
   189   4.315556e+00  9.266626e-01   
   190   4.768173e+00  8.654109e-01   
   191   5.638015e+00  9.020180e-01   
   192   6.785346e+00  1.297113e+00   
   193   6.402617e+00  1.094626e+00   
   194   7.169073e+00  1.498371e+00   
   195   7.997075e+00  2.269700e+00   
   196   7.846270e+00  2.080746e+00   
   197   4.525812e+00  8.049252e-01   
   198   5.424770e+00  7.997684e-01   
   199   7.695465e+00  1.891792e+00   
   200   5.183210e+00  7.497143e-01   
   201   7.544660e+00  1.702838e+00   
   202   4.105300e+00  7.943000e-01   
   203   6.652445e+00  1.085402e+00   
   204   7.035167e+00  1.287858e+00   
   205   5.782373e+00  7.780313e-01   
   206   4.942248e+00  6.862589e-01   
   207   6.026041e+00  8.304581e-01   
   208   6.269709e+00  8.828848e-01   
   209   7.418405e+00  1.489422e+00   
   210   5.569129e+00  6.757817e-01   
   211   4.315556e+00  6.725626e-01   
   212   4.699887e+00  6.257732e-01   
   213   8.087950e+00  2.074700e+00   
   214   7.937145e+00  1.885746e+00   
   215   6.902265e+00  1.076147e+00   
   216   7.786340e+00  1.696792e+00   
   217   6.519537e+00  8.736606e-01   
   218   7.284499e+00  1.278909e+00   
   219   5.355885e+00  5.735321e-01   
   220   5.992072e+00  6.434363e-01   
   221   5.114923e+00  5.100767e-01   
   222   6.235740e+00  6.958630e-01   
   223   7.660085e+00  1.483376e+00   
   224   4.489631e+00  4.934106e-01   
   225   4.105300e+00  5.402000e-01   
   226   6.769364e+00  8.644363e-01   
   227   5.769360e+00  5.316827e-01   
   228   7.152067e+00  1.067017e+00   
   229   4.873961e+00  4.466213e-01   
   230   8.178825e+00  1.879700e+00   
   231   7.533831e+00  1.269960e+00   
   232   6.485567e+00  6.866387e-01   
   233   8.028020e+00  1.690746e+00   
   234   5.556116e+00  4.294330e-01   
   235   7.019166e+00  8.553057e-01   
   236   6.201770e+00  5.088412e-01   
   237   5.329534e+00  3.257522e-01   
   238   7.401399e+00  1.058068e+00   
   239   5.979059e+00  3.970876e-01   
   240   5.088572e+00  2.622968e-01   
   241   4.303857e+00  2.565874e-01   
   242   8.269700e+00  1.684700e+00   
   243   5.756347e+00  2.853340e-01   
   244   4.105300e+00  2.861250e-01   
   245   4.688187e+00  2.097980e-01   
   246   6.886607e+00  6.433455e-01   
   247   7.268967e+00  8.461751e-01   
   248   6.694593e+00  5.495899e-01   
   249   8.059045e+00  1.428421e+00   
   250   7.651213e+00  1.049267e+00   
   251   5.529765e+00  1.816532e-01   
   252   6.410796e+00  3.717924e-01   
   253   7.932790e+00  1.215005e+00   
   254   6.187515e+00  2.594537e-01   
   255   4.904333e+00  8.418197e-02   
   256   7.136409e+00  6.342149e-01   
   257   5.303183e+00  7.797233e-02   
   258   7.518781e+00  8.373740e-01   
   259   5.964804e+00  1.477001e-01   
   260   8.300725e+00  1.422375e+00   
   261   5.733143e+00  3.661956e-02   
   262   4.303857e+00  2.512416e-03   
   263   4.105300e+00  3.205000e-02   
   264   4.502413e+00 -2.702517e-02   
   265   7.003850e+00  4.222546e-01   
   266   7.386251e+00  6.254025e-01   
   267   6.811836e+00  3.284991e-01   
   268   6.619823e+00  2.347436e-01   
   269   7.768594e+00  8.285730e-01   
   270   5.506561e+00 -6.706127e-02   
   271   5.118943e+00 -1.001425e-01   
   272   6.396542e+00  1.224049e-01   
   273   8.050172e+00  9.943115e-01   
   274   6.173261e+00  1.006620e-02   
   275   4.718559e+00 -1.526412e-01   
   276   7.253692e+00  4.134422e-01   
   277   7.636065e+00  6.166014e-01   
   278   8.331750e+00  1.160050e+00   
   279   5.941600e+00 -1.010143e-01   
   280   5.335070e+00 -2.257904e-01   
   281   7.020820e+00  1.912983e-01   
   282   5.709938e+00 -2.120949e-01   
   283   6.828807e+00  9.754279e-02   
   284   4.934704e+00 -2.782573e-01   
   285   4.105300e+00 -2.220250e-01   
   286   4.303857e+00 -2.515626e-01   
   287   4.501712e+00 -2.770206e-01   
   288   6.605490e+00 -1.483242e-02   
   289   7.503535e+00  4.046298e-01   
   290   6.382209e+00 -1.271711e-01   
   291   7.885908e+00  6.078096e-01   
   292   8.081197e+00  7.319865e-01   
   293   7.270663e+00  1.824859e-01   
   294   5.538448e+00 -3.708240e-01   
   295   4.717857e+00 -4.026367e-01   
   296   5.150831e+00 -4.039052e-01   
   297   8.362775e+00  8.977250e-01   
   298   7.753378e+00  3.958380e-01   
   299   6.002922e+00 -3.392696e-01   
   300   7.037791e+00 -3.965798e-02   
   301   6.814474e+00 -1.520332e-01   
   302   6.242290e+00 -3.443662e-01   
   303   5.771261e+00 -4.503501e-01   
   304   4.933947e+00 -5.282420e-01   
   305   6.591158e+00 -2.644084e-01   
   306   4.303155e+00 -5.015581e-01   
   307   4.105300e+00 -4.761000e-01   
   308   4.501010e+00 -5.270161e-01   
   309   5.366958e+00 -5.295531e-01   
   310   7.492120e+00  1.009924e-01   
   311   8.003222e+00  3.870462e-01   
   312   8.198511e+00  5.112231e-01   
   313   8.393800e+00  6.354000e-01   
   314   7.259248e+00 -1.211515e-01   
   315   5.599770e+00 -6.090792e-01   
   316   4.717100e+00 -6.526214e-01   
   317   5.150074e+00 -6.538899e-01   
   318   7.048382e+00 -2.270752e-01   
   319   6.825065e+00 -3.394504e-01   
   320   7.741963e+00  9.220061e-02   
   321   6.451239e+00 -4.816035e-01   
   322   6.633081e+00 -4.927020e-01   
   323   5.832583e+00 -6.886053e-01   
   324   4.933190e+00 -7.782267e-01   
   325   4.302619e+00 -7.515008e-01   
   326   4.105300e+00 -7.299250e-01   
   327   4.500474e+00 -7.769589e-01   
   328   8.176486e+00  2.473731e-01   
   329   5.370062e+00 -7.880501e-01   
   330   6.071951e+00 -6.937020e-01   
   331   7.480705e+00 -2.026449e-01   
   332   8.371775e+00  3.715500e-01   
   333   7.269838e+00 -3.085687e-01   
   334   7.058972e+00 -4.144925e-01   
   335   6.311319e+00 -6.987987e-01   
   336   4.716564e+00 -9.025642e-01   
   337   5.602874e+00 -8.675762e-01   
   338   6.866988e+00 -5.677441e-01   
   339   7.954224e+00 -3.825747e-02   
   340   5.153178e+00 -9.123869e-01   
   341   6.493162e+00 -7.098972e-01   
   342   6.675005e+00 -7.209957e-01   
   343   8.349750e+00  1.077000e-01   
   344   4.931771e+00 -1.027996e+00   
   345   7.692965e+00 -3.331030e-01   
   346   7.472456e+00 -4.490756e-01   
   347   4.302619e+00 -1.005326e+00   
   348   4.499938e+00 -1.026902e+00   
   349   4.105300e+00 -9.837500e-01   
   350   7.261590e+00 -5.549993e-01   
   351   5.373166e+00 -1.046547e+00   
   352   5.944184e+00 -1.007499e+00   
   353   8.127488e+00 -1.779305e-01   
   354   7.041748e+00 -7.465143e-01   
   355   6.425722e+00 -9.506273e-01   
   356   6.183553e+00 -1.012596e+00   
   357   4.715144e+00 -1.152334e+00   
   358   5.151758e+00 -1.162156e+00   
   359   6.607565e+00 -9.617258e-01   
   360   6.849764e+00 -8.997659e-01   
   361   8.327725e+00 -1.561500e-01   
   362   5.714476e+00 -1.186470e+00   
   363   7.684717e+00 -5.795336e-01   
   364   7.905226e+00 -4.635611e-01   
   365   7.464208e+00 -6.955062e-01   
   366   4.930351e+00 -1.277765e+00   
   367   4.304757e+00 -1.254409e+00   
   368   4.502076e+00 -1.275985e+00   
   369   4.105300e+00 -1.237575e+00   
   370   5.361797e+00 -1.296062e+00   
   371   8.105463e+00 -4.417805e-01   
   372   7.244366e+00 -8.870211e-01   
   373   4.717282e+00 -1.401417e+00   
   374   5.140390e+00 -1.411671e+00   
   375   6.540125e+00 -1.202456e+00   
   376   6.297955e+00 -1.264424e+00   
   377   6.782324e+00 -1.140496e+00   
   378   8.305700e+00 -4.200000e-01   
   379   6.055786e+00 -1.326393e+00   
   380   7.024524e+00 -1.078536e+00   
   381   7.783579e+00 -7.870531e-01   
   382   8.004088e+00 -6.710806e-01   
   383   5.703107e+00 -1.435984e+00   
   384   4.917964e+00 -1.523803e+00   
   385   4.504214e+00 -1.525068e+00   
   386   4.304757e+00 -1.508234e+00   
   387   4.105300e+00 -1.491400e+00   
   388   5.350429e+00 -1.545576e+00   
   389   8.204325e+00 -6.493000e-01   
   390   7.419089e+00 -1.065848e+00   
   391   6.472613e+00 -1.443139e+00   
   392   6.714830e+00 -1.381271e+00   
   393   6.230444e+00 -1.505107e+00   
   394   7.682204e+00 -1.016353e+00   
   395   6.957029e+00 -1.319311e+00   
   396   4.704895e+00 -1.647454e+00   
   397   5.988717e+00 -1.567112e+00   
   398   5.128002e+00 -1.657708e+00   
   399   7.199247e+00 -1.257363e+00   
   400   8.102950e+00 -8.786000e-01   
   401   5.636038e+00 -1.676704e+00   
   402   4.465814e+00 -1.701980e+00   
   403   4.266357e+00 -1.685146e+00   
   404   4.905576e+00 -1.769840e+00   
   405   5.358943e+00 -1.759021e+00   
   406   4.105300e+00 -1.751157e+00   
   407   4.666496e+00 -1.824366e+00   
   408   6.647318e+00 -1.621953e+00   
   409   6.405101e+00 -1.683822e+00   
   410   6.889534e+00 -1.560085e+00   
   411   6.163375e+00 -1.745827e+00   
   412   8.001575e+00 -1.107900e+00   
   413   5.136517e+00 -1.871153e+00   
   414   7.131752e+00 -1.498137e+00   
   415   5.921648e+00 -1.807832e+00   
   416   4.427415e+00 -1.878892e+00   
   417   7.373970e+00 -1.436189e+00   
   418   4.779460e+00 -1.902669e+00   
   419   5.644552e+00 -1.890149e+00   
   420   4.923294e+00 -1.952144e+00   
   421   7.637085e+00 -1.386695e+00   
   422   4.540380e+00 -1.957195e+00   
   423   4.266357e+00 -1.944903e+00   
   424   5.367457e+00 -1.972466e+00   
   425   7.900200e+00 -1.337200e+00   
   426   4.343729e+00 -2.001318e+00   
   427   4.653345e+00 -2.035497e+00   
   428   4.442770e+00 -2.037335e+00   
   429   5.154234e+00 -2.053457e+00   
   430   4.105300e+00 -2.010915e+00   
   431   6.336440e+00 -1.923743e+00   
   432   7.240417e+00 -1.677943e+00   
   433   6.619481e+00 -1.869128e+00   
   434   6.094714e+00 -1.985748e+00   
   435   6.861697e+00 -1.807260e+00   
   436   4.797178e+00 -2.084973e+00   
   437   7.482635e+00 -1.615995e+00   
   438   4.182672e+00 -2.067330e+00   
   439   5.860172e+00 -2.048303e+00   
   440   4.555735e+00 -2.115638e+00   
   441   4.941012e+00 -2.134448e+00   
   442   4.260044e+00 -2.123745e+00   
   443   5.583076e+00 -2.130620e+00   
   444   7.745750e+00 -1.566500e+00   
   445   4.645142e+00 -2.161525e+00   
   446   4.149699e+00 -2.124198e+00   
   447   5.244807e+00 -2.164769e+00   
   448   4.359084e+00 -2.159762e+00   
   449   4.458125e+00 -2.195779e+00   
   450   4.788976e+00 -2.211000e+00   
   451   4.227071e+00 -2.180613e+00   
   452   4.105300e+00 -2.189436e+00   
   453   4.282530e+00 -2.209722e+00   
   454   5.031585e+00 -2.245760e+00   
   455   4.547533e+00 -2.241665e+00   
   456   4.381571e+00 -2.245739e+00   
   457   4.194098e+00 -2.237481e+00   
   458   4.868533e+00 -2.288467e+00   
   459   6.267779e+00 -2.163664e+00   
   460   4.636940e+00 -2.287552e+00   
   461   6.550820e+00 -2.109049e+00   
   462   4.249557e+00 -2.266590e+00   
   463   7.212580e+00 -1.925118e+00   
   464   6.033237e+00 -2.226219e+00   
   465   6.833860e+00 -2.054435e+00   
   466   7.591300e+00 -1.795800e+00   
   467   4.446563e+00 -2.306047e+00   
   468   4.305017e+00 -2.295698e+00   
   469   5.798696e+00 -2.288774e+00   
   470   5.460427e+00 -2.322923e+00   
   471   4.149699e+00 -2.302719e+00   
   472   4.194463e+00 -2.313286e+00   
   473   5.122158e+00 -2.357072e+00   
   474   4.535971e+00 -2.351933e+00   
   475   4.716497e+00 -2.365019e+00   
   476   4.249922e+00 -2.342395e+00   
   477   4.370009e+00 -2.356007e+00   
   478   4.299113e+00 -2.358612e+00   
   479   4.959106e+00 -2.399779e+00   
   480   4.606505e+00 -2.396714e+00   
   481   4.105300e+00 -2.367957e+00   
   482   4.150064e+00 -2.378524e+00   
   483   4.194828e+00 -2.389091e+00   
   484   4.435002e+00 -2.416315e+00   
   485   4.244019e+00 -2.405308e+00   
   486   4.364105e+00 -2.418920e+00   
   487   4.796054e+00 -2.442486e+00   
   488   4.293209e+00 -2.421525e+00   
   489   4.129785e+00 -2.408894e+00   
   490   4.174549e+00 -2.419461e+00   
   491   4.203330e+00 -2.431105e+00   
   492   4.505535e+00 -2.461096e+00   
   493   7.436850e+00 -2.025100e+00   
   494   7.058130e+00 -2.154418e+00   
   495   4.686061e+00 -2.474181e+00   
   496   4.252521e+00 -2.447322e+00   
   497   4.994313e+00 -2.482397e+00   
   498   4.105300e+00 -2.435829e+00   
   499   4.154270e+00 -2.449832e+00   
   500   4.377185e+00 -2.474859e+00   
   501   6.179610e+00 -2.389825e+00   
   502   4.183051e+00 -2.461475e+00   
   503   4.306288e+00 -2.477464e+00   
   504   4.211832e+00 -2.473118e+00   
   505   4.427270e+00 -2.496649e+00   
   506   4.576069e+00 -2.505876e+00   
   507   4.129785e+00 -2.476766e+00   
   508   4.157145e+00 -2.479941e+00   
   509   5.945068e+00 -2.452381e+00   
   510   4.831261e+00 -2.525104e+00   
   511   4.185926e+00 -2.491584e+00   
   512   4.265600e+00 -2.503260e+00   
   513   6.592089e+00 -2.351104e+00   
   514   4.731556e+00 -2.541910e+00   
   515   4.105300e+00 -2.503700e+00   
   516   4.132660e+00 -2.506875e+00   
   517   4.160020e+00 -2.510050e+00   
   518   4.497804e+00 -2.541430e+00   
   519   5.771216e+00 -2.506574e+00   
   520   5.432947e+00 -2.540723e+00   
   521   4.319367e+00 -2.533403e+00   
   522   6.875129e+00 -2.296490e+00   
   523   4.212966e+00 -2.525259e+00   
   524   4.109950e+00 -2.524950e+00   
   525   4.137310e+00 -2.528125e+00   
   526   4.369453e+00 -2.555193e+00   
   527   4.621564e+00 -2.573605e+00   
   528   4.187060e+00 -2.543725e+00   
   529   4.266734e+00 -2.555401e+00   
   530   5.066532e+00 -2.586535e+00   
   531   4.114600e+00 -2.546200e+00   
   532   4.419539e+00 -2.576983e+00   
   533   4.538945e+00 -2.588232e+00   
   534   4.164350e+00 -2.561800e+00   
   535   4.312334e+00 -2.580651e+00   
   536   4.866468e+00 -2.607722e+00   
   537   4.214100e+00 -2.577400e+00   
   538   5.260876e+00 -2.606754e+00   
   539   4.362420e+00 -2.602441e+00   
   540   4.766764e+00 -2.624528e+00   
   541   4.259700e+00 -2.602650e+00   
   542   7.282400e+00 -2.254400e+00   
   543   4.460680e+00 -2.623785e+00   
   544   6.410150e+00 -2.492351e+00   
   545   4.667059e+00 -2.641334e+00   
   546   4.305300e+00 -2.627900e+00   
   547   4.401970e+00 -2.636391e+00   
   548   4.584440e+00 -2.655961e+00   
   549   4.501821e+00 -2.670587e+00   
   550   4.344850e+00 -2.661850e+00   
   551   4.801317e+00 -2.694722e+00   
   552   4.443111e+00 -2.683194e+00   
   553   6.091441e+00 -2.615987e+00   
   554   4.938687e+00 -2.711860e+00   
   555   4.701613e+00 -2.711528e+00   
   556   4.617731e+00 -2.709206e+00   
   557   4.384400e+00 -2.695800e+00   
   558   7.099399e+00 -2.396472e+00   
   559   4.535112e+00 -2.723832e+00   
   560   5.917588e+00 -2.670181e+00   
   561   4.475061e+00 -2.724344e+00   
   562   4.416350e+00 -2.736950e+00   
   563   5.743736e+00 -2.724374e+00   
   564   4.736166e+00 -2.781722e+00   
   565   4.652285e+00 -2.779400e+00   
   566   4.568403e+00 -2.777077e+00   
   567   4.508351e+00 -2.777589e+00   
   568   4.448300e+00 -2.778100e+00   
   569   4.873536e+00 -2.798860e+00   
   570   6.916398e+00 -2.538544e+00   
   571   5.010906e+00 -2.815997e+00   
   572   5.571665e+00 -2.790405e+00   
   573   4.531351e+00 -2.824339e+00   
   574   4.471300e+00 -2.824850e+00   
   575   5.205250e+00 -2.836217e+00   
   576   4.674177e+00 -2.838281e+00   
   577   4.590296e+00 -2.835959e+00   
   578   6.321980e+00 -2.718513e+00   
   579   6.014431e+00 -2.781006e+00   
   580   4.763806e+00 -2.865994e+00   
   581   5.399594e+00 -2.856436e+00   
   582   4.901175e+00 -2.883132e+00   
   583   4.494300e+00 -2.871600e+00   
   584   5.840579e+00 -2.835199e+00   
   585   4.553244e+00 -2.883220e+00   
   586   6.734459e+00 -2.679791e+00   
   587   4.612189e+00 -2.894840e+00   
   588   5.750270e+00 -2.871405e+00   
   589   4.701817e+00 -2.922553e+00   
   590   6.178770e+00 -2.829694e+00   
   591   4.507400e+00 -2.922050e+00   
   592   4.983537e+00 -2.934890e+00   
   593   4.566344e+00 -2.933670e+00   
   594   4.791445e+00 -2.950266e+00   
   595   4.621775e+00 -2.956839e+00   
   596   5.578199e+00 -2.937436e+00   
   597   5.119371e+00 -2.970606e+00   
   598   4.520500e+00 -2.972500e+00   
   599   4.711404e+00 -2.984552e+00   
   600   6.552520e+00 -2.821039e+00   
   601   5.313715e+00 -2.990826e+00   
   602   4.873806e+00 -3.002024e+00   
   603   4.575931e+00 -2.995669e+00   
   604   5.937422e+00 -2.946024e+00   
   605   5.497313e+00 -2.991915e+00   
   606   4.631362e+00 -3.018838e+00   
   607   4.523250e+00 -3.024550e+00   
   608   5.847113e+00 -2.982230e+00   
   609   4.796663e+00 -3.043341e+00   
   610   4.956168e+00 -3.053782e+00   
   611   4.578681e+00 -3.047719e+00   
   612   5.756804e+00 -3.018436e+00   
   613   6.409310e+00 -2.932220e+00   
   614   4.716622e+00 -3.077627e+00   
   615   6.101761e+00 -2.994712e+00   
   616   4.526000e+00 -3.076600e+00   
   617   4.628266e+00 -3.081570e+00   
   618   5.092002e+00 -3.089499e+00   
   619   4.879025e+00 -3.095099e+00   
   620   5.675918e+00 -3.072915e+00   
   621   5.999004e+00 -3.035606e+00   
   622   5.927065e+00 -3.049671e+00   
   623   4.575585e+00 -3.110451e+00   
   624   5.227837e+00 -3.125215e+00   
   625   4.801881e+00 -3.136416e+00   
   626   5.836756e+00 -3.085877e+00   
   627   4.518200e+00 -3.128100e+00   
   628   5.411434e+00 -3.126305e+00   
   629   4.713525e+00 -3.140359e+00   
   630   4.625169e+00 -3.144301e+00   
   631   5.595032e+00 -3.127394e+00   
   632   6.266100e+00 -3.043400e+00   
   633   5.767738e+00 -3.122460e+00   
   634   4.567785e+00 -3.161951e+00   
   635   6.163343e+00 -3.084294e+00   
   636   4.510400e+00 -3.179600e+00   
   637   4.998936e+00 -3.194531e+00   
   638   6.060586e+00 -3.125188e+00   
   639   5.988647e+00 -3.139253e+00   
   640   5.686852e+00 -3.176939e+00   
   641   5.916708e+00 -3.153318e+00   
   642   5.326069e+00 -3.218579e+00   
   643   4.612308e+00 -3.224056e+00   
   644   5.134771e+00 -3.230248e+00   
   645   4.921793e+00 -3.235848e+00   
   646   6.210500e+00 -3.136500e+00   
   647   4.792348e+00 -3.239034e+00   
   648   5.509667e+00 -3.219669e+00   
   649   4.492450e+00 -3.228550e+00   
   650   5.847690e+00 -3.189901e+00   
   651   4.703992e+00 -3.242977e+00   
   652   6.265600e+00 -3.136000e+00   
   653   4.554924e+00 -3.241705e+00   
   654   5.626666e+00 -3.226816e+00   
   655   5.216715e+00 -3.257994e+00   
   656   6.107743e+00 -3.177394e+00   
   657   6.314650e+00 -3.144000e+00   
   658   6.044193e+00 -3.189394e+00   
   659   5.972254e+00 -3.203459e+00   
   660   5.778671e+00 -3.226484e+00   
   661   5.912154e+00 -3.228009e+00   
   662   4.474500e+00 -3.277500e+00   
   663   4.536974e+00 -3.290655e+00   
   664   4.599447e+00 -3.303810e+00   
   665   5.718486e+00 -3.276362e+00   
   666   5.843136e+00 -3.264592e+00   
   667   6.154900e+00 -3.229600e+00   
   668   6.091350e+00 -3.241600e+00   
   669   4.691131e+00 -3.322731e+00   
   670   5.424302e+00 -3.311944e+00   
   671   6.027800e+00 -3.253600e+00   
   672   6.210000e+00 -3.229100e+00   
   673   5.041705e+00 -3.335280e+00   
   674   4.912260e+00 -3.338466e+00   
   675   6.265100e+00 -3.228600e+00   
   676   5.541301e+00 -3.319091e+00   
   677   4.782815e+00 -3.341652e+00   
   678   5.967700e+00 -3.278150e+00   
   679   5.789086e+00 -3.300642e+00   
   680   6.314150e+00 -3.236600e+00   
   681   5.658300e+00 -3.326239e+00   
   682   4.503200e+00 -3.347456e+00   
   683   5.314948e+00 -3.351358e+00   
   684   5.907600e+00 -3.302700e+00   
   685   5.123650e+00 -3.363026e+00   
   686   4.565674e+00 -3.360611e+00   
   687   6.363200e+00 -3.244600e+00   
   688   5.728900e+00 -3.350519e+00   
   689   5.853550e+00 -3.338750e+00   
   690   5.205594e+00 -3.390772e+00   
   691   4.634484e+00 -3.392149e+00   
   692   5.492391e+00 -3.379552e+00   
   693   4.726168e+00 -3.411070e+00   
   694   5.609390e+00 -3.386700e+00   
   695   4.987968e+00 -3.417519e+00   
   696   4.795283e+00 -3.416581e+00   
   697   5.387831e+00 -3.405759e+00   
   698   5.799500e+00 -3.374800e+00   
   699   4.858522e+00 -3.420705e+00   
   700   4.413480e+00 -3.406468e+00   
   701   4.531900e+00 -3.417413e+00   
   702   5.052472e+00 -3.427344e+00   
   703   5.683350e+00 -3.396570e+00   
   704   5.278477e+00 -3.445174e+00   
   705   4.600711e+00 -3.448951e+00   
   706   5.134416e+00 -3.455090e+00   
   707   5.753950e+00 -3.420850e+00   
   708   5.560480e+00 -3.447160e+00   
   709   4.669521e+00 -3.480489e+00   
   710   5.193428e+00 -3.481474e+00   
   711   5.634440e+00 -3.457030e+00   
   712   4.738636e+00 -3.485999e+00   
   713   5.455920e+00 -3.473368e+00   
   714   4.442180e+00 -3.476424e+00   
   715   4.807750e+00 -3.491510e+00   
   716   4.539460e+00 -3.484126e+00   
   717   4.870990e+00 -3.495634e+00   
   718   4.934230e+00 -3.499758e+00   
   719   5.708400e+00 -3.466900e+00   
   720   4.998734e+00 -3.509583e+00   
   721   5.351360e+00 -3.499575e+00   
   722   5.063238e+00 -3.519409e+00   
   723   4.608270e+00 -3.515664e+00   
   724   5.598890e+00 -3.511130e+00   
   725   5.266310e+00 -3.535875e+00   
   726   5.122250e+00 -3.545792e+00   
   727   5.511226e+00 -3.531766e+00   
   728   5.672850e+00 -3.521000e+00   
   729   4.714758e+00 -3.551412e+00   
   730   4.352459e+00 -3.535436e+00   
   731   4.835358e+00 -3.555438e+00   
   732   4.449739e+00 -3.543138e+00   
   733   4.783873e+00 -3.556923e+00   
   734   4.898598e+00 -3.559562e+00   
   735   4.547019e+00 -3.550839e+00   
   736   4.664404e+00 -3.562378e+00   
   737   4.949454e+00 -3.567687e+00   
   738   5.406666e+00 -3.557974e+00   
   739   5.181261e+00 -3.572176e+00   
   740   5.013959e+00 -3.577513e+00   
   741   5.312954e+00 -3.579301e+00   
   742   5.062451e+00 -3.594867e+00   
   743   4.603153e+00 -3.597553e+00   
   744   5.637300e+00 -3.575100e+00   
   745   5.549636e+00 -3.595736e+00   
   746   4.862966e+00 -3.619366e+00   
   747   5.227905e+00 -3.615601e+00   
   748   4.811481e+00 -3.620851e+00   
   749   5.121463e+00 -3.621250e+00   
   750   4.759995e+00 -3.622336e+00   
   751   4.435220e+00 -3.610858e+00   
   752   4.913822e+00 -3.627491e+00   
   753   4.532500e+00 -3.618560e+00   
   754   5.461972e+00 -3.616372e+00   
   755   4.964679e+00 -3.635617e+00   
   756   4.709641e+00 -3.633301e+00   
   757   4.659286e+00 -3.644267e+00   
   758   5.368260e+00 -3.637700e+00   
   759   5.165958e+00 -3.647306e+00   
   760   5.013172e+00 -3.652971e+00   
   761   5.613250e+00 -3.635650e+00   
   762   4.838433e+00 -3.662883e+00   
   763   4.786948e+00 -3.664368e+00   
   764   4.881683e+00 -3.665683e+00   
   765   5.274548e+00 -3.659027e+00   
   766   5.061664e+00 -3.670325e+00   
   767   4.743948e+00 -3.669618e+00   
   768   4.588634e+00 -3.665274e+00   
   769   4.932539e+00 -3.673808e+00   
   770   5.525586e+00 -3.656286e+00   
   771   4.693593e+00 -3.680583e+00   
   772   4.974489e+00 -3.684558e+00   
   773   5.470165e+00 -3.670176e+00   
   774   5.212601e+00 -3.690732e+00   
   775   4.517981e+00 -3.686281e+00   
   776   5.106159e+00 -3.696381e+00   
   777   4.652293e+00 -3.693733e+00   
   778   5.414596e+00 -3.684974e+00   
   779   5.022982e+00 -3.701913e+00   
   780   4.813900e+00 -3.706400e+00   
   781   4.857150e+00 -3.709200e+00   
   782   4.900400e+00 -3.712000e+00   
   783   4.770900e+00 -3.711650e+00   
   784   5.320884e+00 -3.706301e+00   
   785   4.727900e+00 -3.716900e+00   
   786   5.062232e+00 -3.720263e+00   
   787   5.589200e+00 -3.696200e+00   
   788   4.581641e+00 -3.714741e+00   
   789   4.942350e+00 -3.722750e+00   
   790   5.150654e+00 -3.722437e+00   
   791   5.251357e+00 -3.724638e+00   
   792   5.533779e+00 -3.710090e+00   
   793   4.984300e+00 -3.733500e+00   
   794   4.686600e+00 -3.730050e+00   
   795   4.270330e+00 -3.709018e+00   
   796   5.478358e+00 -3.723979e+00   
   797   5.106727e+00 -3.746318e+00   
   798   4.645300e+00 -3.743200e+00   
   799   5.023550e+00 -3.751850e+00   
   800   5.422789e+00 -3.738777e+00   
   801   5.189410e+00 -3.756343e+00   
   802   5.367220e+00 -3.753575e+00   
   803   5.579200e+00 -3.744750e+00   
   804   5.062800e+00 -3.770200e+00   
   805   5.141927e+00 -3.771668e+00   
   806   5.523779e+00 -3.758640e+00   
   807   5.297693e+00 -3.771912e+00   
   808   5.228167e+00 -3.790249e+00   
   809   5.098000e+00 -3.795550e+00   
   810   4.353091e+00 -3.784441e+00   
   811   5.463618e+00 -3.790387e+00   
   812   4.504741e+00 -3.796391e+00   
   813   5.180683e+00 -3.805575e+00   
   814   5.569200e+00 -3.793300e+00   
   815   5.408049e+00 -3.805185e+00   
   816   5.133200e+00 -3.820900e+00   
   817   5.339309e+00 -3.814303e+00   
   818   4.568400e+00 -3.824850e+00   
   819   5.269782e+00 -3.832640e+00   
   820   5.210533e+00 -3.836925e+00   
   821   5.509039e+00 -3.825047e+00   
   822   5.163050e+00 -3.852250e+00   
   823   5.448878e+00 -3.856794e+00   
   824   5.380138e+00 -3.865912e+00   
   825   5.566700e+00 -3.858400e+00   
   826   5.311398e+00 -3.875030e+00   
   827   5.252149e+00 -3.879315e+00   
   828   5.192900e+00 -3.883600e+00   
   829   5.506539e+00 -3.890147e+00   
   830   4.188200e+00 -3.882600e+00   
   831   4.339850e+00 -3.894550e+00   
   832   4.491500e+00 -3.906500e+00   
   833   5.281999e+00 -3.928715e+00   
   834   5.222750e+00 -3.933000e+00   
   835   5.564200e+00 -3.923500e+00   
   836   5.425316e+00 -3.934365e+00   
   837   5.356576e+00 -3.943483e+00   
   838   5.482977e+00 -3.967718e+00   
   839   5.252600e+00 -3.982400e+00   
   840   5.327177e+00 -3.997168e+00   
   841   5.401754e+00 -4.011936e+00   
   842   5.562674e+00 -4.048296e+00   
   843   5.481451e+00 -4.092514e+00   
   844   5.262450e+00 -4.121600e+00   
   845   5.337027e+00 -4.136368e+00   
   846   5.561148e+00 -4.173093e+00   
   847   5.416724e+00 -4.216946e+00   
   848   5.272300e+00 -4.260800e+00   
   849   5.558874e+00 -4.359046e+00   
   850   5.414450e+00 -4.402900e+00   
   851   5.556600e+00 -4.545000e+00   
  END_COORDINATES
  BOUNDARIES, ELEMENT
    1         515     531     524         1     
    2         531     537     534         2     
    3         481     515     498         5     
    4         785     780     783         10     
    5         782     793     789         11     
    6         793     804     799         12     
    7         816     828     822         13     
    8         798     785     794         14     
    9         780     782     781         15     
    10         804     816     809         16     
    11         814     787     803         18     
    12         675     687     680         19     
    13         687     632     657         19     
    14         616     636     627         36     
    15         546     557     550         37     
    16         568     583     574         38     
    17         598     616     607         39     
    18         537     546     541         40     
    19         557     568     562         42     
    20         583     598     591         43     
    21         636     662     649         44     
    22         667     675     672         47     
    23         828     839     834         48     
    24         832     798     818         53     
    25         430     481     452         63     
    26         744     719     728         73     
    27         719     698     707         74     
    28         671     667     668         75     
    29         835     814     825         76     
    30         787     744     761         77     
    31         698     684     689         78     
    32         684     671     678         79     
    33         662     730     700         102     
    34         839     848     844         111     
    35         846     835     842         129     
    36         830     832     831         151     
    37         730     830     795         152     
    38         387     430     406         162     
    39         848     851     850         172     
    40         851     846     849         172     
    41         632     600     613         177     
    42         14     28     23         181     
    43         28     40     36         182     
    44         21     7     12         183     
    45         7     1     2         184     
    46         242     213     230         185     
    47         213     176     195         186     
    48         176     151     165         187     
    49         151     122     136         188     
    50         349     387     369         193     
    51         1     14     4         196     
    52         40     60     50         197     
    53         600     570     586         199     
    54         570     542     558         200     
    55         39     21     31         208     
    56         278     242     260         211     
    57         542     466     493         218     
    58         122     93     106         228     
    59         93     59     76         230     
    60         59     39     48         237     
    61         307     349     326         245     
    62         182     225     202         330     
    63         400     378     389         354     
    64         378     343     361         355     
    65         343     313     332         364     
    66         466     425     444         370     
    67         425     400     412         372     
    68         60     90     75         373     
    69         90     118     103         374     
    70         118     148     132         375     
    71         148     182     163         376     
    72         225     263     244         377     
    73         263     307     285         378     
    74         313     278     297         381     
  END_BOUNDARIES
  MATERIALS, NUMBER= 1, DEFAULT=1
  END_MATERIALS
  SUBDOMAINS
  END_SUBDOMAINS
  CHARACTERISTICS
  END_CHARACTERISTICS
