  NODES_PER_ELEMENT 
  1 10
  2 10
  3 10
  4 10
  5 10
  6 10
  7 10
  8 10
  9 10
  10 10
  11 10
  12 10
  13 10
  14 10
  15 10
  16 10
  17 10
  18 10
  19 10
  20 10
  21 10
  22 10
  23 10
  24 10
  25 10
  26 10
  27 10
  28 10
  29 10
  30 10
  31 10
  32 10
  33 10
  34 10
  35 10
  36 10
  37 10
  38 10
  39 10
  40 10
  41 10
  42 10
  43 10
  44 10
  45 10
  46 10
  47 10
  48 10
  49 10
  50 10
  51 10
  52 10
  53 10
  54 10
  55 10
  56 10
  57 10
  58 10
  59 10
  60 10
  61 10
  62 10
  63 10
  64 10
  65 10
  66 10
  67 10
  68 10
  69 10
  70 10
  71 10
  72 10
  73 10
  74 10
  75 10
  76 10
  77 10
  78 10
  79 10
  80 10
  81 10
  82 10
  83 10
  84 10
  85 10
  86 10
  87 10
  88 10
  89 10
  90 10
  91 10
  92 10
  93 10
  94 10
  95 10
  96 10
  97 10
  98 10
  99 10
  100 10
  101 10
  102 10
  103 10
  104 10
  105 10
  106 10
  107 10
  108 10
  109 10
  110 10
  111 10
  112 10
  END_NODES_PER_ELEMENT 
  ELEMENTS 
  1 1 2 3 74 73 75 76 77 78 439  
  2 4 5 6 80 79 82 81 83 84 440  
  3 7 8 9 85 86 88 87 90 89 441  
  4 6 5 10 81 82 92 91 93 94 442  
  5 4 6 11 84 83 95 96 97 98 443  
  6 9 8 12 87 88 99 100 102 101 444  
  7 11 6 13 96 95 104 103 105 106 445  
  8 4 11 14 98 97 107 108 110 109 446  
  9 12 8 15 100 99 111 112 114 113 447  
  10 13 6 16 103 104 116 115 117 118 448  
  11 14 11 17 108 107 119 120 121 122 449  
  12 16 6 10 115 116 94 93 124 123 450  
  13 17 11 18 120 119 126 125 127 128 451  
  14 14 17 19 122 121 129 130 132 131 452  
  15 18 11 13 125 126 106 105 133 134 453  
  16 17 18 20 128 127 135 136 137 138 454  
  17 19 17 21 130 129 139 140 141 142 455  
  18 20 18 22 136 135 144 143 145 146 456  
  19 17 20 21 138 137 147 148 140 139 457  
  20 22 18 23 143 144 150 149 151 152 458  
  21 21 20 24 148 147 153 154 155 156 459  
  22 23 18 13 149 150 134 133 158 157 460  
  23 22 23 25 152 151 160 159 161 162 461  
  24 24 20 26 154 153 164 163 165 166 462  
  25 21 24 27 156 155 167 168 170 169 463  
  26 25 23 28 159 160 172 171 173 174 464  
  27 22 25 29 162 161 175 176 177 178 465  
  28 26 20 22 163 164 146 145 179 180 466  
  29 27 24 30 168 167 181 182 183 184 467  
  30 28 23 31 171 172 186 185 188 187 468  
  31 29 25 32 176 175 189 190 191 192 469  
  32 30 24 33 182 181 194 193 195 196 470  
  33 27 30 34 184 183 197 198 200 199 471  
  34 31 23 13 185 186 157 158 202 201 472  
  35 33 24 26 193 194 166 165 203 204 473  
  36 27 34 35 199 200 205 206 208 207 474  
  37 33 26 36 204 203 209 210 211 212 475  
  38 35 34 37 206 205 213 214 216 215 476  
  39 36 26 29 210 209 218 217 219 220 477  
  40 33 36 38 212 211 221 222 224 223 478  
  41 37 34 39 214 213 225 226 227 228 479  
  42 36 29 40 220 219 229 230 231 232 480  
  43 38 36 41 222 221 233 234 235 236 481  
  44 39 34 42 226 225 238 237 239 240 482  
  45 40 29 32 230 229 192 191 241 242 483  
  46 41 36 40 234 233 232 231 243 244 484  
  47 42 34 30 237 238 198 197 245 246 485  
  48 41 40 43 244 243 247 248 249 250 486  
  49 42 30 44 246 245 251 252 253 254 487  
  50 44 30 33 252 251 196 195 255 256 488  
  51 42 44 45 254 253 257 258 260 259 489  
  52 44 33 38 256 255 223 224 261 262 490  
  53 45 44 46 258 257 263 264 265 266 491  
  54 46 44 38 264 263 262 261 267 268 492  
  55 45 46 47 266 265 269 270 272 271 493  
  56 47 46 12 270 269 273 274 275 276 494  
  57 45 47 48 271 272 277 278 280 279 495  
  58 48 47 49 278 277 281 282 284 283 496  
  59 45 48 50 279 280 286 285 288 287 497  
  60 49 47 51 282 281 289 290 291 292 498  
  61 50 48 52 285 286 293 294 296 295 499  
  62 45 50 42 287 288 298 297 259 260 500  
  63 51 47 12 290 289 276 275 299 300 501  
  64 52 48 53 294 293 301 302 304 303 502  
  65 42 50 39 297 298 306 305 240 239 503  
  66 39 50 54 305 306 307 308 310 309 504  
  67 54 50 52 308 307 295 296 312 311 505  
  68 39 54 55 309 310 314 313 316 315 506  
  69 54 52 3 311 312 317 318 320 319 507  
  70 55 54 2 313 314 321 322 324 323 508  
  71 2 54 3 322 321 319 320 76 75 509  
  72 32 25 56 190 189 326 325 327 328 510  
  73 56 25 28 325 326 174 173 330 329 511  
  74 32 56 57 328 327 331 332 333 334 512  
  75 56 28 58 329 330 336 335 337 338 513  
  76 58 28 59 335 336 340 339 342 341 514  
  77 56 58 60 338 337 343 344 345 346 515  
  78 59 28 31 339 340 187 188 348 347 516  
  79 59 31 61 347 348 349 350 352 351 517  
  80 39 55 37 315 316 354 353 228 227 518  
  81 35 62 27 356 355 358 357 207 208 519  
  82 27 62 21 357 358 360 359 169 170 520  
  83 21 62 19 359 360 362 361 142 141 521  
  84 7 9 41 89 90 364 363 365 366 522  
  85 38 41 9 236 235 363 364 368 367 523  
  86 60 57 56 369 370 332 331 346 345 524  
  87 22 29 26 178 177 217 218 180 179 525  
  88 15 63 51 371 372 374 373 376 375 526  
  89 64 65 66 377 378 379 380 382 381 527  
  90 67 43 40 383 384 248 247 386 385 528  
  91 31 13 16 201 202 118 117 388 387 529  
  92 31 16 61 387 388 390 389 350 349 530  
  93 40 32 67 242 241 391 392 385 386 531  
  94 49 51 68 292 291 393 394 396 395 532  
  95 58 59 66 341 342 398 397 399 400 533  
  96 5 69 10 402 401 404 403 91 92 534  
  97 9 12 46 101 102 274 273 406 405 535  
  98 57 67 32 407 408 392 391 334 333 536  
  99 65 60 58 409 410 344 343 412 411 537  
  100 48 49 53 283 284 413 414 302 301 538  
  101 63 70 68 415 416 417 418 420 419 539  
  102 43 7 41 421 422 366 365 250 249 540  
  103 12 15 51 113 114 375 376 300 299 541  
  104 46 38 9 268 267 367 368 405 406 542  
  105 71 66 59 424 423 397 398 426 425 543  
  106 71 59 61 425 426 351 352 428 427 544  
  107 72 53 49 429 430 414 413 431 432 545  
  108 72 49 68 432 431 395 396 433 434 546  
  109 10 61 16 436 435 389 390 123 124 547  
  110 53 3 52 437 438 318 317 303 304 548  
  111 65 58 66 411 412 400 399 380 379 549  
  112 51 63 68 373 374 419 420 394 393 550  
  END_ELEMENTS 
  COORDINATES 
   1   9.000000e+00  -5.000000e+00   
   2   9.000000e+00  -4.000000e+00   
   3   7.900000e+00  -5.000000e+00   
   4   9.000000e+00  3.000000e+00   
   5   9.000000e+00  4.000000e+00   
   6   8.094979e+00  3.583333e+00   
   7   3.500000e+00  -1.000000e+00   
   8   3.500000e+00  -2.000000e+00   
   9   4.366025e+00  -1.500000e+00   
   10   7.900000e+00  5.000000e+00   
   11   8.133975e+00  2.500000e+00   
   12   4.366025e+00  -2.500000e+00   
   13   7.267949e+00  3.000000e+00   
   14   9.000000e+00  2.000000e+00   
   15   3.500000e+00  -3.000000e+00   
   16   7.306240e+00  4.033333e+00   
   17   8.133975e+00  1.500000e+00   
   18   7.267949e+00  2.000000e+00   
   19   9.000000e+00  1.000000e+00   
   20   7.267949e+00  1.000000e+00   
   21   8.133975e+00  5.000000e-01   
   22   6.401924e+00  1.500000e+00   
   23   6.401924e+00  2.500000e+00   
   24   7.267949e+00  -2.220446e-15   
   25   5.535898e+00  2.000000e+00   
   26   6.401924e+00  5.000000e-01   
   27   8.133975e+00  -5.000000e-01   
   28   5.535898e+00  3.000000e+00   
   29   5.535898e+00  1.000000e+00   
   30   7.267949e+00  -1.000000e+00   
   31   6.468270e+00  3.583333e+00   
   32   4.669873e+00  1.500000e+00   
   33   6.401924e+00  -5.000000e-01   
   34   8.133975e+00  -1.500000e+00   
   35   9.000000e+00  -1.000000e+00   
   36   5.535898e+00  -3.552714e-15   
   37   9.000000e+00  -2.000000e+00   
   38   5.535898e+00  -1.000000e+00   
   39   8.133975e+00  -2.500000e+00   
   40   4.669873e+00  5.000000e-01   
   41   4.669873e+00  -5.000000e-01   
   42   7.267949e+00  -2.000000e+00   
   43   3.500000e+00  -8.881784e-16   
   44   6.401924e+00  -1.500000e+00   
   45   6.401924e+00  -2.500000e+00   
   46   5.535898e+00  -2.000000e+00   
   47   5.535898e+00  -3.000000e+00   
   48   6.468270e+00  -3.583333e+00   
   49   5.535898e+00  -4.000000e+00   
   50   7.267949e+00  -3.000000e+00   
   51   4.669873e+00  -3.500000e+00   
   52   7.306240e+00  -4.033333e+00   
   53   6.800000e+00  -5.000000e+00   
   54   8.094979e+00  -3.583333e+00   
   55   9.000000e+00  -3.000000e+00   
   56   4.669873e+00  2.500000e+00   
   57   3.500000e+00  2.000000e+00   
   58   4.669873e+00  3.500000e+00   
   59   5.535898e+00  4.000000e+00   
   60   3.500000e+00  3.000000e+00   
   61   6.800000e+00  5.000000e+00   
   62   9.000000e+00  8.881784e-16   
   63   3.500000e+00  -4.000000e+00   
   64   3.500000e+00  5.000000e+00   
   65   3.500000e+00  4.000000e+00   
   66   4.600000e+00  5.000000e+00   
   67   3.500000e+00  1.000000e+00   
   68   4.600000e+00  -5.000000e+00   
   69   9.000000e+00  5.000000e+00   
   70   3.500000e+00  -5.000000e+00   
   71   5.700000e+00  5.000000e+00   
   72   5.700000e+00  -5.000000e+00   
   73   9.000000e+00  -4.333333e+00   
   74   9.000000e+00  -4.666667e+00   
   75   8.633333e+00  -4.333333e+00   
   76   8.266667e+00  -4.666667e+00   
   77   8.266667e+00  -5.000000e+00   
   78   8.633333e+00  -5.000000e+00   
   79   9.000000e+00  3.666667e+00   
   80   9.000000e+00  3.333333e+00   
   81   8.396652e+00  3.722222e+00   
   82   8.698326e+00  3.861111e+00   
   83   8.396652e+00  3.388889e+00   
   84   8.698326e+00  3.194445e+00   
   85   3.500000e+00  -1.333333e+00   
   86   3.500000e+00  -1.666667e+00   
   87   4.077350e+00  -1.666667e+00   
   88   3.788675e+00  -1.833333e+00   
   89   3.788675e+00  -1.166667e+00   
   90   4.077350e+00  -1.333333e+00   
   91   8.266667e+00  4.666667e+00   
   92   8.633333e+00  4.333333e+00   
   93   7.964993e+00  4.527778e+00   
   94   8.029986e+00  4.055556e+00   
   95   8.107978e+00  3.222222e+00   
   96   8.120976e+00  2.861111e+00   
   97   8.422650e+00  2.666667e+00   
   98   8.711325e+00  2.833333e+00   
   99   3.788675e+00  -2.166667e+00   
   100   4.077350e+00  -2.333333e+00   
   101   4.366025e+00  -1.833333e+00   
   102   4.366025e+00  -2.166667e+00   
   103   7.543626e+00  3.194445e+00   
   104   7.819302e+00  3.388889e+00   
   105   7.556624e+00  2.833333e+00   
   106   7.845300e+00  2.666667e+00   
   107   8.422650e+00  2.333333e+00   
   108   8.711325e+00  2.166667e+00   
   109   9.000000e+00  2.666667e+00   
   110   9.000000e+00  2.333333e+00   
   111   3.500000e+00  -2.333333e+00   
   112   3.500000e+00  -2.666667e+00   
   113   4.077350e+00  -2.666667e+00   
   114   3.788675e+00  -2.833333e+00   
   115   7.569153e+00  3.883333e+00   
   116   7.832066e+00  3.733333e+00   
   117   7.293476e+00  3.688889e+00   
   118   7.280712e+00  3.344445e+00   
   119   8.133975e+00  2.166667e+00   
   120   8.133975e+00  1.833333e+00   
   121   8.422650e+00  1.666667e+00   
   122   8.711325e+00  1.833333e+00   
   123   7.504160e+00  4.355556e+00   
   124   7.702080e+00  4.677778e+00   
   125   7.556624e+00  2.166667e+00   
   126   7.845300e+00  2.333333e+00   
   127   7.556624e+00  1.833333e+00   
   128   7.845300e+00  1.666667e+00   
   129   8.422650e+00  1.333333e+00   
   130   8.711325e+00  1.166667e+00   
   131   9.000000e+00  1.666667e+00   
   132   9.000000e+00  1.333333e+00   
   133   7.267949e+00  2.666667e+00   
   134   7.267949e+00  2.333333e+00   
   135   7.267949e+00  1.666667e+00   
   136   7.267949e+00  1.333333e+00   
   137   7.556624e+00  1.166667e+00   
   138   7.845300e+00  1.333333e+00   
   139   8.133975e+00  1.166667e+00   
   140   8.133975e+00  8.333333e-01   
   141   8.422650e+00  6.666667e-01   
   142   8.711325e+00  8.333333e-01   
   143   6.690599e+00  1.666667e+00   
   144   6.979274e+00  1.833333e+00   
   145   6.690599e+00  1.333333e+00   
   146   6.979274e+00  1.166667e+00   
   147   7.556624e+00  8.333333e-01   
   148   7.845300e+00  6.666667e-01   
   149   6.690599e+00  2.333333e+00   
   150   6.979274e+00  2.166667e+00   
   151   6.401924e+00  2.166667e+00   
   152   6.401924e+00  1.833333e+00   
   153   7.267949e+00  6.666667e-01   
   154   7.267949e+00  3.333333e-01   
   155   7.556624e+00  1.666667e-01   
   156   7.845300e+00  3.333333e-01   
   157   6.690599e+00  2.666667e+00   
   158   6.979274e+00  2.833333e+00   
   159   5.824573e+00  2.166667e+00   
   160   6.113249e+00  2.333333e+00   
   161   5.824573e+00  1.833333e+00   
   162   6.113249e+00  1.666667e+00   
   163   6.690599e+00  6.666667e-01   
   164   6.979274e+00  8.333333e-01   
   165   6.690599e+00  3.333333e-01   
   166   6.979274e+00  1.666667e-01   
   167   7.556624e+00  -1.666667e-01   
   168   7.845300e+00  -3.333333e-01   
   169   8.133975e+00  1.666667e-01   
   170   8.133975e+00  -1.666667e-01   
   171   5.824573e+00  2.833333e+00   
   172   6.113249e+00  2.666667e+00   
   173   5.535898e+00  2.666667e+00   
   174   5.535898e+00  2.333333e+00   
   175   5.535898e+00  1.666667e+00   
   176   5.535898e+00  1.333333e+00   
   177   5.824573e+00  1.166667e+00   
   178   6.113249e+00  1.333333e+00   
   179   6.401924e+00  1.166667e+00   
   180   6.401924e+00  8.333333e-01   
   181   7.267949e+00  -3.333333e-01   
   182   7.267949e+00  -6.666667e-01   
   183   7.556624e+00  -8.333333e-01   
   184   7.845300e+00  -6.666667e-01   
   185   6.446155e+00  3.222222e+00   
   186   6.424039e+00  2.861111e+00   
   187   5.846689e+00  3.194445e+00   
   188   6.157479e+00  3.388889e+00   
   189   5.247223e+00  1.833333e+00   
   190   4.958548e+00  1.666667e+00   
   191   4.958548e+00  1.333333e+00   
   192   5.247223e+00  1.166667e+00   
   193   6.690599e+00  -3.333333e-01   
   194   6.979274e+00  -1.666667e-01   
   195   6.690599e+00  -6.666667e-01   
   196   6.979274e+00  -8.333333e-01   
   197   7.556624e+00  -1.166667e+00   
   198   7.845300e+00  -1.333333e+00   
   199   8.133975e+00  -8.333333e-01   
   200   8.133975e+00  -1.166667e+00   
   201   6.734830e+00  3.388889e+00   
   202   7.001390e+00  3.194445e+00   
   203   6.401924e+00  1.666667e-01   
   204   6.401924e+00  -1.666667e-01   
   205   8.422650e+00  -1.333333e+00   
   206   8.711325e+00  -1.166667e+00   
   207   8.422650e+00  -6.666667e-01   
   208   8.711325e+00  -8.333333e-01   
   209   6.113249e+00  3.333333e-01   
   210   5.824573e+00  1.666667e-01   
   211   5.824573e+00  -1.666667e-01   
   212   6.113249e+00  -3.333333e-01   
   213   8.422650e+00  -1.666667e+00   
   214   8.711325e+00  -1.833333e+00   
   215   9.000000e+00  -1.333333e+00   
   216   9.000000e+00  -1.666667e+00   
   217   5.824573e+00  8.333333e-01   
   218   6.113249e+00  6.666667e-01   
   219   5.535898e+00  6.666667e-01   
   220   5.535898e+00  3.333333e-01   
   221   5.535898e+00  -3.333333e-01   
   222   5.535898e+00  -6.666667e-01   
   223   6.113249e+00  -6.666667e-01   
   224   5.824573e+00  -8.333333e-01   
   225   8.133975e+00  -1.833333e+00   
   226   8.133975e+00  -2.166667e+00   
   227   8.422650e+00  -2.333333e+00   
   228   8.711325e+00  -2.166667e+00   
   229   5.247223e+00  8.333333e-01   
   230   4.958548e+00  6.666667e-01   
   231   4.958548e+00  3.333333e-01   
   232   5.247223e+00  1.666667e-01   
   233   5.247223e+00  -1.666667e-01   
   234   4.958548e+00  -3.333333e-01   
   235   4.958548e+00  -6.666667e-01   
   236   5.247223e+00  -8.333333e-01   
   237   7.556624e+00  -1.833333e+00   
   238   7.845300e+00  -1.666667e+00   
   239   7.556624e+00  -2.166667e+00   
   240   7.845300e+00  -2.333333e+00   
   241   4.669873e+00  1.166667e+00   
   242   4.669873e+00  8.333333e-01   
   243   4.669873e+00  1.666667e-01   
   244   4.669873e+00  -1.666667e-01   
   245   7.267949e+00  -1.333333e+00   
   246   7.267949e+00  -1.666667e+00   
   247   4.279915e+00  3.333333e-01   
   248   3.889957e+00  1.666667e-01   
   249   3.889957e+00  -1.666667e-01   
   250   4.279915e+00  -3.333333e-01   
   251   6.979274e+00  -1.166667e+00   
   252   6.690599e+00  -1.333333e+00   
   253   6.690599e+00  -1.666667e+00   
   254   6.979274e+00  -1.833333e+00   
   255   6.401924e+00  -8.333333e-01   
   256   6.401924e+00  -1.166667e+00   
   257   6.401924e+00  -1.833333e+00   
   258   6.401924e+00  -2.166667e+00   
   259   6.979274e+00  -2.166667e+00   
   260   6.690599e+00  -2.333333e+00   
   261   5.824573e+00  -1.166667e+00   
   262   6.113249e+00  -1.333333e+00   
   263   6.113249e+00  -1.666667e+00   
   264   5.824573e+00  -1.833333e+00   
   265   5.824573e+00  -2.166667e+00   
   266   6.113249e+00  -2.333333e+00   
   267   5.535898e+00  -1.333333e+00   
   268   5.535898e+00  -1.666667e+00   
   269   5.535898e+00  -2.333333e+00   
   270   5.535898e+00  -2.666667e+00   
   271   6.113249e+00  -2.666667e+00   
   272   5.824573e+00  -2.833333e+00   
   273   5.145941e+00  -2.166667e+00   
   274   4.755983e+00  -2.333333e+00   
   275   4.755983e+00  -2.666667e+00   
   276   5.145941e+00  -2.833333e+00   
   277   5.846689e+00  -3.194445e+00   
   278   6.157479e+00  -3.388889e+00   
   279   6.424039e+00  -2.861111e+00   
   280   6.446155e+00  -3.222222e+00   
   281   5.535898e+00  -3.333333e+00   
   282   5.535898e+00  -3.666667e+00   
   283   6.157479e+00  -3.722222e+00   
   284   5.846689e+00  -3.861111e+00   
   285   7.001390e+00  -3.194445e+00   
   286   6.734830e+00  -3.388889e+00   
   287   6.690599e+00  -2.666667e+00   
   288   6.979274e+00  -2.833333e+00   
   289   5.247223e+00  -3.166667e+00   
   290   4.958548e+00  -3.333333e+00   
   291   4.958548e+00  -3.666667e+00   
   292   5.247223e+00  -3.833333e+00   
   293   6.747593e+00  -3.733333e+00   
   294   7.026917e+00  -3.883333e+00   
   295   7.280712e+00  -3.344445e+00   
   296   7.293476e+00  -3.688889e+00   
   297   7.267949e+00  -2.333333e+00   
   298   7.267949e+00  -2.666667e+00   
   299   4.467308e+00  -2.833333e+00   
   300   4.568590e+00  -3.166667e+00   
   301   6.578847e+00  -4.055556e+00   
   302   6.689423e+00  -4.527778e+00   
   303   7.137493e+00  -4.355556e+00   
   304   6.968747e+00  -4.677778e+00   
   305   7.845300e+00  -2.666667e+00   
   306   7.556624e+00  -2.833333e+00   
   307   7.543626e+00  -3.194445e+00   
   308   7.819302e+00  -3.388889e+00   
   309   8.120976e+00  -2.861111e+00   
   310   8.107978e+00  -3.222222e+00   
   311   7.832066e+00  -3.733333e+00   
   312   7.569153e+00  -3.883333e+00   
   313   8.698326e+00  -3.194445e+00   
   314   8.396652e+00  -3.388889e+00   
   315   8.422650e+00  -2.666667e+00   
   316   8.711325e+00  -2.833333e+00   
   317   7.504160e+00  -4.355556e+00   
   318   7.702080e+00  -4.677778e+00   
   319   8.029986e+00  -4.055556e+00   
   320   7.964993e+00  -4.527778e+00   
   321   8.396652e+00  -3.722222e+00   
   322   8.698326e+00  -3.861111e+00   
   323   9.000000e+00  -3.333333e+00   
   324   9.000000e+00  -3.666667e+00   
   325   4.958548e+00  2.333333e+00   
   326   5.247223e+00  2.166667e+00   
   327   4.669873e+00  2.166667e+00   
   328   4.669873e+00  1.833333e+00   
   329   4.958548e+00  2.666667e+00   
   330   5.247223e+00  2.833333e+00   
   331   4.279915e+00  2.333333e+00   
   332   3.889957e+00  2.166667e+00   
   333   3.889957e+00  1.833333e+00   
   334   4.279915e+00  1.666667e+00   
   335   4.958548e+00  3.333333e+00   
   336   5.247223e+00  3.166667e+00   
   337   4.669873e+00  3.166667e+00   
   338   4.669873e+00  2.833333e+00   
   339   5.535898e+00  3.666667e+00   
   340   5.535898e+00  3.333333e+00   
   341   4.958548e+00  3.666667e+00   
   342   5.247223e+00  3.833333e+00   
   343   4.279915e+00  3.333333e+00   
   344   3.889957e+00  3.166667e+00   
   345   3.889957e+00  2.833333e+00   
   346   4.279915e+00  2.666667e+00   
   347   5.846689e+00  3.861111e+00   
   348   6.157479e+00  3.722222e+00   
   349   6.578847e+00  4.055556e+00   
   350   6.689423e+00  4.527778e+00   
   351   5.957265e+00  4.333333e+00   
   352   6.378633e+00  4.666667e+00   
   353   9.000000e+00  -2.333333e+00   
   354   9.000000e+00  -2.666667e+00   
   355   9.000000e+00  -3.333333e-01   
   356   9.000000e+00  -6.666667e-01   
   357   8.422650e+00  -3.333333e-01   
   358   8.711325e+00  -1.666667e-01   
   359   8.422650e+00  3.333333e-01   
   360   8.711325e+00  1.666667e-01   
   361   9.000000e+00  6.666667e-01   
   362   9.000000e+00  3.333333e-01   
   363   4.568590e+00  -8.333333e-01   
   364   4.467308e+00  -1.166667e+00   
   365   4.279915e+00  -6.666667e-01   
   366   3.889957e+00  -8.333333e-01   
   367   5.145941e+00  -1.166667e+00   
   368   4.755983e+00  -1.333333e+00   
   369   3.500000e+00  2.666667e+00   
   370   3.500000e+00  2.333333e+00   
   371   3.500000e+00  -3.333333e+00   
   372   3.500000e+00  -3.666667e+00   
   373   4.279915e+00  -3.666667e+00   
   374   3.889957e+00  -3.833333e+00   
   375   3.889957e+00  -3.166667e+00   
   376   4.279915e+00  -3.333333e+00   
   377   3.500000e+00  4.666667e+00   
   378   3.500000e+00  4.333333e+00   
   379   3.866667e+00  4.333333e+00   
   380   4.233333e+00  4.666667e+00   
   381   3.866667e+00  5.000000e+00   
   382   4.233333e+00  5.000000e+00   
   383   3.500000e+00  6.666667e-01   
   384   3.500000e+00  3.333333e-01   
   385   3.889957e+00  8.333333e-01   
   386   4.279915e+00  6.666667e-01   
   387   6.747593e+00  3.733333e+00   
   388   7.026917e+00  3.883333e+00   
   389   6.968747e+00  4.677778e+00   
   390   7.137493e+00  4.355556e+00   
   391   4.279915e+00  1.333333e+00   
   392   3.889957e+00  1.166667e+00   
   393   4.646582e+00  -4.000000e+00   
   394   4.623291e+00  -4.500000e+00   
   395   5.223932e+00  -4.333333e+00   
   396   4.911966e+00  -4.666667e+00   
   397   4.911966e+00  4.666667e+00   
   398   5.223932e+00  4.333333e+00   
   399   4.623291e+00  4.500000e+00   
   400   4.646582e+00  4.000000e+00   
   401   9.000000e+00  4.666667e+00   
   402   9.000000e+00  4.333333e+00   
   403   8.266667e+00  5.000000e+00   
   404   8.633333e+00  5.000000e+00   
   405   4.755983e+00  -1.666667e+00   
   406   5.145941e+00  -1.833333e+00   
   407   3.500000e+00  1.666667e+00   
   408   3.500000e+00  1.333333e+00   
   409   3.500000e+00  3.666667e+00   
   410   3.500000e+00  3.333333e+00   
   411   3.889957e+00  3.833333e+00   
   412   4.279915e+00  3.666667e+00   
   413   5.957265e+00  -4.333333e+00   
   414   6.378633e+00  -4.666667e+00   
   415   3.500000e+00  -4.333333e+00   
   416   3.500000e+00  -4.666667e+00   
   417   3.866667e+00  -5.000000e+00   
   418   4.233333e+00  -5.000000e+00   
   419   3.866667e+00  -4.333333e+00   
   420   4.233333e+00  -4.666667e+00   
   421   3.500000e+00  -3.333333e-01   
   422   3.500000e+00  -6.666667e-01   
   423   4.966667e+00  5.000000e+00   
   424   5.333333e+00  5.000000e+00   
   425   5.645299e+00  4.666667e+00   
   426   5.590599e+00  4.333333e+00   
   427   6.066667e+00  5.000000e+00   
   428   6.433333e+00  5.000000e+00   
   429   6.066667e+00  -5.000000e+00   
   430   6.433333e+00  -5.000000e+00   
   431   5.590599e+00  -4.333333e+00   
   432   5.645299e+00  -4.666667e+00   
   433   4.966667e+00  -5.000000e+00   
   434   5.333333e+00  -5.000000e+00   
   435   7.166667e+00  5.000000e+00   
   436   7.533333e+00  5.000000e+00   
   437   7.166667e+00  -5.000000e+00   
   438   7.533333e+00  -5.000000e+00   
   439   8.633333e+00  -4.666667e+00   
   440   8.698326e+00  3.527778e+00   
   441   3.788675e+00  -1.500000e+00   
   442   8.331659e+00  4.194445e+00   
   443   8.409651e+00  3.027778e+00   
   444   4.077350e+00  -2.000000e+00   
   445   7.832301e+00  3.027778e+00   
   446   8.711325e+00  2.500000e+00   
   447   3.788675e+00  -2.500000e+00   
   448   7.556389e+00  3.538889e+00   
   449   8.422650e+00  2.000000e+00   
   450   7.767073e+00  4.205556e+00   
   451   7.845300e+00  2.000000e+00   
   452   8.711325e+00  1.500000e+00   
   453   7.556624e+00  2.500000e+00   
   454   7.556624e+00  1.500000e+00   
   455   8.422650e+00  1.000000e+00   
   456   6.979274e+00  1.500000e+00   
   457   7.845300e+00  1.000000e+00   
   458   6.690599e+00  2.000000e+00   
   459   7.556624e+00  5.000000e-01   
   460   6.979274e+00  2.500000e+00   
   461   6.113249e+00  2.000000e+00   
   462   6.979274e+00  5.000000e-01   
   463   7.845300e+00  1.079384e-16   
   464   5.824573e+00  2.500000e+00   
   465   5.824573e+00  1.500000e+00   
   466   6.690599e+00  1.000000e+00   
   467   7.556624e+00  -5.000000e-01   
   468   6.135364e+00  3.027778e+00   
   469   5.247223e+00  1.500000e+00   
   470   6.979274e+00  -5.000000e-01   
   471   7.845300e+00  -1.000000e+00   
   472   6.712714e+00  3.027778e+00   
   473   6.690599e+00  -9.899487e-16   
   474   8.422650e+00  -1.000000e+00   
   475   6.113249e+00  -8.326673e-16   
   476   8.711325e+00  -1.500000e+00   
   477   5.824573e+00  5.000000e-01   
   478   5.824573e+00  -5.000000e-01   
   479   8.422650e+00  -2.000000e+00   
   480   5.247223e+00  5.000000e-01   
   481   5.247223e+00  -5.000000e-01   
   482   7.845300e+00  -2.000000e+00   
   483   4.958548e+00  1.000000e+00   
   484   4.958548e+00  -1.232039e-15   
   485   7.556624e+00  -1.500000e+00   
   486   4.279915e+00  -1.526557e-15   
   487   6.979274e+00  -1.500000e+00   
   488   6.690599e+00  -1.000000e+00   
   489   6.690599e+00  -2.000000e+00   
   490   6.113249e+00  -1.000000e+00   
   491   6.113249e+00  -2.000000e+00   
   492   5.824573e+00  -1.500000e+00   
   493   5.824573e+00  -2.500000e+00   
   494   5.145941e+00  -2.500000e+00   
   495   6.135364e+00  -3.027778e+00   
   496   5.846689e+00  -3.527778e+00   
   497   6.712714e+00  -3.027778e+00   
   498   5.247223e+00  -3.500000e+00   
   499   7.014153e+00  -3.538889e+00   
   500   6.979274e+00  -2.500000e+00   
   501   4.857266e+00  -3.000000e+00   
   502   6.858170e+00  -4.205556e+00   
   503   7.556624e+00  -2.500000e+00   
   504   7.832301e+00  -3.027778e+00   
   505   7.556389e+00  -3.538889e+00   
   506   8.409651e+00  -3.027778e+00   
   507   7.767073e+00  -4.205556e+00   
   508   8.698326e+00  -3.527778e+00   
   509   8.331659e+00  -4.194445e+00   
   510   4.958548e+00  2.000000e+00   
   511   5.247223e+00  2.500000e+00   
   512   4.279915e+00  2.000000e+00   
   513   4.958548e+00  3.000000e+00   
   514   5.247223e+00  3.500000e+00   
   515   4.279915e+00  3.000000e+00   
   516   5.846689e+00  3.527778e+00   
   517   6.268056e+00  4.194445e+00   
   518   8.711325e+00  -2.500000e+00   
   519   8.711325e+00  -5.000000e-01   
   520   8.422650e+00  -3.361509e-16   
   521   8.711325e+00  5.000000e-01   
   522   4.178633e+00  -1.000000e+00   
   523   4.857266e+00  -1.000000e+00   
   524   3.889957e+00  2.500000e+00   
   525   6.113249e+00  1.000000e+00   
   526   3.889957e+00  -3.500000e+00   
   527   3.866667e+00  4.666667e+00   
   528   3.889957e+00  5.000000e-01   
   529   7.014153e+00  3.538889e+00   
   530   6.858170e+00  4.205556e+00   
   531   4.279915e+00  1.000000e+00   
   532   4.935257e+00  -4.166667e+00   
   533   4.935257e+00  4.166667e+00   
   534   8.633333e+00  4.666667e+00   
   535   4.755983e+00  -2.000000e+00   
   536   3.889957e+00  1.500000e+00   
   537   3.889957e+00  3.500000e+00   
   538   6.268056e+00  -4.194445e+00   
   539   3.866667e+00  -4.666667e+00   
   540   3.889957e+00  -5.000000e-01   
   541   4.178633e+00  -3.000000e+00   
   542   5.145941e+00  -1.500000e+00   
   543   5.278633e+00  4.666667e+00   
   544   6.011966e+00  4.666667e+00   
   545   6.011966e+00  -4.666667e+00   
   546   5.278633e+00  -4.666667e+00   
   547   7.335413e+00  4.677778e+00   
   548   7.335413e+00  -4.677778e+00   
   549   4.256624e+00  4.166667e+00   
   550   4.256624e+00  -4.166667e+00   
  END_COORDINATES 
  BOUNDARIES, ELEMENT 
    1         3 1 77 78         1     
    2         1 2 74 73         1     
    3         4 5 80 79         2     
    4         7 8 85 86         3     
    5         14 4 110 109         8     
    6         8 15 111 112         9     
    7         19 14 132 131         14     
    8         37 35 216 215         38     
    9         2 55 324 323         70     
    10         55 37 354 353         80     
    11         35 62 356 355         81     
    12         62 19 362 361         83     
    13         60 57 369 370         86     
    14         15 63 371 372         88     
    15         66 64 382 381         89     
    16         64 65 377 378         89     
    17         67 43 383 384         90     
    18         5 69 402 401         96     
    19         69 10 404 403         96     
    20         57 67 407 408         98     
    21         65 60 409 410         99     
    22         70 68 417 418         101     
    23         63 70 415 416         101     
    24         43 7 421 422         102     
    25         71 66 424 423         105     
    26         61 71 428 427         106     
    27         72 53 429 430         107     
    28         68 72 433 434         108     
    29         10 61 436 435         109     
    30         53 3 437 438         110     
  END_BOUNDARIES 
  MATERIALS, NUMBER= 1, DEFAULT=1 
  END_MATERIALS 
  SUBDOMAINS 
  END_SUBDOMAINS 
  CHARACTERISTICS 
  END_CHARACTERISTICS 
