  NODES_PER_ELEMENT
   1 9
   2 9
   3 9
   4 9
   5 9
   6 9
   7 9
   8 9
   9 9
   10 9
   11 9
   12 9
   13 9
   14 9
   15 9
   16 9
   17 9
   18 9
   19 9
   20 9
   21 9
   22 9
   23 9
   24 9
   25 9
   26 9
   27 9
   28 9
   29 9
   30 9
   31 9
   32 9
   33 9
   34 9
   35 9
   36 9
   37 9
   38 9
   39 9
   40 9
   41 9
   42 9
   43 9
   44 9
   45 9
   46 9
   47 9
   48 9
   49 9
   50 9
   51 9
   52 9
   53 9
   54 9
   55 9
   56 9
   57 9
   58 9
   59 9
   60 9
   61 9
   62 9
   63 9
   64 9
   65 9
   66 9
   67 9
   68 9
   69 9
   70 9
   71 9
   72 9
   73 9
   74 9
   75 9
   76 9
   77 9
   78 9
   79 9
   80 9
   81 9
   82 9
   83 9
   84 9
   85 9
   86 9
   87 9
   88 9
   89 9
   90 9
   91 9
   92 9
   93 9
   94 9
   95 9
   96 9
   97 9
   98 9
   99 9
   100 9
   101 9
   102 9
   103 9
   104 9
   105 9
   106 9
   107 9
   108 9
   109 9
   110 9
   111 9
   112 9
   113 9
   114 9
   115 9
   116 9
   117 9
   118 9
   119 9
   120 9
   121 9
   122 9
   123 9
   124 9
   125 9
   126 9
   127 9
   128 9
   129 9
   130 9
   131 9
   132 9
   133 9
   134 9
   135 9
   136 9
   137 9
   138 9
   139 9
   140 9
   141 9
   142 9
   143 9
   144 9
   145 9
   146 9
   147 9
   148 9
   149 9
   150 9
   151 9
   152 9
   153 9
   154 9
   155 9
   156 9
   157 9
   158 9
   159 9
   160 9
   161 9
   162 9
   163 9
   164 9
   165 9
   166 9
   167 9
   168 9
   169 9
   170 9
   171 9
   172 9
   173 9
   174 9
   175 9
   176 9
   177 9
   178 9
   179 9
   180 9
   181 9
   182 9
   183 9
   184 9
   185 9
   186 9
   187 9
   188 9
   189 9
   190 9
   191 9
   192 9
   193 9
   194 9
   195 9
   196 9
   197 9
   198 9
   199 9
   200 9
   201 9
   202 9
   203 9
   204 9
   205 9
   206 9
   207 9
   208 9
   209 9
   210 9
   211 9
   212 9
   213 9
   214 9
   215 9
   216 9
   217 9
   218 9
   219 9
   220 9
   221 9
   222 9
   223 9
   224 9
   225 9
   226 9
   227 9
   228 9
   229 9
   230 9
   231 9
   232 9
   233 9
   234 9
   235 9
   236 9
   237 9
   238 9
   239 9
   240 9
   241 9
   242 9
   243 9
   244 9
   245 9
   246 9
   247 9
   248 9
   249 9
   250 9
   251 9
   252 9
   253 9
   254 9
   255 9
   256 9
   257 9
   258 9
   259 9
   260 9
   261 9
   262 9
   263 9
   264 9
   265 9
   266 9
   267 9
   268 9
   269 9
   270 9
   271 9
   272 9
   273 9
   274 9
   275 9
  END_NODES_PER_ELEMENT
  ELEMENTS
  1 8 1 7 15 3 2 10 9 5  
  2 1 12 16 7 4 13 11 2 6  
  3 12 31 33 16 22 30 25 13 21  
  4 38 8 15 32 20 9 23 34 19  
  5 66 38 32 56 51 34 43 59 44  
  6 108 66 56 98 86 59 77 101 79  
  7 31 70 60 33 50 65 45 30 46  
  8 70 118 95 60 93 105 75 65 84  
  9 118 159 136 95 138 148 116 105 124  
  10 159 193 175 136 174 184 156 148 166  
  11 193 229 214 175 212 219 195 184 199  
  12 229 280 255 214 254 265 235 219 240  
  13 280 340 305 255 309 322 279 265 291  
  14 340 402 358 305 369 379 331 322 350  
  15 402 438 404 358 419 420 381 379 398  
  16 438 482 449 404 459 465 427 420 439  
  17 482 556 502 449 513 528 475 465 493  
  18 556 615 559 502 581 582 530 528 554  
  19 615 672 621 559 641 646 589 582 616  
  20 672 724 682 621 698 704 650 646 676  
  21 724 769 732 682 748 751 709 704 728  
  22 769 803 773 732 788 790 753 751 770  
  23 803 840 812 773 820 821 794 790 809  
  24 840 895 851 812 865 874 831 821 848  
  25 895 936 887 851 916 911 867 874 890  
  26 936 967 930 887 953 949 908 911 933  
  27 967 1013 973 930 990 993 952 949 970  
  28 1013 1055 1009 973 1034 1033 991 993 1012  
  29 1055 1089 1045 1009 1072 1068 1026 1033 1050  
  30 1089 1114 1069 1045 1102 1093 1058 1068 1080  
  31 1114 1128 1092 1069 1121 1111 1083 1093 1103  
  32 1128 1141 1110 1092 1136 1127 1101 1111 1119  
  33 1141 1151 1125 1110 1146 1140 1118 1127 1134  
  34 1151 1157 1135 1125 1152 1149 1131 1140 1142  
  35 1157 1155 1138 1135 1156 1147 1137 1149 1148  
  36 1155 1153 1130 1138 1154 1144 1133 1147 1145  
  37 1153 1143 1108 1130 1150 1129 1120 1144 1139  
  38 1143 1112 1076 1108 1132 1096 1094 1129 1113  
  39 1112 1067 1035 1076 1087 1049 1057 1096 1071  
  40 1067 1014 984 1035 1038 998 1008 1049 1025  
  41 1014 959 921 984 986 941 958 998 972  
  42 959 879 855 921 918 869 889 941 901  
  43 177 108 98 162 144 101 130 168 135  
  44 237 177 162 216 210 168 190 226 197  
  45 288 237 216 262 260 226 238 275 248  
  46 334 288 262 312 310 275 287 321 299  
  47 378 334 312 362 356 321 338 368 345  
  48 421 378 362 410 399 368 387 414 392  
  49 466 421 410 455 442 414 434 461 436  
  50 516 466 455 504 489 461 481 508 485  
  51 578 516 504 560 544 508 532 563 536  
  52 643 578 560 625 609 563 593 633 598  
  53 710 643 625 689 678 633 656 696 668  
  54 761 710 689 749 736 696 722 754 726  
  55 804 761 749 800 783 754 778 802 780  
  56 879 804 800 855 841 802 829 869 835  
  57 95 136 123 88 116 131 106 91 111  
  58 136 175 164 123 156 169 145 131 149  
  59 175 214 198 164 195 206 183 169 189  
  60 60 95 88 62 75 91 74 58 73  
  61 214 255 236 198 235 243 218 206 223  
  62 255 305 282 236 279 289 258 243 266  
  63 305 358 328 282 331 341 303 289 317  
  64 358 404 370 328 381 388 348 341 363  
  65 404 449 417 370 427 433 393 388 411  
  66 449 502 467 417 475 484 440 433 458  
  67 502 559 524 467 530 538 496 484 510  
  68 559 621 583 524 589 601 553 538 569  
  69 621 682 647 583 650 661 617 601 632  
  70 682 732 699 647 709 717 674 661 693  
  71 732 773 742 699 753 758 720 717 737  
  72 773 812 779 742 794 795 759 758 777  
  73 812 851 814 779 831 832 797 795 815  
  74 851 887 846 814 867 862 827 832 847  
  75 887 930 883 846 908 904 861 862 884  
  76 33 60 62 39 45 58 49 36 48  
  77 16 33 39 24 25 36 29 18 27  
  78 7 16 24 15 11 18 17 10 14  
  79 32 15 24 40 23 17 28 35 26  
  80 56 32 40 64 43 35 52 57 47  
  81 98 56 64 100 77 57 80 97 76  
  82 930 973 932 883 952 954 905 904 931  
  83 973 1009 968 932 991 989 951 954 971  
  84 1009 1045 1003 968 1026 1024 987 989 1006  
  85 1045 1069 1030 1003 1058 1051 1017 1024 1037  
  86 1069 1092 1056 1030 1083 1074 1043 1051 1060  
  87 1092 1110 1073 1056 1101 1091 1065 1074 1084  
  88 1110 1125 1088 1073 1118 1107 1081 1091 1099  
  89 1125 1135 1105 1088 1131 1123 1097 1107 1115  
  90 1135 1138 1116 1105 1137 1126 1109 1123 1124  
  91 1138 1130 1100 1116 1133 1117 1106 1126 1122  
  92 1130 1108 1077 1100 1120 1095 1085 1117 1104  
  93 1108 1076 1048 1077 1094 1061 1063 1095 1079  
  94 1076 1035 1010 1048 1057 1020 1028 1061 1042  
  95 1035 984 962 1010 1008 974 988 1020 997  
  96 162 98 100 153 130 97 127 155 126  
  97 216 162 153 205 190 155 180 209 185  
  98 984 921 900 962 958 915 935 974 943  
  99 921 855 839 900 889 849 868 915 877  
  100 855 800 787 839 829 796 817 849 819  
  101 800 749 734 787 778 743 762 796 768  
  102 749 689 675 734 722 683 707 743 714  
  103 689 625 612 675 656 618 642 683 649  
  104 625 560 550 612 593 555 580 618 584  
  105 560 504 498 550 532 500 523 555 526  
  106 504 455 450 498 481 454 471 500 476  
  107 455 410 401 450 434 406 426 454 429  
  108 410 362 351 401 387 357 376 406 382  
  109 362 312 302 351 338 306 327 357 330  
  110 312 262 250 302 287 257 274 306 281  
  111 262 216 205 250 238 209 228 257 233  
  112 1105 1116 1100 1078 1109 1106 1086 1090 1098  
  113 1088 1105 1078 1054 1097 1090 1066 1070 1082  
  114 1100 1077 1047 1078 1085 1062 1064 1086 1075  
  115 1073 1088 1054 1031 1081 1070 1041 1053 1059  
  116 40 24 39 53 28 29 42 41 37  
  117 1056 1073 1031 1015 1065 1053 1022 1036 1044  
  118 1030 1056 1015 992 1043 1036 1001 1011 1021  
  119 64 40 53 72 52 41 63 68 55  
  120 100 64 72 109 80 68 87 103 85  
  121 39 62 71 53 49 67 61 42 54  
  122 62 88 94 71 74 92 83 67 78  
  123 88 123 121 94 106 120 110 92 107  
  124 123 164 157 121 145 160 142 120 143  
  125 164 198 192 157 183 194 173 160 176  
  126 198 236 227 192 218 232 211 194 215  
  127 1077 1048 1032 1047 1063 1040 1039 1062 1052  
  128 1048 1010 999 1032 1028 1004 1016 1040 1023  
  129 236 282 264 227 258 270 245 232 253  
  130 282 328 308 264 303 316 284 270 292  
  131 328 370 344 308 348 360 326 316 337  
  132 370 417 391 344 393 405 366 360 383  
  133 417 467 448 391 440 457 418 405 430  
  134 467 524 507 448 496 512 477 457 486  
  135 524 583 565 507 553 579 534 512 542  
  136 583 647 634 565 617 639 600 579 608  
  137 647 699 677 634 674 687 655 639 664  
  138 699 742 701 677 720 721 688 687 706  
  139 153 100 109 158 127 103 134 154 129  
  140 742 779 733 701 759 757 718 721 741  
  141 779 814 771 733 797 793 752 757 776  
  142 814 846 808 771 827 826 791 793 811  
  143 846 883 843 808 861 859 825 826 842  
  144 1003 1030 992 964 1017 1011 979 983 996  
  145 968 1003 964 928 987 983 946 950 966  
  146 883 932 885 843 905 907 860 859 882  
  147 932 968 928 885 951 950 906 907 929  
  148 1010 962 947 999 988 956 977 1004 981  
  149 205 153 158 202 180 154 182 200 179  
  150 250 205 202 246 228 200 225 247 224  
  151 302 250 246 297 274 247 269 298 271  
  152 351 302 297 346 327 298 323 347 324  
  153 401 351 346 395 376 347 371 396 373  
  154 450 401 395 445 426 396 422 446 424  
  155 498 450 445 492 471 446 468 494 469  
  156 550 498 492 543 523 494 517 546 520  
  157 612 550 543 599 580 546 571 606 575  
  158 675 612 599 659 642 606 630 667 635  
  159 734 675 659 719 707 667 691 725 695  
  160 787 734 719 774 762 725 747 781 755  
  161 962 900 881 947 935 892 917 956 919  
  162 839 787 774 822 817 781 801 834 806  
  163 900 839 822 881 868 834 854 892 857  
  164 94 121 128 112 110 125 117 102 113  
  165 121 157 150 128 142 152 140 125 139  
  166 157 192 187 150 173 188 170 152 171  
  167 192 227 220 187 211 221 204 188 207  
  168 1078 1047 1005 1054 1064 1027 1029 1066 1046  
  169 1047 1032 999 1005 1039 1016 1002 1027 1019  
  170 53 71 90 72 61 81 82 63 69  
  171 227 264 259 220 245 261 241 221 242  
  172 264 308 293 259 284 300 277 261 283  
  173 308 344 319 293 326 332 307 300 315  
  174 344 391 367 319 366 380 342 332 355  
  175 391 448 441 367 418 443 407 380 412  
  176 448 507 505 441 477 506 473 443 474  
  177 507 565 576 505 534 572 537 506 535  
  178 565 634 645 576 600 637 610 572 604  
  179 634 677 701 645 655 688 673 637 663  
  180 701 733 679 645 718 708 660 673 692  
  181 733 771 723 679 752 746 700 708 727  
  182 771 808 765 723 791 786 745 746 767  
  183 808 843 807 765 825 823 784 786 805  
  184 843 885 852 807 860 866 828 823 844  
  185 885 928 891 852 906 910 872 866 888  
  186 928 964 925 891 946 945 909 910 927  
  187 964 992 957 925 979 975 940 945 961  
  188 992 1015 969 957 1001 994 963 975 982  
  189 1015 1031 985 969 1022 1007 980 994 1000  
  190 1031 1054 1005 985 1041 1029 995 1007 1018  
  191 109 72 90 119 87 82 104 115 96  
  192 158 109 119 167 134 115 147 163 137  
  193 202 158 167 213 182 163 191 208 186  
  194 246 202 213 256 225 208 234 251 230  
  195 297 246 256 304 269 251 278 301 272  
  196 346 297 304 353 323 301 329 349 325  
  197 395 346 353 403 371 349 377 397 374  
  198 445 395 403 452 422 397 428 447 425  
  199 492 445 452 499 468 447 472 495 470  
  200 543 492 499 545 517 495 521 541 519  
  201 599 543 545 595 571 541 564 596 566  
  202 659 599 595 644 630 596 619 651 624  
  203 719 659 644 697 691 651 670 712 681  
  204 774 719 697 756 747 712 729 764 738  
  205 822 774 756 813 801 764 782 818 792  
  206 881 822 813 873 854 818 838 876 845  
  207 947 881 873 938 917 876 902 942 912  
  208 999 947 938 1005 977 942 978 1002 976  
  209 90 71 94 112 81 83 102 99 89  
  210 128 150 141 112 140 146 122 117 133  
  211 150 187 178 141 170 181 161 146 165  
  212 187 220 231 178 204 222 203 181 201  
  213 220 259 276 231 241 267 252 222 244  
  214 985 1005 938 934 995 978 937 960 965  
  215 969 985 934 920 980 960 926 948 955  
  216 957 969 920 923 963 948 922 939 944  
  217 925 957 923 896 940 939 913 914 924  
  218 891 925 896 871 909 914 880 878 894  
  219 852 891 871 830 872 878 850 837 856  
  220 807 852 830 766 828 837 798 785 816  
  221 765 807 766 711 784 785 740 739 763  
  222 723 765 711 652 745 739 680 686 715  
  223 645 679 605 576 660 640 591 610 626  
  224 679 723 652 605 700 686 627 640 665  
  225 119 90 112 141 104 99 122 132 114  
  226 119 141 178 167 132 161 172 147 151  
  227 167 178 231 213 172 203 217 191 196  
  228 256 213 231 273 234 217 249 263 239  
  229 304 256 273 320 278 263 296 311 286  
  230 353 304 320 364 329 311 343 361 335  
  231 403 353 364 413 377 361 389 408 385  
  232 452 403 413 464 428 408 437 456 432  
  233 499 452 464 511 472 456 487 503 480  
  234 545 499 511 557 521 503 533 551 525  
  235 595 545 557 590 564 551 573 592 568  
  236 644 595 590 623 619 592 607 631 613  
  237 697 644 623 671 670 631 648 685 658  
  238 756 697 671 730 729 685 703 744 716  
  239 813 756 730 789 782 744 760 799 772  
  240 873 813 789 858 838 799 824 863 833  
  241 938 873 858 934 902 863 893 937 898  
  242 920 934 858 875 926 893 870 899 897  
  243 923 920 875 896 922 899 886 913 903  
  244 871 896 875 830 880 886 853 850 864  
  245 505 576 605 529 537 591 562 515 552  
  246 441 505 529 462 473 515 491 453 483  
  247 231 276 313 273 252 294 290 249 268  
  248 276 319 367 313 295 342 339 294 318  
  249 276 259 293 319 267 277 307 295 285  
  250 605 652 567 529 627 611 548 562 585  
  251 652 711 629 567 680 669 597 611 638  
  252 711 766 702 629 740 735 666 669 705  
  253 766 830 789 702 798 810 750 735 775  
  254 367 441 462 400 407 453 431 386 416  
  255 462 529 567 497 491 548 531 479 509  
  256 320 273 313 352 296 290 333 336 314  
  257 313 367 400 352 339 386 375 333 359  
  258 364 320 352 384 343 336 365 372 354  
  259 413 364 384 435 389 372 409 423 394  
  260 464 413 435 490 437 423 460 478 451  
  261 384 352 400 435 365 375 415 409 390  
  262 400 462 497 435 431 479 463 415 444  
  263 511 464 490 539 487 478 514 527 501  
  264 623 590 557 587 607 573 570 602 588  
  265 539 587 557 511 561 570 533 527 547  
  266 671 623 587 636 648 602 614 654 628  
  267 730 671 636 690 703 654 662 713 684  
  268 789 730 690 702 760 713 694 750 731  
  269 587 539 603 636 561 574 622 614 594  
  270 539 490 549 603 514 518 577 574 540  
  271 490 435 497 549 460 463 522 518 488  
  272 497 567 629 549 531 597 586 522 558  
  273 549 629 702 603 586 666 653 577 620  
  274 636 603 702 690 622 653 694 662 657  
  275 789 830 875 858 810 853 870 824 836  
  END_ELEMENTS  
  COORDINATES  
   1   5.406780e+00 -3.275178e+00   
   2   5.433413e+00 -3.197517e+00   
   3   5.322034e+00 -3.243798e+00   
   4   5.530495e+00 -3.278534e+00   
   5   5.363001e+00 -3.153984e+00   
   6   5.536626e+00 -3.188207e+00   
   7   5.460046e+00 -3.119855e+00   
   8   5.237288e+00 -3.212419e+00   
   9   5.292590e+00 -3.110452e+00   
   10   5.403969e+00 -3.064170e+00   
   11   5.542756e+00 -3.097879e+00   
   12   5.654211e+00 -3.281890e+00   
   13   5.639838e+00 -3.178896e+00   
   14   5.491156e+00 -3.023611e+00   
   15   5.347892e+00 -3.008485e+00   
   16   5.625465e+00 -3.075903e+00   
   17   5.439556e+00 -2.949344e+00   
   18   5.578343e+00 -2.983052e+00   
   19   5.167522e+00 -3.007175e+00   
   20   5.078180e+00 -3.101159e+00   
   21   5.762984e+00 -3.166320e+00   
   22   5.784733e+00 -3.285431e+00   
   23   5.256864e+00 -2.913192e+00   
   24   5.531221e+00 -2.890202e+00   
   25   5.741236e+00 -3.047209e+00   
   26   5.360355e+00 -2.850123e+00   
   27   5.691058e+00 -2.944781e+00   
   28   5.463845e+00 -2.787055e+00   
   29   5.640881e+00 -2.842353e+00   
   30   5.886131e+00 -3.153743e+00   
   31   5.915254e+00 -3.288971e+00   
   32   5.165836e+00 -2.817898e+00   
   33   5.857007e+00 -3.018515e+00   
   34   5.042454e+00 -2.903898e+00   
   35   5.281153e+00 -2.750903e+00   
   36   5.803774e+00 -2.906510e+00   
   37   5.576285e+00 -2.736904e+00   
   38   4.919072e+00 -2.989899e+00   
   39   5.750541e+00 -2.794504e+00   
   40   5.396470e+00 -2.683908e+00   
   41   5.511689e+00 -2.631454e+00   
   42   5.688724e+00 -2.686752e+00   
   43   5.082872e+00 -2.703598e+00   
   44   4.953408e+00 -2.791692e+00   
   45   5.993080e+00 -2.963586e+00   
   46   6.050524e+00 -3.091914e+00   
   47   5.206242e+00 -2.636080e+00   
   48   5.929015e+00 -2.853466e+00   
   49   5.864951e+00 -2.743347e+00   
   50   6.107968e+00 -3.220243e+00   
   51   4.823943e+00 -2.879786e+00   
   52   5.329612e+00 -2.568561e+00   
   53   5.626908e+00 -2.579000e+00   
   54   5.801516e+00 -2.638308e+00   
   55   5.449466e+00 -2.518015e+00   
   56   4.999909e+00 -2.589299e+00   
   57   5.131332e+00 -2.521256e+00   
   58   6.054257e+00 -2.800423e+00   
   59   4.864361e+00 -2.679486e+00   
   60   6.129153e+00 -2.908656e+00   
   61   5.738082e+00 -2.533269e+00   
   62   5.979361e+00 -2.692190e+00   
   63   5.569319e+00 -2.467469e+00   
   64   5.262754e+00 -2.453214e+00   
   65   6.214917e+00 -3.030086e+00   
   66   4.728814e+00 -2.769673e+00   
   67   5.914309e+00 -2.589864e+00   
   68   5.387243e+00 -2.404576e+00   
   69   5.683408e+00 -2.426658e+00   
   70   6.300682e+00 -3.151515e+00   
   71   5.849256e+00 -2.487538e+00   
   72   5.511731e+00 -2.355937e+00   
   73   6.165674e+00 -2.739476e+00   
   74   6.083923e+00 -2.637168e+00   
   75   6.247425e+00 -2.841785e+00   
   76   5.063923e+00 -2.390133e+00   
   77   4.926456e+00 -2.454409e+00   
   78   6.015781e+00 -2.541186e+00   
   79   4.785262e+00 -2.542886e+00   
   80   5.201391e+00 -2.325856e+00   
   81   5.797496e+00 -2.385847e+00   
   82   5.628733e+00 -2.320046e+00   
   83   5.947638e+00 -2.445204e+00   
   84   6.347188e+00 -2.952063e+00   
   85   5.332190e+00 -2.280865e+00   
   86   4.644068e+00 -2.631363e+00   
   87   5.462988e+00 -2.235873e+00   
   88   6.188486e+00 -2.582146e+00   
   89   5.897634e+00 -2.352357e+00   
   90   5.745735e+00 -2.284155e+00   
   91   6.277091e+00 -2.678530e+00   
   92   6.117253e+00 -2.492508e+00   
   93   6.446951e+00 -3.062340e+00   
   94   6.046020e+00 -2.402870e+00   
   95   6.365697e+00 -2.774915e+00   
   96   5.586757e+00 -2.204086e+00   
   97   4.996515e+00 -2.259009e+00   
   98   4.853003e+00 -2.319520e+00   
   99   5.847630e+00 -2.259510e+00   
   100   5.140028e+00 -2.198499e+00   
   101   4.706162e+00 -2.406286e+00   
   102   5.997772e+00 -2.318867e+00   
   103   5.277137e+00 -2.157154e+00   
   104   5.710527e+00 -2.172299e+00   
   105   6.479459e+00 -2.874040e+00   
   106   6.274243e+00 -2.521639e+00   
   107   6.199110e+00 -2.439640e+00   
   108   4.559322e+00 -2.493052e+00   
   109   5.414246e+00 -2.115809e+00   
   110   6.123977e+00 -2.357641e+00   
   111   6.366347e+00 -2.612840e+00   
   112   5.949525e+00 -2.234864e+00   
   113   6.071794e+00 -2.289755e+00   
   114   5.821807e+00 -2.155754e+00   
   115   5.544782e+00 -2.088126e+00   
   116   6.458450e+00 -2.704040e+00   
   117   6.019611e+00 -2.221870e+00   
   118   6.593220e+00 -2.973166e+00   
   119   5.675318e+00 -2.060442e+00   
   120   6.280967e+00 -2.386773e+00   
   121   6.201934e+00 -2.312413e+00   
   122   5.933086e+00 -2.139209e+00   
   123   6.360001e+00 -2.461133e+00   
   124   6.568208e+00 -2.800849e+00   
   125   6.145815e+00 -2.260644e+00   
   126   4.935832e+00 -2.108721e+00   
   127   5.085415e+00 -2.057667e+00   
   128   6.089696e+00 -2.208875e+00   
   129   5.228745e+00 -2.019875e+00   
   130   4.786249e+00 -2.159775e+00   
   131   6.455602e+00 -2.547149e+00   
   132   5.795983e+00 -2.051999e+00   
   133   6.020468e+00 -2.141474e+00   
   134   5.372076e+00 -1.982084e+00   
   135   4.630413e+00 -2.227386e+00   
   136   6.551203e+00 -2.633166e+00   
   137   5.511708e+00 -1.957822e+00   
   138   6.677966e+00 -2.897658e+00   
   139   6.182413e+00 -2.194165e+00   
   140   6.107849e+00 -2.143738e+00   
   141   5.916648e+00 -2.043555e+00   
   142   6.256976e+00 -2.244592e+00   
   143   6.345712e+00 -2.315196e+00   
   144   4.474576e+00 -2.294996e+00   
   145   6.434448e+00 -2.385800e+00   
   146   6.021325e+00 -2.061078e+00   
   147   5.651341e+00 -1.933560e+00   
   148   6.656958e+00 -2.727658e+00   
   149   6.534126e+00 -2.469807e+00   
   150   6.126003e+00 -2.078601e+00   
   151   5.785608e+00 -1.929174e+00   
   152   6.219010e+00 -2.127686e+00   
   153   5.030801e+00 -1.916835e+00   
   154   5.180354e+00 -1.882597e+00   
   155   4.875149e+00 -1.958433e+00   
   156   6.633803e+00 -2.553815e+00   
   157   6.312018e+00 -2.176772e+00   
   158   5.329906e+00 -1.848359e+00   
   159   6.762712e+00 -2.822150e+00   
   160   6.410457e+00 -2.243619e+00   
   161   5.919875e+00 -1.924788e+00   
   162   4.719496e+00 -2.000030e+00   
   163   5.478635e+00 -1.827518e+00   
   164   6.508896e+00 -2.310466e+00   
   165   6.037850e+00 -1.953344e+00   
   166   6.740630e+00 -2.650229e+00   
   167   5.627363e+00 -1.806678e+00   
   168   4.554663e+00 -2.048485e+00   
   169   6.612649e+00 -2.392465e+00   
   170   6.155826e+00 -1.981901e+00   
   171   6.260367e+00 -2.034598e+00   
   172   5.775233e+00 -1.806349e+00   
   173   6.364909e+00 -2.087295e+00   
   174   6.847458e+00 -2.746643e+00   
   175   6.716403e+00 -2.474465e+00   
   176   6.471469e+00 -2.153638e+00   
   177   4.389831e+00 -2.096940e+00   
   178   5.923102e+00 -1.806020e+00   
   179   5.136097e+00 -1.738472e+00   
   180   4.982288e+00 -1.768644e+00   
   181   6.054375e+00 -1.845610e+00   
   182   5.289905e+00 -1.708300e+00   
   183   6.578029e+00 -2.219980e+00   
   184   6.824303e+00 -2.572800e+00   
   185   4.824008e+00 -1.801998e+00   
   186   5.447122e+00 -1.686176e+00   
   187   6.185648e+00 -1.885200e+00   
   188   6.301724e+00 -1.941509e+00   
   189   6.687175e+00 -2.298591e+00   
   190   4.665729e+00 -1.835353e+00   
   191   5.604338e+00 -1.664052e+00   
   192   6.417800e+00 -1.997818e+00   
   193   6.932203e+00 -2.671135e+00   
   194   6.532481e+00 -2.063656e+00   
   195   6.796320e+00 -2.377201e+00   
   196   5.775919e+00 -1.654051e+00   
   197   4.497956e+00 -1.866154e+00   
   198   6.647162e+00 -2.129495e+00   
   199   6.906635e+00 -2.475063e+00   
   200   5.091840e+00 -1.594347e+00   
   201   6.091428e+00 -1.706696e+00   
   202   5.249905e+00 -1.568242e+00   
   203   5.947501e+00 -1.644049e+00   
   204   6.235356e+00 -1.769343e+00   
   205   4.933775e+00 -1.620453e+00   
   206   6.761700e+00 -2.204716e+00   
   207   6.356031e+00 -1.830366e+00   
   208   5.415609e+00 -1.544834e+00   
   209   4.772868e+00 -1.645564e+00   
   210   4.330183e+00 -1.896955e+00   
   211   6.476707e+00 -1.891390e+00   
   212   7.016949e+00 -2.572924e+00   
   213   5.581313e+00 -1.521426e+00   
   214   6.876238e+00 -2.279938e+00   
   215   6.595852e+00 -1.955262e+00   
   216   4.611961e+00 -1.670675e+00   
   217   5.776606e+00 -1.501752e+00   
   218   6.714998e+00 -2.019133e+00   
   219   6.988967e+00 -2.377326e+00   
   220   6.285063e+00 -1.653485e+00   
   221   6.410338e+00 -1.719224e+00   
   222   6.128481e+00 -1.567781e+00   
   223   6.836382e+00 -2.089127e+00   
   224   5.047455e+00 -1.450606e+00   
   225   5.204508e+00 -1.425239e+00   
   226   4.441248e+00 -1.683822e+00   
   227   6.535614e+00 -1.784963e+00   
   228   4.890401e+00 -1.475973e+00   
   229   7.101695e+00 -2.474714e+00   
   230   5.367582e+00 -1.399449e+00   
   231   5.971900e+00 -1.482078e+00   
   232   6.659224e+00 -1.846868e+00   
   233   4.730401e+00 -1.497592e+00   
   234   5.530655e+00 -1.373659e+00   
   235   6.957766e+00 -2.159121e+00   
   236   6.782834e+00 -1.908772e+00   
   237   4.270535e+00 -1.696970e+00   
   238   4.570402e+00 -1.519212e+00   
   239   5.710247e+00 -1.344394e+00   
   240   7.081175e+00 -2.243694e+00   
   241   6.366076e+00 -1.557591e+00   
   242   6.482663e+00 -1.619297e+00   
   243   6.911063e+00 -1.973539e+00   
   244   6.243107e+00 -1.468951e+00   
   245   6.599251e+00 -1.681003e+00   
   246   5.159111e+00 -1.282236e+00   
   247   5.003069e+00 -1.306865e+00   
   248   4.402847e+00 -1.527283e+00   
   249   5.889838e+00 -1.315129e+00   
   250   4.847026e+00 -1.331493e+00   
   251   5.319554e+00 -1.254064e+00   
   252   6.120138e+00 -1.380310e+00   
   253   6.723719e+00 -1.737046e+00   
   254   7.204584e+00 -2.328266e+00   
   255   7.039293e+00 -2.038305e+00   
   256   5.479998e+00 -1.225892e+00   
   257   4.687934e+00 -1.349621e+00   
   258   6.848187e+00 -1.793090e+00   
   259   6.447089e+00 -1.461698e+00   
   260   4.235293e+00 -1.535354e+00   
   261   6.554989e+00 -1.519371e+00   
   262   4.528843e+00 -1.367748e+00   
   263   5.643887e+00 -1.187036e+00   
   264   6.662889e+00 -1.577043e+00   
   265   7.173383e+00 -2.110062e+00   
   266   6.981184e+00 -1.849048e+00   
   267   6.357732e+00 -1.370120e+00   
   268   6.041736e+00 -1.229243e+00   
   269   5.115961e+00 -1.145582e+00   
   270   6.788215e+00 -1.627225e+00   
   271   4.962532e+00 -1.170174e+00   
   272   5.272048e+00 -1.117072e+00   
   273   5.807776e+00 -1.148181e+00   
   274   4.809104e+00 -1.194766e+00   
   275   4.364447e+00 -1.370743e+00   
   276   6.268376e+00 -1.278543e+00   
   277   6.516778e+00 -1.397948e+00   
   278   5.428136e+00 -1.088561e+00   
   279   7.114181e+00 -1.905007e+00   
   280   7.307473e+00 -2.181818e+00   
   281   4.653729e+00 -1.214122e+00   
   282   6.913541e+00 -1.677407e+00   
   283   6.617306e+00 -1.438607e+00   
   284   6.717833e+00 -1.479265e+00   
   285   6.460367e+00 -1.308462e+00   
   286   5.583263e+00 -1.049746e+00   
   287   4.498355e+00 -1.233477e+00   
   288   4.200051e+00 -1.373737e+00   
   289   7.051305e+00 -1.724558e+00   
   290   5.963334e+00 -1.078175e+00   
   291   7.256223e+00 -1.962605e+00   
   292   6.844646e+00 -1.520511e+00   
   293   6.586468e+00 -1.334199e+00   
   294   6.193634e+00 -1.143356e+00   
   295   6.403956e+00 -1.218976e+00   
   296   5.738390e+00 -1.010931e+00   
   297   5.072810e+00 -1.008929e+00   
   298   4.921996e+00 -1.033484e+00   
   299   4.340288e+00 -1.243001e+00   
   300   6.679622e+00 -1.357843e+00   
   301   5.224542e+00 -9.800796e-01   
   302   4.771181e+00 -1.058039e+00   
   303   6.971459e+00 -1.561756e+00   
   304   5.376275e+00 -9.512307e-01   
   305   7.189069e+00 -1.771709e+00   
   306   4.619524e+00 -1.078622e+00   
   307   6.563002e+00 -1.246804e+00   
   308   6.772777e+00 -1.381488e+00   
   309   7.398265e+00 -2.020202e+00   
   310   4.182221e+00 -1.252525e+00   
   311   5.522640e+00 -9.124558e-01   
   312   4.467867e+00 -1.099205e+00   
   313   6.118893e+00 -1.008170e+00   
   314   5.882566e+00 -9.468106e-01   
   315   6.681734e+00 -1.261392e+00   
   316   6.901077e+00 -1.413796e+00   
   317   7.111468e+00 -1.600712e+00   
   318   6.348948e+00 -1.070268e+00   
   319   6.539537e+00 -1.159410e+00   
   320   5.669005e+00 -8.736809e-01   
   321   4.316128e+00 -1.115259e+00   
   322   7.339063e+00 -1.815148e+00   
   323   5.036736e+00 -8.803712e-01   
   324   4.888375e+00 -9.045653e-01   
   325   5.184453e+00 -8.520765e-01   
   326   6.800467e+00 -1.275979e+00   
   327   4.740015e+00 -9.287594e-01   
   328   7.029376e+00 -1.446105e+00   
   329   5.332169e+00 -8.237818e-01   
   330   4.591710e+00 -9.503721e-01   
   331   7.251476e+00 -1.639668e+00   
   332   6.683847e+00 -1.164940e+00   
   333   6.026743e+00 -8.826904e-01   
   334   4.164390e+00 -1.131313e+00   
   335   5.474138e+00 -7.890295e-01   
   336   5.801799e+00 -8.154460e-01   
   337   6.936874e+00 -1.303493e+00   
   338   4.443406e+00 -9.719848e-01   
   339   6.293939e+00 -9.215588e-01   
   340   7.489057e+00 -1.858586e+00   
   341   7.171630e+00 -1.476865e+00   
   342   6.504261e+00 -9.971790e-01   
   343   5.616107e+00 -7.542773e-01   
   344   6.828156e+00 -1.170470e+00   
   345   4.294983e+00 -9.910429e-01   
   346   5.000662e+00 -7.518140e-01   
   347   4.854755e+00 -7.756468e-01   
   348   7.073281e+00 -1.331007e+00   
   349   5.144363e+00 -7.240734e-01   
   350   7.406357e+00 -1.668319e+00   
   351   4.708848e+00 -7.994796e-01   
   352   5.934593e+00 -7.572111e-01   
   353   5.288064e+00 -6.963329e-01   
   354   5.738342e+00 -7.094184e-01   
   355   6.675174e+00 -1.019497e+00   
   356   4.146559e+00 -1.010101e+00   
   357   4.563897e+00 -8.221220e-01   
   358   7.313884e+00 -1.507626e+00   
   359   6.171500e+00 -7.888616e-01   
   360   6.972671e+00 -1.193190e+00   
   361   5.425636e+00 -6.656033e-01   
   362   4.418946e+00 -8.447644e-01   
   363   7.217240e+00 -1.359258e+00   
   364   5.563209e+00 -6.348738e-01   
   365   5.860577e+00 -6.645595e-01   
   366   6.846086e+00 -1.041814e+00   
   367   6.468986e+00 -8.349478e-01   
   368   4.273837e+00 -8.668267e-01   
   369   7.561238e+00 -1.696970e+00   
   370   7.117185e+00 -1.215910e+00   
   371   4.968906e+00 -6.273957e-01   
   372   5.674886e+00 -6.033908e-01   
   373   4.826016e+00 -6.513002e-01   
   374   5.112217e+00 -6.001349e-01   
   375   6.049060e+00 -6.561644e-01   
   376   4.683126e+00 -6.752047e-01   
   377   5.255527e+00 -5.728740e-01   
   378   4.128729e+00 -8.888889e-01   
   379   7.473652e+00 -1.521490e+00   
   380   6.666501e+00 -8.740533e-01   
   381   7.361200e+00 -1.387508e+00   
   382   4.541744e+00 -6.982673e-01   
   383   6.997147e+00 -1.066787e+00   
   384   5.786562e+00 -5.719078e-01   
   385   5.397999e+00 -5.414798e-01   
   386   6.316257e+00 -6.950327e-01   
   387   4.400361e+00 -7.213299e-01   
   388   7.262851e+00 -1.241650e+00   
   389   5.540470e+00 -5.100856e-01   
   390   5.936642e+00 -5.519688e-01   
   391   6.864016e+00 -9.131589e-01   
   392   4.259713e+00 -7.445033e-01   
   393   7.148208e+00 -1.091760e+00   
   394   5.682347e+00 -4.789294e-01   
   395   4.937150e+00 -5.029775e-01   
   396   4.797277e+00 -5.269536e-01   
   397   5.080070e+00 -4.761963e-01   
   398   7.515590e+00 -1.405524e+00   
   399   4.119065e+00 -7.676768e-01   
   400   6.163528e+00 -5.551176e-01   
   401   4.657404e+00 -5.509297e-01   
   402   7.633419e+00 -1.535354e+00   
   403   5.222991e+00 -4.494152e-01   
   404   7.408517e+00 -1.267391e+00   
   405   7.021623e+00 -9.403845e-01   
   406   4.519591e+00 -5.744125e-01   
   407   6.561945e+00 -6.698257e-01   
   408   5.370361e+00 -4.173563e-01   
   409   5.824224e+00 -4.477732e-01   
   410   4.381777e+00 -5.978953e-01   
   411   7.296368e+00 -1.117507e+00   
   412   6.736005e+00 -7.210962e-01   
   413   5.517732e+00 -3.852974e-01   
   414   4.245589e+00 -6.221800e-01   
   415   6.012707e+00 -4.393781e-01   
   416   6.419017e+00 -5.498604e-01   
   417   7.179230e+00 -9.676101e-01   
   418   6.910064e+00 -7.723666e-01   
   419   7.669980e+00 -1.423540e+00   
   420   7.557528e+00 -1.289559e+00   
   421   4.109402e+00 -6.464646e-01   
   422   4.912476e+00 -3.850345e-01   
   423   5.689809e+00 -3.544679e-01   
   424   4.775016e+00 -4.083587e-01   
   425   5.051154e+00 -3.575089e-01   
   426   4.637555e+00 -4.316829e-01   
   427   7.444528e+00 -1.143255e+00   
   428   5.189831e+00 -3.299833e-01   
   429   4.502508e+00 -4.546475e-01   
   430   7.062371e+00 -8.041687e-01   
   431   6.276089e+00 -4.298952e-01   
   432   5.330059e+00 -2.946314e-01   
   433   7.329885e+00 -9.933645e-01   
   434   4.367460e+00 -4.776122e-01   
   435   5.861886e+00 -3.236385e-01   
   436   4.233599e+00 -5.014323e-01   
   437   5.470287e+00 -2.592796e-01   
   438   7.706540e+00 -1.311727e+00   
   439   7.593814e+00 -1.171584e+00   
   440   7.214678e+00 -8.359707e-01   
   441   6.654905e+00 -5.047035e-01   
   442   4.099738e+00 -5.252525e-01   
   443   6.805509e+00 -5.681390e-01   
   444   6.139824e+00 -3.127061e-01   
   445   4.887803e+00 -2.670915e-01   
   446   4.752754e+00 -2.897638e-01   
   447   5.022237e+00 -2.388214e-01   
   448   6.956112e+00 -6.315744e-01   
   449   7.480539e+00 -1.019119e+00   
   450   4.617706e+00 -3.124361e-01   
   451   5.625001e+00 -2.145846e-01   
   452   5.156671e+00 -2.105514e-01   
   453   6.521777e+00 -4.046882e-01   
   454   4.485425e+00 -3.348825e-01   
   455   4.353144e+00 -3.573290e-01   
   456   5.289757e+00 -1.719066e-01   
   457   7.103119e+00 -6.679528e-01   
   458   7.363494e+00 -8.559777e-01   
   459   7.743101e+00 -1.199914e+00   
   460   5.779715e+00 -1.698896e-01   
   461   4.221609e+00 -3.806847e-01   
   462   6.388649e+00 -3.046728e-01   
   463   6.003560e+00 -1.955170e-01   
   464   5.422843e+00 -1.332619e-01   
   465   7.630100e+00 -1.053610e+00   
   466   4.090074e+00 -4.040404e-01   
   467   7.250126e+00 -7.043312e-01   
   468   4.866272e+00 -1.548550e-01   
   469   4.734729e+00 -1.761217e-01   
   470   4.995566e+00 -1.281745e-01   
   471   4.603185e+00 -1.973884e-01   
   472   5.124859e+00 -1.014941e-01   
   473   6.730389e+00 -3.761613e-01   
   474   6.867653e+00 -4.380107e-01   
   475   7.512310e+00 -8.759847e-01   
   476   4.473947e+00 -2.184103e-01   
   477   7.004917e+00 -4.998602e-01   
   478   5.560193e+00 -7.470128e-02   
   479   6.266942e+00 -1.860342e-01   
   480   5.250598e+00 -6.306871e-02   
   481   4.344709e+00 -2.394322e-01   
   482   7.779661e+00 -1.088101e+00   
   483   6.608618e+00 -2.769315e-01   
   484   7.397103e+00 -7.185909e-01   
   485   4.216212e+00 -2.611302e-01   
   486   7.143792e+00 -5.361991e-01   
   487   5.376337e+00 -2.464331e-02   
   488   5.912689e+00 -5.409392e-02   
   489   4.087715e+00 -2.828283e-01   
   490   5.697544e+00 -1.614066e-02   
   491   6.486847e+00 -1.777017e-01   
   492   4.844742e+00 -4.261843e-02   
   493   7.664916e+00 -8.918357e-01   
   494   4.716703e+00 -6.247959e-02   
   495   4.968895e+00 -1.752764e-02   
   496   7.282667e+00 -5.725381e-01   
   497   6.145234e+00 -6.739548e-02   
   498   4.588664e+00 -8.234074e-02   
   499   5.093047e+00  7.563161e-03   
   500   4.462470e+00 -1.019381e-01   
   501   5.501033e+00  3.663387e-02   
   502   7.544081e+00 -7.328505e-01   
   503   5.211439e+00  4.576921e-02   
   504   4.336275e+00 -1.215354e-01   
   505   6.805873e+00 -2.476191e-01   
   506   6.929798e+00 -3.078825e-01   
   507   7.053722e+00 -3.681459e-01   
   508   4.210815e+00 -1.415758e-01   
   509   6.374950e+00 -6.190240e-02   
   510   7.424923e+00 -5.896515e-01   
   511   5.329831e+00  8.397527e-02   
   512   7.184465e+00 -4.044454e-01   
   513   7.817521e+00 -9.076868e-01   
   514   5.625730e+00  9.791105e-02   
   515   6.695459e+00 -1.491749e-01   
   516   4.085355e+00 -1.616162e-01   
   517   4.833364e+00  6.306948e-02   
   518   5.821819e+00  8.732916e-02   
   519   4.952132e+00  8.386597e-02   
   520   4.708828e+00  4.593573e-02   
   521   5.070901e+00  1.046625e-01   
   522   6.045664e+00  6.170175e-02   
   523   4.584292e+00  2.880198e-02   
   524   7.315208e+00 -4.407449e-01   
   525   5.179705e+00  1.374611e-01   
   526   4.459125e+00  1.161087e-02   
   527   5.441873e+00  1.479690e-01   
   528   7.699731e+00 -7.300616e-01   
   529   6.585045e+00 -5.073066e-02   
   530   7.567179e+00 -6.067650e-01   
   531   6.263052e+00  5.389695e-02   
   532   4.333958e+00 -5.580247e-03   
   533   5.288509e+00  1.702597e-01   
   534   7.097348e+00 -2.529542e-01   
   535   6.984652e+00 -1.912992e-01   
   536   4.208477e+00 -2.299214e-02   
   537   6.871956e+00 -1.296442e-01   
   538   7.452742e+00 -4.607122e-01   
   539   5.553916e+00  2.119628e-01   
   540   5.739153e+00  2.000998e-01   
   541   4.935370e+00  1.852596e-01   
   542   7.219153e+00 -2.891191e-01   
   543   4.821985e+00  1.687574e-01   
   544   4.082996e+00 -4.040404e-02   
   545   5.048755e+00  2.017618e-01   
   546   4.700953e+00  1.543510e-01   
   547   5.386441e+00  2.310585e-01   
   548   6.482958e+00  6.222936e-02   
   549   5.946095e+00  1.907990e-01   
   550   4.579920e+00  1.399447e-01   
   551   5.147972e+00  2.291530e-01   
   552   6.773436e+00 -3.395977e-02   
   553   7.340958e+00 -3.252841e-01   
   554   7.718256e+00 -6.064128e-01   
   555   4.455780e+00  1.251598e-01   
   556   7.855381e+00 -7.272727e-01   
   557   5.247188e+00  2.565442e-01   
   558   6.163686e+00  1.828867e-01   
   559   7.590277e+00 -4.806794e-01   
   560   4.331641e+00  1.103749e-01   
   561   5.484373e+00  2.918572e-01   
   562   6.674916e+00  6.172463e-02   
   563   4.206138e+00  9.559148e-02   
   564   5.045021e+00  2.872829e-01   
   565   7.140973e+00 -1.377625e-01   
   566   4.935086e+00  2.787123e-01   
   567   6.380871e+00  1.751894e-01   
   568   5.131857e+00  3.007414e-01   
   569   7.473190e+00 -3.430673e-01   
   570   5.331009e+00  3.141479e-01   
   571   4.825151e+00  2.701416e-01   
   572   7.039506e+00 -7.471589e-02   
   573   5.218693e+00  3.142000e-01   
   574   5.656486e+00  3.128705e-01   
   575   4.705250e+00  2.601039e-01   
   576   6.938038e+00 -1.166926e-02   
   577   5.852575e+00  3.022886e-01   
   578   4.080636e+00  8.080808e-02   
   579   7.253840e+00 -1.737928e-01   
   580   4.585349e+00  2.500661e-01   
   581   7.869334e+00 -6.060606e-01   
   582   7.736781e+00 -4.827639e-01   
   583   7.366707e+00 -2.098232e-01   
   584   4.461089e+00  2.382181e-01   
   585   6.583210e+00  1.741672e-01   
   586   6.064319e+00  3.118764e-01   
   587   5.414830e+00  3.717516e-01   
   588   5.283168e+00  3.711484e-01   
   589   7.605422e+00 -3.608506e-01   
   590   5.190197e+00  3.718557e-01   
   591   6.851412e+00  8.125533e-02   
   592   5.115742e+00  3.723299e-01   
   593   4.336828e+00  2.263701e-01   
   594   5.576390e+00  3.828875e-01   
   595   5.041287e+00  3.728041e-01   
   596   4.934802e+00  3.721650e-01   
   597   6.281707e+00  3.040716e-01   
   598   4.211103e+00  2.141951e-01   
   599   4.828317e+00  3.715259e-01   
   600   7.181723e+00 -3.693957e-02   
   601   7.493637e+00 -2.254225e-01   
   602   5.347643e+00  4.280969e-01   
   603   5.759056e+00  4.137782e-01   
   604   7.093010e+00  2.489310e-02   
   605   6.764786e+00  1.741799e-01   
   606   4.709547e+00  3.658567e-01   
   607   5.235326e+00  4.281489e-01   
   608   7.283589e+00 -6.842276e-02   
   609   4.085377e+00  2.020202e-01   
   610   7.004298e+00  8.672576e-02   
   611   6.491504e+00  2.866097e-01   
   612   4.590778e+00  3.601875e-01   
   613   5.152455e+00  4.437937e-01   
   614   5.496294e+00  4.529045e-01   
   615   7.883286e+00 -4.848485e-01   
   616   7.751330e+00 -3.622435e-01   
   617   7.385454e+00 -9.990596e-02   
   618   4.466397e+00  3.512764e-01   
   619   5.069584e+00  4.594384e-01   
   620   5.960498e+00  4.395714e-01   
   621   7.620567e+00 -2.410218e-01   
   622   5.668408e+00  4.739178e-01   
   623   5.280456e+00  4.844421e-01   
   624   4.960344e+00  4.663857e-01   
   625   4.342016e+00  3.423653e-01   
   626   6.929258e+00  1.780487e-01   
   627   6.683462e+00  2.861049e-01   
   628   5.419163e+00  5.114871e-01   
   629   6.182544e+00  4.329539e-01   
   630   4.851103e+00  4.733329e-01   
   631   5.189168e+00  5.152575e-01   
   632   7.507920e+00 -1.110434e-01   
   633   4.216067e+00  3.327988e-01   
   634   7.222473e+00  6.388338e-02   
   635   4.729431e+00  4.727994e-01   
   636   5.577759e+00  5.340574e-01   
   637   7.146515e+00  1.245021e-01   
   638   6.402577e+00  4.134266e-01   
   639   7.313337e+00  3.694732e-02   
   640   6.854218e+00  2.693717e-01   
   641   7.897238e+00 -3.636364e-01   
   642   4.607759e+00  4.722660e-01   
   643   4.090119e+00  3.232323e-01   
   644   5.097881e+00  5.460728e-01   
   645   7.070557e+00  1.851208e-01   
   646   7.765879e+00 -2.417230e-01   
   647   7.404202e+00  1.001126e-02   
   648   5.342031e+00  5.700698e-01   
   649   4.481000e+00  4.664668e-01   
   650   7.630386e+00 -1.221809e-01   
   651   4.985885e+00  5.606063e-01   
   652   6.602137e+00  3.980300e-01   
   653   5.856677e+00  5.672663e-01   
   654   5.490682e+00  5.948774e-01   
   655   7.248315e+00  1.310237e-01   
   656   4.354241e+00  4.606676e-01   
   657   5.746519e+00  5.938205e-01   
   658   5.243371e+00  6.073177e-01   
   659   4.873890e+00  5.751398e-01   
   660   7.007103e+00  2.748421e-01   
   661   7.522203e+00  3.335667e-03   
   662   5.636361e+00  6.203748e-01   
   663   7.195444e+00  1.931949e-01   
   664   7.332090e+00  1.204097e-01   
   665   6.781647e+00  3.802460e-01   
   666   6.068421e+00  5.768541e-01   
   667   4.749315e+00  5.797421e-01   
   668   4.224551e+00  4.525560e-01   
   669   6.313650e+00  5.402435e-01   
   670   5.144712e+00  6.445656e-01   
   671   5.403606e+00  6.556974e-01   
   672   7.911190e+00 -2.424242e-01   
   673   7.142572e+00  2.553662e-01   
   674   7.415864e+00  1.097956e-01   
   675   4.624740e+00  5.843445e-01   
   676   7.770788e+00 -1.216965e-01   
   677   7.274158e+00  1.981640e-01   
   678   4.094860e+00  4.444444e-01   
   679   6.943650e+00  3.645635e-01   
   680   6.523446e+00  5.227816e-01   
   681   5.026984e+00  6.657218e-01   
   682   7.640204e+00 -3.339927e-03   
   683   4.495603e+00  5.816572e-01   
   684   5.557291e+00  6.904279e-01   
   685   5.297574e+00  6.993779e-01   
   686   6.709076e+00  4.911203e-01   
   687   7.350843e+00  2.038720e-01   
   688   7.244373e+00  2.618878e-01   
   689   4.366466e+00  5.789700e-01   
   690   5.694964e+00  7.066922e-01   
   691   4.909256e+00  6.868780e-01   
   692   7.088008e+00  3.475096e-01   
   693   7.528322e+00  1.104943e-01   
   694   5.824631e+00  7.137233e-01   
   695   4.780442e+00  6.950155e-01   
   696   4.233034e+00  5.723133e-01   
   697   5.191543e+00  7.430583e-01   
   698   7.911190e+00 -1.212121e-01   
   699   7.427527e+00  2.095800e-01   
   700   6.879832e+00  4.743871e-01   
   701   7.214587e+00  3.256116e-01   
   702   5.954297e+00  7.207544e-01   
   703   5.478221e+00  7.604811e-01   
   704   7.775697e+00 -1.669963e-03   
   705   6.218608e+00  6.835989e-01   
   706   7.326667e+00  2.844436e-01   
   707   4.651629e+00  7.031531e-01   
   708   7.033444e+00  4.396531e-01   
   709   7.640779e+00  1.111930e-01   
   710   4.099601e+00  5.656566e-01   
   711   6.444755e+00  6.475332e-01   
   712   5.068082e+00  7.708372e-01   
   713   5.623900e+00  7.859785e-01   
   714   4.518474e+00  7.024571e-01   
   715   6.639415e+00  6.135681e-01   
   716   5.364469e+00  8.100773e-01   
   717   7.534440e+00  2.176530e-01   
   718   7.168913e+00  4.201771e-01   
   719   4.944622e+00  7.986161e-01   
   720   7.408960e+00  3.069994e-01   
   721   7.302490e+00  3.650152e-01   
   722   4.385320e+00  7.017610e-01   
   723   6.816015e+00  5.842106e-01   
   724   7.911190e+00  8.881784e-16   
   725   4.811570e+00  8.102889e-01   
   726   4.248587e+00  6.943149e-01   
   727   6.977785e+00  5.505264e-01   
   728   7.775985e+00  1.162026e-01   
   729   5.250718e+00  8.596735e-01   
   730   5.552835e+00  8.652648e-01   
   731   5.747742e+00  8.542068e-01   
   732   7.641354e+00  2.257260e-01   
   733   7.123239e+00  5.147427e-01   
   734   4.678517e+00  8.219618e-01   
   735   6.123566e+00  8.269542e-01   
   736   4.111855e+00  6.868687e-01   
   737   7.519461e+00  3.236696e-01   
   738   5.120609e+00  8.913041e-01   
   739   6.569753e+00  7.360158e-01   
   740   6.368795e+00  7.903436e-01   
   741   7.264157e+00  4.676144e-01   
   742   7.390394e+00  4.044188e-01   
   743   4.541345e+00  8.232569e-01   
   744   5.431364e+00  9.207767e-01   
   745   6.755383e+00  7.043545e-01   
   746   6.922125e+00  6.613996e-01   
   747   4.990501e+00  9.229347e-01   
   748   7.911190e+00  1.212121e-01   
   749   4.404174e+00  8.245521e-01   
   750   5.871584e+00  9.224351e-01   
   751   7.776272e+00  2.340751e-01   
   752   7.075737e+00  6.266656e-01   
   753   7.629961e+00  3.403397e-01   
   754   4.264141e+00  8.163164e-01   
   755   4.852519e+00  9.378999e-01   
   756   5.309893e+00  9.762886e-01   
   757   7.225824e+00  5.702137e-01   
   758   7.504481e+00  4.296861e-01   
   759   7.359401e+00  5.150517e-01   
   760   5.670853e+00  9.946903e-01   
   761   4.124108e+00  8.080808e-01   
   762   4.714536e+00  9.528651e-01   
   763   6.502013e+00  8.713069e-01   
   764   5.173136e+00  1.011771e+00   
   765   6.694751e+00  8.244984e-01   
   766   6.292834e+00  9.331541e-01   
   767   6.867596e+00  7.796211e-01   
   768   4.573242e+00  9.566101e-01   
   769   7.911190e+00  2.424242e-01   
   770   7.763600e+00  3.519881e-01   
   771   7.028235e+00  7.385886e-01   
   772   5.521829e+00  1.053696e+00   
   773   7.618569e+00  4.549535e-01   
   774   5.036380e+00  1.047253e+00   
   775   6.053983e+00  1.016146e+00   
   776   7.184322e+00  6.852231e-01   
   777   7.478710e+00  5.448687e-01   
   778   4.431948e+00  9.603552e-01   
   779   7.328408e+00  6.256847e-01   
   780   4.284155e+00  9.448241e-01   
   781   4.893467e+00  1.065511e+00   
   782   5.372804e+00  1.112701e+00   
   783   4.136362e+00  9.292929e-01   
   784   6.635230e+00  9.522702e-01   
   785   6.434272e+00  1.006598e+00   
   786   6.813067e+00  8.978426e-01   
   787   4.750555e+00  1.083768e+00   
   788   7.897238e+00  3.636364e-01   
   789   5.788870e+00  1.124116e+00   
   790   7.750927e+00  4.699010e-01   
   791   6.979809e+00  8.548877e-01   
   792   5.228743e+00  1.149885e+00   
   793   7.142820e+00  8.002325e-01   
   794   7.598018e+00  5.746857e-01   
   795   7.452938e+00  6.600514e-01   
   796   4.605138e+00  1.089963e+00   
   797   7.292906e+00  7.437805e-01   
   798   6.236382e+00  1.109857e+00   
   799   5.612293e+00  1.186614e+00   
   800   4.459721e+00  1.096158e+00   
   801   5.084681e+00  1.187069e+00   
   802   4.304168e+00  1.073332e+00   
   803   7.883286e+00  4.848485e-01   
   804   4.148615e+00  1.050505e+00   
   805   6.758191e+00  1.023430e+00   
   806   4.939110e+00  1.209011e+00   
   807   6.575709e+00  1.080042e+00   
   808   6.931383e+00  9.711867e-01   
   809   7.733676e+00  5.903732e-01   
   810   5.984400e+00  1.205338e+00   
   811   7.097162e+00  9.188296e-01   
   812   7.577468e+00  6.944180e-01   
   813   5.435716e+00  1.249113e+00   
   814   7.257405e+00  8.618764e-01   
   815   7.417698e+00  7.879350e-01   
   816   6.383201e+00  1.161069e+00   
   817   4.793539e+00  1.230954e+00   
   818   5.284349e+00  1.287999e+00   
   819   4.645585e+00  1.245968e+00   
   820   7.869334e+00  6.060606e-01   
   821   7.716424e+00  7.108454e-01   
   822   5.132982e+00  1.326884e+00   
   823   6.703315e+00  1.149017e+00   
   824   5.793333e+00  1.319615e+00   
   825   6.881152e+00  1.094590e+00   
   826   7.051504e+00  1.037427e+00   
   827   7.214515e+00  9.827715e-01   
   828   6.530019e+00  1.212282e+00   
   829   4.497631e+00  1.260983e+00   
   830   6.179930e+00  1.286559e+00   
   831   7.542490e+00  8.320895e-01   
   832   7.382458e+00  9.158187e-01   
   833   5.633375e+00  1.364377e+00   
   834   4.984753e+00  1.352512e+00   
   835   4.341054e+00  1.262228e+00   
   836   5.956133e+00  1.369539e+00   
   837   6.332129e+00  1.315541e+00   
   838   5.473417e+00  1.409138e+00   
   839   4.836523e+00  1.378139e+00   
   840   7.855381e+00  7.272727e-01   
   841   4.184477e+00  1.263473e+00   
   842   7.002586e+00  1.159639e+00   
   843   6.830922e+00  1.217993e+00   
   844   6.655478e+00  1.275408e+00   
   845   5.325138e+00  1.443320e+00   
   846   7.171625e+00  1.103667e+00   
   847   7.341516e+00  1.037165e+00   
   848   7.680005e+00  8.698882e-01   
   849   4.686032e+00  1.401973e+00   
   850   6.229392e+00  1.387388e+00   
   851   7.507512e+00  9.697611e-01   
   852   6.484329e+00  1.344522e+00   
   853   6.118934e+00  1.419463e+00   
   854   5.176859e+00  1.477501e+00   
   855   4.535541e+00  1.425808e+00   
   856   6.345744e+00  1.419541e+00   
   857   5.029864e+00  1.504895e+00   
   858   5.797795e+00  1.515114e+00   
   859   6.953667e+00  1.281852e+00   
   860   6.780938e+00  1.338534e+00   
   861   7.124019e+00  1.224689e+00   
   862   7.300573e+00  1.158512e+00   
   863   5.654456e+00  1.542139e+00   
   864   6.182240e+00  1.488853e+00   
   865   7.817521e+00  9.076868e-01   
   866   6.607641e+00  1.401798e+00   
   867   7.468517e+00  1.091559e+00   
   868   4.882869e+00  1.532289e+00   
   869   4.377940e+00  1.451124e+00   
   870   5.927867e+00  1.533740e+00   
   871   6.278854e+00  1.488216e+00   
   872   6.462097e+00  1.451695e+00   
   873   5.511118e+00  1.569164e+00   
   874   7.643586e+00  1.028931e+00   
   875   6.057938e+00  1.552366e+00   
   876   5.365927e+00  1.598641e+00   
   877   4.732584e+00  1.562503e+00   
   878   6.359359e+00  1.523542e+00   
   879   4.220339e+00  1.476441e+00   
   880   6.245546e+00  1.558243e+00   
   881   5.220737e+00  1.628119e+00   
   882   6.901329e+00  1.404026e+00   
   883   7.076413e+00  1.345710e+00   
   884   7.253966e+00  1.279627e+00   
   885   6.730953e+00  1.459074e+00   
   886   6.135088e+00  1.590318e+00   
   887   7.429522e+00  1.213358e+00   
   888   6.572283e+00  1.511801e+00   
   889   4.582299e+00  1.592717e+00   
   890   7.605809e+00  1.145737e+00   
   891   6.439865e+00  1.558868e+00   
   892   5.074976e+00  1.657279e+00   
   893   5.817113e+00  1.669750e+00   
   894   6.320967e+00  1.603226e+00   
   895   7.779661e+00  1.088101e+00   
   896   6.212238e+00  1.628270e+00   
   897   5.933488e+00  1.667847e+00   
   898   5.682038e+00  1.699029e+00   
   899   6.049864e+00  1.665944e+00   
   900   4.929215e+00  1.686439e+00   
   901   4.424733e+00  1.630115e+00   
   902   5.546962e+00  1.728308e+00   
   903   6.120423e+00  1.681546e+00   
   904   7.207358e+00  1.400741e+00   
   905   7.021721e+00  1.469519e+00   
   906   6.682469e+00  1.571906e+00   
   907   6.848991e+00  1.526201e+00   
   908   7.383912e+00  1.334565e+00   
   909   6.396387e+00  1.648209e+00   
   910   6.536925e+00  1.621803e+00   
   911   7.568031e+00  1.262543e+00   
   912   5.404853e+00  1.751962e+00   
   913   6.190982e+00  1.697147e+00   
   914   6.282574e+00  1.682910e+00   
   915   4.779136e+00  1.723033e+00   
   916   7.743101e+00  1.199914e+00   
   917   5.262743e+00  1.775616e+00   
   918   4.267166e+00  1.667514e+00   
   919   5.120309e+00  1.804785e+00   
   920   6.041790e+00  1.779522e+00   
   921   4.629057e+00  1.759626e+00   
   922   6.105758e+00  1.772773e+00   
   923   6.169726e+00  1.766024e+00   
   924   6.247506e+00  1.755531e+00   
   925   6.352910e+00  1.737549e+00   
   926   5.939110e+00  1.801954e+00   
   927   6.487422e+00  1.716977e+00   
   928   6.633985e+00  1.684738e+00   
   929   6.793747e+00  1.642970e+00   
   930   7.338303e+00  1.455772e+00   
   931   7.148901e+00  1.530869e+00   
   932   6.967029e+00  1.593328e+00   
   933   7.526946e+00  1.379053e+00   
   934   5.836431e+00  1.824387e+00   
   935   4.977874e+00  1.833954e+00   
   936   7.706540e+00  1.311727e+00   
   937   5.709619e+00  1.855920e+00   
   938   5.582807e+00  1.887453e+00   
   939   6.212439e+00  1.828152e+00   
   940   6.304030e+00  1.813915e+00   
   941   4.471525e+00  1.809106e+00   
   942   5.443779e+00  1.905283e+00   
   943   4.830345e+00  1.874618e+00   
   944   6.145510e+00  1.856735e+00   
   945   6.437920e+00  1.812150e+00   
   946   6.578458e+00  1.785745e+00   
   947   5.304750e+00  1.923113e+00   
   948   6.078581e+00  1.885318e+00   
   949   7.485861e+00  1.495563e+00   
   950   6.738503e+00  1.759740e+00   
   951   6.905025e+00  1.714035e+00   
   952   7.276082e+00  1.592219e+00   
   953   7.669980e+00  1.423540e+00   
   954   7.090445e+00  1.660997e+00   
   955   5.979135e+00  1.922831e+00   
   956   5.165641e+00  1.952291e+00   
   957   6.255151e+00  1.890281e+00   
   958   4.682815e+00  1.915282e+00   
   959   4.313993e+00  1.858586e+00   
   960   5.879689e+00  1.960344e+00   
   961   6.382481e+00  1.893094e+00   
   962   5.026532e+00  1.981469e+00   
   963   6.185262e+00  1.940698e+00   
   964   6.522930e+00  1.886751e+00   
   965   5.753055e+00  2.009029e+00   
   966   6.676886e+00  1.866070e+00   
   967   7.633419e+00  1.535354e+00   
   968   6.843020e+00  1.834742e+00   
   969   6.115372e+00  1.991115e+00   
   970   7.418660e+00  1.644594e+00   
   971   7.022802e+00  1.788762e+00   
   972   4.525202e+00  1.967742e+00   
   973   7.213860e+00  1.728665e+00   
   974   4.881553e+00  2.026203e+00   
   975   6.327041e+00  1.974037e+00   
   976   5.483756e+00  2.058137e+00   
   977   5.341090e+00  2.058560e+00   
   978   5.626422e+00  2.057713e+00   
   979   6.460931e+00  1.972272e+00   
   980   6.019159e+00  2.043708e+00   
   981   5.210849e+00  2.086810e+00   
   982   6.255206e+00  2.036445e+00   
   983   6.615270e+00  1.972401e+00   
   984   4.736573e+00  2.070937e+00   
   985   5.922947e+00  2.096301e+00   
   986   4.367588e+00  2.020202e+00   
   987   6.775315e+00  1.946396e+00   
   988   5.080609e+00  2.115061e+00   
   989   6.955159e+00  1.916528e+00   
   990   7.561238e+00  1.696970e+00   
   991   7.140579e+00  1.863490e+00   
   992   6.398931e+00  2.057794e+00   
   993   7.351459e+00  1.793626e+00   
   994   6.183371e+00  2.098853e+00   
   995   5.796492e+00  2.162138e+00   
   996   6.548936e+00  2.062537e+00   
   997   4.941828e+00  2.165474e+00   
   998   4.578878e+00  2.126378e+00   
   999   5.377429e+00  2.194007e+00   
   1000   6.091281e+00  2.157436e+00   
   1001   6.325151e+00  2.132192e+00   
   1002   5.523733e+00  2.210990e+00   
   1003   6.707609e+00  2.058051e+00   
   1004   5.256057e+00  2.221329e+00   
   1005   5.670037e+00  2.227974e+00   
   1006   6.880691e+00  2.034784e+00   
   1007   5.999190e+00  2.216019e+00   
   1008   4.803047e+00  2.215887e+00   
   1009   7.067298e+00  1.998314e+00   
   1010   5.134686e+00  2.248652e+00   
   1011   6.482602e+00  2.152672e+00   
   1012   7.269422e+00  1.941846e+00   
   1013   7.489057e+00  1.858586e+00   
   1014   4.421183e+00  2.181818e+00   
   1015   6.251371e+00  2.206591e+00   
   1016   5.388836e+00  2.285147e+00   
   1017   6.636941e+00  2.152801e+00   
   1018   5.888655e+00  2.283303e+00   
   1019   5.502502e+00  2.316411e+00   
   1020   5.002103e+00  2.304744e+00   
   1021   6.407450e+00  2.231820e+00   
   1022   6.163402e+00  2.271163e+00   
   1023   5.291629e+00  2.321826e+00   
   1024   6.806223e+00  2.153041e+00   
   1025   4.648224e+00  2.279661e+00   
   1026   6.986067e+00  2.123172e+00   
   1027   5.616168e+00  2.347674e+00   
   1028   5.194422e+00  2.358504e+00   
   1029   5.778120e+00  2.350586e+00   
   1030   6.566273e+00  2.247551e+00   
   1031   6.075434e+00  2.335736e+00   
   1032   5.400243e+00  2.376288e+00   
   1033   7.187385e+00  2.090066e+00   
   1034   7.398265e+00  2.020202e+00   
   1035   4.869521e+00  2.360836e+00   
   1036   6.332298e+00  2.310967e+00   
   1037   6.731440e+00  2.250944e+00   
   1038   4.493400e+00  2.343434e+00   
   1039   5.481271e+00  2.421831e+00   
   1040   5.327200e+00  2.422322e+00   
   1041   5.980818e+00  2.404468e+00   
   1042   5.074666e+00  2.424954e+00   
   1043   6.489749e+00  2.331447e+00   
   1044   6.243832e+00  2.377621e+00   
   1045   6.904837e+00  2.248031e+00   
   1046   5.710830e+00  2.449318e+00   
   1047   5.562298e+00  2.467375e+00   
   1048   5.254158e+00  2.468356e+00   
   1049   4.717569e+00  2.432943e+00   
   1050   7.095326e+00  2.225719e+00   
   1051   6.656658e+00  2.348848e+00   
   1052   5.410362e+00  2.486816e+00   
   1053   6.155366e+00  2.444275e+00   
   1054   5.886202e+00  2.473199e+00   
   1055   7.307473e+00  2.181818e+00   
   1056   6.413226e+00  2.415343e+00   
   1057   4.954911e+00  2.491404e+00   
   1058   6.825939e+00  2.349087e+00   
   1059   6.060303e+00  2.511460e+00   
   1060   6.576730e+00  2.431523e+00   
   1061   5.147230e+00  2.545163e+00   
   1062   5.493523e+00  2.551311e+00   
   1063   5.339452e+00  2.551802e+00   
   1064   5.643540e+00  2.548050e+00   
   1065   6.324262e+00  2.484079e+00   
   1066   5.805492e+00  2.550963e+00   
   1067   4.565617e+00  2.505051e+00   
   1068   7.003266e+00  2.361372e+00   
   1069   6.747042e+00  2.450144e+00   
   1070   5.965240e+00  2.578645e+00   
   1071   4.812349e+00  2.579035e+00   
   1072   7.204584e+00  2.328266e+00   
   1073   6.235297e+00  2.552815e+00   
   1074   6.496802e+00  2.514198e+00   
   1075   5.576372e+00  2.627353e+00   
   1076   5.040302e+00  2.621971e+00   
   1077   5.424747e+00  2.635247e+00   
   1078   5.724782e+00  2.628726e+00   
   1079   5.245128e+00  2.640287e+00   
   1080   6.921444e+00  2.461006e+00   
   1081   6.139787e+00  2.618453e+00   
   1082   5.878057e+00  2.645570e+00   
   1083   6.663710e+00  2.531599e+00   
   1084   6.406858e+00  2.586448e+00   
   1085   5.509203e+00  2.706656e+00   
   1086   5.659221e+00  2.703396e+00   
   1087   4.669787e+00  2.666667e+00   
   1088   6.044277e+00  2.684091e+00   
   1089   7.101695e+00  2.474714e+00   
   1090   5.790875e+00  2.712495e+00   
   1091   6.316915e+00  2.658697e+00   
   1092   6.580378e+00  2.613054e+00   
   1093   6.839623e+00  2.560640e+00   
   1094   5.150803e+00  2.728771e+00   
   1095   5.343026e+00  2.735410e+00   
   1096   4.907129e+00  2.725127e+00   
   1097   5.950623e+00  2.740178e+00   
   1098   5.724084e+00  2.767896e+00   
   1099   6.211417e+00  2.726064e+00   
   1100   5.593659e+00  2.778065e+00   
   1101   6.489455e+00  2.688817e+00   
   1102   7.016949e+00  2.572924e+00   
   1103   6.755584e+00  2.639121e+00   
   1104   5.443296e+00  2.807226e+00   
   1105   5.856969e+00  2.796265e+00   
   1106   5.657293e+00  2.823297e+00   
   1107   6.105918e+00  2.793431e+00   
   1108   5.261304e+00  2.835572e+00   
   1109   5.788948e+00  2.832397e+00   
   1110   6.398532e+00  2.764579e+00   
   1111   6.671545e+00  2.717602e+00   
   1112   4.773956e+00  2.828283e+00   
   1113   5.035840e+00  2.849847e+00   
   1114   6.932203e+00  2.671135e+00   
   1115   5.996271e+00  2.847144e+00   
   1116   5.720927e+00  2.868529e+00   
   1117   5.543566e+00  2.879042e+00   
   1118   6.283046e+00  2.833675e+00   
   1119   6.583710e+00  2.793237e+00   
   1120   5.377389e+00  2.907795e+00   
   1121   6.847458e+00  2.746643e+00   
   1122   5.627608e+00  2.914929e+00   
   1123   5.886624e+00  2.900857e+00   
   1124   5.799137e+00  2.925836e+00   
   1125   6.167560e+00  2.902771e+00   
   1126   5.711649e+00  2.950815e+00   
   1127   6.495876e+00  2.868872e+00   
   1128   6.762712e+00  2.822150e+00   
   1129   5.164550e+00  2.974568e+00   
   1130   5.493474e+00  2.980018e+00   
   1131   6.041919e+00  2.954110e+00   
   1132   4.920876e+00  2.970923e+00   
   1133   5.597923e+00  3.006560e+00   
   1134   6.364998e+00  2.948008e+00   
   1135   5.916279e+00  3.005449e+00   
   1136   6.677966e+00  2.897658e+00   
   1137   5.809325e+00  3.019275e+00   
   1138   5.702372e+00  3.033101e+00   
   1139   5.307338e+00  3.051083e+00   
   1140   6.234121e+00  3.027143e+00   
   1141   6.593220e+00  2.973166e+00   
   1142   6.074944e+00  3.087177e+00   
   1143   5.067797e+00  3.113563e+00   
   1144   5.450127e+00  3.127598e+00   
   1145   5.565911e+00  3.142593e+00   
   1146   6.446951e+00  3.062340e+00   
   1147   5.681694e+00  3.157588e+00   
   1148   5.798730e+00  3.152399e+00   
   1149   5.915766e+00  3.147210e+00   
   1150   5.237288e+00  3.194371e+00   
   1151   6.300682e+00  3.151515e+00   
   1152   6.107968e+00  3.220243e+00   
   1153   5.406780e+00  3.275178e+00   
   1154   5.533898e+00  3.278627e+00   
   1155   5.661017e+00  3.282075e+00   
   1156   5.788136e+00  3.285523e+00   
   1157   5.915254e+00  3.288971e+00   
  END_COORDINATES
  BOUNDARIES, ELEMENT
    1         8     1     3         1     
    2         1     12     4         2     
    3         12     31     22         3     
    4         38     8     20         4     
    5         66     38     51         5     
    6         108     66     86         6     
    7         31     70     50         7     
    8         70     118     93         8     
    9         118     159     138         9     
    10         159     193     174         10     
    11         193     229     212         11     
    12         229     280     254         12     
    13         280     340     309         13     
    14         340     402     369         14     
    15         402     438     419         15     
    16         438     482     459         16     
    17         482     556     513         17     
    18         556     615     581         18     
    19         615     672     641         19     
    20         672     724     698         20     
    21         724     769     748         21     
    22         769     803     788         22     
    23         803     840     820         23     
    24         840     895     865         24     
    25         895     936     916         25     
    26         936     967     953         26     
    27         967     1013     990         27     
    28         1013     1055     1034         28     
    29         1055     1089     1072         29     
    30         1089     1114     1102         30     
    31         1114     1128     1121         31     
    32         1128     1141     1136         32     
    33         1141     1151     1146         33     
    34         1151     1157     1152         34     
    35         1157     1155     1156         35     
    36         1155     1153     1154         36     
    37         1153     1143     1150         37     
    38         1143     1112     1132         38     
    39         1112     1067     1087         39     
    40         1067     1014     1038         40     
    41         1014     959     986         41     
    42         959     879     918         42     
    43         177     108     144         43     
    44         237     177     210         44     
    45         288     237     260         45     
    46         334     288     310         46     
    47         378     334     356         47     
    48         421     378     399         48     
    49         466     421     442         49     
    50         516     466     489         50     
    51         578     516     544         51     
    52         643     578     609         52     
    53         710     643     678         53     
    54         761     710     736         54     
    55         804     761     783         55     
    56         879     804     841         56     
  END_BOUNDARIES
  MATERIALS, NUMBER= 1, DEFAULT=1
  END_MATERIALS
  SUBDOMAINS
  END_SUBDOMAINS
  CHARACTERISTICS
  END_CHARACTERISTICS
