  NODES_PER_ELEMENT
   1 9
   2 9
   3 9
   4 9
   5 9
   6 9
   7 9
   8 9
   9 9
   10 9
   11 9
   12 9
   13 9
   14 9
   15 9
   16 9
   17 9
   18 9
   19 9
   20 9
   21 9
   22 9
   23 9
   24 9
   25 9
   26 9
   27 9
   28 9
   29 9
   30 9
   31 9
   32 9
   33 9
   34 9
   35 9
   36 9
   37 9
   38 9
   39 9
   40 9
   41 9
   42 9
   43 9
   44 9
   45 9
   46 9
   47 9
   48 9
   49 9
   50 9
   51 9
   52 9
   53 9
   54 9
   55 9
   56 9
   57 9
   58 9
   59 9
   60 9
   61 9
   62 9
   63 9
   64 9
   65 9
   66 9
   67 9
   68 9
   69 9
   70 9
   71 9
   72 9
   73 9
   74 9
   75 9
   76 9
   77 9
   78 9
   79 9
   80 9
   81 9
   82 9
   83 9
   84 9
   85 9
   86 9
   87 9
   88 9
   89 9
   90 9
   91 9
   92 9
   93 9
   94 9
   95 9
   96 9
   97 9
   98 9
   99 9
   100 9
   101 9
   102 9
   103 9
   104 9
   105 9
   106 9
   107 9
   108 9
   109 9
   110 9
   111 9
   112 9
   113 9
   114 9
   115 9
   116 9
   117 9
   118 9
   119 9
   120 9
   121 9
   122 9
   123 9
   124 9
   125 9
   126 9
   127 9
   128 9
   129 9
   130 9
   131 9
   132 9
   133 9
   134 9
   135 9
   136 9
   137 9
   138 9
   139 9
   140 9
   141 9
   142 9
   143 9
   144 9
   145 9
   146 9
   147 9
   148 9
   149 9
   150 9
   151 9
   152 9
   153 9
   154 9
   155 9
   156 9
   157 9
   158 9
   159 9
   160 9
   161 9
   162 9
   163 9
   164 9
   165 9
   166 9
   167 9
   168 9
   169 9
   170 9
   171 9
   172 9
   173 9
   174 9
   175 9
   176 9
   177 9
   178 9
   179 9
   180 9
   181 9
   182 9
   183 9
   184 9
   185 9
   186 9
   187 9
   188 9
   189 9
   190 9
   191 9
   192 9
   193 9
   194 9
   195 9
   196 9
   197 9
   198 9
   199 9
   200 9
   201 9
   202 9
   203 9
  END_NODES_PER_ELEMENT
  ELEMENTS
  1 752 717 703 746 735 708 723 749 729  
  2 717 681 658 703 701 668 679 708 688  
  3 797 752 746 785 776 749 767 791 770  
  4 829 797 785 817 812 791 802 821 805  
  5 849 829 817 835 842 821 828 844 833  
  6 857 849 835 839 855 844 837 850 847  
  7 861 857 839 841 859 850 838 854 852  
  8 858 861 841 834 860 854 836 848 851  
  9 853 858 834 822 856 848 830 843 845  
  10 840 853 822 807 846 843 816 823 832  
  11 819 840 807 786 831 823 796 804 815  
  12 800 819 786 759 810 804 773 780 793  
  13 681 623 612 658 650 616 635 668 643  
  14 623 587 569 612 607 576 591 616 594  
  15 587 544 526 569 568 537 548 576 556  
  16 544 494 476 526 520 486 502 537 511  
  17 494 443 428 476 469 434 449 486 459  
  18 443 399 384 428 420 391 404 434 412  
  19 399 357 339 384 377 345 364 391 369  
  20 357 309 292 339 333 300 313 345 324  
  21 309 266 247 292 286 255 269 300 274  
  22 266 228 212 247 245 220 230 255 235  
  23 228 196 179 212 213 190 195 220 204  
  24 196 160 147 179 178 154 163 190 171  
  25 160 125 112 147 143 116 130 154 134  
  26 125 79 75 112 100 77 94 116 96  
  27 79 44 38 75 62 39 55 77 56  
  28 44 10 15 38 22 11 25 39 20  
  29 10 1 7 15 4 2 8 11 5  
  30 1 9 17 7 3 13 12 2 6  
  31 9 52 48 17 28 47 31 13 27  
  32 52 91 81 48 68 83 65 47 66  
  33 91 129 118 81 111 124 101 83 106  
  34 129 170 156 118 149 161 138 124 144  
  35 170 201 191 156 187 194 174 161 177  
  36 201 251 234 191 224 242 211 194 214  
  37 251 319 293 234 282 306 262 242 270  
  38 319 386 360 293 353 372 328 306 341  
  39 386 426 407 360 405 416 385 372 394  
  40 426 472 454 407 445 460 431 416 435  
  41 472 517 493 454 492 506 473 460 484  
  42 517 558 531 493 539 543 514 506 523  
  43 558 590 565 531 570 575 547 543 563  
  44 590 626 593 565 608 611 583 575 592  
  45 626 669 633 593 646 652 614 611 632  
  46 669 720 675 633 692 696 654 652 674  
  47 720 764 721 675 742 743 698 696 722  
  48 764 800 759 721 783 780 739 743 763  
  49 531 565 529 499 547 546 515 516 532  
  50 493 531 499 479 514 516 489 487 503  
  51 454 493 479 444 473 487 461 448 463  
  52 407 454 444 400 431 448 421 402 427  
  53 360 407 400 347 385 402 374 352 379  
  54 565 593 564 529 583 582 545 546 566  
  55 293 360 347 281 328 352 314 289 323  
  56 593 633 600 564 614 615 584 582 598  
  57 633 675 637 600 654 655 617 615 636  
  58 675 721 677 637 698 699 657 655 676  
  59 721 759 716 677 739 738 695 699 719  
  60 759 786 751 716 773 769 734 738 754  
  61 786 807 772 751 796 790 761 769 779  
  62 807 822 788 772 816 808 782 790 799  
  63 822 834 801 788 830 818 795 808 813  
  64 834 841 806 801 836 824 803 818 820  
  65 835 817 811 839 828 814 826 837 827  
  66 841 839 811 806 838 826 809 824 825  
  67 817 785 777 811 802 781 794 814 798  
  68 785 746 737 777 767 740 758 781 762  
  69 746 703 689 737 723 693 713 740 718  
  70 703 658 647 689 679 653 667 693 673  
  71 658 612 604 647 635 609 627 653 630  
  72 612 569 561 604 591 567 585 609 588  
  73 569 526 512 561 548 519 538 567 542  
  74 526 476 458 512 502 462 485 519 491  
  75 476 428 413 458 449 418 433 462 441  
  76 428 384 371 413 404 375 392 418 398  
  77 384 339 330 371 364 334 349 375 355  
  78 339 292 280 330 313 285 304 334 310  
  79 292 247 240 280 269 243 260 285 263  
  80 247 212 205 240 230 209 222 243 223  
  81 212 179 173 205 195 175 189 209 192  
  82 179 147 140 173 163 142 157 175 159  
  83 147 112 107 140 130 109 123 142 127  
  84 112 75 72 107 94 70 89 109 90  
  85 75 38 42 72 55 40 58 70 54  
  86 38 15 26 42 25 19 33 40 30  
  87 15 7 24 26 8 14 23 19 16  
  88 7 17 34 24 12 21 29 14 18  
  89 17 48 59 34 31 51 45 21 36  
  90 48 81 84 59 65 82 73 51 67  
  91 81 118 115 84 101 117 99 82 97  
  92 118 156 148 115 138 150 132 117 133  
  93 156 191 181 148 174 186 165 150 166  
  94 234 293 281 226 262 289 250 229 256  
  95 191 234 226 181 211 229 203 186 207  
  96 806 811 777 771 809 794 775 789 792  
  97 801 806 771 766 803 789 768 784 787  
  98 788 801 766 757 795 784 760 774 778  
  99 777 737 731 771 758 733 753 775 756  
  100 737 689 684 731 713 687 707 733 710  
  101 689 647 641 684 667 644 662 687 664  
  102 647 604 596 641 627 602 620 644 624  
  103 604 561 552 596 585 555 573 602 577  
  104 561 512 501 552 538 505 528 555 533  
  105 512 458 446 501 485 453 474 505 478  
  106 458 413 401 446 433 406 423 453 430  
  107 413 371 365 401 392 367 383 406 389  
  108 371 330 320 365 349 325 342 367 343  
  109 330 280 272 320 304 278 298 325 301  
  110 280 240 236 272 260 238 253 278 257  
  111 240 205 198 236 222 199 215 238 219  
  112 205 173 167 198 189 169 182 199 185  
  113 173 140 136 167 157 137 151 169 153  
  114 140 107 105 136 123 103 120 137 121  
  115 107 72 74 105 89 69 88 103 85  
  116 72 42 46 74 58 43 60 69 57  
  117 42 26 24 46 33 23 35 43 32  
  118 24 34 50 46 29 41 49 35 37  
  119 34 59 76 50 45 64 63 41 53  
  120 59 84 93 76 73 86 80 64 78  
  121 46 50 76 74 49 63 71 60 61  
  122 84 115 113 93 99 114 102 86 98  
  123 115 148 145 113 132 146 128 114 131  
  124 772 788 757 736 782 774 747 755 765  
  125 148 181 183 145 165 180 164 146 162  
  126 181 226 231 183 203 227 208 180 202  
  127 226 281 288 231 250 284 258 227 252  
  128 281 347 351 288 314 348 321 284 315  
  129 347 400 408 351 374 403 382 348 376  
  130 400 444 455 408 421 450 432 403 429  
  131 444 479 499 455 461 489 477 450 470  
  132 499 529 481 455 515 508 468 477 490  
  133 529 564 518 481 545 541 500 508 521  
  134 564 600 560 518 584 579 540 541 562  
  135 600 637 601 560 617 618 580 579 597  
  136 637 677 640 601 657 659 622 618 638  
  137 677 716 680 640 695 700 660 659 678  
  138 751 772 736 712 761 755 724 732 744  
  139 716 751 712 680 734 732 697 700 714  
  140 76 93 113 108 80 102 110 92 95  
  141 74 76 108 105 71 92 104 88 87  
  142 455 481 425 408 468 452 415 432 440  
  143 481 518 456 425 500 488 437 452 467  
  144 766 771 731 727 768 753 730 748 750  
  145 757 766 727 725 760 748 726 741 745  
  146 736 757 725 694 747 741 711 715 728  
  147 518 560 510 456 540 535 482 488 513  
  148 712 736 694 686 724 715 691 702 706  
  149 680 712 686 656 697 702 672 666 682  
  150 640 680 656 613 660 666 634 629 648  
  151 560 601 559 510 580 578 536 535 557  
  152 601 640 613 559 622 629 589 578 606  
  153 136 105 108 139 120 104 122 135 119  
  154 108 113 145 139 110 128 141 122 126  
  155 167 136 139 172 151 135 155 168 152  
  156 139 145 183 172 141 164 176 155 158  
  157 351 408 425 368 382 415 396 362 390  
  158 288 351 368 305 321 362 337 294 331  
  159 231 288 305 249 258 294 275 241 267  
  160 731 684 685 727 707 683 704 730 705  
  161 725 727 685 694 726 704 690 711 709  
  162 684 641 642 685 662 639 663 683 661  
  163 641 596 599 642 620 595 621 639 619  
  164 596 552 549 599 573 550 572 595 571  
  165 552 501 496 549 528 497 522 550 525  
  166 501 446 439 496 474 442 465 497 471  
  167 446 401 393 439 423 397 417 442 419  
  168 401 365 358 393 383 361 373 397 378  
  169 365 320 316 358 342 317 338 361 340  
  170 320 272 276 316 298 271 297 317 296  
  171 272 236 239 276 253 237 259 271 254  
  172 236 198 206 239 215 200 221 237 218  
  173 198 167 172 206 182 168 188 200 184  
  174 239 206 216 248 221 210 232 244 225  
  175 276 239 248 283 259 244 268 279 261  
  176 316 276 283 322 297 279 303 318 299  
  177 358 316 322 350 338 318 335 354 336  
  178 393 358 350 380 373 354 366 388 370  
  179 439 393 380 438 417 388 410 436 411  
  180 496 439 438 498 465 436 466 495 464  
  181 549 496 498 553 522 495 527 551 524  
  182 599 549 553 605 572 551 581 603 574  
  183 642 599 605 649 621 603 628 645 625  
  184 685 642 649 694 663 645 671 690 665  
  185 686 694 649 656 691 671 651 672 670  
  186 425 456 395 368 437 422 381 396 409  
  187 456 510 457 395 482 483 424 422 451  
  188 510 559 507 457 536 534 480 483 509  
  189 613 656 649 605 634 651 628 610 631  
  190 613 605 553 559 610 581 554 589 586  
  191 559 553 498 507 554 527 504 534 530  
  192 231 249 216 183 241 233 197 208 217  
  193 183 216 206 172 197 210 188 176 193  
  194 305 368 395 327 337 381 363 312 346  
  195 249 305 327 277 275 312 302 265 290  
  196 216 249 277 248 233 265 264 232 246  
  197 380 350 322 332 366 335 326 356 344  
  198 322 283 295 332 303 291 311 326 308  
  199 295 277 327 332 287 302 329 311 307  
  200 332 327 395 380 329 363 387 356 359  
  201 380 395 457 438 387 424 447 410 414  
  202 438 457 507 498 447 480 504 466 475  
  203 283 248 277 295 268 264 287 291 273  
  END_ELEMENTS  
  COORDINATES  
   1   5.406780e+00 -4.134105e+00   
   2   5.433022e+00 -3.911220e+00   
   3   5.661017e+00 -4.113053e+00   
   4   5.164304e+00 -4.046851e+00   
   5   5.230783e+00 -3.844521e+00   
   6   5.651210e+00 -3.890766e+00   
   7   5.459265e+00 -3.688334e+00   
   8   5.297263e+00 -3.642191e+00   
   9   5.915254e+00 -4.092001e+00   
   10   4.921828e+00 -3.959596e+00   
   11   5.028544e+00 -3.777823e+00   
   12   5.641404e+00 -3.668479e+00   
   13   5.869398e+00 -3.870313e+00   
   14   5.461398e+00 -3.537753e+00   
   15   5.135261e+00 -3.596049e+00   
   16   5.327919e+00 -3.515537e+00   
   17   5.823543e+00 -3.648625e+00   
   18   5.618768e+00 -3.513127e+00   
   19   5.194440e+00 -3.493321e+00   
   20   4.878314e+00 -3.641652e+00   
   21   5.776138e+00 -3.488502e+00   
   22   4.743067e+00 -3.797980e+00   
   23   5.358575e+00 -3.388883e+00   
   24   5.463531e+00 -3.387172e+00   
   25   5.013561e+00 -3.485323e+00   
   26   5.253619e+00 -3.390593e+00   
   27   6.085736e+00 -3.775073e+00   
   28   6.169492e+00 -3.980310e+00   
   29   5.596132e+00 -3.357775e+00   
   30   5.108210e+00 -3.392424e+00   
   31   6.001980e+00 -3.569837e+00   
   32   5.320439e+00 -3.281901e+00   
   33   5.202859e+00 -3.299525e+00   
   34   5.728733e+00 -3.328379e+00   
   35   5.438019e+00 -3.264277e+00   
   36   5.927675e+00 -3.411693e+00   
   37   5.559975e+00 -3.243862e+00   
   38   4.891860e+00 -3.374598e+00   
   39   4.728083e+00 -3.505481e+00   
   40   5.021979e+00 -3.291527e+00   
   41   5.681930e+00 -3.223446e+00   
   42   5.152098e+00 -3.208457e+00   
   43   5.282303e+00 -3.174920e+00   
   44   4.564307e+00 -3.636364e+00   
   45   5.853370e+00 -3.253549e+00   
   46   5.412507e+00 -3.141382e+00   
   47   6.302073e+00 -3.679834e+00   
   48   6.180417e+00 -3.491049e+00   
   49   5.523818e+00 -3.129948e+00   
   50   5.635128e+00 -3.118513e+00   
   51   6.079212e+00 -3.334884e+00   
   52   6.423729e+00 -3.868619e+00   
   53   5.773832e+00 -3.132510e+00   
   54   4.951410e+00 -3.144721e+00   
   55   4.801567e+00 -3.221586e+00   
   56   4.628931e+00 -3.348167e+00   
   57   5.251080e+00 -3.037095e+00   
   58   5.101253e+00 -3.067856e+00   
   59   5.978007e+00 -3.178719e+00   
   60   5.400907e+00 -3.006333e+00   
   61   5.547600e+00 -3.008902e+00   
   62   4.456295e+00 -3.474747e+00   
   63   5.694293e+00 -3.011471e+00   
   64   5.865733e+00 -3.041575e+00   
   65   6.333505e+00 -3.381829e+00   
   66   6.463363e+00 -3.564167e+00   
   67   6.222312e+00 -3.235195e+00   
   68   6.593220e+00 -3.746506e+00   
   69   5.219857e+00 -2.899270e+00   
   70   4.880841e+00 -2.997914e+00   
   71   5.571383e+00 -2.887857e+00   
   72   5.050407e+00 -2.927255e+00   
   73   6.111119e+00 -3.088562e+00   
   74   5.389306e+00 -2.871284e+00   
   75   4.711274e+00 -3.068574e+00   
   76   5.753459e+00 -2.904430e+00   
   77   4.529779e+00 -3.190852e+00   
   78   6.002950e+00 -2.975564e+00   
   79   4.348283e+00 -3.313131e+00   
   80   5.894782e+00 -2.862565e+00   
   81   6.486593e+00 -3.272608e+00   
   82   6.365412e+00 -3.135506e+00   
   83   6.624653e+00 -3.448501e+00   
   84   6.244230e+00 -2.998404e+00   
   85   5.177895e+00 -2.727720e+00   
   86   6.140168e+00 -2.909553e+00   
   87   5.547704e+00 -2.711691e+00   
   88   5.359737e+00 -2.701003e+00   
   89   4.996053e+00 -2.754438e+00   
   90   4.813284e+00 -2.815997e+00   
   91   6.762712e+00 -3.624394e+00   
   92   5.735671e+00 -2.722379e+00   
   93   6.036106e+00 -2.820701e+00   
   94   4.630515e+00 -2.877556e+00   
   95   5.899124e+00 -2.709004e+00   
   96   4.434645e+00 -2.974132e+00   
   97   6.481263e+00 -2.994735e+00   
   98   6.201151e+00 -2.780251e+00   
   99   6.339723e+00 -2.864873e+00   
   100   4.238776e+00 -3.070707e+00   
   101   6.622804e+00 -3.124598e+00   
   102   6.062578e+00 -2.695629e+00   
   103   5.135934e+00 -2.556171e+00   
   104   5.524025e+00 -2.535525e+00   
   105   5.330168e+00 -2.530721e+00   
   106   6.777504e+00 -3.291950e+00   
   107   4.941699e+00 -2.581621e+00   
   108   5.717882e+00 -2.540329e+00   
   109   4.745727e+00 -2.634080e+00   
   110   5.903467e+00 -2.555443e+00   
   111   6.932203e+00 -3.459302e+00   
   112   4.549755e+00 -2.686539e+00   
   113   6.089051e+00 -2.570558e+00   
   114   6.262134e+00 -2.650950e+00   
   115   6.435216e+00 -2.731341e+00   
   116   4.339512e+00 -2.757411e+00   
   117   6.597115e+00 -2.853964e+00   
   118   6.759015e+00 -2.976587e+00   
   119   5.501504e+00 -2.346355e+00   
   120   5.294641e+00 -2.344742e+00   
   121   5.091564e+00 -2.367752e+00   
   122   5.708366e+00 -2.347967e+00   
   123   4.888487e+00 -2.390762e+00   
   124   6.930355e+00 -3.135398e+00   
   125   4.129268e+00 -2.828283e+00   
   126   5.915480e+00 -2.365938e+00   
   127   4.685878e+00 -2.433935e+00   
   128   6.122593e+00 -2.383909e+00   
   129   7.101695e+00 -3.294210e+00   
   130   4.483268e+00 -2.477109e+00   
   131   6.319095e+00 -2.469292e+00   
   132   6.515596e+00 -2.554675e+00   
   133   6.699388e+00 -2.673743e+00   
   134   4.268942e+00 -2.531484e+00   
   135   5.478982e+00 -2.157184e+00   
   136   5.259114e+00 -2.158763e+00   
   137   5.047195e+00 -2.179333e+00   
   138   6.883181e+00 -2.792812e+00   
   139   5.698850e+00 -2.155606e+00   
   140   4.835276e+00 -2.199902e+00   
   141   5.927493e+00 -2.176433e+00   
   142   4.626028e+00 -2.233791e+00   
   143   4.054616e+00 -2.585859e+00   
   144   7.077184e+00 -2.934295e+00   
   145   6.156135e+00 -2.197260e+00   
   146   6.376056e+00 -2.287635e+00   
   147   4.416780e+00 -2.267679e+00   
   148   6.595976e+00 -2.378010e+00   
   149   7.271186e+00 -3.075778e+00   
   150   6.801662e+00 -2.493523e+00   
   151   5.204695e+00 -1.962946e+00   
   152   5.432398e+00 -1.953323e+00   
   153   4.992693e+00 -1.985794e+00   
   154   4.198372e+00 -2.305557e+00   
   155   5.660101e+00 -1.943700e+00   
   156   7.007347e+00 -2.609036e+00   
   157   4.780690e+00 -2.008642e+00   
   158   5.915607e+00 -1.941602e+00   
   159   4.572141e+00 -2.036526e+00   
   160   3.979964e+00 -2.343434e+00   
   161   7.224012e+00 -2.733191e+00   
   162   6.422592e+00 -2.054664e+00   
   163   4.363591e+00 -2.064410e+00   
   164   6.171113e+00 -1.939504e+00   
   165   6.674072e+00 -2.169824e+00   
   166   6.891874e+00 -2.291537e+00   
   167   5.150276e+00 -1.767128e+00   
   168   5.385814e+00 -1.749462e+00   
   169   4.938190e+00 -1.792255e+00   
   170   7.440678e+00 -2.857346e+00   
   171   4.145418e+00 -2.082710e+00   
   172   5.621352e+00 -1.731795e+00   
   173   4.726104e+00 -1.817382e+00   
   174   7.109675e+00 -2.413249e+00   
   175   4.518254e+00 -1.839261e+00   
   176   5.903721e+00 -1.706772e+00   
   177   7.328271e+00 -2.547224e+00   
   178   3.927245e+00 -2.101010e+00   
   179   4.310403e+00 -1.861140e+00   
   180   6.469129e+00 -1.821694e+00   
   181   6.752167e+00 -1.961639e+00   
   182   5.082862e+00 -1.584637e+00   
   183   6.186091e+00 -1.681749e+00   
   184   5.303804e+00 -1.559644e+00   
   185   4.876945e+00 -1.610287e+00   
   186   6.982086e+00 -2.089550e+00   
   187   7.546867e+00 -2.681198e+00   
   188   5.524745e+00 -1.534651e+00   
   189   4.671027e+00 -1.635938e+00   
   190   4.092464e+00 -1.859863e+00   
   191   7.212004e+00 -2.217461e+00   
   192   4.469165e+00 -1.658482e+00   
   193   5.768540e+00 -1.493608e+00   
   194   7.432530e+00 -2.361256e+00   
   195   4.267302e+00 -1.681026e+00   
   196   3.874526e+00 -1.858586e+00   
   197   6.012335e+00 -1.452564e+00   
   198   5.015449e+00 -1.402145e+00   
   199   4.815700e+00 -1.428319e+00   
   200   5.221794e+00 -1.369826e+00   
   201   7.653055e+00 -2.505051e+00   
   202   6.615936e+00 -1.619887e+00   
   203   6.870332e+00 -1.757056e+00   
   204   4.059433e+00 -1.688998e+00   
   205   4.615951e+00 -1.454494e+00   
   206   5.428139e+00 -1.337507e+00   
   207   7.094851e+00 -1.880003e+00   
   208   6.361539e+00 -1.482718e+00   
   209   4.420076e+00 -1.477703e+00   
   210   5.633359e+00 -1.280443e+00   
   211   7.319370e+00 -2.002950e+00   
   212   4.224202e+00 -1.500913e+00   
   213   3.851564e+00 -1.696970e+00   
   214   7.543926e+00 -2.132788e+00   
   215   4.947004e+00 -1.231200e+00   
   216   5.838580e+00 -1.223380e+00   
   217   6.180756e+00 -1.291450e+00   
   218   5.140708e+00 -1.199050e+00   
   219   4.756763e+00 -1.258454e+00   
   220   4.026402e+00 -1.518133e+00   
   221   5.334411e+00 -1.166899e+00   
   222   4.566523e+00 -1.285709e+00   
   223   4.377847e+00 -1.310340e+00   
   224   7.768481e+00 -2.262626e+00   
   225   5.521531e+00 -1.113614e+00   
   226   6.988497e+00 -1.552474e+00   
   227   6.762742e+00 -1.418080e+00   
   228   3.828601e+00 -1.535354e+00   
   229   7.207617e+00 -1.670457e+00   
   230   4.189172e+00 -1.334970e+00   
   231   6.536987e+00 -1.283687e+00   
   232   5.708651e+00 -1.060330e+00   
   233   5.999972e+00 -1.100182e+00   
   234   7.426737e+00 -1.788439e+00   
   235   3.997405e+00 -1.354354e+00   
   236   4.878559e+00 -1.060256e+00   
   237   5.059621e+00 -1.028273e+00   
   238   4.697827e+00 -1.088590e+00   
   239   5.240684e+00 -9.962912e-01   
   240   4.517096e+00 -1.116923e+00   
   241   6.349176e+00 -1.130335e+00   
   242   7.655322e+00 -1.904321e+00   
   243   4.335619e+00 -1.142976e+00   
   244   5.409704e+00 -9.467855e-01   
   245   3.805639e+00 -1.373737e+00   
   246   5.856694e+00 -9.550865e-01   
   247   4.154142e+00 -1.169028e+00   
   248   5.578723e+00 -8.972798e-01   
   249   6.161364e+00 -9.769834e-01   
   250   7.098913e+00 -1.355433e+00   
   251   7.883907e+00 -2.020202e+00   
   252   6.886703e+00 -1.229524e+00   
   253   4.834333e+00 -9.115819e-01   
   254   5.007556e+00 -8.835328e-01   
   255   3.968409e+00 -1.190575e+00   
   256   7.311776e+00 -1.465731e+00   
   257   4.659147e+00 -9.369485e-01   
   258   6.674492e+00 -1.103614e+00   
   259   5.180779e+00 -8.554837e-01   
   260   4.483960e+00 -9.623152e-01   
   261   5.339450e+00 -8.152164e-01   
   262   7.524638e+00 -1.576030e+00   
   263   4.306928e+00 -9.868621e-01   
   264   5.713417e+00 -8.099914e-01   
   265   6.004738e+00 -8.498432e-01   
   266   3.782677e+00 -1.212121e+00   
   267   6.482433e+00 -9.617762e-01   
   268   5.498122e+00 -7.749490e-01   
   269   4.129895e+00 -1.011409e+00   
   270   7.747114e+00 -1.676904e+00   
   271   4.955492e+00 -7.387922e-01   
   272   4.790108e+00 -7.629082e-01   
   273   5.619940e+00 -7.133103e-01   
   274   3.950114e+00 -1.030957e+00   
   275   6.290374e+00 -8.199379e-01   
   276   5.120875e+00 -7.146762e-01   
   277   5.848111e+00 -7.227030e-01   
   278   4.620467e+00 -7.853075e-01   
   279   5.269197e+00 -6.836472e-01   
   280   4.450825e+00 -8.077069e-01   
   281   7.209330e+00 -1.158392e+00   
   282   7.969590e+00 -1.777778e+00   
   283   5.417520e+00 -6.526183e-01   
   284   7.010663e+00 -1.040967e+00   
   285   4.278237e+00 -8.307485e-01   
   286   3.770333e+00 -1.050505e+00   
   287   5.741759e+00 -6.516715e-01   
   288   6.811997e+00 -9.235419e-01   
   289   7.415934e+00 -1.261006e+00   
   290   6.114437e+00 -7.000057e-01   
   291   5.526463e+00 -6.166291e-01   
   292   4.105649e+00 -8.537901e-01   
   293   7.622538e+00 -1.363620e+00   
   294   6.615690e+00 -7.932172e-01   
   295   5.635407e+00 -5.806400e-01   
   296   4.925644e+00 -6.022171e-01   
   297   5.085174e+00 -5.822140e-01   
   298   4.766114e+00 -6.222202e-01   
   299   5.233721e+00 -5.591146e-01   
   300   3.931819e+00 -8.713395e-01   
   301   4.597822e+00 -6.405489e-01   
   302   5.938501e+00 -5.800735e-01   
   303   5.382268e+00 -5.360152e-01   
   304   4.429531e+00 -6.588777e-01   
   305   6.419383e+00 -6.628924e-01   
   306   7.838906e+00 -1.449487e+00   
   307   5.788250e+00 -5.268464e-01   
   308   5.510133e+00 -5.048173e-01   
   309   3.757988e+00 -8.888889e-01   
   310   4.259623e+00 -6.778689e-01   
   311   5.637998e+00 -4.736194e-01   
   312   6.224137e+00 -5.501682e-01   
   313   4.089716e+00 -6.968602e-01   
   314   7.311809e+00 -9.761611e-01   
   315   7.122873e+00 -8.630470e-01   
   316   5.049474e+00 -4.497517e-01   
   317   4.895796e+00 -4.656420e-01   
   318   5.198245e+00 -4.345819e-01   
   319   8.055274e+00 -1.535354e+00   
   320   4.742119e+00 -4.815322e-01   
   321   6.933937e+00 -7.499328e-01   
   322   5.347017e+00 -4.194121e-01   
   323   7.506365e+00 -1.068943e+00   
   324   3.917680e+00 -7.120665e-01   
   325   4.575178e+00 -4.957903e-01   
   326   5.493803e+00 -3.930054e-01   
   327   6.028891e+00 -4.374440e-01   
   328   7.700920e+00 -1.161726e+00   
   329   5.834740e+00 -4.020213e-01   
   330   4.408237e+00 -5.100485e-01   
   331   6.740635e+00 -6.190897e-01   
   332   5.640590e+00 -3.665987e-01   
   333   3.745644e+00 -7.272727e-01   
   334   4.241010e+00 -5.249894e-01   
   335   5.333206e+00 -3.184803e-01   
   336   5.191016e+00 -3.223779e-01   
   337   6.547333e+00 -4.882465e-01   
   338   5.048826e+00 -3.262755e-01   
   339   4.073783e+00 -5.399303e-01   
   340   4.890107e+00 -3.343759e-01   
   341   7.908071e+00 -1.227328e+00   
   342   4.731389e+00 -3.424763e-01   
   343   4.564334e+00 -3.528533e-01   
   344   5.471254e+00 -2.588127e-01   
   345   3.903541e+00 -5.527934e-01   
   346   6.332862e+00 -3.547718e-01   
   347   7.414288e+00 -7.939306e-01   
   348   7.235082e+00 -6.851272e-01   
   349   4.397280e+00 -3.632304e-01   
   350   5.319394e+00 -2.175484e-01   
   351   7.055877e+00 -5.763238e-01   
   352   7.596795e+00 -8.768810e-01   
   353   8.115222e+00 -1.292929e+00   
   354   5.183786e+00 -2.101739e-01   
   355   4.231410e+00 -3.742294e-01   
   356   5.609303e+00 -1.991451e-01   
   357   3.733300e+00 -5.656566e-01   
   358   5.048178e+00 -2.027993e-01   
   359   5.863847e+00 -2.102212e-01   
   360   7.779302e+00 -9.598314e-01   
   361   4.884418e+00 -2.031098e-01   
   362   6.865579e+00 -4.449621e-01   
   363   6.118391e+00 -2.212972e-01   
   364   4.065541e+00 -3.852284e-01   
   365   4.720658e+00 -2.034204e-01   
   366   5.448705e+00 -1.246200e-01   
   367   4.553490e+00 -2.099163e-01   
   368   6.675282e+00 -3.136005e-01   
   369   3.897793e+00 -3.946344e-01   
   370   5.266016e+00 -9.905128e-02   
   371   4.386322e+00 -2.164122e-01   
   372   7.977237e+00 -1.005168e+00   
   373   5.083326e+00 -7.348259e-02   
   374   7.497080e+00 -6.352725e-01   
   375   4.221811e+00 -2.234693e-01   
   376   7.336643e+00 -5.294592e-01   
   377   3.730044e+00 -4.040404e-01   
   378   4.910539e+00 -6.803150e-02   
   379   7.665171e+00 -7.132559e-01   
   380   5.578016e+00 -3.169149e-02   
   381   6.441586e+00 -1.593755e-01   
   382   7.176206e+00 -4.236460e-01   
   383   4.737752e+00 -6.258041e-02   
   384   4.057299e+00 -2.305264e-01   
   385   7.833262e+00 -7.912393e-01   
   386   8.175171e+00 -1.050505e+00   
   387   5.892954e+00 -1.842096e-02   
   388   5.348245e+00  1.207131e-02   
   389   4.565259e+00 -6.533737e-02   
   390   7.006435e+00 -2.941336e-01   
   391   3.892044e+00 -2.364753e-01   
   392   4.392767e+00 -6.809434e-02   
   393   5.118474e+00  5.583412e-02   
   394   8.015287e+00 -8.400641e-01   
   395   6.207891e+00 -5.150436e-03   
   396   6.836663e+00 -1.646212e-01   
   397   4.936660e+00  6.704685e-02   
   398   4.225513e+00 -7.190234e-02   
   399   3.726789e+00 -2.424242e-01   
   400   7.579872e+00 -4.766144e-01   
   401   4.754845e+00  7.825958e-02   
   402   7.733547e+00 -5.496308e-01   
   403   7.438203e+00 -3.737913e-01   
   404   4.058260e+00 -7.571035e-02   
   405   8.197312e+00 -8.888889e-01   
   406   4.577028e+00  7.924157e-02   
   407   7.887223e+00 -6.226472e-01   
   408   7.296535e+00 -2.709681e-01   
   409   6.645862e+00 -9.489590e-03   
   410   5.590875e+00  1.716573e-01   
   411   5.368975e+00  1.942576e-01   
   412   3.890897e+00 -7.825921e-02   
   413   4.399211e+00  8.022357e-02   
   414   5.864132e+00  1.948148e-01   
   415   7.147290e+00 -1.433050e-01   
   416   8.053337e+00 -6.749599e-01   
   417   5.147076e+00  2.168580e-01   
   418   4.229216e+00  7.966466e-02   
   419   4.962730e+00  2.244906e-01   
   420   3.723534e+00 -8.080808e-02   
   421   7.650657e+00 -3.477631e-01   
   422   6.455060e+00  1.456420e-01   
   423   4.778384e+00  2.321233e-01   
   424   6.137390e+00  2.179723e-01   
   425   6.998045e+00 -1.564179e-02   
   426   8.219452e+00 -7.272727e-01   
   427   7.788749e+00 -4.107349e-01   
   428   4.059221e+00  7.910575e-02   
   429   7.528350e+00 -2.492963e-01   
   430   4.596227e+00  2.327105e-01   
   431   7.926841e+00 -4.737066e-01   
   432   7.406043e+00 -1.508294e-01   
   433   4.414069e+00  2.332977e-01   
   434   3.889750e+00  7.995691e-02   
   435   8.084217e+00 -5.196816e-01   
   436   5.389705e+00  3.764439e-01   
   437   6.850138e+00  1.403963e-01   
   438   5.603733e+00  3.750060e-01   
   439   5.175677e+00  3.778819e-01   
   440   7.282066e+00 -2.293339e-02   
   441   4.240961e+00  2.348291e-01   
   442   4.988800e+00  3.819344e-01   
   443   3.720279e+00  8.080808e-02   
   444   7.721443e+00 -2.189118e-01   
   445   8.241593e+00 -5.656566e-01   
   446   4.801922e+00  3.859870e-01   
   447   5.835311e+00  4.080506e-01   
   448   7.843951e+00 -2.718389e-01   
   449   4.067852e+00  2.363605e-01   
   450   7.618497e+00 -1.248013e-01   
   451   6.363789e+00  3.490799e-01   
   452   7.158090e+00  1.049627e-01   
   453   4.615425e+00  3.861794e-01   
   454   7.966459e+00 -3.247661e-01   
   455   7.515550e+00 -3.069073e-02   
   456   6.702230e+00  2.964344e-01   
   457   6.066889e+00  4.410951e-01   
   458   4.428928e+00  3.863719e-01   
   459   3.896791e+00  2.393924e-01   
   460   8.115097e+00 -3.644032e-01   
   461   7.769567e+00 -1.322262e-01   
   462   4.252706e+00  3.899936e-01   
   463   7.877785e+00 -1.621196e-01   
   464   5.415516e+00  5.443662e-01   
   465   5.210915e+00  5.440692e-01   
   466   5.620116e+00  5.446632e-01   
   467   7.031823e+00  2.596518e-01   
   468   7.416842e+00  9.743819e-02   
   469   3.725730e+00  2.424242e-01   
   470   7.696597e+00 -4.061674e-02   
   471   5.017998e+00  5.438900e-01   
   472   8.263734e+00 -4.040404e-01   
   473   7.986002e+00 -1.920130e-01   
   474   4.825081e+00  5.437108e-01   
   475   5.821227e+00  5.652514e-01   
   476   4.076483e+00  3.936153e-01   
   477   7.623626e+00  5.099272e-02   
   478   4.637678e+00  5.441054e-01   
   479   7.817692e+00 -4.554060e-02   
   480   6.022338e+00  5.858397e-01   
   481   7.318135e+00  2.255671e-01   
   482   6.590187e+00  4.801875e-01   
   483   6.272517e+00  5.525179e-01   
   484   8.126128e+00 -2.172186e-01   
   485   4.450276e+00  5.445000e-01   
   486   3.903832e+00  3.988278e-01   
   487   7.911618e+00 -5.240027e-02   
   488   6.905557e+00  4.143409e-01   
   489   7.774697e+00  4.356778e-02   
   490   7.544945e+00  1.814149e-01   
   491   4.270594e+00  5.488978e-01   
   492   8.266254e+00 -2.424242e-01   
   493   8.005544e+00 -5.925994e-02   
   494   3.731181e+00  4.040404e-01   
   495   5.441326e+00  7.122884e-01   
   496   5.246153e+00  7.102564e-01   
   497   5.047196e+00  7.058455e-01   
   498   5.636500e+00  7.143203e-01   
   499   7.731701e+00  1.326762e-01   
   500   7.213509e+00  3.789072e-01   
   501   4.848239e+00  7.014346e-01   
   502   4.090912e+00  5.532956e-01   
   503   7.883527e+00  5.917612e-02   
   504   5.807144e+00  7.224523e-01   
   505   4.659931e+00  7.020313e-01   
   506   8.137159e+00 -7.003401e-02   
   507   5.977788e+00  7.305843e-01   
   508   7.466264e+00  3.118371e-01   
   509   6.188651e+00  7.181006e-01   
   510   6.478145e+00  6.639406e-01   
   511   3.913772e+00  5.594761e-01   
   512   4.471624e+00  7.026280e-01   
   513   6.800686e+00  5.936294e-01   
   514   7.992357e+00  7.478446e-02   
   515   7.673047e+00  2.653917e-01   
   516   7.855435e+00  1.707525e-01   
   517   8.268774e+00 -8.080808e-02   
   518   7.108884e+00  5.322473e-01   
   519   4.288482e+00  7.078020e-01   
   520   3.736633e+00  5.656566e-01   
   521   7.379376e+00  4.676092e-01   
   522   5.285174e+00  8.788227e-01   
   523   8.131825e+00  7.779627e-02   
   524   5.489291e+00  8.819955e-01   
   525   5.085485e+00  8.743486e-01   
   526   4.105341e+00  7.129759e-01   
   527   5.693407e+00  8.851683e-01   
   528   4.885797e+00  8.698745e-01   
   529   7.614393e+00  3.981072e-01   
   530   5.899096e+00  8.844258e-01   
   531   7.979170e+00  2.088289e-01   
   532   7.810523e+00  3.111803e-01   
   533   4.693947e+00  8.694975e-01   
   534   6.104785e+00  8.836833e-01   
   535   6.695816e+00  7.729180e-01   
   536   6.354964e+00  8.503614e-01   
   537   3.923713e+00  7.201243e-01   
   538   4.502097e+00  8.691205e-01   
   539   8.271293e+00  8.080808e-02   
   540   7.011185e+00  7.070714e-01   
   541   7.292489e+00  6.233812e-01   
   542   4.315894e+00  8.750878e-01   
   543   8.126491e+00  2.256266e-01   
   544   3.742084e+00  7.272727e-01   
   545   7.545243e+00  5.563111e-01   
   546   7.765612e+00  4.516081e-01   
   547   7.948000e+00  3.569689e-01   
   548   4.129691e+00  8.810551e-01   
   549   5.324195e+00  1.047389e+00   
   550   5.123775e+00  1.042852e+00   
   551   5.537255e+00  1.051703e+00   
   552   4.923354e+00  1.038314e+00   
   553   5.750315e+00  1.056016e+00   
   554   5.991049e+00  1.046399e+00   
   555   4.727962e+00  1.036964e+00   
   556   3.943289e+00  8.849720e-01   
   557   6.587530e+00  9.591697e-01   
   558   8.273813e+00  2.424242e-01   
   559   6.231783e+00  1.036782e+00   
   560   6.913486e+00  8.818954e-01   
   561   4.532570e+00  1.035613e+00   
   562   7.203061e+00  8.003533e-01   
   563   8.102214e+00  3.805047e-01   
   564   7.476093e+00  7.145150e-01   
   565   7.916830e+00  5.051090e-01   
   566   7.707938e+00  6.135265e-01   
   567   4.343306e+00  1.042374e+00   
   568   3.756887e+00  8.888889e-01   
   569   4.154041e+00  1.049134e+00   
   570   8.256427e+00  4.040404e-01   
   571   5.159745e+00  1.221857e+00   
   572   5.359375e+00  1.228080e+00   
   573   4.960114e+00  1.215633e+00   
   574   5.566564e+00  1.237235e+00   
   575   8.077936e+00  5.353828e-01   
   576   3.962866e+00  1.049820e+00   
   577   4.763658e+00  1.214517e+00   
   578   6.479244e+00  1.145421e+00   
   579   7.113634e+00  9.773254e-01   
   580   6.820095e+00  1.067978e+00   
   581   5.773754e+00  1.246389e+00   
   582   7.650265e+00  7.754449e-01   
   583   7.870633e+00  6.707419e-01   
   584   7.394937e+00  8.936352e-01   
   585   4.567201e+00  1.213400e+00   
   586   5.995769e+00  1.254208e+00   
   587   3.771691e+00  1.050505e+00   
   588   4.373751e+00  1.218345e+00   
   589   6.217785e+00  1.262027e+00   
   590   8.239041e+00  5.656566e-01   
   591   4.180301e+00  1.223289e+00   
   592   8.046144e+00  6.990073e-01   
   593   7.824436e+00  8.363748e-01   
   594   3.983397e+00  1.217705e+00   
   595   5.195715e+00  1.400862e+00   
   596   4.996874e+00  1.392952e+00   
   597   7.026243e+00  1.166526e+00   
   598   7.578715e+00  9.651579e-01   
   599   5.394555e+00  1.408772e+00   
   600   7.313781e+00  1.072755e+00   
   601   6.726704e+00  1.254061e+00   
   602   4.799353e+00  1.392070e+00   
   603   5.595874e+00  1.422767e+00   
   604   4.601832e+00  1.391188e+00   
   605   5.797192e+00  1.436762e+00   
   606   6.443205e+00  1.354572e+00   
   607   3.786494e+00  1.212121e+00   
   608   8.221656e+00  7.272727e-01   
   609   4.404196e+00  1.394316e+00   
   610   6.000489e+00  1.462017e+00   
   611   8.014353e+00  8.626318e-01   
   612   4.206561e+00  1.397444e+00   
   613   6.203786e+00  1.487271e+00   
   614   7.762493e+00  1.036681e+00   
   615   7.507165e+00  1.154871e+00   
   616   4.003929e+00  1.385591e+00   
   617   7.232391e+00  1.265073e+00   
   618   6.938852e+00  1.355726e+00   
   619   5.228039e+00  1.580633e+00   
   620   5.032046e+00  1.573822e+00   
   621   5.424032e+00  1.587444e+00   
   622   6.668626e+00  1.447117e+00   
   623   3.801297e+00  1.373737e+00   
   624   4.835463e+00  1.575534e+00   
   625   5.618872e+00  1.603306e+00   
   626   8.204270e+00  8.888889e-01   
   627   4.638880e+00  1.577246e+00   
   628   5.813713e+00  1.619168e+00   
   629   6.407167e+00  1.563722e+00   
   630   4.440987e+00  1.587199e+00   
   631   6.001708e+00  1.640244e+00   
   632   7.957872e+00  1.083997e+00   
   633   7.700550e+00  1.236986e+00   
   634   6.189704e+00  1.661320e+00   
   635   4.243094e+00  1.597152e+00   
   636   7.426126e+00  1.356625e+00   
   637   7.151001e+00  1.457392e+00   
   638   6.869030e+00  1.549251e+00   
   639   5.260363e+00  1.760404e+00   
   640   6.610548e+00  1.640173e+00   
   641   5.067218e+00  1.754692e+00   
   642   5.453508e+00  1.766116e+00   
   643   4.042210e+00  1.615698e+00   
   644   4.871573e+00  1.758998e+00   
   645   5.641871e+00  1.783845e+00   
   646   8.153252e+00  1.131313e+00   
   647   4.675928e+00  1.763305e+00   
   648   6.369730e+00  1.737368e+00   
   649   5.830234e+00  1.801574e+00   
   650   3.841327e+00  1.634244e+00   
   651   6.002928e+00  1.818471e+00   
   652   7.901392e+00  1.305362e+00   
   653   4.477777e+00  1.780082e+00   
   654   7.619862e+00  1.448177e+00   
   655   7.345087e+00  1.558380e+00   
   656   6.175622e+00  1.835368e+00   
   657   7.069434e+00  1.651386e+00   
   658   4.279627e+00  1.796859e+00   
   659   6.799207e+00  1.742776e+00   
   660   6.549756e+00  1.813417e+00   
   661   5.290536e+00  1.939908e+00   
   662   5.101791e+00  1.934631e+00   
   663   5.479281e+00  1.945186e+00   
   664   4.909077e+00  1.938717e+00   
   665   5.667023e+00  1.968465e+00   
   666   6.332293e+00  1.911014e+00   
   667   4.716364e+00  1.942804e+00   
   668   4.080491e+00  1.845805e+00   
   669   8.102234e+00  1.373737e+00   
   670   6.006058e+00  1.977688e+00   
   671   5.854766e+00  1.991744e+00   
   672   6.157350e+00  1.963633e+00   
   673   4.518393e+00  1.958768e+00   
   674   7.822778e+00  1.532607e+00   
   675   7.539174e+00  1.659368e+00   
   676   7.258508e+00  1.761224e+00   
   677   6.987867e+00  1.845380e+00   
   678   6.725904e+00  1.919793e+00   
   679   4.320422e+00  1.974733e+00   
   680   6.488964e+00  1.986660e+00   
   681   3.881356e+00  1.894751e+00   
   682   6.289279e+00  2.044517e+00   
   683   5.320709e+00  2.119413e+00   
   684   5.136363e+00  2.114569e+00   
   685   5.505054e+00  2.124256e+00   
   686   6.139079e+00  2.091897e+00   
   687   4.946582e+00  2.118436e+00   
   688   4.118688e+00  2.011029e+00   
   689   4.756800e+00  2.122304e+00   
   690   5.692176e+00  2.153085e+00   
   691   6.009188e+00  2.136906e+00   
   692   8.025693e+00  1.617036e+00   
   693   4.559009e+00  2.137455e+00   
   694   5.879298e+00  2.181914e+00   
   695   6.902052e+00  2.026168e+00   
   696   7.744163e+00  1.759852e+00   
   697   6.421208e+00  2.125402e+00   
   698   7.447583e+00  1.871063e+00   
   699   7.171929e+00  1.964069e+00   
   700   6.652600e+00  2.096809e+00   
   701   3.916954e+00  2.047326e+00   
   702   6.246266e+00  2.178021e+00   
   703   4.361218e+00  2.152606e+00   
   704   5.519481e+00  2.284340e+00   
   705   5.346451e+00  2.287087e+00   
   706   6.127399e+00  2.251143e+00   
   707   5.173421e+00  2.289833e+00   
   708   4.156885e+00  2.176254e+00   
   709   5.675654e+00  2.293955e+00   
   710   4.987540e+00  2.297679e+00   
   711   5.831826e+00  2.303570e+00   
   712   6.353452e+00  2.264144e+00   
   713   4.801658e+00  2.305525e+00   
   714   6.568812e+00  2.243480e+00   
   715   6.008532e+00  2.324265e+00   
   716   6.816236e+00  2.206957e+00   
   717   3.952552e+00  2.199901e+00   
   718   4.604445e+00  2.319442e+00   
   719   7.073788e+00  2.154642e+00   
   720   7.949153e+00  1.860336e+00   
   721   7.355992e+00  2.082759e+00   
   722   7.645502e+00  1.986474e+00   
   723   4.407232e+00  2.333358e+00   
   724   6.245609e+00  2.365380e+00   
   725   5.784355e+00  2.425227e+00   
   726   5.659132e+00  2.434825e+00   
   727   5.533909e+00  2.444423e+00   
   728   5.928498e+00  2.433126e+00   
   729   4.197691e+00  2.342917e+00   
   730   5.372193e+00  2.454760e+00   
   731   5.210478e+00  2.465098e+00   
   732   6.485023e+00  2.390150e+00   
   733   5.028498e+00  2.476922e+00   
   734   6.716415e+00  2.361557e+00   
   735   3.988151e+00  2.352476e+00   
   736   6.137766e+00  2.466616e+00   
   737   4.846517e+00  2.488747e+00   
   738   6.975647e+00  2.345215e+00   
   739   7.245524e+00  2.283116e+00   
   740   4.649881e+00  2.501429e+00   
   741   5.848464e+00  2.541986e+00   
   742   7.843421e+00  2.101885e+00   
   743   7.546841e+00  2.213097e+00   
   744   6.369006e+00  2.503535e+00   
   745   5.716646e+00  2.572877e+00   
   746   4.453246e+00  2.514111e+00   
   747   6.025169e+00  2.562681e+00   
   748   5.584828e+00  2.603768e+00   
   749   4.238497e+00  2.509581e+00   
   750   5.421540e+00  2.624865e+00   
   751   6.616594e+00  2.516156e+00   
   752   4.023749e+00  2.505051e+00   
   753   5.258253e+00  2.645963e+00   
   754   6.867282e+00  2.505352e+00   
   755   6.252988e+00  2.616920e+00   
   756   5.078247e+00  2.662085e+00   
   757   5.912573e+00  2.658746e+00   
   758   4.898241e+00  2.678207e+00   
   759   7.135057e+00  2.483472e+00   
   760   5.774160e+00  2.710929e+00   
   761   6.492402e+00  2.641690e+00   
   762   4.707807e+00  2.695141e+00   
   763   7.421998e+00  2.434487e+00   
   764   7.737690e+00  2.343434e+00   
   765   6.127743e+00  2.718154e+00   
   766   5.635747e+00  2.763112e+00   
   767   4.517373e+00  2.712074e+00   
   768   5.470887e+00  2.794970e+00   
   769   6.758917e+00  2.665489e+00   
   770   4.312670e+00  2.729775e+00   
   771   5.306028e+00  2.826828e+00   
   772   6.368209e+00  2.767224e+00   
   773   7.018148e+00  2.649147e+00   
   774   6.002498e+00  2.819389e+00   
   775   5.127997e+00  2.847248e+00   
   776   4.107966e+00  2.747475e+00   
   777   4.949966e+00  2.867667e+00   
   778   5.851131e+00  2.880964e+00   
   779   6.628024e+00  2.801073e+00   
   780   7.297155e+00  2.655878e+00   
   781   4.765733e+00  2.888853e+00   
   782   6.230316e+00  2.873627e+00   
   783   7.598471e+00  2.585859e+00   
   784   5.699764e+00  2.942539e+00   
   785   4.581500e+00  2.910038e+00   
   786   6.901239e+00  2.814822e+00   
   787   5.529024e+00  2.979528e+00   
   788   6.092422e+00  2.980031e+00   
   789   5.358283e+00  3.016518e+00   
   790   6.497132e+00  2.936658e+00   
   791   4.386842e+00  2.949969e+00   
   792   5.179947e+00  3.035950e+00   
   793   7.179075e+00  2.819523e+00   
   794   5.001611e+00  3.055381e+00   
   795   5.928102e+00  3.050998e+00   
   796   6.763647e+00  2.960457e+00   
   797   4.192183e+00  2.989899e+00   
   798   4.826730e+00  3.074095e+00   
   799   6.344747e+00  3.052713e+00   
   800   7.459252e+00  2.828283e+00   
   801   5.763782e+00  3.121965e+00   
   802   4.651850e+00  3.092808e+00   
   803   5.587160e+00  3.164087e+00   
   804   7.060995e+00  2.983169e+00   
   805   4.471428e+00  3.140228e+00   
   806   5.410538e+00  3.206208e+00   
   807   6.626054e+00  3.106091e+00   
   808   6.192362e+00  3.168769e+00   
   809   5.231897e+00  3.224652e+00   
   810   7.340002e+00  2.989899e+00   
   811   5.053255e+00  3.243095e+00   
   812   4.291007e+00  3.187647e+00   
   813   6.015090e+00  3.248774e+00   
   814   4.887727e+00  3.259336e+00   
   815   6.919056e+00  3.136794e+00   
   816   6.459178e+00  3.231799e+00   
   817   4.722199e+00  3.275578e+00   
   818   5.837817e+00  3.328780e+00   
   819   7.220752e+00  3.151515e+00   
   820   5.648189e+00  3.372570e+00   
   821   4.556015e+00  3.330487e+00   
   822   6.292302e+00  3.357506e+00   
   823   6.777116e+00  3.290419e+00   
   824   5.458560e+00  3.416360e+00   
   825   5.273368e+00  3.423761e+00   
   826   5.088175e+00  3.431163e+00   
   827   4.938607e+00  3.425615e+00   
   828   4.789038e+00  3.420066e+00   
   829   4.389831e+00  3.385396e+00   
   830   6.102077e+00  3.446551e+00   
   831   7.074465e+00  3.313131e+00   
   832   6.594121e+00  3.434081e+00   
   833   4.670549e+00  3.505877e+00   
   834   5.911853e+00  3.535595e+00   
   835   4.855876e+00  3.564554e+00   
   836   5.709217e+00  3.581053e+00   
   837   4.989486e+00  3.591893e+00   
   838   5.314839e+00  3.622871e+00   
   839   5.123096e+00  3.619231e+00   
   840   6.928178e+00  3.474747e+00   
   841   5.506581e+00  3.626511e+00   
   842   4.552061e+00  3.591688e+00   
   843   6.411125e+00  3.577743e+00   
   844   4.785084e+00  3.681267e+00   
   845   6.204712e+00  3.681870e+00   
   846   6.729063e+00  3.636364e+00   
   847   4.940265e+00  3.755191e+00   
   848   5.998299e+00  3.785997e+00   
   849   4.714291e+00  3.797980e+00   
   850   5.095446e+00  3.829116e+00   
   851   5.769863e+00  3.835151e+00   
   852   5.318436e+00  3.856710e+00   
   853   6.529948e+00  3.797980e+00   
   854   5.541426e+00  3.884304e+00   
   855   4.891044e+00  3.918490e+00   
   856   6.307347e+00  3.917189e+00   
   857   5.067797e+00  4.039001e+00   
   858   6.084746e+00  4.036399e+00   
   859   5.322034e+00  4.090549e+00   
   860   5.830508e+00  4.089248e+00   
   861   5.576271e+00  4.142097e+00   
  END_COORDINATES
  BOUNDARIES, ELEMENT
    1         752     717     735         1     
    2         717     681     701         2     
    3         797     752     776         3     
    4         829     797     812         4     
    5         849     829     842         5     
    6         857     849     855         6     
    7         861     857     859         7     
    8         858     861     860         8     
    9         853     858     856         9     
    10         840     853     846         10     
    11         819     840     831         11     
    12         800     819     810         12     
    13         681     623     650         13     
    14         623     587     607         14     
    15         587     544     568         15     
    16         544     494     520         16     
    17         494     443     469         17     
    18         443     399     420         18     
    19         399     357     377         19     
    20         357     309     333         20     
    21         309     266     286         21     
    22         266     228     245         22     
    23         228     196     213         23     
    24         196     160     178         24     
    25         160     125     143         25     
    26         125     79     100         26     
    27         79     44     62         27     
    28         44     10     22         28     
    29         10     1     4         29     
    30         1     9     3         30     
    31         9     52     28         31     
    32         52     91     68         32     
    33         91     129     111         33     
    34         129     170     149         34     
    35         170     201     187         35     
    36         201     251     224         36     
    37         251     319     282         37     
    38         319     386     353         38     
    39         386     426     405         39     
    40         426     472     445         40     
    41         472     517     492         41     
    42         517     558     539         42     
    43         558     590     570         43     
    44         590     626     608         44     
    45         626     669     646         45     
    46         669     720     692         46     
    47         720     764     742         47     
    48         764     800     783         48     
  END_BOUNDARIES
  MATERIALS, NUMBER= 1, DEFAULT=1
  END_MATERIALS
  SUBDOMAINS
  END_SUBDOMAINS
  CHARACTERISTICS
  END_CHARACTERISTICS
