  NODES_PER_ELEMENT
   1 6
   2 6
   3 6
   4 6
   5 6
   6 6
   7 6
   8 6
   9 6
   10 6
   11 6
   12 6
   13 6
   14 6
   15 6
   16 6
   17 6
   18 6
   19 6
   20 6
   21 6
   22 6
   23 6
   24 6
   25 6
   26 6
   27 6
   28 6
   29 6
   30 6
   31 6
   32 6
   33 6
   34 6
   35 6
   36 6
   37 6
   38 6
   39 6
   40 6
   41 6
   42 6
   43 6
   44 6
   45 6
   46 6
   47 6
   48 6
   49 6
   50 6
   51 6
   52 6
   53 6
   54 6
   55 6
   56 6
   57 6
   58 6
   59 6
   60 6
   61 6
   62 6
   63 6
   64 6
   65 6
   66 6
   67 6
   68 6
   69 6
   70 6
   71 6
   72 6
   73 6
   74 6
   75 6
   76 6
   77 6
   78 6
   79 6
   80 6
   81 6
   82 6
   83 6
   84 6
   85 6
   86 6
   87 6
   88 6
   89 6
   90 6
   91 6
   92 6
   93 6
   94 6
   95 6
   96 6
   97 6
   98 6
   99 6
   100 6
   101 6
   102 6
   103 6
   104 6
   105 6
   106 6
   107 6
   108 6
   109 6
   110 6
   111 6
   112 6
   113 6
   114 6
   115 6
   116 6
   117 6
   118 6
   119 6
   120 6
   121 6
   122 6
   123 6
   124 6
   125 6
   126 6
   127 6
   128 6
   129 6
   130 6
   131 6
   132 6
   133 6
   134 6
   135 6
   136 6
   137 6
   138 6
   139 6
   140 6
   141 6
   142 6
   143 6
   144 6
   145 6
   146 6
   147 6
   148 6
   149 6
   150 6
   151 6
   152 6
   153 6
   154 6
   155 6
   156 6
   157 6
   158 6
   159 6
   160 6
   161 6
   162 6
   163 6
   164 6
   165 6
   166 6
   167 6
   168 6
   169 6
   170 6
   171 6
   172 6
   173 6
   174 6
   175 6
   176 6
   177 6
   178 6
   179 6
   180 6
   181 6
   182 6
   183 6
   184 6
   185 6
   186 6
   187 6
   188 6
   189 6
   190 6
   191 6
   192 6
   193 6
   194 6
   195 6
   196 6
   197 6
   198 6
   199 6
   200 6
   201 6
   202 6
   203 6
   204 6
   205 6
   206 6
   207 6
   208 6
   209 6
   210 6
   211 6
   212 6
   213 6
   214 6
   215 6
   216 6
   217 6
   218 6
   219 6
   220 6
   221 6
   222 6
   223 6
   224 6
   225 6
   226 6
   227 6
   228 6
   229 6
   230 6
   231 6
   232 6
   233 6
   234 6
   235 6
   236 6
   237 6
   238 6
   239 6
   240 6
   241 6
   242 6
   243 6
   244 6
   245 6
   246 6
   247 6
   248 6
   249 6
   250 6
   251 6
   252 6
   253 6
   254 6
   255 6
   256 6
   257 6
   258 6
   259 6
   260 6
   261 6
   262 6
   263 6
   264 6
   265 6
   266 6
   267 6
   268 6
   269 6
   270 6
   271 6
   272 6
   273 6
   274 6
   275 6
   276 6
   277 6
   278 6
   279 6
   280 6
   281 6
   282 6
   283 6
   284 6
   285 6
   286 6
   287 6
   288 6
   289 6
   290 6
   291 6
   292 6
   293 6
   294 6
   295 6
   296 6
   297 6
   298 6
   299 6
   300 6
   301 6
   302 6
   303 6
   304 6
   305 6
   306 6
   307 6
   308 6
   309 6
   310 6
   311 6
   312 6
   313 6
   314 6
   315 6
   316 6
   317 6
   318 6
   319 6
   320 6
   321 6
   322 6
   323 6
   324 6
   325 6
   326 6
   327 6
   328 6
   329 6
   330 6
   331 6
   332 6
   333 6
   334 6
   335 6
   336 6
   337 6
   338 6
   339 6
   340 6
   341 6
   342 6
   343 6
   344 6
   345 6
   346 6
   347 6
   348 6
   349 6
   350 6
   351 6
   352 6
   353 6
   354 6
   355 6
   356 6
   357 6
   358 6
   359 6
   360 6
   361 6
   362 6
   363 6
   364 6
   365 6
   366 6
   367 6
   368 6
   369 6
   370 6
   371 6
   372 6
   373 6
   374 6
   375 6
   376 6
   377 6
   378 6
   379 6
   380 6
   381 6
   382 6
   383 6
   384 6
   385 6
   386 6
   387 6
   388 6
   389 6
   390 6
   391 6
   392 6
   393 6
   394 6
   395 6
   396 6
   397 6
   398 6
   399 6
   400 6
   401 6
   402 6
   403 6
   404 6
   405 6
   406 6
   407 6
   408 6
   409 6
   410 6
   411 6
   412 6
   413 6
   414 6
   415 6
   416 6
   417 6
   418 6
   419 6
   420 6
   421 6
   422 6
   423 6
   424 6
   425 6
   426 6
   427 6
   428 6
   429 6
   430 6
   431 6
   432 6
   433 6
   434 6
   435 6
   436 6
   437 6
   438 6
   439 6
   440 6
  END_NODES_PER_ELEMENT
  ELEMENTS
  1 5 9 1 8 4 2  
  2 9 6 1 7 3 4  
  3 16 21 5 18 12 10  
  4 21 9 5 14 8 12  
  5 34 39 16 37 27 23  
  6 39 21 16 29 18 27  
  7 57 63 34 61 47 44  
  8 63 39 34 51 37 47  
  9 89 93 57 91 74 72  
  10 93 63 57 76 61 74  
  11 122 130 89 124 107 105  
  12 130 93 89 111 91 107  
  13 167 171 122 169 147 144  
  14 171 130 122 151 124 147  
  15 215 222 167 217 194 191  
  16 222 171 167 196 169 194  
  17 270 278 215 272 246 242  
  18 278 222 215 251 217 246  
  19 334 339 270 336 303 301  
  20 339 278 270 305 272 303  
  21 401 408 334 406 366 364  
  22 408 339 334 372 336 366  
  23 9 22 6 15 13 7  
  24 22 17 6 19 11 13  
  25 21 31 9 26 20 14  
  26 31 22 9 25 15 20  
  27 39 50 21 43 32 29  
  28 50 31 21 40 26 32  
  29 63 70 39 67 54 51  
  30 70 50 39 59 43 54  
  31 93 101 63 97 82 76  
  32 101 70 63 84 67 82  
  33 130 139 93 135 114 111  
  34 139 101 93 120 97 114  
  35 171 182 130 177 153 151  
  36 182 139 130 159 135 153  
  37 222 231 171 225 202 196  
  38 231 182 171 204 177 202  
  39 278 288 222 280 255 251  
  40 288 231 222 257 225 255  
  41 339 348 278 342 311 305  
  42 348 288 278 317 280 311  
  43 408 417 339 413 377 372  
  44 417 348 339 381 342 377  
  45 22 38 17 30 28 19  
  46 38 35 17 36 24 28  
  47 31 49 22 41 33 25  
  48 49 38 22 42 30 33  
  49 50 65 31 56 46 40  
  50 65 49 31 55 41 46  
  51 70 87 50 81 69 59  
  52 87 65 50 77 56 69  
  53 101 118 70 109 96 84  
  54 118 87 70 103 81 96  
  55 139 155 101 143 128 120  
  56 155 118 101 136 109 128  
  57 182 198 139 186 165 159  
  58 198 155 139 176 143 165  
  59 231 248 182 237 211 204  
  60 248 198 182 223 186 211  
  61 288 299 231 293 265 257  
  62 299 248 231 275 237 265  
  63 348 362 288 354 322 317  
  64 362 299 288 330 293 322  
  65 417 430 348 424 389 381  
  66 430 362 348 394 354 389  
  67 38 64 35 52 48 36  
  68 64 58 35 62 45 48  
  69 49 71 38 60 53 42  
  70 71 64 38 66 52 53  
  71 65 88 49 78 68 55  
  72 88 71 49 80 60 68  
  73 87 113 65 99 86 77  
  74 113 88 65 100 78 86  
  75 118 141 87 132 116 103  
  76 141 113 87 127 99 116  
  77 155 180 118 163 149 136  
  78 180 141 118 160 132 149  
  79 198 219 155 209 184 176  
  80 219 180 155 201 163 184  
  81 248 269 198 256 233 223  
  82 269 219 198 240 209 233  
  83 299 323 248 315 285 275  
  84 323 269 248 296 256 285  
  85 362 387 299 374 344 330  
  86 387 323 299 357 315 344  
  87 430 451 362 441 409 394  
  88 451 387 362 422 374 409  
  89 64 94 58 79 75 62  
  90 94 90 58 92 73 75  
  91 71 102 64 85 83 66  
  92 102 94 64 98 79 83  
  93 88 119 71 104 95 80  
  94 119 102 71 110 85 95  
  95 113 142 88 126 117 100  
  96 142 119 88 133 104 117  
  97 141 173 113 157 140 127  
  98 173 142 113 158 126 140  
  99 180 207 141 190 174 160  
  100 207 173 141 188 157 174  
  101 219 252 180 235 212 201  
  102 252 207 180 229 190 212  
  103 269 297 219 282 260 240  
  104 297 252 219 273 235 260  
  105 323 352 269 340 313 296  
  106 352 297 269 326 282 313  
  107 387 415 323 395 367 357  
  108 415 352 323 385 340 367  
  109 451 473 387 461 435 422  
  110 473 415 387 445 395 435  
  111 94 131 90 112 108 92  
  112 131 123 90 125 106 108  
  113 102 138 94 121 115 98  
  114 138 131 94 134 112 115  
  115 119 156 102 137 129 110  
  116 156 138 102 146 121 129  
  117 142 181 119 161 150 133  
  118 181 156 119 164 137 150  
  119 173 208 142 189 175 158  
  120 208 181 142 193 161 175  
  121 207 239 173 228 206 188  
  122 239 208 173 226 189 206  
  123 252 287 207 266 244 229  
  124 287 239 207 262 228 244  
  125 297 332 252 320 291 273  
  126 332 287 252 310 266 291  
  127 352 391 297 371 346 326  
  128 391 332 297 361 320 346  
  129 415 446 352 432 399 385  
  130 446 391 352 419 371 399  
  131 473 500 415 485 459 445  
  132 500 446 415 475 432 459  
  133 131 172 123 152 148 125  
  134 172 168 123 170 145 148  
  135 138 183 131 162 154 134  
  136 183 172 131 178 152 154  
  137 156 199 138 179 166 146  
  138 199 183 138 187 162 166  
  139 181 220 156 200 185 164  
  140 220 199 156 210 179 185  
  141 208 253 181 230 213 193  
  142 253 220 181 236 200 213  
  143 239 290 208 263 245 226  
  144 290 253 208 267 230 245  
  145 287 327 239 306 284 262  
  146 327 290 239 307 263 284  
  147 332 380 287 355 329 310  
  148 380 327 287 351 306 329  
  149 391 429 332 411 383 361  
  150 429 380 332 405 355 383  
  151 446 481 391 463 437 419  
  152 481 429 391 457 411 437  
  153 500 528 446 514 487 475  
  154 528 481 446 505 463 487  
  155 172 221 168 197 195 170  
  156 221 216 168 218 192 195  
  157 183 232 172 205 203 178  
  158 232 221 172 227 197 203  
  159 199 249 183 224 214 187  
  160 249 232 183 238 205 214  
  161 220 268 199 241 234 210  
  162 268 249 199 259 224 234  
  163 253 298 220 277 261 236  
  164 298 268 220 283 241 261  
  165 290 333 253 309 292 267  
  166 333 298 253 318 277 292  
  167 327 379 290 350 328 307  
  168 379 333 290 356 309 328  
  169 380 425 327 397 376 351  
  170 425 379 327 396 350 376  
  171 429 470 380 454 427 405  
  172 470 425 380 449 397 427  
  173 481 515 429 494 478 457  
  174 515 470 429 492 454 478  
  175 528 559 481 543 519 505  
  176 559 515 481 538 494 519  
  177 221 279 216 250 247 218  
  178 279 271 216 276 243 247  
  179 232 289 221 258 254 227  
  180 289 279 221 281 250 254  
  181 249 300 232 274 264 238  
  182 300 289 232 294 258 264  
  183 268 324 249 295 286 259  
  184 324 300 249 316 274 286  
  185 298 353 268 325 314 283  
  186 353 324 268 341 295 314  
  187 333 392 298 360 345 318  
  188 392 353 298 370 325 345  
  189 379 428 333 404 384 356  
  190 428 392 333 412 360 384  
  191 425 469 379 448 426 396  
  192 469 428 379 453 404 426  
  193 470 508 425 491 467 449  
  194 508 469 425 490 448 467  
  195 515 547 470 532 509 492  
  196 547 508 470 529 491 509  
  197 559 592 515 575 554 538  
  198 592 547 515 570 532 554  
  199 279 338 271 308 304 276  
  200 338 335 271 337 302 304  
  201 289 349 279 319 312 281  
  202 349 338 279 343 308 312  
  203 300 363 289 331 321 294  
  204 363 349 289 358 319 321  
  205 324 388 300 359 347 316  
  206 388 363 300 375 331 347  
  207 353 416 324 386 368 341  
  208 416 388 324 398 359 368  
  209 392 447 353 420 400 370  
  210 447 416 353 433 386 400  
  211 428 482 392 456 438 412  
  212 482 447 392 464 420 438  
  213 469 516 428 493 477 453  
  214 516 482 428 495 456 477  
  215 508 548 469 530 512 490  
  216 548 516 469 533 493 512  
  217 547 586 508 567 546 529  
  218 586 548 508 568 530 546  
  219 592 625 547 609 590 570  
  220 625 586 547 603 567 590  
  221 338 407 335 373 369 337  
  222 407 402 335 403 365 369  
  223 349 418 338 382 378 343  
  224 418 407 338 414 373 378  
  225 363 431 349 393 390 358  
  226 431 418 349 423 382 390  
  227 388 452 363 421 410 375  
  228 452 431 363 442 393 410  
  229 416 472 388 444 434 398  
  230 472 452 388 462 421 434  
  231 447 499 416 474 458 433  
  232 499 472 416 484 444 458  
  233 482 527 447 504 486 464  
  234 527 499 447 513 474 486  
  235 516 558 482 536 520 495  
  236 558 527 482 542 504 520  
  237 548 591 516 569 553 533  
  238 591 558 516 574 536 553  
  239 586 624 548 602 589 568  
  240 624 591 548 608 569 589  
  241 625 661 586 642 623 603  
  242 661 624 586 641 602 623  
  243 407 471 402 440 439 403  
  244 471 465 402 466 436 439  
  245 418 479 407 450 443 414  
  246 479 471 407 476 440 443  
  247 431 489 418 460 455 423  
  248 489 479 418 483 450 455  
  249 452 506 431 480 468 442  
  250 506 489 431 496 460 468  
  251 472 523 452 502 488 462  
  252 523 506 452 517 480 488  
  253 499 545 472 521 511 484  
  254 545 523 472 537 502 511  
  255 527 573 499 549 539 513  
  256 573 545 499 561 521 539  
  257 558 600 527 579 564 542  
  258 600 573 527 588 549 564  
  259 591 630 558 614 595 574  
  260 630 600 558 616 579 595  
  261 624 664 591 646 627 608  
  262 664 630 591 649 614 627  
  263 661 696 624 678 663 641  
  264 696 664 624 679 646 663  
  265 471 526 465 501 498 466  
  266 526 524 465 525 497 498  
  267 479 535 471 507 503 476  
  268 535 526 471 531 501 503  
  269 489 544 479 518 510 483  
  270 544 535 479 540 507 510  
  271 506 560 489 534 522 496  
  272 560 544 489 550 518 522  
  273 523 576 506 551 541 517  
  274 576 560 506 566 534 541  
  275 545 596 523 572 563 537  
  276 596 576 523 585 551 563  
  277 573 619 545 598 584 561  
  278 619 596 545 606 572 584  
  279 600 647 573 622 612 588  
  280 647 619 573 633 598 612  
  281 630 673 600 651 638 616  
  282 673 647 600 659 622 638  
  283 664 704 630 683 670 649  
  284 704 673 630 688 651 670  
  285 696 736 664 718 699 679  
  286 736 704 664 720 683 699  
  287 526 581 524 556 555 525  
  288 581 578 524 580 552 555  
  289 535 587 526 562 557 531  
  290 587 581 526 583 556 557  
  291 544 597 535 571 565 540  
  292 597 587 535 593 562 565  
  293 560 610 544 582 577 550  
  294 610 597 544 601 571 577  
  295 576 626 560 599 594 566  
  296 626 610 560 617 582 594  
  297 596 645 576 620 613 585  
  298 645 626 576 636 599 613  
  299 619 666 596 643 629 606  
  300 666 645 596 653 620 629  
  301 647 690 619 669 654 633  
  302 690 666 619 675 643 654  
  303 673 717 647 695 680 659  
  304 717 690 647 703 669 680  
  305 704 744 673 724 708 688  
  306 744 717 673 729 695 708  
  307 736 774 704 753 741 720  
  308 774 744 704 759 724 741  
  309 581 634 578 607 605 580  
  310 634 631 578 632 604 605  
  311 587 639 581 615 611 583  
  312 639 634 581 637 607 611  
  313 597 648 587 621 618 593  
  314 648 639 587 644 615 618  
  315 610 658 597 635 628 601  
  316 658 648 597 652 621 628  
  317 626 674 610 650 640 617  
  318 674 658 610 667 635 640  
  319 645 693 626 668 657 636  
  320 693 674 626 681 650 657  
  321 666 711 645 689 676 653  
  322 711 693 645 701 668 676  
  323 690 732 666 712 700 675  
  324 732 711 666 722 689 700  
  325 717 757 690 738 726 703  
  326 757 732 690 746 712 726  
  327 744 785 717 765 750 729  
  328 785 757 717 772 738 750  
  329 774 814 744 794 778 759  
  330 814 785 744 798 765 778  
  331 634 686 631 660 656 632  
  332 686 682 631 684 655 656  
  333 639 691 634 665 662 637  
  334 691 686 634 687 660 662  
  335 648 697 639 672 671 644  
  336 697 691 639 694 665 671  
  337 658 706 648 685 677 652  
  338 706 697 648 702 672 677  
  339 674 721 658 698 692 667  
  340 721 706 658 715 685 692  
  341 693 739 674 714 705 681  
  342 739 721 674 728 698 705  
  343 711 755 693 734 725 701  
  344 755 739 693 749 714 725  
  345 732 777 711 754 745 722  
  346 777 755 711 767 734 745  
  347 757 802 732 779 768 746  
  348 802 777 732 790 754 768  
  349 785 827 757 805 793 772  
  350 827 802 757 815 779 793  
  351 814 851 785 832 820 798  
  352 851 827 785 840 805 820  
  353 686 735 682 710 709 684  
  354 735 731 682 733 707 709  
  355 691 742 686 716 713 687  
  356 742 735 686 737 710 713  
  357 697 748 691 723 719 694  
  358 748 742 691 743 716 719  
  359 706 756 697 730 727 702  
  360 756 748 697 751 723 727  
  361 721 770 706 747 740 715  
  362 770 756 706 764 730 740  
  363 739 786 721 762 752 728  
  364 786 770 721 776 747 752  
  365 755 803 739 780 771 749  
  366 803 786 739 795 762 771  
  367 777 822 755 799 791 767  
  368 822 803 755 813 780 791  
  369 802 844 777 823 811 790  
  370 844 822 777 831 799 811  
  371 827 869 802 847 835 815  
  372 869 844 802 855 823 835  
  373 851 895 827 874 861 840  
  374 895 869 827 880 847 861  
  375 735 784 731 761 760 733  
  376 784 782 731 783 758 760  
  377 742 789 735 766 763 737  
  378 789 784 735 787 761 763  
  379 748 797 742 773 769 743  
  380 797 789 742 792 766 769  
  381 756 804 748 781 775 751  
  382 804 797 748 800 773 775  
  383 770 819 756 796 788 764  
  384 819 804 756 810 781 788  
  385 786 829 770 807 801 776  
  386 829 819 770 824 796 801  
  387 803 849 786 826 817 795  
  388 849 829 786 841 807 817  
  389 822 868 803 846 836 813  
  390 868 849 803 857 826 836  
  391 844 888 822 867 854 831  
  392 888 868 822 876 846 854  
  393 869 907 844 890 877 855  
  394 907 888 844 898 867 877  
  395 895 922 869 910 902 880  
  396 922 907 869 915 890 902  
  397 784 834 782 809 808 783  
  398 834 830 782 833 806 808  
  399 789 839 784 816 812 787  
  400 839 834 784 838 809 812  
  401 797 845 789 821 818 792  
  402 845 839 789 842 816 818  
  403 804 852 797 828 825 800  
  404 852 845 797 850 821 825  
  405 819 865 804 843 837 810  
  406 865 852 804 859 828 837  
  407 829 878 819 853 848 824  
  408 878 865 819 871 843 848  
  409 849 894 829 872 864 841  
  410 894 878 829 886 853 864  
  411 868 909 849 892 879 857  
  412 909 894 849 903 872 879  
  413 888 918 868 906 899 876  
  414 918 909 868 914 892 899  
  415 907 928 888 920 913 898  
  416 928 918 888 924 906 913  
  417 922 937 907 930 926 915  
  418 937 928 907 933 920 926  
  419 834 884 830 860 858 833  
  420 884 881 830 882 856 858  
  421 839 887 834 863 862 838  
  422 887 884 834 885 860 862  
  423 845 893 839 870 866 842  
  424 893 887 839 891 863 866  
  425 852 900 845 875 873 850  
  426 900 893 845 897 870 873  
  427 865 908 852 889 883 859  
  428 908 900 852 904 875 883  
  429 878 916 865 901 896 871  
  430 916 908 865 912 889 896  
  431 894 923 878 911 905 886  
  432 923 916 878 919 901 905  
  433 909 931 894 921 917 903  
  434 931 923 894 927 911 917  
  435 918 936 909 929 925 914  
  436 936 931 909 934 921 925  
  437 928 940 918 935 932 924  
  438 940 936 918 938 929 932  
  439 937 943 928 941 939 933  
  440 943 940 928 942 935 939  
  END_ELEMENTS  
  COORDINATES  
   1   3.500000e+00 -5.000000e+00   
   2   3.750000e+00 -5.000000e+00   
   3   3.500000e+00 -4.750000e+00   
   4   3.750000e+00 -4.750000e+00   
   5   4.000000e+00 -5.000000e+00   
   6   3.500000e+00 -4.500000e+00   
   7   3.750000e+00 -4.500000e+00   
   8   4.000000e+00 -4.750000e+00   
   9   4.000000e+00 -4.500000e+00   
   10   4.250000e+00 -5.000000e+00   
   11   3.500000e+00 -4.250000e+00   
   12   4.250000e+00 -4.750000e+00   
   13   3.750000e+00 -4.250000e+00   
   14   4.250000e+00 -4.500000e+00   
   15   4.000000e+00 -4.250000e+00   
   16   4.500000e+00 -5.000000e+00   
   17   3.500000e+00 -4.000000e+00   
   18   4.500000e+00 -4.750000e+00   
   19   3.750000e+00 -4.000000e+00   
   20   4.250000e+00 -4.250000e+00   
   21   4.500000e+00 -4.500000e+00   
   22   4.000000e+00 -4.000000e+00   
   23   4.750000e+00 -5.000000e+00   
   24   3.500000e+00 -3.750000e+00   
   25   4.250000e+00 -4.000000e+00   
   26   4.500000e+00 -4.250000e+00   
   27   4.750000e+00 -4.750000e+00   
   28   3.750000e+00 -3.750000e+00   
   29   4.750000e+00 -4.500000e+00   
   30   4.000000e+00 -3.750000e+00   
   31   4.500000e+00 -4.000000e+00   
   32   4.750000e+00 -4.250000e+00   
   33   4.250000e+00 -3.750000e+00   
   34   5.000000e+00 -5.000000e+00   
   35   3.500000e+00 -3.500000e+00   
   36   3.750000e+00 -3.500000e+00   
   37   5.000000e+00 -4.750000e+00   
   38   4.000000e+00 -3.500000e+00   
   39   5.000000e+00 -4.500000e+00   
   40   4.750000e+00 -4.000000e+00   
   41   4.500000e+00 -3.750000e+00   
   42   4.250000e+00 -3.500000e+00   
   43   5.000000e+00 -4.250000e+00   
   44   5.250000e+00 -5.000000e+00   
   45   3.500000e+00 -3.250000e+00   
   46   4.750000e+00 -3.750000e+00   
   47   5.250000e+00 -4.750000e+00   
   48   3.750000e+00 -3.250000e+00   
   49   4.500000e+00 -3.500000e+00   
   50   5.000000e+00 -4.000000e+00   
   51   5.250000e+00 -4.500000e+00   
   52   4.000000e+00 -3.250000e+00   
   53   4.250000e+00 -3.250000e+00   
   54   5.250000e+00 -4.250000e+00   
   55   4.750000e+00 -3.500000e+00   
   56   5.000000e+00 -3.750000e+00   
   57   5.500000e+00 -5.000000e+00   
   58   3.500000e+00 -3.000000e+00   
   59   5.250000e+00 -4.000000e+00   
   60   4.500000e+00 -3.250000e+00   
   61   5.500000e+00 -4.750000e+00   
   62   3.750000e+00 -3.000000e+00   
   63   5.500000e+00 -4.500000e+00   
   64   4.000000e+00 -3.000000e+00   
   65   5.000000e+00 -3.500000e+00   
   66   4.250000e+00 -3.000000e+00   
   67   5.500000e+00 -4.250000e+00   
   68   4.750000e+00 -3.250000e+00   
   69   5.250000e+00 -3.750000e+00   
   70   5.500000e+00 -4.000000e+00   
   71   4.500000e+00 -3.000000e+00   
   72   5.750000e+00 -5.000000e+00   
   73   3.500000e+00 -2.750000e+00   
   74   5.750000e+00 -4.750000e+00   
   75   3.750000e+00 -2.750000e+00   
   76   5.750000e+00 -4.500000e+00   
   77   5.250000e+00 -3.500000e+00   
   78   5.000000e+00 -3.250000e+00   
   79   4.000000e+00 -2.750000e+00   
   80   4.750000e+00 -3.000000e+00   
   81   5.500000e+00 -3.750000e+00   
   82   5.750000e+00 -4.250000e+00   
   83   4.250000e+00 -2.750000e+00   
   84   5.750000e+00 -4.000000e+00   
   85   4.500000e+00 -2.750000e+00   
   86   5.250000e+00 -3.250000e+00   
   87   5.500000e+00 -3.500000e+00   
   88   5.000000e+00 -3.000000e+00   
   89   6.000000e+00 -5.000000e+00   
   90   3.500000e+00 -2.500000e+00   
   91   6.000000e+00 -4.750000e+00   
   92   3.750000e+00 -2.500000e+00   
   93   6.000000e+00 -4.500000e+00   
   94   4.000000e+00 -2.500000e+00   
   95   4.750000e+00 -2.750000e+00   
   96   5.750000e+00 -3.750000e+00   
   97   6.000000e+00 -4.250000e+00   
   98   4.250000e+00 -2.500000e+00   
   99   5.500000e+00 -3.250000e+00   
   100   5.250000e+00 -3.000000e+00   
   101   6.000000e+00 -4.000000e+00   
   102   4.500000e+00 -2.500000e+00   
   103   5.750000e+00 -3.500000e+00   
   104   5.000000e+00 -2.750000e+00   
   105   6.250000e+00 -5.000000e+00   
   106   3.500000e+00 -2.250000e+00   
   107   6.250000e+00 -4.750000e+00   
   108   3.750000e+00 -2.250000e+00   
   109   6.000000e+00 -3.750000e+00   
   110   4.750000e+00 -2.500000e+00   
   111   6.250000e+00 -4.500000e+00   
   112   4.000000e+00 -2.250000e+00   
   113   5.500000e+00 -3.000000e+00   
   114   6.250000e+00 -4.250000e+00   
   115   4.250000e+00 -2.250000e+00   
   116   5.750000e+00 -3.250000e+00   
   117   5.250000e+00 -2.750000e+00   
   118   6.000000e+00 -3.500000e+00   
   119   5.000000e+00 -2.500000e+00   
   120   6.250000e+00 -4.000000e+00   
   121   4.500000e+00 -2.250000e+00   
   122   6.500000e+00 -5.000000e+00   
   123   3.500000e+00 -2.000000e+00   
   124   6.500000e+00 -4.750000e+00   
   125   3.750000e+00 -2.000000e+00   
   126   5.500000e+00 -2.750000e+00   
   127   5.750000e+00 -3.000000e+00   
   128   6.250000e+00 -3.750000e+00   
   129   4.750000e+00 -2.250000e+00   
   130   6.500000e+00 -4.500000e+00   
   131   4.000000e+00 -2.000000e+00   
   132   6.000000e+00 -3.250000e+00   
   133   5.250000e+00 -2.500000e+00   
   134   4.250000e+00 -2.000000e+00   
   135   6.500000e+00 -4.250000e+00   
   136   6.250000e+00 -3.500000e+00   
   137   5.000000e+00 -2.250000e+00   
   138   4.500000e+00 -2.000000e+00   
   139   6.500000e+00 -4.000000e+00   
   140   5.750000e+00 -2.750000e+00   
   141   6.000000e+00 -3.000000e+00   
   142   5.500000e+00 -2.500000e+00   
   143   6.500000e+00 -3.750000e+00   
   144   6.750000e+00 -5.000000e+00   
   145   3.500000e+00 -1.750000e+00   
   146   4.750000e+00 -2.000000e+00   
   147   6.750000e+00 -4.750000e+00   
   148   3.750000e+00 -1.750000e+00   
   149   6.250000e+00 -3.250000e+00   
   150   5.250000e+00 -2.250000e+00   
   151   6.750000e+00 -4.500000e+00   
   152   4.000000e+00 -1.750000e+00   
   153   6.750000e+00 -4.250000e+00   
   154   4.250000e+00 -1.750000e+00   
   155   6.500000e+00 -3.500000e+00   
   156   5.000000e+00 -2.000000e+00   
   157   6.000000e+00 -2.750000e+00   
   158   5.750000e+00 -2.500000e+00   
   159   6.750000e+00 -4.000000e+00   
   160   6.250000e+00 -3.000000e+00   
   161   5.500000e+00 -2.250000e+00   
   162   4.500000e+00 -1.750000e+00   
   163   6.500000e+00 -3.250000e+00   
   164   5.250000e+00 -2.000000e+00   
   165   6.750000e+00 -3.750000e+00   
   166   4.750000e+00 -1.750000e+00   
   167   7.000000e+00 -5.000000e+00   
   168   3.500000e+00 -1.500000e+00   
   169   7.000000e+00 -4.750000e+00   
   170   3.750000e+00 -1.500000e+00   
   171   7.000000e+00 -4.500000e+00   
   172   4.000000e+00 -1.500000e+00   
   173   6.000000e+00 -2.500000e+00   
   174   6.250000e+00 -2.750000e+00   
   175   5.750000e+00 -2.250000e+00   
   176   6.750000e+00 -3.500000e+00   
   177   7.000000e+00 -4.250000e+00   
   178   4.250000e+00 -1.500000e+00   
   179   5.000000e+00 -1.750000e+00   
   180   6.500000e+00 -3.000000e+00   
   181   5.500000e+00 -2.000000e+00   
   182   7.000000e+00 -4.000000e+00   
   183   4.500000e+00 -1.500000e+00   
   184   6.750000e+00 -3.250000e+00   
   185   5.250000e+00 -1.750000e+00   
   186   7.000000e+00 -3.750000e+00   
   187   4.750000e+00 -1.500000e+00   
   188   6.250000e+00 -2.500000e+00   
   189   6.000000e+00 -2.250000e+00   
   190   6.500000e+00 -2.750000e+00   
   191   7.250000e+00 -5.000000e+00   
   192   3.500000e+00 -1.250000e+00   
   193   5.750000e+00 -2.000000e+00   
   194   7.250000e+00 -4.750000e+00   
   195   3.750000e+00 -1.250000e+00   
   196   7.250000e+00 -4.500000e+00   
   197   4.000000e+00 -1.250000e+00   
   198   7.000000e+00 -3.500000e+00   
   199   5.000000e+00 -1.500000e+00   
   200   5.500000e+00 -1.750000e+00   
   201   6.750000e+00 -3.000000e+00   
   202   7.250000e+00 -4.250000e+00   
   203   4.250000e+00 -1.250000e+00   
   204   7.250000e+00 -4.000000e+00   
   205   4.500000e+00 -1.250000e+00   
   206   6.250000e+00 -2.250000e+00   
   207   6.500000e+00 -2.500000e+00   
   208   6.000000e+00 -2.000000e+00   
   209   7.000000e+00 -3.250000e+00   
   210   5.250000e+00 -1.500000e+00   
   211   7.250000e+00 -3.750000e+00   
   212   6.750000e+00 -2.750000e+00   
   213   5.750000e+00 -1.750000e+00   
   214   4.750000e+00 -1.250000e+00   
   215   7.500000e+00 -5.000000e+00   
   216   3.500000e+00 -1.000000e+00   
   217   7.500000e+00 -4.750000e+00   
   218   3.750000e+00 -1.000000e+00   
   219   7.000000e+00 -3.000000e+00   
   220   5.500000e+00 -1.500000e+00   
   221   4.000000e+00 -1.000000e+00   
   222   7.500000e+00 -4.500000e+00   
   223   7.250000e+00 -3.500000e+00   
   224   5.000000e+00 -1.250000e+00   
   225   7.500000e+00 -4.250000e+00   
   226   6.250000e+00 -2.000000e+00   
   227   4.250000e+00 -1.000000e+00   
   228   6.500000e+00 -2.250000e+00   
   229   6.750000e+00 -2.500000e+00   
   230   6.000000e+00 -1.750000e+00   
   231   7.500000e+00 -4.000000e+00   
   232   4.500000e+00 -1.000000e+00   
   233   7.250000e+00 -3.250000e+00   
   234   5.250000e+00 -1.250000e+00   
   235   7.000000e+00 -2.750000e+00   
   236   5.750000e+00 -1.500000e+00   
   237   7.500000e+00 -3.750000e+00   
   238   4.750000e+00 -1.000000e+00   
   239   6.500000e+00 -2.000000e+00   
   240   7.250000e+00 -3.000000e+00   
   241   5.500000e+00 -1.250000e+00   
   242   7.750000e+00 -5.000000e+00   
   243   3.500000e+00 -7.500000e-01   
   244   6.750000e+00 -2.250000e+00   
   245   6.250000e+00 -1.750000e+00   
   246   7.750000e+00 -4.750000e+00   
   247   3.750000e+00 -7.500000e-01   
   248   7.500000e+00 -3.500000e+00   
   249   5.000000e+00 -1.000000e+00   
   250   4.000000e+00 -7.500000e-01   
   251   7.750000e+00 -4.500000e+00   
   252   7.000000e+00 -2.500000e+00   
   253   6.000000e+00 -1.500000e+00   
   254   4.250000e+00 -7.500000e-01   
   255   7.750000e+00 -4.250000e+00   
   256   7.500000e+00 -3.250000e+00   
   257   7.750000e+00 -4.000000e+00   
   258   4.500000e+00 -7.500000e-01   
   259   5.250000e+00 -1.000000e+00   
   260   7.250000e+00 -2.750000e+00   
   261   5.750000e+00 -1.250000e+00   
   262   6.750000e+00 -2.000000e+00   
   263   6.500000e+00 -1.750000e+00   
   264   4.750000e+00 -7.500000e-01   
   265   7.750000e+00 -3.750000e+00   
   266   7.000000e+00 -2.250000e+00   
   267   6.250000e+00 -1.500000e+00   
   268   5.500000e+00 -1.000000e+00   
   269   7.500000e+00 -3.000000e+00   
   270   8.000000e+00 -5.000000e+00   
   271   3.500000e+00 -5.000000e-01   
   272   8.000000e+00 -4.750000e+00   
   273   7.250000e+00 -2.500000e+00   
   274   5.000000e+00 -7.500000e-01   
   275   7.750000e+00 -3.500000e+00   
   276   3.750000e+00 -5.000000e-01   
   277   6.000000e+00 -1.250000e+00   
   278   8.000000e+00 -4.500000e+00   
   279   4.000000e+00 -5.000000e-01   
   280   8.000000e+00 -4.250000e+00   
   281   4.250000e+00 -5.000000e-01   
   282   7.500000e+00 -2.750000e+00   
   283   5.750000e+00 -1.000000e+00   
   284   6.750000e+00 -1.750000e+00   
   285   7.750000e+00 -3.250000e+00   
   286   5.250000e+00 -7.500000e-01   
   287   7.000000e+00 -2.000000e+00   
   288   8.000000e+00 -4.000000e+00   
   289   4.500000e+00 -5.000000e-01   
   290   6.500000e+00 -1.500000e+00   
   291   7.250000e+00 -2.250000e+00   
   292   6.250000e+00 -1.250000e+00   
   293   8.000000e+00 -3.750000e+00   
   294   4.750000e+00 -5.000000e-01   
   295   5.500000e+00 -7.500000e-01   
   296   7.750000e+00 -3.000000e+00   
   297   7.500000e+00 -2.500000e+00   
   298   6.000000e+00 -1.000000e+00   
   299   8.000000e+00 -3.500000e+00   
   300   5.000000e+00 -5.000000e-01   
   301   8.250000e+00 -5.000000e+00   
   302   3.500000e+00 -2.500000e-01   
   303   8.250000e+00 -4.750000e+00   
   304   3.750000e+00 -2.500000e-01   
   305   8.250000e+00 -4.500000e+00   
   306   7.000000e+00 -1.750000e+00   
   307   6.750000e+00 -1.500000e+00   
   308   4.000000e+00 -2.500000e-01   
   309   6.500000e+00 -1.250000e+00   
   310   7.250000e+00 -2.000000e+00   
   311   8.250000e+00 -4.250000e+00   
   312   4.250000e+00 -2.500000e-01   
   313   7.750000e+00 -2.750000e+00   
   314   5.750000e+00 -7.500000e-01   
   315   8.000000e+00 -3.250000e+00   
   316   5.250000e+00 -5.000000e-01   
   317   8.250000e+00 -4.000000e+00   
   318   6.250000e+00 -1.000000e+00   
   319   4.500000e+00 -2.500000e-01   
   320   7.500000e+00 -2.250000e+00   
   321   4.750000e+00 -2.500000e-01   
   322   8.250000e+00 -3.750000e+00   
   323   8.000000e+00 -3.000000e+00   
   324   5.500000e+00 -5.000000e-01   
   325   6.000000e+00 -7.500000e-01   
   326   7.750000e+00 -2.500000e+00   
   327   7.000000e+00 -1.500000e+00   
   328   6.750000e+00 -1.250000e+00   
   329   7.250000e+00 -1.750000e+00   
   330   8.250000e+00 -3.500000e+00   
   331   5.000000e+00 -2.500000e-01   
   332   7.500000e+00 -2.000000e+00   
   333   6.500000e+00 -1.000000e+00   
   334   8.500000e+00 -5.000000e+00   
   335   3.500000e+00  0.000000e+00   
   336   8.500000e+00 -4.750000e+00   
   337   3.750000e+00 -8.881784e-16   
   338   4.000000e+00 -8.881784e-16   
   339   8.500000e+00 -4.500000e+00   
   340   8.000000e+00 -2.750000e+00   
   341   5.750000e+00 -5.000000e-01   
   342   8.500000e+00 -4.250000e+00   
   343   4.250000e+00  0.000000e+00   
   344   8.250000e+00 -3.250000e+00   
   345   6.250000e+00 -7.500000e-01   
   346   7.750000e+00 -2.250000e+00   
   347   5.250000e+00 -2.500000e-01   
   348   8.500000e+00 -4.000000e+00   
   349   4.500000e+00  0.000000e+00   
   350   7.000000e+00 -1.250000e+00   
   351   7.250000e+00 -1.500000e+00   
   352   8.000000e+00 -2.500000e+00   
   353   6.000000e+00 -5.000000e-01   
   354   8.500000e+00 -3.750000e+00   
   355   7.500000e+00 -1.750000e+00   
   356   6.750000e+00 -1.000000e+00   
   357   8.250000e+00 -3.000000e+00   
   358   4.750000e+00  0.000000e+00   
   359   5.500000e+00 -2.500000e-01   
   360   6.500000e+00 -7.500000e-01   
   361   7.750000e+00 -2.000000e+00   
   362   8.500000e+00 -3.500000e+00   
   363   5.000000e+00  0.000000e+00   
   364   8.750000e+00 -5.000000e+00   
   365   3.500000e+00  2.500000e-01   
   366   8.750000e+00 -4.750000e+00   
   367   8.250000e+00 -2.750000e+00   
   368   5.750000e+00 -2.500000e-01   
   369   3.750000e+00  2.500000e-01   
   370   6.250000e+00 -5.000000e-01   
   371   8.000000e+00 -2.250000e+00   
   372   8.750000e+00 -4.500000e+00   
   373   4.000000e+00  2.500000e-01   
   374   8.500000e+00 -3.250000e+00   
   375   5.250000e+00 -8.881784e-16   
   376   7.250000e+00 -1.250000e+00   
   377   8.750000e+00 -4.250000e+00   
   378   4.250000e+00  2.500000e-01   
   379   7.000000e+00 -1.000000e+00   
   380   7.500000e+00 -1.500000e+00   
   381   8.750000e+00 -4.000000e+00   
   382   4.500000e+00  2.500000e-01   
   383   7.750000e+00 -1.750000e+00   
   384   6.750000e+00 -7.500000e-01   
   385   8.250000e+00 -2.500000e+00   
   386   6.000000e+00 -2.500000e-01   
   387   8.500000e+00 -3.000000e+00   
   388   5.500000e+00  0.000000e+00   
   389   8.750000e+00 -3.750000e+00   
   390   4.750000e+00  2.500000e-01   
   391   8.000000e+00 -2.000000e+00   
   392   6.500000e+00 -5.000000e-01   
   393   5.000000e+00  2.500000e-01   
   394   8.750000e+00 -3.500000e+00   
   395   8.500000e+00 -2.750000e+00   
   396   7.250000e+00 -1.000000e+00   
   397   7.500000e+00 -1.250000e+00   
   398   5.750000e+00 -8.881784e-16   
   399   8.250000e+00 -2.250000e+00   
   400   6.250000e+00 -2.500000e-01   
   401   9.000000e+00 -5.000000e+00   
   402   3.500000e+00  5.000000e-01   
   403   3.750000e+00  5.000000e-01   
   404   7.000000e+00 -7.500000e-01   
   405   7.750000e+00 -1.500000e+00   
   406   9.000000e+00 -4.750000e+00   
   407   4.000000e+00  5.000000e-01   
   408   9.000000e+00 -4.500000e+00   
   409   8.750000e+00 -3.250000e+00   
   410   5.250000e+00  2.500000e-01   
   411   8.000000e+00 -1.750000e+00   
   412   6.750000e+00 -5.000000e-01   
   413   9.000000e+00 -4.250000e+00   
   414   4.250000e+00  5.000000e-01   
   415   8.500000e+00 -2.500000e+00   
   416   6.000000e+00  0.000000e+00   
   417   9.000000e+00 -4.000000e+00   
   418   4.500000e+00  5.000000e-01   
   419   8.250000e+00 -2.000000e+00   
   420   6.500000e+00 -2.500000e-01   
   421   5.500000e+00  2.500000e-01   
   422   8.750000e+00 -3.000000e+00   
   423   4.750000e+00  5.000000e-01   
   424   9.000000e+00 -3.750000e+00   
   425   7.500000e+00 -1.000000e+00   
   426   7.250000e+00 -7.500000e-01   
   427   7.750000e+00 -1.250000e+00   
   428   7.000000e+00 -5.000000e-01   
   429   8.000000e+00 -1.500000e+00   
   430   9.000000e+00 -3.500000e+00   
   431   5.000000e+00  5.000000e-01   
   432   8.500000e+00 -2.250000e+00   
   433   6.250000e+00  0.000000e+00   
   434   5.750000e+00  2.500000e-01   
   435   8.750000e+00 -2.750000e+00   
   436   3.500000e+00  7.500000e-01   
   437   8.250000e+00 -1.750000e+00   
   438   6.750000e+00 -2.500000e-01   
   439   3.750000e+00  7.500000e-01   
   440   4.000000e+00  7.500000e-01   
   441   9.000000e+00 -3.250000e+00   
   442   5.250000e+00  5.000000e-01   
   443   4.250000e+00  7.500000e-01   
   444   6.000000e+00  2.500000e-01   
   445   8.750000e+00 -2.500000e+00   
   446   8.500000e+00 -2.000000e+00   
   447   6.500000e+00  0.000000e+00   
   448   7.500000e+00 -7.500000e-01   
   449   7.750000e+00 -1.000000e+00   
   450   4.500000e+00  7.500000e-01   
   451   9.000000e+00 -3.000000e+00   
   452   5.500000e+00  5.000000e-01   
   453   7.250000e+00 -5.000000e-01   
   454   8.000000e+00 -1.250000e+00   
   455   4.750000e+00  7.500000e-01   
   456   7.000000e+00 -2.500000e-01   
   457   8.250000e+00 -1.500000e+00   
   458   6.250000e+00  2.500000e-01   
   459   8.750000e+00 -2.250000e+00   
   460   5.000000e+00  7.500000e-01   
   461   9.000000e+00 -2.750000e+00   
   462   5.750000e+00  5.000000e-01   
   463   8.500000e+00 -1.750000e+00   
   464   6.750000e+00  0.000000e+00   
   465   3.500000e+00  1.000000e+00   
   466   3.750000e+00  1.000000e+00   
   467   7.750000e+00 -7.500000e-01   
   468   5.250000e+00  7.500000e-01   
   469   7.500000e+00 -5.000000e-01   
   470   8.000000e+00 -1.000000e+00   
   471   4.000000e+00  1.000000e+00   
   472   6.000000e+00  5.000000e-01   
   473   9.000000e+00 -2.500000e+00   
   474   6.500000e+00  2.500000e-01   
   475   8.750000e+00 -2.000000e+00   
   476   4.250000e+00  1.000000e+00   
   477   7.250000e+00 -2.500000e-01   
   478   8.250000e+00 -1.250000e+00   
   479   4.500000e+00  1.000000e+00   
   480   5.500000e+00  7.500000e-01   
   481   8.500000e+00 -1.500000e+00   
   482   7.000000e+00  0.000000e+00   
   483   4.750000e+00  1.000000e+00   
   484   6.250000e+00  5.000000e-01   
   485   9.000000e+00 -2.250000e+00   
   486   6.750000e+00  2.500000e-01   
   487   8.750000e+00 -1.750000e+00   
   488   5.750000e+00  7.500000e-01   
   489   5.000000e+00  1.000000e+00   
   490   7.750000e+00 -5.000000e-01   
   491   8.000000e+00 -7.500000e-01   
   492   8.250000e+00 -1.000000e+00   
   493   7.500000e+00 -2.500000e-01   
   494   8.500000e+00 -1.250000e+00   
   495   7.250000e+00  0.000000e+00   
   496   5.250000e+00  1.000000e+00   
   497   3.500000e+00  1.250000e+00   
   498   3.750000e+00  1.250000e+00   
   499   6.500000e+00  5.000000e-01   
   500   9.000000e+00 -2.000000e+00   
   501   4.000000e+00  1.250000e+00   
   502   6.000000e+00  7.500000e-01   
   503   4.250000e+00  1.250000e+00   
   504   7.000000e+00  2.500000e-01   
   505   8.750000e+00 -1.500000e+00   
   506   5.500000e+00  1.000000e+00   
   507   4.500000e+00  1.250000e+00   
   508   8.000000e+00 -5.000000e-01   
   509   8.250000e+00 -7.500000e-01   
   510   4.750000e+00  1.250000e+00   
   511   6.250000e+00  7.500000e-01   
   512   7.750000e+00 -2.500000e-01   
   513   6.750000e+00  5.000000e-01   
   514   9.000000e+00 -1.750000e+00   
   515   8.500000e+00 -1.000000e+00   
   516   7.500000e+00  0.000000e+00   
   517   5.750000e+00  1.000000e+00   
   518   5.000000e+00  1.250000e+00   
   519   8.750000e+00 -1.250000e+00   
   520   7.250000e+00  2.500000e-01   
   521   6.500000e+00  7.500000e-01   
   522   5.250000e+00  1.250000e+00   
   523   6.000000e+00  1.000000e+00   
   524   3.500000e+00  1.500000e+00   
   525   3.750000e+00  1.500000e+00   
   526   4.000000e+00  1.500000e+00   
   527   7.000000e+00  5.000000e-01   
   528   9.000000e+00 -1.500000e+00   
   529   8.250000e+00 -5.000000e-01   
   530   8.000000e+00 -2.500000e-01   
   531   4.250000e+00  1.500000e+00   
   532   8.500000e+00 -7.500000e-01   
   533   7.750000e+00 -8.881784e-16   
   534   5.500000e+00  1.250000e+00   
   535   4.500000e+00  1.500000e+00   
   536   7.500000e+00  2.500000e-01   
   537   6.250000e+00  1.000000e+00   
   538   8.750000e+00 -1.000000e+00   
   539   6.750000e+00  7.500000e-01   
   540   4.750000e+00  1.500000e+00   
   541   5.750000e+00  1.250000e+00   
   542   7.250000e+00  5.000000e-01   
   543   9.000000e+00 -1.250000e+00   
   544   5.000000e+00  1.500000e+00   
   545   6.500000e+00  1.000000e+00   
   546   8.250000e+00 -2.500000e-01   
   547   8.500000e+00 -5.000000e-01   
   548   8.000000e+00  0.000000e+00   
   549   7.000000e+00  7.500000e-01   
   550   5.250000e+00  1.500000e+00   
   551   6.000000e+00  1.250000e+00   
   552   3.500000e+00  1.750000e+00   
   553   7.750000e+00  2.500000e-01   
   554   8.750000e+00 -7.500000e-01   
   555   3.750000e+00  1.750000e+00   
   556   4.000000e+00  1.750000e+00   
   557   4.250000e+00  1.750000e+00   
   558   7.500000e+00  5.000000e-01   
   559   9.000000e+00 -1.000000e+00   
   560   5.500000e+00  1.500000e+00   
   561   6.750000e+00  1.000000e+00   
   562   4.500000e+00  1.750000e+00   
   563   6.250000e+00  1.250000e+00   
   564   7.250000e+00  7.500000e-01   
   565   4.750000e+00  1.750000e+00   
   566   5.750000e+00  1.500000e+00   
   567   8.500000e+00 -2.500000e-01   
   568   8.250000e+00  0.000000e+00   
   569   8.000000e+00  2.500000e-01   
   570   8.750000e+00 -5.000000e-01   
   571   5.000000e+00  1.750000e+00   
   572   6.500000e+00  1.250000e+00   
   573   7.000000e+00  1.000000e+00   
   574   7.750000e+00  5.000000e-01   
   575   9.000000e+00 -7.500000e-01   
   576   6.000000e+00  1.500000e+00   
   577   5.250000e+00  1.750000e+00   
   578   3.500000e+00  2.000000e+00   
   579   7.500000e+00  7.500000e-01   
   580   3.750000e+00  2.000000e+00   
   581   4.000000e+00  2.000000e+00   
   582   5.500000e+00  1.750000e+00   
   583   4.250000e+00  2.000000e+00   
   584   6.750000e+00  1.250000e+00   
   585   6.250000e+00  1.500000e+00   
   586   8.500000e+00 -8.881784e-16   
   587   4.500000e+00  2.000000e+00   
   588   7.250000e+00  1.000000e+00   
   589   8.250000e+00  2.500000e-01   
   590   8.750000e+00 -2.500000e-01   
   591   8.000000e+00  5.000000e-01   
   592   9.000000e+00 -5.000000e-01   
   593   4.750000e+00  2.000000e+00   
   594   5.750000e+00  1.750000e+00   
   595   7.750000e+00  7.500000e-01   
   596   6.500000e+00  1.500000e+00   
   597   5.000000e+00  2.000000e+00   
   598   7.000000e+00  1.250000e+00   
   599   6.000000e+00  1.750000e+00   
   600   7.500000e+00  1.000000e+00   
   601   5.250000e+00  2.000000e+00   
   602   8.500000e+00  2.500000e-01   
   603   8.750000e+00 -8.881784e-16   
   604   3.500000e+00  2.250000e+00   
   605   3.750000e+00  2.250000e+00   
   606   6.750000e+00  1.500000e+00   
   607   4.000000e+00  2.250000e+00   
   608   8.250000e+00  5.000000e-01   
   609   9.000000e+00 -2.500000e-01   
   610   5.500000e+00  2.000000e+00   
   611   4.250000e+00  2.250000e+00   
   612   7.250000e+00  1.250000e+00   
   613   6.250000e+00  1.750000e+00   
   614   8.000000e+00  7.500000e-01   
   615   4.500000e+00  2.250000e+00   
   616   7.750000e+00  1.000000e+00   
   617   5.750000e+00  2.000000e+00   
   618   4.750000e+00  2.250000e+00   
   619   7.000000e+00  1.500000e+00   
   620   6.500000e+00  1.750000e+00   
   621   5.000000e+00  2.250000e+00   
   622   7.500000e+00  1.250000e+00   
   623   8.750000e+00  2.500000e-01   
   624   8.500000e+00  5.000000e-01   
   625   9.000000e+00  0.000000e+00   
   626   6.000000e+00  2.000000e+00   
   627   8.250000e+00  7.500000e-01   
   628   5.250000e+00  2.250000e+00   
   629   6.750000e+00  1.750000e+00   
   630   8.000000e+00  1.000000e+00   
   631   3.500000e+00  2.500000e+00   
   632   3.750000e+00  2.500000e+00   
   633   7.250000e+00  1.500000e+00   
   634   4.000000e+00  2.500000e+00   
   635   5.500000e+00  2.250000e+00   
   636   6.250000e+00  2.000000e+00   
   637   4.250000e+00  2.500000e+00   
   638   7.750000e+00  1.250000e+00   
   639   4.500000e+00  2.500000e+00   
   640   5.750000e+00  2.250000e+00   
   641   8.750000e+00  5.000000e-01   
   642   9.000000e+00  2.500000e-01   
   643   7.000000e+00  1.750000e+00   
   644   4.750000e+00  2.500000e+00   
   645   6.500000e+00  2.000000e+00   
   646   8.500000e+00  7.500000e-01   
   647   7.500000e+00  1.500000e+00   
   648   5.000000e+00  2.500000e+00   
   649   8.250000e+00  1.000000e+00   
   650   6.000000e+00  2.250000e+00   
   651   8.000000e+00  1.250000e+00   
   652   5.250000e+00  2.500000e+00   
   653   6.750000e+00  2.000000e+00   
   654   7.250000e+00  1.750000e+00   
   655   3.500000e+00  2.750000e+00   
   656   3.750000e+00  2.750000e+00   
   657   6.250000e+00  2.250000e+00   
   658   5.500000e+00  2.500000e+00   
   659   7.750000e+00  1.500000e+00   
   660   4.000000e+00  2.750000e+00   
   661   9.000000e+00  5.000000e-01   
   662   4.250000e+00  2.750000e+00   
   663   8.750000e+00  7.500000e-01   
   664   8.500000e+00  1.000000e+00   
   665   4.500000e+00  2.750000e+00   
   666   7.000000e+00  2.000000e+00   
   667   5.750000e+00  2.500000e+00   
   668   6.500000e+00  2.250000e+00   
   669   7.500000e+00  1.750000e+00   
   670   8.250000e+00  1.250000e+00   
   671   4.750000e+00  2.750000e+00   
   672   5.000000e+00  2.750000e+00   
   673   8.000000e+00  1.500000e+00   
   674   6.000000e+00  2.500000e+00   
   675   7.250000e+00  2.000000e+00   
   676   6.750000e+00  2.250000e+00   
   677   5.250000e+00  2.750000e+00   
   678   9.000000e+00  7.500000e-01   
   679   8.750000e+00  1.000000e+00   
   680   7.750000e+00  1.750000e+00   
   681   6.250000e+00  2.500000e+00   
   682   3.500000e+00  3.000000e+00   
   683   8.500000e+00  1.250000e+00   
   684   3.750000e+00  3.000000e+00   
   685   5.500000e+00  2.750000e+00   
   686   4.000000e+00  3.000000e+00   
   687   4.250000e+00  3.000000e+00   
   688   8.250000e+00  1.500000e+00   
   689   7.000000e+00  2.250000e+00   
   690   7.500000e+00  2.000000e+00   
   691   4.500000e+00  3.000000e+00   
   692   5.750000e+00  2.750000e+00   
   693   6.500000e+00  2.500000e+00   
   694   4.750000e+00  3.000000e+00   
   695   8.000000e+00  1.750000e+00   
   696   9.000000e+00  1.000000e+00   
   697   5.000000e+00  3.000000e+00   
   698   6.000000e+00  2.750000e+00   
   699   8.750000e+00  1.250000e+00   
   700   7.250000e+00  2.250000e+00   
   701   6.750000e+00  2.500000e+00   
   702   5.250000e+00  3.000000e+00   
   703   7.750000e+00  2.000000e+00   
   704   8.500000e+00  1.500000e+00   
   705   6.250000e+00  2.750000e+00   
   706   5.500000e+00  3.000000e+00   
   707   3.500000e+00  3.250000e+00   
   708   8.250000e+00  1.750000e+00   
   709   3.750000e+00  3.250000e+00   
   710   4.000000e+00  3.250000e+00   
   711   7.000000e+00  2.500000e+00   
   712   7.500000e+00  2.250000e+00   
   713   4.250000e+00  3.250000e+00   
   714   6.500000e+00  2.750000e+00   
   715   5.750000e+00  3.000000e+00   
   716   4.500000e+00  3.250000e+00   
   717   8.000000e+00  2.000000e+00   
   718   9.000000e+00  1.250000e+00   
   719   4.750000e+00  3.250000e+00   
   720   8.750000e+00  1.500000e+00   
   721   6.000000e+00  3.000000e+00   
   722   7.250000e+00  2.500000e+00   
   723   5.000000e+00  3.250000e+00   
   724   8.500000e+00  1.750000e+00   
   725   6.750000e+00  2.750000e+00   
   726   7.750000e+00  2.250000e+00   
   727   5.250000e+00  3.250000e+00   
   728   6.250000e+00  3.000000e+00   
   729   8.250000e+00  2.000000e+00   
   730   5.500000e+00  3.250000e+00   
   731   3.500000e+00  3.500000e+00   
   732   7.500000e+00  2.500000e+00   
   733   3.750000e+00  3.500000e+00   
   734   7.000000e+00  2.750000e+00   
   735   4.000000e+00  3.500000e+00   
   736   9.000000e+00  1.500000e+00   
   737   4.250000e+00  3.500000e+00   
   738   8.000000e+00  2.250000e+00   
   739   6.500000e+00  3.000000e+00   
   740   5.750000e+00  3.250000e+00   
   741   8.750000e+00  1.750000e+00   
   742   4.500000e+00  3.500000e+00   
   743   4.750000e+00  3.500000e+00   
   744   8.500000e+00  2.000000e+00   
   745   7.250000e+00  2.750000e+00   
   746   7.750000e+00  2.500000e+00   
   747   6.000000e+00  3.250000e+00   
   748   5.000000e+00  3.500000e+00   
   749   6.750000e+00  3.000000e+00   
   750   8.250000e+00  2.250000e+00   
   751   5.250000e+00  3.500000e+00   
   752   6.250000e+00  3.250000e+00   
   753   9.000000e+00  1.750000e+00   
   754   7.500000e+00  2.750000e+00   
   755   7.000000e+00  3.000000e+00   
   756   5.500000e+00  3.500000e+00   
   757   8.000000e+00  2.500000e+00   
   758   3.500000e+00  3.750000e+00   
   759   8.750000e+00  2.000000e+00   
   760   3.750000e+00  3.750000e+00   
   761   4.000000e+00  3.750000e+00   
   762   6.500000e+00  3.250000e+00   
   763   4.250000e+00  3.750000e+00   
   764   5.750000e+00  3.500000e+00   
   765   8.500000e+00  2.250000e+00   
   766   4.500000e+00  3.750000e+00   
   767   7.250000e+00  3.000000e+00   
   768   7.750000e+00  2.750000e+00   
   769   4.750000e+00  3.750000e+00   
   770   6.000000e+00  3.500000e+00   
   771   6.750000e+00  3.250000e+00   
   772   8.250000e+00  2.500000e+00   
   773   5.000000e+00  3.750000e+00   
   774   9.000000e+00  2.000000e+00   
   775   5.250000e+00  3.750000e+00   
   776   6.250000e+00  3.500000e+00   
   777   7.500000e+00  3.000000e+00   
   778   8.750000e+00  2.250000e+00   
   779   8.000000e+00  2.750000e+00   
   780   7.000000e+00  3.250000e+00   
   781   5.500000e+00  3.750000e+00   
   782   3.500000e+00  4.000000e+00   
   783   3.750000e+00  4.000000e+00   
   784   4.000000e+00  4.000000e+00   
   785   8.500000e+00  2.500000e+00   
   786   6.500000e+00  3.500000e+00   
   787   4.250000e+00  4.000000e+00   
   788   5.750000e+00  3.750000e+00   
   789   4.500000e+00  4.000000e+00   
   790   7.750000e+00  3.000000e+00   
   791   7.250000e+00  3.250000e+00   
   792   4.750000e+00  4.000000e+00   
   793   8.250000e+00  2.750000e+00   
   794   9.000000e+00  2.250000e+00   
   795   6.750000e+00  3.500000e+00   
   796   6.000000e+00  3.750000e+00   
   797   5.000000e+00  4.000000e+00   
   798   8.750000e+00  2.500000e+00   
   799   7.500000e+00  3.250000e+00   
   800   5.250000e+00  4.000000e+00   
   801   6.250000e+00  3.750000e+00   
   802   8.000000e+00  3.000000e+00   
   803   7.000000e+00  3.500000e+00   
   804   5.500000e+00  4.000000e+00   
   805   8.500000e+00  2.750000e+00   
   806   3.500000e+00  4.250000e+00   
   807   6.500000e+00  3.750000e+00   
   808   3.750000e+00  4.250000e+00   
   809   4.000000e+00  4.250000e+00   
   810   5.750000e+00  4.000000e+00   
   811   7.750000e+00  3.250000e+00   
   812   4.250000e+00  4.250000e+00   
   813   7.250000e+00  3.500000e+00   
   814   9.000000e+00  2.500000e+00   
   815   8.250000e+00  3.000000e+00   
   816   4.500000e+00  4.250000e+00   
   817   6.750000e+00  3.750000e+00   
   818   4.750000e+00  4.250000e+00   
   819   6.000000e+00  4.000000e+00   
   820   8.750000e+00  2.750000e+00   
   821   5.000000e+00  4.250000e+00   
   822   7.500000e+00  3.500000e+00   
   823   8.000000e+00  3.250000e+00   
   824   6.250000e+00  4.000000e+00   
   825   5.250000e+00  4.250000e+00   
   826   7.000000e+00  3.750000e+00   
   827   8.500000e+00  3.000000e+00   
   828   5.500000e+00  4.250000e+00   
   829   6.500000e+00  4.000000e+00   
   830   3.500000e+00  4.500000e+00   
   831   7.750000e+00  3.500000e+00   
   832   9.000000e+00  2.750000e+00   
   833   3.750000e+00  4.500000e+00   
   834   4.000000e+00  4.500000e+00   
   835   8.250000e+00  3.250000e+00   
   836   7.250000e+00  3.750000e+00   
   837   5.750000e+00  4.250000e+00   
   838   4.250000e+00  4.500000e+00   
   839   4.500000e+00  4.500000e+00   
   840   8.750000e+00  3.000000e+00   
   841   6.750000e+00  4.000000e+00   
   842   4.750000e+00  4.500000e+00   
   843   6.000000e+00  4.250000e+00   
   844   8.000000e+00  3.500000e+00   
   845   5.000000e+00  4.500000e+00   
   846   7.500000e+00  3.750000e+00   
   847   8.500000e+00  3.250000e+00   
   848   6.250000e+00  4.250000e+00   
   849   7.000000e+00  4.000000e+00   
   850   5.250000e+00  4.500000e+00   
   851   9.000000e+00  3.000000e+00   
   852   5.500000e+00  4.500000e+00   
   853   6.500000e+00  4.250000e+00   
   854   7.750000e+00  3.750000e+00   
   855   8.250000e+00  3.500000e+00   
   856   3.500000e+00  4.750000e+00   
   857   7.250000e+00  4.000000e+00   
   858   3.750000e+00  4.750000e+00   
   859   5.750000e+00  4.500000e+00   
   860   4.000000e+00  4.750000e+00   
   861   8.750000e+00  3.250000e+00   
   862   4.250000e+00  4.750000e+00   
   863   4.500000e+00  4.750000e+00   
   864   6.750000e+00  4.250000e+00   
   865   6.000000e+00  4.500000e+00   
   866   4.750000e+00  4.750000e+00   
   867   8.000000e+00  3.750000e+00   
   868   7.500000e+00  4.000000e+00   
   869   8.500000e+00  3.500000e+00   
   870   5.000000e+00  4.750000e+00   
   871   6.250000e+00  4.500000e+00   
   872   7.000000e+00  4.250000e+00   
   873   5.250000e+00  4.750000e+00   
   874   9.000000e+00  3.250000e+00   
   875   5.500000e+00  4.750000e+00   
   876   7.750000e+00  4.000000e+00   
   877   8.250000e+00  3.750000e+00   
   878   6.500000e+00  4.500000e+00   
   879   7.250000e+00  4.250000e+00   
   880   8.750000e+00  3.500000e+00   
   881   3.500000e+00  5.000000e+00   
   882   3.750000e+00  5.000000e+00   
   883   5.750000e+00  4.750000e+00   
   884   4.000000e+00  5.000000e+00   
   885   4.250000e+00  5.000000e+00   
   886   6.750000e+00  4.500000e+00   
   887   4.500000e+00  5.000000e+00   
   888   8.000000e+00  4.000000e+00   
   889   6.000000e+00  4.750000e+00   
   890   8.500000e+00  3.750000e+00   
   891   4.750000e+00  5.000000e+00   
   892   7.500000e+00  4.250000e+00   
   893   5.000000e+00  5.000000e+00   
   894   7.000000e+00  4.500000e+00   
   895   9.000000e+00  3.500000e+00   
   896   6.250000e+00  4.750000e+00   
   897   5.250000e+00  5.000000e+00   
   898   8.250000e+00  4.000000e+00   
   899   7.750000e+00  4.250000e+00   
   900   5.500000e+00  5.000000e+00   
   901   6.500000e+00  4.750000e+00   
   902   8.750000e+00  3.750000e+00   
   903   7.250000e+00  4.500000e+00   
   904   5.750000e+00  5.000000e+00   
   905   6.750000e+00  4.750000e+00   
   906   8.000000e+00  4.250000e+00   
   907   8.500000e+00  4.000000e+00   
   908   6.000000e+00  5.000000e+00   
   909   7.500000e+00  4.500000e+00   
   910   9.000000e+00  3.750000e+00   
   911   7.000000e+00  4.750000e+00   
   912   6.250000e+00  5.000000e+00   
   913   8.250000e+00  4.250000e+00   
   914   7.750000e+00  4.500000e+00   
   915   8.750000e+00  4.000000e+00   
   916   6.500000e+00  5.000000e+00   
   917   7.250000e+00  4.750000e+00   
   918   8.000000e+00  4.500000e+00   
   919   6.750000e+00  5.000000e+00   
   920   8.500000e+00  4.250000e+00   
   921   7.500000e+00  4.750000e+00   
   922   9.000000e+00  4.000000e+00   
   923   7.000000e+00  5.000000e+00   
   924   8.250000e+00  4.500000e+00   
   925   7.750000e+00  4.750000e+00   
   926   8.750000e+00  4.250000e+00   
   927   7.250000e+00  5.000000e+00   
   928   8.500000e+00  4.500000e+00   
   929   8.000000e+00  4.750000e+00   
   930   9.000000e+00  4.250000e+00   
   931   7.500000e+00  5.000000e+00   
   932   8.250000e+00  4.750000e+00   
   933   8.750000e+00  4.500000e+00   
   934   7.750000e+00  5.000000e+00   
   935   8.500000e+00  4.750000e+00   
   936   8.000000e+00  5.000000e+00   
   937   9.000000e+00  4.500000e+00   
   938   8.250000e+00  5.000000e+00   
   939   8.750000e+00  4.750000e+00   
   940   8.500000e+00  5.000000e+00   
   941   9.000000e+00  4.750000e+00   
   942   8.750000e+00  5.000000e+00   
   943   9.000000e+00  5.000000e+00   
  END_COORDINATES
  BOUNDARIES, ELEMENT
    1         1     5     2         1     
    2         6     1     3         2     
    3         5     16     10         3     
    4         16     34     23         5     
    5         34     57     44         7     
    6         57     89     72         9     
    7         89     122     105         11     
    8         122     167     144         13     
    9         167     215     191         15     
    10         215     270     242         17     
    11         270     334     301         19     
    12         334     401     364         21     
    13         401     408     406         21     
    14         17     6     11         24     
    15         408     417     413         43     
    16         35     17     24         46     
    17         417     430     424         65     
    18         58     35     45         68     
    19         430     451     441         87     
    20         90     58     73         90     
    21         451     473     461         109     
    22         123     90     106         112     
    23         473     500     485         131     
    24         168     123     145         134     
    25         500     528     514         153     
    26         216     168     192         156     
    27         528     559     543         175     
    28         271     216     243         178     
    29         559     592     575         197     
    30         335     271     302         200     
    31         592     625     609         219     
    32         402     335     365         222     
    33         625     661     642         241     
    34         465     402     436         244     
    35         661     696     678         263     
    36         524     465     497         266     
    37         696     736     718         285     
    38         578     524     552         288     
    39         736     774     753         307     
    40         631     578     604         310     
    41         774     814     794         329     
    42         682     631     655         332     
    43         814     851     832         351     
    44         731     682     707         354     
    45         851     895     874         373     
    46         782     731     758         376     
    47         895     922     910         395     
    48         830     782     806         398     
    49         922     937     930         417     
    50         884     881     882         420     
    51         881     830     856         420     
    52         887     884     885         422     
    53         893     887     891         424     
    54         900     893     897         426     
    55         908     900     904         428     
    56         916     908     912         430     
    57         923     916     919         432     
    58         931     923     927         434     
    59         936     931     934         436     
    60         940     936     938         438     
    61         937     943     941         439     
    62         943     940     942         440     
  END_BOUNDARIES
  MATERIALS, NUMBER= 1, DEFAULT=1
  END_MATERIALS
  SUBDOMAINS
  END_SUBDOMAINS
  CHARACTERISTICS
  END_CHARACTERISTICS
