  NODES_PER_ELEMENT
   1 3
   2 3
   3 3
   4 3
   5 3
   6 3
   7 3
   8 3
   9 3
   10 3
   11 3
   12 3
   13 3
   14 3
   15 3
   16 3
   17 3
   18 3
   19 3
   20 3
   21 3
   22 3
   23 3
   24 3
   25 3
   26 3
   27 3
   28 3
   29 3
   30 3
   31 3
   32 3
   33 3
   34 3
   35 3
   36 3
   37 3
   38 3
   39 3
   40 3
   41 3
   42 3
   43 3
   44 3
   45 3
   46 3
   47 3
   48 3
   49 3
   50 3
   51 3
   52 3
   53 3
   54 3
   55 3
   56 3
   57 3
   58 3
   59 3
   60 3
   61 3
   62 3
   63 3
   64 3
   65 3
   66 3
   67 3
   68 3
   69 3
   70 3
   71 3
   72 3
   73 3
   74 3
   75 3
   76 3
   77 3
   78 3
   79 3
   80 3
   81 3
   82 3
   83 3
   84 3
   85 3
   86 3
   87 3
   88 3
   89 3
   90 3
   91 3
   92 3
   93 3
   94 3
   95 3
   96 3
   97 3
   98 3
   99 3
   100 3
   101 3
   102 3
   103 3
   104 3
   105 3
   106 3
   107 3
   108 3
   109 3
   110 3
   111 3
   112 3
   113 3
   114 3
   115 3
   116 3
   117 3
   118 3
   119 3
   120 3
   121 3
   122 3
   123 3
   124 3
   125 3
   126 3
   127 3
   128 3
   129 3
   130 3
   131 3
   132 3
   133 3
   134 3
   135 3
   136 3
   137 3
   138 3
   139 3
   140 3
   141 3
   142 3
   143 3
   144 3
   145 3
   146 3
   147 3
   148 3
   149 3
   150 3
   151 3
   152 3
   153 3
   154 3
   155 3
   156 3
   157 3
   158 3
   159 3
   160 3
   161 3
   162 3
   163 3
   164 3
   165 3
   166 3
   167 3
   168 3
   169 3
   170 3
   171 3
   172 3
   173 3
   174 3
   175 3
   176 3
   177 3
   178 3
   179 3
   180 3
   181 3
   182 3
   183 3
   184 3
   185 3
   186 3
   187 3
   188 3
   189 3
   190 3
   191 3
   192 3
   193 3
   194 3
   195 3
   196 3
   197 3
   198 3
   199 3
   200 3
   201 3
   202 3
   203 3
   204 3
   205 3
   206 3
   207 3
   208 3
   209 3
   210 3
   211 3
   212 3
   213 3
   214 3
   215 3
   216 3
   217 3
   218 3
   219 3
   220 3
   221 3
   222 3
   223 3
   224 3
   225 3
   226 3
   227 3
   228 3
   229 3
   230 3
   231 3
   232 3
   233 3
   234 3
   235 3
   236 3
   237 3
   238 3
   239 3
   240 3
   241 3
   242 3
   243 3
   244 3
   245 3
   246 3
   247 3
   248 3
   249 3
   250 3
   251 3
   252 3
   253 3
   254 3
   255 3
   256 3
   257 3
   258 3
   259 3
   260 3
   261 3
   262 3
   263 3
   264 3
   265 3
   266 3
   267 3
   268 3
   269 3
  END_NODES_PER_ELEMENT
  ELEMENTS
  1 141 144 135  
  2 12 8 7  
  3 10 15 11  
  4 33 42 34  
  5 153 151 148  
  6 144 149 142  
  7 146 140 138  
  8 7 8 4  
  9 12 7 16  
  10 135 144 142  
  11 135 142 133  
  12 141 135 129  
  13 133 142 139  
  14 135 133 126  
  15 15 22 18  
  16 34 42 44  
  17 33 34 25  
  18 11 15 18  
  19 11 18 14  
  20 14 18 23  
  21 11 14 6  
  22 10 11 5  
  23 148 146 138  
  24 153 150 155  
  25 142 149 147  
  26 138 140 128  
  27 146 148 151  
  28 16 7 17  
  29 12 16 20  
  30 20 16 26  
  31 26 16 17  
  32 20 26 30  
  33 30 26 35  
  34 35 26 27  
  35 30 35 41  
  36 41 35 45  
  37 45 35 36  
  38 41 45 53  
  39 53 45 54  
  40 129 135 126  
  41 129 126 122  
  42 122 126 115  
  43 129 122 134  
  44 129 134 141  
  45 54 45 51  
  46 53 54 68  
  47 27 26 17  
  48 35 27 36  
  49 36 27 32  
  50 32 27 24  
  51 36 32 43  
  52 139 142 147  
  53 139 147 145  
  54 145 147 154  
  55 139 145 136  
  56 126 133 119  
  57 133 139 127  
  58 23 18 25  
  59 25 18 22  
  60 23 25 34  
  61 25 22 33  
  62 14 23 21  
  63 6 14 13  
  64 11 6 5  
  65 5 6 2  
  66 2 6 9  
  67 5 2 3  
  68 44 42 50  
  69 44 50 55  
  70 55 50 60  
  71 44 55 47  
  72 55 60 65  
  73 65 60 72  
  74 55 65 57  
  75 65 72 75  
  76 75 72 86  
  77 65 75 67  
  78 75 86 80  
  79 80 86 97  
  80 75 80 67  
  81 34 44 37  
  82 115 126 119  
  83 115 119 110  
  84 110 119 117  
  85 115 110 104  
  86 122 115 109  
  87 65 67 57  
  88 57 67 58  
  89 58 67 69  
  90 57 58 46  
  91 10 5 3  
  92 3 2 1  
  93 108 116 105  
  94 55 57 47  
  95 47 57 46  
  96 47 46 37  
  97 47 37 44  
  98 9 6 13  
  99 9 13 17  
  100 2 9 7  
  101 117 119 127  
  102 110 117 106  
  103 104 110 100  
  104 115 104 109  
  105 109 104 99  
  106 99 104 92  
  107 109 99 105  
  108 147 149 152  
  109 147 152 154  
  110 128 140 130  
  111 128 130 120  
  112 120 130 118  
  113 128 120 121  
  114 120 118 111  
  115 111 118 107  
  116 120 111 121  
  117 128 121 132  
  118 24 27 17  
  119 43 32 39  
  120 92 104 100  
  121 92 100 89  
  122 89 100 96  
  123 92 89 83  
  124 138 128 132  
  125 138 132 137  
  126 137 132 131  
  127 138 137 148  
  128 148 137 143  
  129 131 132 123  
  130 137 136 143  
  131 148 150 153  
  132 32 24 28  
  133 36 51 45  
  134 99 92 88  
  135 69 67 80  
  136 58 69 63  
  137 46 58 49  
  138 17 7 9  
  139 136 145 143  
  140 143 145 150  
  141 136 137 131  
  142 150 145 154  
  143 143 150 148  
  144 136 131 127  
  145 150 154 155  
  146 136 127 139  
  147 96 100 106  
  148 96 106 103  
  149 83 89 78  
  150 89 96 87  
  151 92 83 88  
  152 88 83 77  
  153 77 83 70  
  154 88 77 84  
  155 70 83 78  
  156 70 78 66  
  157 66 78 76  
  158 70 66 59  
  159 77 70 63  
  160 84 77 69  
  161 88 84 94  
  162 76 78 87  
  163 76 87 85  
  164 66 76 64  
  165 59 66 56  
  166 70 59 63  
  167 119 133 127  
  168 21 23 29  
  169 14 21 13  
  170 34 37 23  
  171 122 109 114  
  172 123 132 121  
  173 123 121 112  
  174 112 121 111  
  175 123 112 113  
  176 113 112 103  
  177 103 112 102  
  178 102 112 111  
  179 103 102 93  
  180 123 113 124  
  181 93 102 91  
  182 103 93 96  
  183 131 123 124  
  184 131 124 127  
  185 127 124 117  
  186 117 124 113  
  187 117 113 106  
  188 106 113 103  
  189 105 116 114  
  190 108 105 98  
  191 85 87 93  
  192 85 93 91  
  193 76 85 73  
  194 110 106 100  
  195 39 32 28  
  196 28 24 19  
  197 43 39 56  
  198 99 88 94  
  199 99 94 105  
  200 63 69 77  
  201 58 63 49  
  202 46 49 40  
  203 78 89 87  
  204 87 96 93  
  205 91 102 101  
  206 94 84 98  
  207 64 76 73  
  208 64 73 61  
  209 61 73 71  
  210 64 61 52  
  211 71 73 81  
  212 61 71 62  
  213 52 61 51  
  214 64 52 56  
  215 56 52 43  
  216 43 52 51  
  217 43 51 36  
  218 54 51 62  
  219 54 62 68  
  220 66 64 56  
  221 59 56 48  
  222 29 23 37  
  223 29 37 40  
  224 21 29 31  
  225 81 73 85  
  226 81 85 91  
  227 62 71 74  
  228 51 61 62  
  229 71 81 82  
  230 114 109 105  
  231 98 105 94  
  232 122 114 125  
  233 108 98 97  
  234 19 24 17  
  235 28 19 31  
  236 40 49 48  
  237 46 40 37  
  238 48 56 39  
  239 31 29 40  
  240 31 40 38  
  241 38 40 48  
  242 31 38 28  
  243 38 48 39  
  244 38 39 28  
  245 74 71 82  
  246 82 81 90  
  247 59 48 49  
  248 21 31 19  
  249 62 74 68  
  250 68 74 79  
  251 79 74 82  
  252 79 82 95  
  253 90 81 91  
  254 90 91 101  
  255 101 102 111  
  256 90 101 95  
  257 101 111 107  
  258 90 95 82  
  259 116 125 114  
  260 4 1 2  
  261 21 19 13  
  262 13 19 17  
  263 101 107 95  
  264 63 59 49  
  265 125 134 122  
  266 97 98 80  
  267 84 69 80  
  268 4 2 7  
  269 84 80 98  
  END_ELEMENTS  
  COORDINATES  
   1   5.406780e+00 -4.134105e+00   
   2   5.482718e+00 -3.651951e+00   
   3   5.915254e+00 -4.092001e+00   
   4   4.921828e+00 -3.959596e+00   
   5   6.004351e+00 -3.649488e+00   
   6   5.857564e+00 -3.292359e+00   
   7   4.894213e+00 -3.314686e+00   
   8   4.564307e+00 -3.636364e+00   
   9   5.379035e+00 -3.121424e+00   
   10   6.423729e+00 -3.868619e+00   
   11   6.340102e+00 -3.395179e+00   
   12   4.348283e+00 -3.313131e+00   
   13   5.723732e+00 -2.812315e+00   
   14   6.204917e+00 -2.941988e+00   
   15   6.762712e+00 -3.624394e+00   
   16   4.524144e+00 -2.920240e+00   
   17   5.036790e+00 -2.652766e+00   
   18   6.630070e+00 -3.149116e+00   
   19   5.621690e+00 -2.371535e+00   
   20   4.129268e+00 -2.828283e+00   
   21   6.155273e+00 -2.446116e+00   
   22   7.101695e+00 -3.294210e+00   
   23   6.607142e+00 -2.656279e+00   
   24   5.206350e+00 -2.167072e+00   
   25   6.948542e+00 -2.896147e+00   
   26   4.347498e+00 -2.408550e+00   
   27   4.714837e+00 -2.079696e+00   
   28   5.562662e+00 -1.953958e+00   
   29   6.563816e+00 -2.158573e+00   
   30   3.979964e+00 -2.343434e+00   
   31   6.110320e+00 -1.948244e+00   
   32   5.095773e+00 -1.777407e+00   
   33   7.440678e+00 -2.857346e+00   
   34   7.180994e+00 -2.460637e+00   
   35   4.239272e+00 -1.949620e+00   
   36   4.627647e+00 -1.645691e+00   
   37   6.960625e+00 -2.013576e+00   
   38   5.859255e+00 -1.529246e+00   
   39   5.458253e+00 -1.434240e+00   
   40   6.346561e+00 -1.562807e+00   
   41   3.874526e+00 -1.858586e+00   
   42   7.653055e+00 -2.505051e+00   
   43   4.978992e+00 -1.294722e+00   
   44   7.457586e+00 -2.051735e+00   
   45   4.228389e+00 -1.437201e+00   
   46   6.822476e+00 -1.410131e+00   
   47   7.234437e+00 -1.665829e+00   
   48   5.939794e+00 -1.077251e+00   
   49   6.452957e+00 -1.074457e+00   
   50   7.883907e+00 -2.020202e+00   
   51   4.621645e+00 -9.610175e-01   
   52   5.104257e+00 -8.318378e-01   
   53   3.782677e+00 -1.212121e+00   
   54   4.224567e+00 -9.961701e-01   
   55   7.638806e+00 -1.604135e+00   
   56   5.586061e+00 -7.240630e-01   
   57   7.292693e+00 -1.249570e+00   
   58   6.929236e+00 -9.248612e-01   
   59   6.068358e+00 -5.941976e-01   
   60   8.055274e+00 -1.535354e+00   
   61   4.752410e+00 -4.788321e-01   
   62   4.265604e+00 -5.911794e-01   
   63   6.584655e+00 -5.636339e-01   
   64   5.228684e+00 -3.492121e-01   
   65   7.776481e+00 -1.142519e+00   
   66   5.716500e+00 -2.419204e-01   
   67   7.440757e+00 -7.738369e-01   
   68   3.733300e+00 -5.656566e-01   
   69   7.070409e+00 -4.484640e-01   
   70   6.190422e+00 -1.114929e-01   
   71   4.413030e+00 -1.138243e-01   
   72   8.175171e+00 -1.050505e+00   
   73   4.900035e+00 -7.827711e-03   
   74   3.925586e+00 -2.247253e-01   
   75   7.878450e+00 -6.745903e-01   
   76   5.381408e+00  1.263414e-01   
   77   6.676612e+00 -5.867745e-03   
   78   5.869386e+00  2.252404e-01   
   79   3.720279e+00  8.080808e-02   
   80   7.697269e+00 -2.030169e-01   
   81   4.564443e+00  3.622811e-01   
   82   4.076089e+00  2.554609e-01   
   83   6.350226e+00  3.596763e-01   
   84   7.156220e+00  1.264715e-01   
   85   5.025464e+00  4.758962e-01   
   86   8.263734e+00 -4.040404e-01   
   87   5.507183e+00  6.056318e-01   
   88   6.795814e+00  4.694654e-01   
   89   5.995803e+00  7.082503e-01   
   90   4.227739e+00  7.318824e-01   
   91   4.639834e+00  8.802996e-01   
   92   6.465089e+00  8.433350e-01   
   93   5.133178e+00  9.574886e-01   
   94   7.274532e+00  6.116382e-01   
   95   3.742084e+00  7.272727e-01   
   96   5.664999e+00  1.079313e+00   
   97   8.273813e+00  2.424242e-01   
   98   7.833877e+00  5.534389e-01   
   99   6.951452e+00  9.437377e-01   
   100   6.153701e+00  1.170360e+00   
   101   4.287061e+00  1.213487e+00   
   102   4.801058e+00  1.327626e+00   
   103   5.304793e+00  1.424325e+00   
   104   6.632508e+00  1.310883e+00   
   105   7.568772e+00  1.043167e+00   
   106   5.784854e+00  1.559686e+00   
   107   3.801297e+00  1.373737e+00   
   108   8.204270e+00  8.888889e-01   
   109   7.062356e+00  1.417258e+00   
   110   6.274775e+00  1.654451e+00   
   111   4.411757e+00  1.701772e+00   
   112   5.029726e+00  1.788386e+00   
   113   5.516778e+00  1.876642e+00   
   114   7.552683e+00  1.513466e+00   
   115   6.737497e+00  1.795639e+00   
   116   8.102234e+00  1.373737e+00   
   117   5.951020e+00  2.030209e+00   
   118   3.881356e+00  1.894751e+00   
   119   6.440737e+00  2.108876e+00   
   120   4.287149e+00  2.102616e+00   
   121   4.712772e+00  2.177301e+00   
   122   7.324029e+00  1.935260e+00   
   123   5.183560e+00  2.242668e+00   
   124   5.626615e+00  2.272740e+00   
   125   7.949153e+00  1.860336e+00   
   126   6.916544e+00  2.256906e+00   
   127   6.004022e+00  2.511043e+00   
   128   4.438986e+00  2.558992e+00   
   129   7.312282e+00  2.359781e+00   
   130   4.023749e+00  2.505051e+00   
   131   5.420052e+00  2.681720e+00   
   132   4.925453e+00  2.669372e+00   
   133   6.556201e+00  2.593616e+00   
   134   7.737690e+00  2.343434e+00   
   135   7.004313e+00  2.742207e+00   
   136   5.739909e+00  2.989003e+00   
   137   5.231477e+00  3.011564e+00   
   138   4.678345e+00  2.994078e+00   
   139   6.261402e+00  2.988982e+00   
   140   4.192183e+00  2.989899e+00   
   141   7.459252e+00  2.828283e+00   
   142   6.753432e+00  3.022549e+00   
   143   5.573606e+00  3.338009e+00   
   144   7.220752e+00  3.151515e+00   
   145   5.948897e+00  3.402699e+00   
   146   4.389831e+00  3.385396e+00   
   147   6.436902e+00  3.404731e+00   
   148   5.019279e+00  3.485048e+00   
   149   6.928178e+00  3.474747e+00   
   150   5.564603e+00  3.746914e+00   
   151   4.714291e+00  3.797980e+00   
   152   6.529948e+00  3.797980e+00   
   153   5.067797e+00  4.039001e+00   
   154   6.084746e+00  4.036399e+00   
   155   5.576271e+00  4.142097e+00   
  END_COORDINATES
  BOUNDARIES, ELEMENT
    1         141     144         1     
    2         12     8         2     
    3         10     15         3     
    4         33     42         4     
    5         153     151         5     
    6         144     149         6     
    7         146     140         7     
    8         8     4         8     
    9         15     22         15     
    10         155     153         24     
    11         151     146         27     
    12         20     12         29     
    13         30     20         32     
    14         41     30         35     
    15         53     41         38     
    16         134     141         44     
    17         68     53         46     
    18         22     33         61     
    19         42     50         68     
    20         50     60         70     
    21         60     72         73     
    22         72     86         76     
    23         86     97         79     
    24         3     10         91     
    25         1     3         92     
    26         108     116         93     
    27         149     152         108     
    28         152     154         109     
    29         140     130         110     
    30         130     118         112     
    31         118     107         115     
    32         154     155         145     
    33         97     108         233     
    34         79     68         250     
    35         95     79         252     
    36         116     125         259     
    37         4     1         260     
    38         107     95         263     
    39         125     134         265     
  END_BOUNDARIES
  MATERIALS, NUMBER= 1, DEFAULT=1
  END_MATERIALS
  SUBDOMAINS
  END_SUBDOMAINS
  CHARACTERISTICS
  END_CHARACTERISTICS
