  NODES_PER_ELEMENT
   1 3
   2 3
   3 3
   4 3
   5 3
   6 3
   7 3
   8 3
   9 3
   10 3
   11 3
   12 3
   13 3
   14 3
   15 3
   16 3
   17 3
   18 3
   19 3
   20 3
   21 3
   22 3
   23 3
   24 3
   25 3
   26 3
   27 3
   28 3
   29 3
   30 3
   31 3
   32 3
   33 3
   34 3
   35 3
   36 3
   37 3
   38 3
   39 3
   40 3
   41 3
   42 3
   43 3
   44 3
   45 3
   46 3
   47 3
   48 3
   49 3
   50 3
   51 3
   52 3
   53 3
   54 3
   55 3
   56 3
   57 3
   58 3
   59 3
   60 3
   61 3
   62 3
   63 3
   64 3
   65 3
   66 3
   67 3
   68 3
   69 3
   70 3
   71 3
   72 3
   73 3
   74 3
   75 3
   76 3
   77 3
   78 3
   79 3
   80 3
   81 3
   82 3
   83 3
   84 3
   85 3
   86 3
   87 3
   88 3
   89 3
   90 3
   91 3
   92 3
   93 3
   94 3
   95 3
   96 3
   97 3
   98 3
   99 3
   100 3
   101 3
   102 3
   103 3
   104 3
   105 3
   106 3
   107 3
   108 3
   109 3
   110 3
   111 3
   112 3
   113 3
   114 3
   115 3
   116 3
   117 3
   118 3
   119 3
   120 3
   121 3
   122 3
   123 3
   124 3
   125 3
   126 3
   127 3
   128 3
   129 3
   130 3
   131 3
   132 3
   133 3
   134 3
   135 3
   136 3
   137 3
   138 3
   139 3
   140 3
   141 3
   142 3
   143 3
   144 3
   145 3
   146 3
   147 3
   148 3
   149 3
   150 3
   151 3
   152 3
   153 3
   154 3
   155 3
   156 3
   157 3
   158 3
   159 3
   160 3
   161 3
   162 3
   163 3
   164 3
   165 3
   166 3
   167 3
   168 3
   169 3
   170 3
   171 3
   172 3
   173 3
   174 3
   175 3
   176 3
   177 3
   178 3
   179 3
   180 3
   181 3
   182 3
   183 3
   184 3
   185 3
   186 3
   187 3
   188 3
   189 3
   190 3
   191 3
   192 3
   193 3
   194 3
   195 3
   196 3
   197 3
   198 3
   199 3
   200 3
   201 3
   202 3
   203 3
   204 3
   205 3
   206 3
   207 3
   208 3
   209 3
   210 3
   211 3
   212 3
   213 3
   214 3
   215 3
   216 3
   217 3
   218 3
   219 3
   220 3
   221 3
   222 3
   223 3
   224 3
   225 3
   226 3
   227 3
   228 3
   229 3
   230 3
   231 3
   232 3
   233 3
   234 3
   235 3
   236 3
   237 3
   238 3
   239 3
   240 3
   241 3
   242 3
   243 3
   244 3
   245 3
   246 3
   247 3
   248 3
   249 3
   250 3
   251 3
   252 3
   253 3
   254 3
   255 3
   256 3
   257 3
   258 3
   259 3
   260 3
   261 3
   262 3
   263 3
   264 3
   265 3
   266 3
   267 3
   268 3
   269 3
   270 3
   271 3
   272 3
   273 3
   274 3
   275 3
   276 3
   277 3
   278 3
   279 3
   280 3
   281 3
   282 3
   283 3
   284 3
   285 3
   286 3
   287 3
   288 3
   289 3
   290 3
   291 3
   292 3
   293 3
   294 3
   295 3
   296 3
   297 3
   298 3
   299 3
   300 3
   301 3
   302 3
   303 3
   304 3
   305 3
   306 3
   307 3
   308 3
   309 3
   310 3
   311 3
   312 3
   313 3
   314 3
   315 3
   316 3
   317 3
   318 3
   319 3
   320 3
   321 3
   322 3
   323 3
   324 3
   325 3
   326 3
   327 3
   328 3
   329 3
   330 3
   331 3
   332 3
   333 3
   334 3
   335 3
   336 3
   337 3
   338 3
   339 3
   340 3
   341 3
   342 3
   343 3
   344 3
   345 3
   346 3
   347 3
   348 3
   349 3
   350 3
   351 3
   352 3
   353 3
   354 3
   355 3
   356 3
   357 3
   358 3
   359 3
   360 3
   361 3
   362 3
   363 3
   364 3
   365 3
   366 3
   367 3
   368 3
   369 3
   370 3
   371 3
   372 3
   373 3
   374 3
   375 3
   376 3
   377 3
   378 3
   379 3
   380 3
   381 3
   382 3
   383 3
   384 3
   385 3
   386 3
   387 3
   388 3
   389 3
   390 3
   391 3
   392 3
  END_NODES_PER_ELEMENT
  ELEMENTS
  1 208 209 194  
  2 223 224 220  
  3 17 10 14  
  4 220 224 222  
  5 223 220 217  
  6 14 10 8  
  7 217 220 210  
  8 223 217 221  
  9 8 10 5  
  10 210 220 215  
  11 221 217 213  
  12 215 220 222  
  13 213 217 203  
  14 221 213 219  
  15 203 217 210  
  16 213 203 201  
  17 219 213 207  
  18 201 203 192  
  19 213 201 207  
  20 192 203 198  
  21 207 201 195  
  22 198 203 210  
  23 192 198 184  
  24 195 201 188  
  25 207 195 205  
  26 184 198 191  
  27 192 184 180  
  28 188 201 192  
  29 205 195 193  
  30 191 198 204  
  31 180 184 173  
  32 193 195 183  
  33 205 193 202  
  34 204 198 210  
  35 183 195 188  
  36 205 202 214  
  37 183 188 174  
  38 214 202 212  
  39 174 188 180  
  40 183 174 172  
  41 212 202 200  
  42 174 180 168  
  43 172 174 162  
  44 200 202 190  
  45 168 180 173  
  46 162 174 168  
  47 190 202 193  
  48 162 168 153  
  49 190 193 181  
  50 153 168 160  
  51 181 193 183  
  52 190 181 179  
  53 160 168 173  
  54 181 183 172  
  55 179 181 169  
  56 181 172 169  
  57 179 169 166  
  58 169 172 159  
  59 166 169 155  
  60 179 166 176  
  61 159 172 162  
  62 155 169 159  
  63 176 166 163  
  64 159 162 150  
  65 155 159 147  
  66 163 166 154  
  67 150 162 153  
  68 147 159 150  
  69 154 166 155  
  70 150 153 140  
  71 147 150 136  
  72 154 155 144  
  73 140 153 146  
  74 136 150 140  
  75 144 155 147  
  76 146 153 160  
  77 136 140 127  
  78 144 147 134  
  79 146 160 151  
  80 127 140 133  
  81 134 147 136  
  82 151 160 164  
  83 133 140 146  
  84 134 136 123  
  85 164 160 173  
  86 133 146 137  
  87 123 136 127  
  88 164 173 177  
  89 137 146 151  
  90 123 127 113  
  91 177 173 184  
  92 137 151 145  
  93 113 127 119  
  94 177 184 191  
  95 145 151 158  
  96 119 127 133  
  97 158 151 164  
  98 145 158 152  
  99 158 164 171  
  100 152 158 165  
  101 145 152 139  
  102 171 164 177  
  103 165 158 171  
  104 139 152 148  
  105 171 177 185  
  106 148 152 161  
  107 139 148 135  
  108 185 177 191  
  109 161 152 165  
  110 135 148 142  
  111 139 135 125  
  112 161 165 175  
  113 142 148 157  
  114 125 135 120  
  115 139 125 132  
  116 120 135 130  
  117 125 120 111  
  118 132 125 117  
  119 139 132 145  
  120 130 135 142  
  121 111 120 106  
  122 117 125 111  
  123 145 132 137  
  124 130 142 149  
  125 106 120 116  
  126 117 111 102  
  127 137 132 124  
  128 116 120 130  
  129 102 111 92  
  130 117 102 109  
  131 124 132 117  
  132 92 111 106  
  133 102 92 84  
  134 109 102 91  
  135 124 117 109  
  136 92 106 88  
  137 84 92 75  
  138 91 102 84  
  139 124 109 119  
  140 88 106 101  
  141 75 92 88  
  142 119 109 104  
  143 124 119 133  
  144 101 106 116  
  145 75 88 72  
  146 104 109 91  
  147 124 133 137  
  148 72 88 83  
  149 75 72 60  
  150 83 88 101  
  151 60 72 57  
  152 75 60 68  
  153 83 101 96  
  154 57 72 69  
  155 68 60 52  
  156 96 101 112  
  157 83 96 82  
  158 69 72 83  
  159 52 60 47  
  160 112 101 116  
  161 82 96 95  
  162 47 60 57  
  163 52 47 40  
  164 112 116 126  
  165 95 96 110  
  166 40 47 36  
  167 52 40 46  
  168 126 116 130  
  169 110 96 112  
  170 36 47 44  
  171 46 40 34  
  172 110 112 129  
  173 44 47 57  
  174 34 40 29  
  175 46 34 41  
  176 44 57 54  
  177 29 40 36  
  178 41 34 30  
  179 46 41 55  
  180 54 57 69  
  181 29 36 26  
  182 30 34 24  
  183 55 41 51  
  184 26 36 32  
  185 24 34 29  
  186 55 51 65  
  187 32 36 44  
  188 65 51 62  
  189 55 65 71  
  190 32 44 42  
  191 62 51 50  
  192 71 65 79  
  193 42 44 54  
  194 79 65 76  
  195 71 79 86  
  196 42 54 53  
  197 76 65 62  
  198 86 79 97  
  199 53 54 66  
  200 76 62 80  
  201 97 79 90  
  202 66 54 69  
  203 90 79 76  
  204 97 90 108  
  205 90 76 89  
  206 108 90 105  
  207 89 76 80  
  208 90 89 105  
  209 105 89 99  
  210 29 26 20  
  211 20 26 18  
  212 29 20 24  
  213 18 26 23  
  214 24 20 15  
  215 23 26 32  
  216 18 23 16  
  217 15 20 13  
  218 23 32 31  
  219 16 23 22  
  220 13 20 18  
  221 31 32 42  
  222 22 23 31  
  223 31 42 43  
  224 43 42 53  
  225 31 43 33  
  226 33 43 45  
  227 31 33 22  
  228 45 43 56  
  229 22 33 28  
  230 56 43 53  
  231 28 33 37  
  232 22 28 14  
  233 37 33 45  
  234 28 37 35  
  235 37 45 49  
  236 49 45 58  
  237 37 49 48  
  238 58 45 56  
  239 58 56 70  
  240 70 56 67  
  241 58 70 73  
  242 67 56 53  
  243 73 70 85  
  244 58 73 63  
  245 85 70 87  
  246 73 85 100  
  247 63 73 78  
  248 87 70 67  
  249 78 73 100  
  250 63 78 77  
  251 51 41 39  
  252 39 41 30  
  253 51 39 50  
  254 39 30 27  
  255 13 18 12  
  256 12 18 16  
  257 13 12 7  
  258 12 16 14  
  259 7 12 8  
  260 13 7 9  
  261 9 7 6  
  262 13 9 15  
  263 15 11 19  
  264 165 171 178  
  265 178 171 185  
  266 165 178 175  
  267 178 185 197  
  268 83 82 69  
  269 69 82 66  
  270 66 82 81  
  271 81 82 95  
  272 66 81 67  
  273 67 81 87  
  274 66 67 53  
  275 87 81 98  
  276 98 81 95  
  277 87 98 107  
  278 98 95 115  
  279 214 216 205  
  280 205 216 207  
  281 207 216 219  
  282 176 163 170  
  283 71 86 74  
  284 74 86 91  
  285 71 74 59  
  286 91 86 104  
  287 74 91 84  
  288 59 74 68  
  289 71 59 55  
  290 74 84 68  
  291 59 68 52  
  292 55 59 46  
  293 68 84 75  
  294 46 59 52  
  295 104 86 97  
  296 104 97 113  
  297 113 97 108  
  298 104 113 119  
  299 113 108 123  
  300 123 108 121  
  301 121 108 105  
  302 123 121 134  
  303 121 105 118  
  304 134 121 131  
  305 118 105 99  
  306 121 118 131  
  307 134 131 144  
  308 131 118 128  
  309 144 131 141  
  310 141 131 128  
  311 144 141 154  
  312 154 141 156  
  313 17 14 28  
  314 61 48 49  
  315 85 87 103  
  316 192 180 188  
  317 211 212 200  
  318 211 200 199  
  319 199 200 189  
  320 211 199 209  
  321 189 200 190  
  322 199 189 187  
  323 209 199 194  
  324 189 190 179  
  325 187 189 176  
  326 199 187 194  
  327 189 179 176  
  328 187 176 182  
  329 5 2 4  
  330 4 2 3  
  331 5 4 8  
  332 8 4 7  
  333 24 15 21  
  334 21 15 19  
  335 24 21 30  
  336 30 21 27  
  337 93 77 78  
  338 16 22 14  
  339 95 110 115  
  340 35 25 28  
  341 204 210 215  
  342 204 218 206  
  343 224 225 222  
  344 163 154 156  
  345 49 58 63  
  346 49 63 61  
  347 112 126 129  
  348 14 8 12  
  349 48 35 37  
  350 191 204 196  
  351 196 204 206  
  352 191 196 185  
  353 185 196 197  
  354 126 130 149  
  355 77 61 63  
  356 2 1 3  
  357 25 17 28  
  358 148 161 157  
  359 7 4 3  
  360 100 94 78  
  361 78 94 93  
  362 156 170 163  
  363 157 149 142  
  364 38 50 39  
  365 38 39 27  
  366 197 186 178  
  367 178 186 175  
  368 122 115 110  
  369 122 110 129  
  370 6 11 9  
  371 99 114 118  
  372 218 204 215  
  373 182 194 187  
  374 138 129 126  
  375 64 80 62  
  376 175 167 161  
  377 107 103 87  
  378 19 27 21  
  379 128 143 141  
  380 141 143 156  
  381 222 218 215  
  382 170 182 176  
  383 149 138 126  
  384 50 64 62  
  385 115 107 98  
  386 11 15 9  
  387 114 128 118  
  388 206 197 196  
  389 3 6 7  
  390 80 99 89  
  391 167 157 161  
  392 103 100 85  
  END_ELEMENTS  
  COORDINATES  
   1   3.000000e+00  5.500000e+00   
   2   3.600000e+00  5.500000e+00   
   3   3.000000e+00  4.888889e+00   
   4   3.900000e+00  4.980385e+00   
   5   4.200000e+00  5.500000e+00   
   6   3.000000e+00  4.277778e+00   
   7   3.900000e+00  4.372690e+00   
   8   4.500000e+00  4.980385e+00   
   9   3.600000e+00  3.853074e+00   
   10   4.800000e+00  5.500000e+00   
   11   3.000000e+00  3.666667e+00   
   12   4.500000e+00  4.372690e+00   
   13   4.200000e+00  3.853074e+00   
   14   5.100000e+00  4.980385e+00   
   15   3.728571e+00  3.341360e+00   
   16   5.100000e+00  4.372690e+00   
   17   5.400000e+00  5.500000e+00   
   18   4.800000e+00  3.853074e+00   
   19   3.000000e+00  3.055556e+00   
   20   4.500000e+00  3.333459e+00   
   21   3.555714e+00  2.794894e+00   
   22   5.650000e+00  4.387370e+00   
   23   5.400000e+00  3.853074e+00   
   24   4.200000e+00  2.813844e+00   
   25   6.000000e+00  5.500000e+00   
   26   5.100000e+00  3.333459e+00   
   27   3.000000e+00  2.444444e+00   
   28   6.000000e+00  4.892305e+00   
   29   4.800000e+00  2.813844e+00   
   30   3.850000e+00  2.319265e+00   
   31   6.000000e+00  3.853074e+00   
   32   5.700000e+00  3.333459e+00   
   33   6.300000e+00  4.372690e+00   
   34   4.500000e+00  2.294229e+00   
   35   6.600000e+00  5.500000e+00   
   36   5.400000e+00  2.813844e+00   
   37   6.600000e+00  4.892305e+00   
   38   3.000000e+00  1.833333e+00   
   39   3.600000e+00  1.774613e+00   
   40   5.100000e+00  2.294229e+00   
   41   4.200000e+00  1.774613e+00   
   42   6.300000e+00  3.333459e+00   
   43   6.600000e+00  3.853074e+00   
   44   6.000000e+00  2.813844e+00   
   45   6.900000e+00  4.372690e+00   
   46   4.800000e+00  1.774613e+00   
   47   5.700000e+00  2.294229e+00   
   48   7.200000e+00  5.500000e+00   
   49   7.200000e+00  4.892305e+00   
   50   3.000000e+00  1.222222e+00   
   51   3.900000e+00  1.254998e+00   
   52   5.400000e+00  1.774613e+00   
   53   6.900000e+00  3.333459e+00   
   54   6.600000e+00  2.813844e+00   
   55   4.500000e+00  1.254998e+00   
   56   7.200000e+00  3.853074e+00   
   57   6.300000e+00  2.294229e+00   
   58   7.500000e+00  4.372690e+00   
   59   5.100000e+00  1.254998e+00   
   60   6.000000e+00  1.774613e+00   
   61   7.800000e+00  5.500000e+00   
   62   3.600000e+00  7.353829e-01   
   63   7.800000e+00  4.892305e+00   
   64   3.000000e+00  6.111111e-01   
   65   4.200000e+00  7.353829e-01   
   66   7.200000e+00  2.813844e+00   
   67   7.500000e+00  3.333459e+00   
   68   5.700000e+00  1.254998e+00   
   69   6.900000e+00  2.294229e+00   
   70   7.800000e+00  3.853074e+00   
   71   4.800000e+00  7.353829e-01   
   72   6.600000e+00  1.774613e+00   
   73   8.150000e+00  4.356871e+00   
   74   5.400000e+00  7.353829e-01   
   75   6.300000e+00  1.254998e+00   
   76   3.850000e+00  1.798064e-01   
   77   8.400000e+00  5.500000e+00   
   78   8.400000e+00  4.892305e+00   
   79   4.500000e+00  2.157677e-01   
   80   3.000000e+00  0.000000e+00   
   81   7.800000e+00  2.813844e+00   
   82   7.500000e+00  2.294229e+00   
   83   7.200000e+00  1.774613e+00   
   84   6.000000e+00  7.353829e-01   
   85   8.400000e+00  3.853074e+00   
   86   5.100000e+00  2.157677e-01   
   87   8.271429e+00  3.341360e+00   
   88   6.900000e+00  1.254998e+00   
   89   3.600000e+00 -3.038476e-01   
   90   4.200000e+00 -3.038476e-01   
   91   5.700000e+00  2.157677e-01   
   92   6.600000e+00  7.353829e-01   
   93   9.000000e+00  5.500000e+00   
   94   9.000000e+00  4.888889e+00   
   95   8.150000e+00  2.319265e+00   
   96   7.800000e+00  1.774613e+00   
   97   4.800000e+00 -3.038476e-01   
   98   8.444286e+00  2.794894e+00   
   99   3.000000e+00 -6.111111e-01   
   100   9.000000e+00  4.277778e+00   
   101   7.500000e+00  1.254998e+00   
   102   6.300000e+00  2.157677e-01   
   103   9.000000e+00  3.666667e+00   
   104   5.400000e+00 -3.038476e-01   
   105   3.850000e+00 -7.880709e-01   
   106   7.200000e+00  7.353829e-01   
   107   9.000000e+00  3.055556e+00   
   108   4.500000e+00 -8.234628e-01   
   109   6.000000e+00 -3.038476e-01   
   110   8.400000e+00  1.774613e+00   
   111   6.900000e+00  2.157677e-01   
   112   8.100000e+00  1.254998e+00   
   113   5.100000e+00 -8.234628e-01   
   114   3.000000e+00 -1.222222e+00   
   115   9.000000e+00  2.444444e+00   
   116   7.800000e+00  7.353829e-01   
   117   6.600000e+00 -3.038476e-01   
   118   3.600000e+00 -1.343078e+00   
   119   5.700000e+00 -8.234628e-01   
   120   7.500000e+00  2.157677e-01   
   121   4.200000e+00 -1.343078e+00   
   122   9.000000e+00  1.833333e+00   
   123   4.800000e+00 -1.343078e+00   
   124   6.300000e+00 -8.234628e-01   
   125   7.200000e+00 -3.038476e-01   
   126   8.400000e+00  7.353829e-01   
   127   5.400000e+00 -1.343078e+00   
   128   3.000000e+00 -1.833333e+00   
   129   9.000000e+00  1.222222e+00   
   130   8.150000e+00  1.798064e-01   
   131   3.900000e+00 -1.862693e+00   
   132   6.900000e+00 -8.234628e-01   
   133   6.000000e+00 -1.343078e+00   
   134   4.500000e+00 -1.862693e+00   
   135   7.800000e+00 -3.038476e-01   
   136   5.100000e+00 -1.862693e+00   
   137   6.600000e+00 -1.343078e+00   
   138   9.000000e+00  6.111111e-01   
   139   7.500000e+00 -8.234628e-01   
   140   5.700000e+00 -1.862693e+00   
   141   3.600000e+00 -2.382309e+00   
   142   8.400000e+00 -3.038476e-01   
   143   3.000000e+00 -2.444444e+00   
   144   4.200000e+00 -2.382309e+00   
   145   7.200000e+00 -1.343078e+00   
   146   6.300000e+00 -1.862693e+00   
   147   4.800000e+00 -2.382309e+00   
   148   8.150000e+00 -7.880709e-01   
   149   9.000000e+00  0.000000e+00   
   150   5.400000e+00 -2.382309e+00   
   151   6.900000e+00 -1.862693e+00   
   152   7.800000e+00 -1.343078e+00   
   153   6.000000e+00 -2.382309e+00   
   154   3.850000e+00 -2.927529e+00   
   155   4.500000e+00 -2.901924e+00   
   156   3.000000e+00 -3.055556e+00   
   157   9.000000e+00 -6.111111e-01   
   158   7.500000e+00 -1.862693e+00   
   159   5.100000e+00 -2.901924e+00   
   160   6.600000e+00 -2.382309e+00   
   161   8.400000e+00 -1.343078e+00   
   162   5.700000e+00 -2.901924e+00   
   163   3.555714e+00 -3.404264e+00   
   164   7.200000e+00 -2.382309e+00   
   165   8.100000e+00 -1.862693e+00   
   166   4.200000e+00 -3.421539e+00   
   167   9.000000e+00 -1.222222e+00   
   168   6.300000e+00 -2.901924e+00   
   169   4.800000e+00 -3.421539e+00   
   170   3.000000e+00 -3.666667e+00   
   171   7.800000e+00 -2.382309e+00   
   172   5.400000e+00 -3.421539e+00   
   173   6.900000e+00 -2.901924e+00   
   174   6.000000e+00 -3.421539e+00   
   175   9.000000e+00 -1.833333e+00   
   176   3.728571e+00 -3.950031e+00   
   177   7.500000e+00 -2.901924e+00   
   178   8.400000e+00 -2.382309e+00   
   179   4.500000e+00 -3.941154e+00   
   180   6.600000e+00 -3.421539e+00   
   181   5.100000e+00 -3.941154e+00   
   182   3.000000e+00 -4.277778e+00   
   183   5.700000e+00 -3.941154e+00   
   184   7.200000e+00 -3.421539e+00   
   185   8.150000e+00 -2.927529e+00   
   186   9.000000e+00 -2.444444e+00   
   187   3.600000e+00 -4.460770e+00   
   188   6.300000e+00 -3.941154e+00   
   189   4.200000e+00 -4.460770e+00   
   190   4.800000e+00 -4.460770e+00   
   191   7.800000e+00 -3.421539e+00   
   192   6.900000e+00 -3.941154e+00   
   193   5.400000e+00 -4.460770e+00   
   194   3.000000e+00 -4.888889e+00   
   195   6.000000e+00 -4.460770e+00   
   196   8.444286e+00 -3.404264e+00   
   197   9.000000e+00 -3.055556e+00   
   198   7.500000e+00 -3.941154e+00   
   199   3.850000e+00 -4.965135e+00   
   200   4.500000e+00 -4.980385e+00   
   201   6.600000e+00 -4.460770e+00   
   202   5.100000e+00 -4.980385e+00   
   203   7.200000e+00 -4.460770e+00   
   204   8.271429e+00 -3.950031e+00   
   205   5.700000e+00 -4.980385e+00   
   206   9.000000e+00 -3.666667e+00   
   207   6.300000e+00 -4.980385e+00   
   208   3.000000e+00 -5.500000e+00   
   209   3.600000e+00 -5.500000e+00   
   210   7.800000e+00 -4.460770e+00   
   211   4.200000e+00 -5.500000e+00   
   212   4.800000e+00 -5.500000e+00   
   213   6.900000e+00 -4.980385e+00   
   214   5.400000e+00 -5.500000e+00   
   215   8.400000e+00 -4.460770e+00   
   216   6.000000e+00 -5.500000e+00   
   217   7.500000e+00 -4.980385e+00   
   218   9.000000e+00 -4.277778e+00   
   219   6.600000e+00 -5.500000e+00   
   220   8.150000e+00 -4.965135e+00   
   221   7.200000e+00 -5.500000e+00   
   222   9.000000e+00 -4.888889e+00   
   223   7.800000e+00 -5.500000e+00   
   224   8.400000e+00 -5.500000e+00   
   225   9.000000e+00 -5.500000e+00   
  END_COORDINATES
  BOUNDARIES, ELEMENT
    1         208     209         1     
    2         194     208         1     
    3         223     224         2     
    4         17     10         3     
    5         221     223         8     
    6         10     5         9     
    7         219     221         14     
    8         212     214         38     
    9         11     19         263     
    10         214     216         279     
    11         216     219         281     
    12         61     48         314     
    13         211     212         317     
    14         209     211         320     
    15         5     2         329     
    16         93     77         337     
    17         35     25         340     
    18         218     206         342     
    19         224     225         343     
    20         225     222         343     
    21         48     35         349     
    22         77     61         355     
    23         2     1         356     
    24         1     3         356     
    25         25     17         357     
    26         100     94         360     
    27         94     93         361     
    28         156     170         362     
    29         157     149         363     
    30         38     50         364     
    31         27     38         365     
    32         197     186         366     
    33         186     175         367     
    34         122     115         368     
    35         129     122         369     
    36         6     11         370     
    37         99     114         371     
    38         182     194         373     
    39         138     129         374     
    40         64     80         375     
    41         175     167         376     
    42         107     103         377     
    43         19     27         378     
    44         128     143         379     
    45         143     156         380     
    46         222     218         381     
    47         170     182         382     
    48         149     138         383     
    49         50     64         384     
    50         115     107         385     
    51         114     128         387     
    52         206     197         388     
    53         3     6         389     
    54         80     99         390     
    55         167     157         391     
    56         103     100         392     
  END_BOUNDARIES
  MATERIALS, NUMBER= 1, DEFAULT=1
  END_MATERIALS
  SUBDOMAINS
  END_SUBDOMAINS
  CHARACTERISTICS
  END_CHARACTERISTICS
