  NODES_PER_ELEMENT
   1 4
   2 4
   3 4
   4 4
   5 4
   6 4
   7 4
   8 4
   9 4
   10 4
   11 4
   12 4
   13 4
   14 4
   15 4
   16 4
   17 4
   18 4
   19 4
   20 4
   21 4
   22 4
   23 4
   24 4
   25 4
   26 4
   27 4
   28 4
   29 4
   30 4
   31 4
   32 4
   33 4
   34 4
   35 4
   36 4
   37 4
   38 4
   39 4
   40 4
   41 4
   42 4
   43 4
   44 4
   45 4
   46 4
   47 4
   48 4
   49 4
   50 4
   51 4
   52 4
   53 4
   54 4
   55 4
   56 4
   57 4
   58 4
   59 4
   60 4
   61 4
   62 4
   63 4
   64 4
   65 4
   66 4
   67 4
   68 4
   69 4
   70 4
   71 4
   72 4
   73 4
   74 4
   75 4
   76 4
   77 4
   78 4
   79 4
   80 4
   81 4
   82 4
   83 4
  END_NODES_PER_ELEMENT
  ELEMENTS
  1 92 97 93 90  
  2 88 92 90 84  
  3 97 99 95 93  
  4 78 88 84 76  
  5 71 78 76 66  
  6 63 71 66 59  
  7 56 63 59 52  
  8 48 56 52 44  
  9 41 48 44 36  
  10 32 41 36 29  
  11 25 32 29 22  
  12 17 25 22 15  
  13 12 17 15 9  
  14 4 12 9 6  
  15 1 4 6 2  
  16 3 1 2 5  
  17 13 3 5 11  
  18 20 13 11 19  
  19 27 20 19 26  
  20 34 27 26 31  
  21 40 34 31 38  
  22 46 40 38 45  
  23 53 46 45 51  
  24 60 53 51 58  
  25 68 60 58 62  
  26 74 68 62 69  
  27 79 74 69 75  
  28 89 79 75 81  
  29 96 89 81 85  
  30 98 96 85 91  
  31 100 98 91 94  
  32 99 100 94 95  
  33 90 93 95 87  
  34 84 90 87 80  
  35 95 94 86 87  
  36 94 91 83 86  
  37 91 85 82 83  
  38 85 81 77 82  
  39 81 75 70 77  
  40 75 69 67 70  
  41 69 62 61 67  
  42 76 84 80 72  
  43 62 58 54 61  
  44 66 76 72 65  
  45 58 51 49 54  
  46 51 45 43 49  
  47 45 38 37 43  
  48 38 31 35 37  
  49 31 26 28 35  
  50 26 19 21 28  
  51 19 11 14 21  
  52 11 5 8 14  
  53 5 2 7 8  
  54 2 6 10 7  
  55 6 9 15 10  
  56 15 22 18 10  
  57 22 29 24 18  
  58 29 36 33 24  
  59 36 44 42 33  
  60 44 52 50 42  
  61 59 66 65 57  
  62 52 59 57 50  
  63 14 8 7 16  
  64 7 10 18 16  
  65 80 87 86 83  
  66 72 80 83 73  
  67 83 82 77 73  
  68 77 70 64 73  
  69 72 73 64 65  
  70 67 61 64 70  
  71 61 54 55 64  
  72 65 64 55 57  
  73 42 50 47 39  
  74 21 14 16 23  
  75 16 18 24 23  
  76 28 21 23 30  
  77 23 24 33 30  
  78 33 42 39 30  
  79 28 30 39 35  
  80 37 35 39 43  
  81 49 43 39 47  
  82 50 57 55 47  
  83 49 47 55 54  
  END_ELEMENTS  
  COORDINATES  
   1   5.745763e+00  3.310832e+00   
   2   5.710786e+00  2.779334e+00   
   3   6.300682e+00  3.151515e+00   
   4   5.128241e+00  3.151515e+00   
   5   6.103551e+00  2.700304e+00   
   6   5.294990e+00  2.722818e+00   
   7   5.680610e+00  2.390538e+00   
   8   5.976633e+00  2.417190e+00   
   9   5.000794e+00  2.632531e+00   
   10   5.307189e+00  2.346927e+00   
   11   6.413334e+00  2.458510e+00   
   12   4.773956e+00  2.828283e+00   
   13   6.762712e+00  2.835698e+00   
   14   6.090631e+00  2.178153e+00   
   15   4.933434e+00  2.346492e+00   
   16   5.727831e+00  2.018701e+00   
   17   4.559322e+00  2.493052e+00   
   18   5.301491e+00  1.935014e+00   
   19   6.649026e+00  2.134268e+00   
   20   7.075911e+00  2.505051e+00   
   21   6.244725e+00  1.818210e+00   
   22   4.846252e+00  1.927160e+00   
   23   5.793393e+00  1.601183e+00   
   24   5.295066e+00  1.479850e+00   
   25   4.363482e+00  2.020202e+00   
   26   6.862133e+00  1.755302e+00   
   27   7.307473e+00  2.181818e+00   
   28   6.407510e+00  1.410094e+00   
   29   4.767474e+00  1.435040e+00   
   30   5.916927e+00  1.127582e+00   
   31   7.072722e+00  1.339298e+00   
   32   4.220339e+00  1.476441e+00   
   33   5.317905e+00  9.481623e-01   
   34   7.565240e+00  1.696970e+00   
   35   6.623236e+00  9.972629e-01   
   36   4.725209e+00  8.825587e-01   
   37   6.875736e+00  7.710340e-01   
   38   7.245557e+00  9.599576e-01   
   39   6.148899e+00  5.508883e-01   
   40   7.743526e+00  1.212121e+00   
   41   4.128729e+00  8.888889e-01   
   42   5.384818e+00  3.774068e-01   
   43   6.754651e+00  4.182279e-01   
   44   4.732988e+00  2.972213e-01   
   45   7.290242e+00  5.173772e-01   
   46   7.855381e+00  7.272727e-01   
   47   6.073092e+00 -1.408388e-01   
   48   4.083772e+00  2.424242e-01   
   49   6.708511e+00 -9.143562e-02   
   50   5.405306e+00 -2.197036e-01   
   51   7.301904e+00 -1.643205e-02   
   52   4.754349e+00 -3.058155e-01   
   53   7.917490e+00  8.080808e-02   
   54   6.701740e+00 -6.210930e-01   
   55   6.086119e+00 -7.238569e-01   
   56   4.090074e+00 -4.040404e-01   
   57   5.425160e+00 -8.018777e-01   
   58   7.279587e+00 -5.699446e-01   
   59   4.789027e+00 -8.967395e-01   
   60   7.879991e+00 -5.656566e-01   
   61   6.737943e+00 -1.101113e+00   
   62   7.243243e+00 -1.054990e+00   
   63   4.148615e+00 -1.050505e+00   
   64   6.170719e+00 -1.330367e+00   
   65   5.463641e+00 -1.349957e+00   
   66   4.844179e+00 -1.421071e+00   
   67   6.836070e+00 -1.398002e+00   
   68   7.779661e+00 -1.088101e+00   
   69   7.168764e+00 -1.462991e+00   
   70   6.594486e+00 -1.632093e+00   
   71   4.232516e+00 -1.535354e+00   
   72   5.443255e+00 -1.850214e+00   
   73   5.972053e+00 -1.867418e+00   
   74   7.610169e+00 -1.595424e+00   
   75   6.975709e+00 -1.826898e+00   
   76   4.913177e+00 -1.915278e+00   
   77   6.388338e+00 -1.989853e+00   
   78   4.389831e+00 -2.096940e+00   
   79   7.403926e+00 -2.020202e+00   
   80   5.424151e+00 -2.268201e+00   
   81   6.735660e+00 -2.192308e+00   
   82   6.251152e+00 -2.267595e+00   
   83   5.891311e+00 -2.329415e+00   
   84   4.986691e+00 -2.322145e+00   
   85   6.473704e+00 -2.489006e+00   
   86   5.680812e+00 -2.585206e+00   
   87   5.377865e+00 -2.575983e+00   
   88   4.565617e+00 -2.505051e+00   
   89   7.101695e+00 -2.474714e+00   
   90   5.050245e+00 -2.612010e+00   
   91   6.141444e+00 -2.689861e+00   
   92   4.731961e+00 -2.737720e+00   
   93   5.104463e+00 -2.812190e+00   
   94   5.777031e+00 -2.855259e+00   
   95   5.373219e+00 -2.862703e+00   
   96   6.770405e+00 -2.828283e+00   
   97   4.898305e+00 -2.970389e+00   
   98   6.423729e+00 -3.085763e+00   
   99   5.237288e+00 -3.212419e+00   
   100   5.915254e+00 -3.288971e+00   
  END_COORDINATES
  BOUNDARIES, ELEMENT
    1         92     97         1     
    2         88     92         2     
    3         97     99         3     
    4         78     88         4     
    5         71     78         5     
    6         63     71         6     
    7         56     63         7     
    8         48     56         8     
    9         41     48         9     
    10         32     41         10     
    11         25     32         11     
    12         17     25         12     
    13         12     17         13     
    14         4     12         14     
    15         1     4         15     
    16         3     1         16     
    17         13     3         17     
    18         20     13         18     
    19         27     20         19     
    20         34     27         20     
    21         40     34         21     
    22         46     40         22     
    23         53     46         23     
    24         60     53         24     
    25         68     60         25     
    26         74     68         26     
    27         79     74         27     
    28         89     79         28     
    29         96     89         29     
    30         98     96         30     
    31         100     98         31     
    32         99     100         32     
  END_BOUNDARIES
  MATERIALS, NUMBER= 1, DEFAULT=1
  END_MATERIALS
  SUBDOMAINS
  END_SUBDOMAINS
  CHARACTERISTICS
  END_CHARACTERISTICS
