  NODES_PER_ELEMENT
   1 9
   2 9
   3 9
   4 9
   5 9
   6 9
   7 9
   8 9
   9 9
   10 9
   11 9
   12 9
   13 9
   14 9
   15 9
   16 9
   17 9
   18 9
   19 9
   20 9
   21 9
   22 9
   23 9
   24 9
   25 9
   26 9
   27 9
   28 9
   29 9
   30 9
   31 9
   32 9
   33 9
   34 9
   35 9
   36 9
   37 9
   38 9
   39 9
   40 9
   41 9
   42 9
   43 9
   44 9
   45 9
   46 9
   47 9
   48 9
   49 9
   50 9
   51 9
   52 9
   53 9
   54 9
   55 9
   56 9
   57 9
   58 9
   59 9
   60 9
  END_NODES_PER_ELEMENT
  ELEMENTS
  1 81 86 121 114 85 104 118 97 99  
  2 54 60 86 81 55 73 85 68 69  
  3 33 36 60 54 34 46 55 43 44  
  4 16 21 36 33 17 28 34 23 24  
  5 5 9 21 16 7 14 17 10 11  
  6 1 6 9 5 3 8 7 2 4  
  7 86 95 130 121 90 111 124 104 107  
  8 60 70 95 86 62 82 90 73 74  
  9 36 48 70 60 41 59 62 46 52  
  10 21 31 48 36 25 39 41 28 32  
  11 9 22 31 21 15 26 25 14 19  
  12 6 18 22 9 12 20 15 8 13  
  13 95 113 144 130 106 131 136 111 122  
  14 70 88 113 95 77 102 106 82 91  
  15 48 66 88 70 56 75 77 59 65  
  16 31 50 66 48 40 58 56 39 47  
  17 22 42 50 31 30 45 40 26 35  
  18 18 37 42 22 27 38 30 20 29  
  19 113 138 161 144 127 149 153 131 140  
  20 88 112 138 113 100 126 127 102 110  
  21 66 92 112 88 78 103 100 75 89  
  22 50 76 92 66 61 84 78 58 71  
  23 42 67 76 50 53 72 61 45 57  
  24 37 63 67 42 49 64 53 38 51  
  25 138 160 178 161 148 170 171 149 159  
  26 112 143 160 138 129 150 148 126 139  
  27 92 125 143 112 108 132 129 103 119  
  28 76 109 125 92 93 116 108 84 98  
  29 67 101 109 76 83 105 93 72 87  
  30 63 94 101 67 79 96 83 64 80  
  31 160 184 201 178 173 191 190 170 179  
  32 143 167 184 160 156 176 173 150 163  
  33 125 155 167 143 141 162 156 132 146  
  34 109 145 155 125 128 147 141 116 133  
  35 101 137 145 109 120 142 128 105 123  
  36 94 134 137 101 115 135 120 96 117  
  37 184 207 221 201 194 216 211 191 204  
  38 167 193 207 184 180 200 194 176 187  
  39 155 183 193 167 168 188 180 162 175  
  40 145 174 183 155 158 177 168 147 164  
  41 137 169 174 145 154 172 158 142 157  
  42 134 165 169 137 151 166 154 135 152  
  43 207 231 245 221 218 237 234 216 226  
  44 193 219 231 207 206 224 218 200 213  
  45 183 208 219 193 195 215 206 188 202  
  46 174 203 208 183 189 205 195 177 192  
  47 169 198 203 174 185 199 189 172 186  
  48 165 196 198 169 181 197 185 166 182  
  49 231 256 265 245 243 261 257 237 248  
  50 219 246 256 231 232 250 243 224 236  
  51 208 235 246 219 222 241 232 215 228  
  52 203 230 235 208 217 233 222 205 220  
  53 198 227 230 203 212 229 217 199 214  
  54 196 223 227 198 209 225 212 197 210  
  55 256 271 273 265 266 272 270 261 268  
  56 246 267 271 256 259 269 266 250 262  
  57 235 263 267 246 249 264 259 241 253  
  58 230 258 263 235 244 260 249 233 247  
  59 227 254 258 230 240 255 244 229 242  
  60 223 251 254 227 238 252 240 225 239  
  END_ELEMENTS  
  COORDINATES  
   1   9.000000e+00 -5.000000e+00   
   2   8.541667e+00 -5.000000e+00   
   3   9.000000e+00 -4.500000e+00   
   4   8.541667e+00 -4.500000e+00   
   5   8.083333e+00 -5.000000e+00   
   6   9.000000e+00 -4.000000e+00   
   7   8.083333e+00 -4.500000e+00   
   8   8.541667e+00 -4.000000e+00   
   9   8.083333e+00 -4.000000e+00   
   10   7.625000e+00 -5.000000e+00   
   11   7.625000e+00 -4.500000e+00   
   12   9.000000e+00 -3.500000e+00   
   13   8.541667e+00 -3.500000e+00   
   14   7.625000e+00 -4.000000e+00   
   15   8.083333e+00 -3.500000e+00   
   16   7.166667e+00 -5.000000e+00   
   17   7.166667e+00 -4.500000e+00   
   18   9.000000e+00 -3.000000e+00   
   19   7.625000e+00 -3.500000e+00   
   20   8.541667e+00 -3.000000e+00   
   21   7.166667e+00 -4.000000e+00   
   22   8.083333e+00 -3.000000e+00   
   23   6.708333e+00 -5.000000e+00   
   24   6.708333e+00 -4.500000e+00   
   25   7.166667e+00 -3.500000e+00   
   26   7.625000e+00 -3.000000e+00   
   27   9.000000e+00 -2.500000e+00   
   28   6.708333e+00 -4.000000e+00   
   29   8.541667e+00 -2.500000e+00   
   30   8.083333e+00 -2.500000e+00   
   31   7.166667e+00 -3.000000e+00   
   32   6.708333e+00 -3.500000e+00   
   33   6.250000e+00 -5.000000e+00   
   34   6.250000e+00 -4.500000e+00   
   35   7.625000e+00 -2.500000e+00   
   36   6.250000e+00 -4.000000e+00   
   37   9.000000e+00 -2.000000e+00   
   38   8.541667e+00 -2.000000e+00   
   39   6.708333e+00 -3.000000e+00   
   40   7.166667e+00 -2.500000e+00   
   41   6.250000e+00 -3.500000e+00   
   42   8.083333e+00 -2.000000e+00   
   43   5.791667e+00 -5.000000e+00   
   44   5.791667e+00 -4.500000e+00   
   45   7.625000e+00 -2.000000e+00   
   46   5.791667e+00 -4.000000e+00   
   47   6.708333e+00 -2.500000e+00   
   48   6.250000e+00 -3.000000e+00   
   49   9.000000e+00 -1.500000e+00   
   50   7.166667e+00 -2.000000e+00   
   51   8.541667e+00 -1.500000e+00   
   52   5.791667e+00 -3.500000e+00   
   53   8.083333e+00 -1.500000e+00   
   54   5.333333e+00 -5.000000e+00   
   55   5.333333e+00 -4.500000e+00   
   56   6.250000e+00 -2.500000e+00   
   57   7.625000e+00 -1.500000e+00   
   58   6.708333e+00 -2.000000e+00   
   59   5.791667e+00 -3.000000e+00   
   60   5.333333e+00 -4.000000e+00   
   61   7.166667e+00 -1.500000e+00   
   62   5.333333e+00 -3.500000e+00   
   63   9.000000e+00 -1.000000e+00   
   64   8.541667e+00 -1.000000e+00   
   65   5.791667e+00 -2.500000e+00   
   66   6.250000e+00 -2.000000e+00   
   67   8.083333e+00 -1.000000e+00   
   68   4.875000e+00 -5.000000e+00   
   69   4.875000e+00 -4.500000e+00   
   70   5.333333e+00 -3.000000e+00   
   71   6.708333e+00 -1.500000e+00   
   72   7.625000e+00 -1.000000e+00   
   73   4.875000e+00 -4.000000e+00   
   74   4.875000e+00 -3.500000e+00   
   75   5.791667e+00 -2.000000e+00   
   76   7.166667e+00 -1.000000e+00   
   77   5.333333e+00 -2.500000e+00   
   78   6.250000e+00 -1.500000e+00   
   79   9.000000e+00 -5.000000e-01   
   80   8.541667e+00 -5.000000e-01   
   81   4.416667e+00 -5.000000e+00   
   82   4.875000e+00 -3.000000e+00   
   83   8.083333e+00 -5.000000e-01   
   84   6.708333e+00 -1.000000e+00   
   85   4.416667e+00 -4.500000e+00   
   86   4.416667e+00 -4.000000e+00   
   87   7.625000e+00 -5.000000e-01   
   88   5.333333e+00 -2.000000e+00   
   89   5.791667e+00 -1.500000e+00   
   90   4.416667e+00 -3.500000e+00   
   91   4.875000e+00 -2.500000e+00   
   92   6.250000e+00 -1.000000e+00   
   93   7.166667e+00 -5.000000e-01   
   94   9.000000e+00  0.000000e+00   
   95   4.416667e+00 -3.000000e+00   
   96   8.541667e+00  0.000000e+00   
   97   3.958333e+00 -5.000000e+00   
   98   6.708333e+00 -5.000000e-01   
   99   3.958333e+00 -4.500000e+00   
   100   5.333333e+00 -1.500000e+00   
   101   8.083333e+00  0.000000e+00   
   102   4.875000e+00 -2.000000e+00   
   103   5.791667e+00 -1.000000e+00   
   104   3.958333e+00 -4.000000e+00   
   105   7.625000e+00  0.000000e+00   
   106   4.416667e+00 -2.500000e+00   
   107   3.958333e+00 -3.500000e+00   
   108   6.250000e+00 -5.000000e-01   
   109   7.166667e+00  0.000000e+00   
   110   4.875000e+00 -1.500000e+00   
   111   3.958333e+00 -3.000000e+00   
   112   5.333333e+00 -1.000000e+00   
   113   4.416667e+00 -2.000000e+00   
   114   3.500000e+00 -5.000000e+00   
   115   9.000000e+00  5.000000e-01   
   116   6.708333e+00  0.000000e+00   
   117   8.541667e+00  5.000000e-01   
   118   3.500000e+00 -4.500000e+00   
   119   5.791667e+00 -5.000000e-01   
   120   8.083333e+00  5.000000e-01   
   121   3.500000e+00 -4.000000e+00   
   122   3.958333e+00 -2.500000e+00   
   123   7.625000e+00  5.000000e-01   
   124   3.500000e+00 -3.500000e+00   
   125   6.250000e+00  0.000000e+00   
   126   4.875000e+00 -1.000000e+00   
   127   4.416667e+00 -1.500000e+00   
   128   7.166667e+00  5.000000e-01   
   129   5.333333e+00 -5.000000e-01   
   130   3.500000e+00 -3.000000e+00   
   131   3.958333e+00 -2.000000e+00   
   132   5.791667e+00  0.000000e+00   
   133   6.708333e+00  5.000000e-01   
   134   9.000000e+00  1.000000e+00   
   135   8.541667e+00  1.000000e+00   
   136   3.500000e+00 -2.500000e+00   
   137   8.083333e+00  1.000000e+00   
   138   4.416667e+00 -1.000000e+00   
   139   4.875000e+00 -5.000000e-01   
   140   3.958333e+00 -1.500000e+00   
   141   6.250000e+00  5.000000e-01   
   142   7.625000e+00  1.000000e+00   
   143   5.333333e+00  0.000000e+00   
   144   3.500000e+00 -2.000000e+00   
   145   7.166667e+00  1.000000e+00   
   146   5.791667e+00  5.000000e-01   
   147   6.708333e+00  1.000000e+00   
   148   4.416667e+00 -5.000000e-01   
   149   3.958333e+00 -1.000000e+00   
   150   4.875000e+00  0.000000e+00   
   151   9.000000e+00  1.500000e+00   
   152   8.541667e+00  1.500000e+00   
   153   3.500000e+00 -1.500000e+00   
   154   8.083333e+00  1.500000e+00   
   155   6.250000e+00  1.000000e+00   
   156   5.333333e+00  5.000000e-01   
   157   7.625000e+00  1.500000e+00   
   158   7.166667e+00  1.500000e+00   
   159   3.958333e+00 -5.000000e-01   
   160   4.416667e+00  0.000000e+00   
   161   3.500000e+00 -1.000000e+00   
   162   5.791667e+00  1.000000e+00   
   163   4.875000e+00  5.000000e-01   
   164   6.708333e+00  1.500000e+00   
   165   9.000000e+00  2.000000e+00   
   166   8.541667e+00  2.000000e+00   
   167   5.333333e+00  1.000000e+00   
   168   6.250000e+00  1.500000e+00   
   169   8.083333e+00  2.000000e+00   
   170   3.958333e+00  0.000000e+00   
   171   3.500000e+00 -5.000000e-01   
   172   7.625000e+00  2.000000e+00   
   173   4.416667e+00  5.000000e-01   
   174   7.166667e+00  2.000000e+00   
   175   5.791667e+00  1.500000e+00   
   176   4.875000e+00  1.000000e+00   
   177   6.708333e+00  2.000000e+00   
   178   3.500000e+00  0.000000e+00   
   179   3.958333e+00  5.000000e-01   
   180   5.333333e+00  1.500000e+00   
   181   9.000000e+00  2.500000e+00   
   182   8.541667e+00  2.500000e+00   
   183   6.250000e+00  2.000000e+00   
   184   4.416667e+00  1.000000e+00   
   185   8.083333e+00  2.500000e+00   
   186   7.625000e+00  2.500000e+00   
   187   4.875000e+00  1.500000e+00   
   188   5.791667e+00  2.000000e+00   
   189   7.166667e+00  2.500000e+00   
   190   3.500000e+00  5.000000e-01   
   191   3.958333e+00  1.000000e+00   
   192   6.708333e+00  2.500000e+00   
   193   5.333333e+00  2.000000e+00   
   194   4.416667e+00  1.500000e+00   
   195   6.250000e+00  2.500000e+00   
   196   9.000000e+00  3.000000e+00   
   197   8.541667e+00  3.000000e+00   
   198   8.083333e+00  3.000000e+00   
   199   7.625000e+00  3.000000e+00   
   200   4.875000e+00  2.000000e+00   
   201   3.500000e+00  1.000000e+00   
   202   5.791667e+00  2.500000e+00   
   203   7.166667e+00  3.000000e+00   
   204   3.958333e+00  1.500000e+00   
   205   6.708333e+00  3.000000e+00   
   206   5.333333e+00  2.500000e+00   
   207   4.416667e+00  2.000000e+00   
   208   6.250000e+00  3.000000e+00   
   209   9.000000e+00  3.500000e+00   
   210   8.541667e+00  3.500000e+00   
   211   3.500000e+00  1.500000e+00   
   212   8.083333e+00  3.500000e+00   
   213   4.875000e+00  2.500000e+00   
   214   7.625000e+00  3.500000e+00   
   215   5.791667e+00  3.000000e+00   
   216   3.958333e+00  2.000000e+00   
   217   7.166667e+00  3.500000e+00   
   218   4.416667e+00  2.500000e+00   
   219   5.333333e+00  3.000000e+00   
   220   6.708333e+00  3.500000e+00   
   221   3.500000e+00  2.000000e+00   
   222   6.250000e+00  3.500000e+00   
   223   9.000000e+00  4.000000e+00   
   224   4.875000e+00  3.000000e+00   
   225   8.541667e+00  4.000000e+00   
   226   3.958333e+00  2.500000e+00   
   227   8.083333e+00  4.000000e+00   
   228   5.791667e+00  3.500000e+00   
   229   7.625000e+00  4.000000e+00   
   230   7.166667e+00  4.000000e+00   
   231   4.416667e+00  3.000000e+00   
   232   5.333333e+00  3.500000e+00   
   233   6.708333e+00  4.000000e+00   
   234   3.500000e+00  2.500000e+00   
   235   6.250000e+00  4.000000e+00   
   236   4.875000e+00  3.500000e+00   
   237   3.958333e+00  3.000000e+00   
   238   9.000000e+00  4.500000e+00   
   239   8.541667e+00  4.500000e+00   
   240   8.083333e+00  4.500000e+00   
   241   5.791667e+00  4.000000e+00   
   242   7.625000e+00  4.500000e+00   
   243   4.416667e+00  3.500000e+00   
   244   7.166667e+00  4.500000e+00   
   245   3.500000e+00  3.000000e+00   
   246   5.333333e+00  4.000000e+00   
   247   6.708333e+00  4.500000e+00   
   248   3.958333e+00  3.500000e+00   
   249   6.250000e+00  4.500000e+00   
   250   4.875000e+00  4.000000e+00   
   251   9.000000e+00  5.000000e+00   
   252   8.541667e+00  5.000000e+00   
   253   5.791667e+00  4.500000e+00   
   254   8.083333e+00  5.000000e+00   
   255   7.625000e+00  5.000000e+00   
   256   4.416667e+00  4.000000e+00   
   257   3.500000e+00  3.500000e+00   
   258   7.166667e+00  5.000000e+00   
   259   5.333333e+00  4.500000e+00   
   260   6.708333e+00  5.000000e+00   
   261   3.958333e+00  4.000000e+00   
   262   4.875000e+00  4.500000e+00   
   263   6.250000e+00  5.000000e+00   
   264   5.791667e+00  5.000000e+00   
   265   3.500000e+00  4.000000e+00   
   266   4.416667e+00  4.500000e+00   
   267   5.333333e+00  5.000000e+00   
   268   3.958333e+00  4.500000e+00   
   269   4.875000e+00  5.000000e+00   
   270   3.500000e+00  4.500000e+00   
   271   4.416667e+00  5.000000e+00   
   272   3.958333e+00  5.000000e+00   
   273   3.500000e+00  5.000000e+00   
  END_COORDINATES
  BOUNDARIES, ELEMENT
    1         114     81     97         1     
    2         121     114     118         1     
    3         81     54     68         2     
    4         54     33     43         3     
    5         33     16     23         4     
    6         16     5     10         5     
    7         5     1     2         6     
    8         1     6     3         6     
    9         130     121     124         7     
    10         6     18     12         12     
    11         144     130     136         13     
    12         18     37     27         18     
    13         161     144     153         19     
    14         37     63     49         24     
    15         178     161     171         25     
    16         63     94     79         30     
    17         201     178     190         31     
    18         94     134     115         36     
    19         221     201     211         37     
    20         134     165     151         42     
    21         245     221     234         43     
    22         165     196     181         48     
    23         265     245     257         49     
    24         196     223     209         54     
    25         271     273     272         55     
    26         273     265     270         55     
    27         267     271     269         56     
    28         263     267     264         57     
    29         258     263     260         58     
    30         254     258     255         59     
    31         223     251     238         60     
    32         251     254     252         60     
  END_BOUNDARIES
  MATERIALS, NUMBER= 1, DEFAULT=1
  END_MATERIALS
  SUBDOMAINS
  END_SUBDOMAINS
  CHARACTERISTICS
  END_CHARACTERISTICS
