  NODES_PER_ELEMENT
   1 3
   2 3
   3 3
   4 3
   5 3
   6 3
   7 3
   8 3
   9 3
   10 3
   11 3
   12 3
   13 3
   14 3
   15 3
   16 3
   17 3
   18 3
   19 3
   20 3
   21 3
   22 3
   23 3
   24 3
   25 3
   26 3
   27 3
   28 3
   29 3
   30 3
   31 3
   32 3
   33 3
   34 3
   35 3
   36 3
   37 3
   38 3
   39 3
   40 3
   41 3
   42 3
   43 3
   44 3
   45 3
   46 3
   47 3
   48 3
   49 3
   50 3
   51 3
   52 3
   53 3
   54 3
   55 3
   56 3
   57 3
   58 3
   59 3
   60 3
   61 3
   62 3
   63 3
   64 3
   65 3
   66 3
   67 3
   68 3
   69 3
   70 3
   71 3
   72 3
   73 3
   74 3
   75 3
   76 3
   77 3
   78 3
   79 3
   80 3
   81 3
   82 3
   83 3
   84 3
   85 3
   86 3
   87 3
   88 3
   89 3
   90 3
   91 3
   92 3
   93 3
   94 3
   95 3
   96 3
   97 3
   98 3
   99 3
   100 3
   101 3
   102 3
   103 3
   104 3
   105 3
   106 3
   107 3
   108 3
   109 3
   110 3
   111 3
   112 3
   113 3
   114 3
   115 3
   116 3
   117 3
   118 3
   119 3
   120 3
   121 3
   122 3
   123 3
   124 3
   125 3
   126 3
   127 3
   128 3
   129 3
   130 3
   131 3
   132 3
   133 3
   134 3
   135 3
   136 3
   137 3
   138 3
   139 3
   140 3
   141 3
   142 3
   143 3
   144 3
   145 3
   146 3
   147 3
   148 3
   149 3
   150 3
   151 3
   152 3
   153 3
   154 3
   155 3
   156 3
   157 3
   158 3
   159 3
   160 3
   161 3
   162 3
   163 3
   164 3
   165 3
   166 3
   167 3
   168 3
   169 3
   170 3
   171 3
   172 3
   173 3
   174 3
   175 3
   176 3
   177 3
   178 3
   179 3
   180 3
   181 3
   182 3
   183 3
   184 3
   185 3
   186 3
   187 3
   188 3
   189 3
   190 3
   191 3
   192 3
   193 3
   194 3
   195 3
   196 3
   197 3
   198 3
   199 3
   200 3
   201 3
   202 3
   203 3
   204 3
   205 3
   206 3
   207 3
   208 3
   209 3
   210 3
   211 3
   212 3
   213 3
   214 3
   215 3
   216 3
   217 3
   218 3
   219 3
   220 3
   221 3
   222 3
   223 3
   224 3
   225 3
   226 3
   227 3
   228 3
   229 3
   230 3
   231 3
   232 3
   233 3
   234 3
   235 3
   236 3
   237 3
   238 3
   239 3
   240 3
   241 3
   242 3
   243 3
   244 3
   245 3
   246 3
   247 3
   248 3
   249 3
   250 3
   251 3
   252 3
   253 3
   254 3
   255 3
   256 3
   257 3
   258 3
   259 3
   260 3
   261 3
   262 3
   263 3
   264 3
   265 3
   266 3
   267 3
   268 3
   269 3
   270 3
   271 3
   272 3
   273 3
   274 3
   275 3
   276 3
   277 3
   278 3
   279 3
   280 3
   281 3
   282 3
   283 3
   284 3
   285 3
   286 3
   287 3
   288 3
   289 3
   290 3
   291 3
   292 3
   293 3
   294 3
   295 3
   296 3
   297 3
   298 3
   299 3
   300 3
   301 3
   302 3
   303 3
   304 3
   305 3
   306 3
   307 3
   308 3
   309 3
   310 3
   311 3
   312 3
   313 3
   314 3
   315 3
   316 3
   317 3
   318 3
   319 3
   320 3
   321 3
   322 3
   323 3
   324 3
   325 3
   326 3
   327 3
   328 3
   329 3
   330 3
   331 3
   332 3
   333 3
   334 3
   335 3
   336 3
   337 3
   338 3
   339 3
   340 3
   341 3
   342 3
   343 3
   344 3
   345 3
   346 3
   347 3
   348 3
   349 3
   350 3
   351 3
   352 3
   353 3
   354 3
   355 3
   356 3
   357 3
   358 3
   359 3
   360 3
   361 3
   362 3
   363 3
   364 3
   365 3
   366 3
   367 3
   368 3
   369 3
   370 3
   371 3
   372 3
   373 3
   374 3
   375 3
   376 3
   377 3
   378 3
   379 3
   380 3
   381 3
   382 3
   383 3
   384 3
   385 3
   386 3
   387 3
   388 3
   389 3
   390 3
   391 3
   392 3
   393 3
   394 3
   395 3
   396 3
   397 3
   398 3
   399 3
   400 3
   401 3
   402 3
   403 3
   404 3
   405 3
   406 3
   407 3
   408 3
   409 3
   410 3
   411 3
   412 3
   413 3
   414 3
   415 3
   416 3
   417 3
   418 3
   419 3
   420 3
   421 3
   422 3
   423 3
   424 3
   425 3
   426 3
   427 3
   428 3
   429 3
   430 3
   431 3
   432 3
   433 3
   434 3
   435 3
   436 3
   437 3
   438 3
   439 3
   440 3
   441 3
   442 3
   443 3
   444 3
   445 3
   446 3
   447 3
   448 3
   449 3
   450 3
   451 3
   452 3
   453 3
   454 3
   455 3
   456 3
   457 3
   458 3
   459 3
   460 3
   461 3
   462 3
   463 3
   464 3
   465 3
   466 3
   467 3
   468 3
   469 3
   470 3
   471 3
   472 3
   473 3
   474 3
   475 3
   476 3
   477 3
   478 3
   479 3
   480 3
   481 3
   482 3
   483 3
   484 3
   485 3
   486 3
   487 3
   488 3
   489 3
   490 3
   491 3
   492 3
   493 3
   494 3
   495 3
   496 3
   497 3
   498 3
   499 3
   500 3
   501 3
   502 3
   503 3
   504 3
   505 3
   506 3
   507 3
   508 3
   509 3
   510 3
   511 3
   512 3
   513 3
   514 3
   515 3
   516 3
   517 3
   518 3
   519 3
   520 3
   521 3
   522 3
   523 3
   524 3
   525 3
   526 3
   527 3
   528 3
   529 3
   530 3
   531 3
   532 3
   533 3
   534 3
   535 3
   536 3
   537 3
   538 3
   539 3
   540 3
   541 3
   542 3
   543 3
   544 3
   545 3
   546 3
   547 3
   548 3
   549 3
   550 3
   551 3
   552 3
   553 3
   554 3
   555 3
   556 3
   557 3
   558 3
   559 3
   560 3
   561 3
   562 3
   563 3
   564 3
   565 3
   566 3
   567 3
   568 3
   569 3
   570 3
   571 3
   572 3
   573 3
   574 3
   575 3
   576 3
   577 3
   578 3
   579 3
   580 3
   581 3
   582 3
   583 3
   584 3
   585 3
   586 3
   587 3
   588 3
   589 3
   590 3
   591 3
   592 3
   593 3
   594 3
   595 3
   596 3
   597 3
   598 3
   599 3
   600 3
   601 3
   602 3
   603 3
   604 3
   605 3
   606 3
   607 3
   608 3
   609 3
   610 3
   611 3
   612 3
   613 3
   614 3
   615 3
   616 3
   617 3
   618 3
   619 3
   620 3
   621 3
   622 3
   623 3
   624 3
   625 3
   626 3
   627 3
   628 3
   629 3
   630 3
   631 3
   632 3
   633 3
   634 3
   635 3
   636 3
   637 3
   638 3
   639 3
   640 3
   641 3
   642 3
   643 3
   644 3
   645 3
   646 3
   647 3
   648 3
   649 3
   650 3
   651 3
   652 3
   653 3
   654 3
   655 3
   656 3
   657 3
   658 3
   659 3
   660 3
   661 3
   662 3
   663 3
   664 3
   665 3
   666 3
   667 3
   668 3
   669 3
   670 3
   671 3
   672 3
   673 3
   674 3
   675 3
   676 3
   677 3
   678 3
   679 3
   680 3
   681 3
   682 3
   683 3
   684 3
   685 3
   686 3
   687 3
   688 3
   689 3
   690 3
   691 3
   692 3
   693 3
   694 3
   695 3
   696 3
   697 3
   698 3
   699 3
   700 3
   701 3
   702 3
   703 3
   704 3
   705 3
   706 3
   707 3
   708 3
   709 3
   710 3
   711 3
   712 3
   713 3
   714 3
   715 3
   716 3
   717 3
   718 3
   719 3
   720 3
   721 3
   722 3
   723 3
   724 3
   725 3
   726 3
   727 3
   728 3
   729 3
   730 3
   731 3
   732 3
   733 3
   734 3
   735 3
   736 3
   737 3
   738 3
   739 3
   740 3
   741 3
   742 3
   743 3
   744 3
   745 3
   746 3
   747 3
   748 3
   749 3
   750 3
   751 3
   752 3
   753 3
   754 3
   755 3
   756 3
   757 3
   758 3
   759 3
   760 3
   761 3
   762 3
   763 3
   764 3
   765 3
   766 3
   767 3
   768 3
   769 3
   770 3
   771 3
   772 3
   773 3
   774 3
   775 3
   776 3
   777 3
   778 3
   779 3
   780 3
   781 3
   782 3
   783 3
   784 3
   785 3
   786 3
   787 3
   788 3
   789 3
   790 3
   791 3
   792 3
   793 3
   794 3
   795 3
   796 3
   797 3
   798 3
   799 3
   800 3
   801 3
   802 3
   803 3
   804 3
   805 3
   806 3
   807 3
   808 3
   809 3
   810 3
   811 3
   812 3
   813 3
   814 3
   815 3
   816 3
   817 3
   818 3
   819 3
   820 3
   821 3
   822 3
   823 3
   824 3
   825 3
   826 3
   827 3
   828 3
   829 3
   830 3
   831 3
   832 3
   833 3
   834 3
   835 3
   836 3
   837 3
   838 3
   839 3
   840 3
   841 3
   842 3
   843 3
   844 3
   845 3
   846 3
   847 3
   848 3
   849 3
   850 3
   851 3
   852 3
   853 3
   854 3
   855 3
   856 3
   857 3
   858 3
   859 3
   860 3
   861 3
   862 3
   863 3
   864 3
   865 3
   866 3
   867 3
   868 3
   869 3
   870 3
   871 3
   872 3
   873 3
   874 3
   875 3
   876 3
   877 3
   878 3
   879 3
   880 3
   881 3
   882 3
   883 3
   884 3
   885 3
   886 3
   887 3
   888 3
   889 3
   890 3
   891 3
   892 3
   893 3
   894 3
  END_NODES_PER_ELEMENT
  ELEMENTS
  1 208 182 209  
  2 47 35 43  
  3 457 458 441  
  4 478 480 470  
  5 116 97 106  
  6 11 5 8  
  7 467 469 451  
  8 487 489 485  
  9 157 136 148  
  10 25 17 24  
  11 461 462 444  
  12 484 486 479  
  13 79 63 70  
  14 2 1 3  
  15 471 475 460  
  16 182 157 172  
  17 35 25 32  
  18 458 461 443  
  19 480 484 474  
  20 97 79 86  
  21 5 2 4  
  22 469 471 454  
  23 489 490 488  
  24 136 116 126  
  25 17 11 14  
  26 462 467 450  
  27 486 487 482  
  28 63 47 56  
  29 456 457 439  
  30 475 478 466  
  31 43 35 32  
  32 43 32 40  
  33 24 17 14  
  34 24 14 20  
  35 474 484 479  
  36 474 479 468  
  37 56 47 43  
  38 56 43 53  
  39 40 32 29  
  40 20 14 13  
  41 468 479 472  
  42 53 43 40  
  43 53 40 48  
  44 48 40 37  
  45 53 48 61  
  46 8 5 4  
  47 8 4 9  
  48 9 4 6  
  49 8 9 13  
  50 13 9 16  
  51 8 13 14  
  52 16 9 10  
  53 13 16 21  
  54 8 14 11  
  55 460 475 466  
  56 460 466 447  
  57 447 466 452  
  58 460 447 442  
  59 126 116 106  
  60 126 106 118  
  61 118 106 99  
  62 126 118 138  
  63 470 480 474  
  64 470 474 459  
  65 459 474 468  
  66 459 468 449  
  67 470 459 452  
  68 452 459 440  
  69 470 452 466  
  70 440 459 449  
  71 440 449 430  
  72 452 440 434  
  73 470 466 478  
  74 430 449 437  
  75 440 430 422  
  76 449 468 455  
  77 479 486 482  
  78 479 482 472  
  79 472 482 477  
  80 477 482 485  
  81 477 485 481  
  82 485 482 487  
  83 481 485 488  
  84 477 481 473  
  85 472 477 465  
  86 4 2 3  
  87 485 489 488  
  88 32 25 24  
  89 32 24 29  
  90 29 24 20  
  91 29 20 28  
  92 28 20 21  
  93 21 20 13  
  94 28 21 30  
  95 29 28 37  
  96 37 28 38  
  97 30 21 23  
  98 28 30 38  
  99 37 38 46  
  100 38 30 41  
  101 29 37 40  
  102 450 467 451  
  103 450 451 433  
  104 433 451 438  
  105 450 433 431  
  106 441 458 443  
  107 441 443 426  
  108 426 443 428  
  109 441 426 424  
  110 444 462 450  
  111 444 450 431  
  112 444 431 428  
  113 428 431 413  
  114 444 428 443  
  115 413 431 414  
  116 428 413 411  
  117 444 443 461  
  118 86 79 70  
  119 86 70 83  
  120 83 70 67  
  121 86 83 99  
  122 99 83 94  
  123 86 99 106  
  124 94 83 77  
  125 99 94 113  
  126 86 106 97  
  127 451 469 454  
  128 451 454 438  
  129 438 454 442  
  130 438 442 423  
  131 442 454 460  
  132 423 442 429  
  133 438 423 421  
  134 460 454 471  
  135 172 157 148  
  136 172 148 161  
  137 161 148 138  
  138 161 138 152  
  139 138 148 126  
  140 152 138 132  
  141 161 152 183  
  142 126 148 136  
  143 172 161 186  
  144 70 63 56  
  145 70 56 67  
  146 67 56 53  
  147 67 53 61  
  148 67 61 77  
  149 77 61 74  
  150 67 77 83  
  151 74 61 59  
  152 77 74 91  
  153 457 441 439  
  154 182 172 209  
  155 41 30 34  
  156 38 41 51  
  157 414 431 433  
  158 414 433 421  
  159 421 433 438  
  160 414 421 403  
  161 403 421 405  
  162 414 403 399  
  163 429 442 447  
  164 429 447 434  
  165 434 447 452  
  166 429 434 417  
  167 417 434 422  
  168 417 422 404  
  169 429 417 412  
  170 404 422 410  
  171 417 404 398  
  172 59 61 48  
  173 59 48 46  
  174 46 48 37  
  175 59 46 60  
  176 60 46 51  
  177 59 60 73  
  178 60 51 62  
  179 62 51 55  
  180 60 62 75  
  181 411 413 395  
  182 421 423 405  
  183 405 423 412  
  184 412 423 429  
  185 405 412 393  
  186 393 412 398  
  187 393 398 379  
  188 405 393 388  
  189 398 412 417  
  190 379 398 385  
  191 393 379 374  
  192 385 398 404  
  193 385 404 391  
  194 391 404 410  
  195 391 410 400  
  196 385 391 373  
  197 400 410 419  
  198 391 400 381  
  199 379 385 367  
  200 393 374 388  
  201 388 374 370  
  202 370 374 355  
  203 388 370 384  
  204 91 74 88  
  205 374 379 359  
  206 413 414 399  
  207 413 399 395  
  208 395 399 380  
  209 74 59 73  
  210 74 73 88  
  211 88 73 87  
  212 428 411 426  
  213 426 411 409  
  214 409 411 394  
  215 426 409 424  
  216 424 409 420  
  217 77 91 94  
  218 94 91 108  
  219 108 91 104  
  220 94 108 113  
  221 113 108 127  
  222 127 108 124  
  223 113 127 132  
  224 132 127 147  
  225 113 132 118  
  226 118 132 138  
  227 113 118 99  
  228 147 127 145  
  229 132 147 152  
  230 152 147 170  
  231 170 147 167  
  232 152 170 183  
  233 183 170 196  
  234 196 170 191  
  235 183 196 215  
  236 167 147 145  
  237 167 145 162  
  238 162 145 141  
  239 167 162 184  
  240 170 167 191  
  241 191 167 184  
  242 191 184 206  
  243 206 184 203  
  244 191 206 221  
  245 141 145 124  
  246 141 124 122  
  247 122 124 104  
  248 141 122 139  
  249 122 104 103  
  250 162 141 158  
  251 184 162 181  
  252 399 403 384  
  253 384 403 388  
  254 399 384 380  
  255 388 403 405  
  256 380 384 366  
  257 366 384 370  
  258 366 370 352  
  259 352 370 355  
  260 352 355 337  
  261 366 352 348  
  262 337 355 341  
  263 352 337 334  
  264 380 366 364  
  265 348 352 334  
  266 348 334 331  
  267 331 334 315  
  268 348 331 346  
  269 366 348 364  
  270 364 348 346  
  271 364 346 362  
  272 362 346 345  
  273 364 362 378  
  274 341 355 359  
  275 341 359 347  
  276 347 359 367  
  277 347 367 354  
  278 341 347 329  
  279 354 367 373  
  280 373 367 385  
  281 347 354 336  
  282 354 373 363  
  283 359 355 374  
  284 334 337 318  
  285 362 345 360  
  286 364 378 380  
  287 380 378 395  
  288 395 378 394  
  289 395 394 411  
  290 337 341 325  
  291 345 346 327  
  292 378 362 375  
  293 363 373 381  
  294 363 381 371  
  295 371 381 390  
  296 363 371 351  
  297 354 363 343  
  298 329 347 336  
  299 329 336 317  
  300 317 336 324  
  301 329 317 308  
  302 341 329 325  
  303 325 329 308  
  304 325 308 306  
  305 306 308 290  
  306 325 306 318  
  307 318 306 300  
  308 300 306 285  
  309 318 300 315  
  310 318 315 334  
  311 290 308 297  
  312 306 290 285  
  313 285 290 271  
  314 271 290 276  
  315 285 271 267  
  316 276 290 297  
  317 276 297 284  
  318 284 297 305  
  319 276 284 264  
  320 271 276 256  
  321 267 271 251  
  322 285 267 282  
  323 300 285 282  
  324 300 282 296  
  325 296 282 277  
  326 300 296 315  
  327 315 296 314  
  328 277 282 261  
  329 296 277 295  
  330 314 296 295  
  331 315 314 331  
  332 284 305 293  
  333 276 264 256  
  334 256 264 242  
  335 242 264 253  
  336 256 242 234  
  337 305 297 317  
  338 305 317 324  
  339 305 324 312  
  340 317 297 308  
  341 312 324 332  
  342 305 312 293  
  343 293 312 301  
  344 301 312 321  
  345 293 301 281  
  346 321 312 332  
  347 321 332 339  
  348 339 332 351  
  349 339 351 358  
  350 321 339 330  
  351 301 321 309  
  352 293 281 273  
  353 339 358 349  
  354 281 301 289  
  355 358 351 371  
  356 330 339 349  
  357 330 349 338  
  358 321 330 309  
  359 309 330 322  
  360 322 330 338  
  361 322 338 333  
  362 309 322 302  
  363 333 338 350  
  364 322 333 313  
  365 358 371 377  
  366 332 324 343  
  367 332 343 351  
  368 351 343 363  
  369 302 322 313  
  370 302 313 292  
  371 292 313 299  
  372 302 292 280  
  373 350 338 357  
  374 313 333 320  
  375 264 284 273  
  376 273 284 293  
  377 264 273 253  
  378 253 273 262  
  379 309 302 289  
  380 333 350 344  
  381 196 191 221  
  382 234 242 218  
  383 373 391 381  
  384 103 104 88  
  385 88 104 91  
  386 103 88 87  
  387 103 87 105  
  388 338 349 357  
  389 357 349 368  
  390 368 349 358  
  391 368 358 377  
  392 357 368 376  
  393 368 377 387  
  394 387 377 397  
  395 368 387 376  
  396 376 387 396  
  397 396 387 406  
  398 376 396 389  
  399 206 203 237  
  400 242 253 232  
  401 256 234 251  
  402 251 234 230  
  403 203 184 181  
  404 203 181 201  
  405 201 181 179  
  406 203 201 226  
  407 122 103 123  
  408 73 60 75  
  409 73 75 87  
  410 87 75 92  
  411 92 75 78  
  412 87 92 105  
  413 105 92 111  
  414 111 92 95  
  415 105 111 125  
  416 78 75 62  
  417 78 62 68  
  418 68 62 55  
  419 68 55 58  
  420 78 68 84  
  421 58 55 45  
  422 68 58 71  
  423 92 78 95  
  424 84 68 71  
  425 84 71 89  
  426 78 84 95  
  427 95 84 101  
  428 101 84 89  
  429 101 89 107  
  430 95 101 114  
  431 107 89 98  
  432 101 107 119  
  433 390 381 400  
  434 390 400 408  
  435 408 400 419  
  436 390 408 397  
  437 408 419 427  
  438 427 419 437  
  439 437 419 430  
  440 427 437 445  
  441 430 419 410  
  442 445 437 455  
  443 445 455 465  
  444 445 465 453  
  445 427 445 436  
  446 430 410 422  
  447 453 465 473  
  448 445 453 436  
  449 436 453 446  
  450 473 465 477  
  451 446 453 463  
  452 436 446 425  
  453 408 427 418  
  454 455 437 449  
  455 463 453 473  
  456 463 473 476  
  457 446 463 464  
  458 425 446 435  
  459 436 425 418  
  460 418 425 406  
  461 436 418 427  
  462 389 396 407  
  463 114 101 119  
  464 114 119 134  
  465 134 119 140  
  466 114 134 128  
  467 119 107 130  
  468 406 387 397  
  469 406 397 418  
  470 89 71 81  
  471 98 89 81  
  472 98 81 90  
  473 90 81 72  
  474 98 90 109  
  475 145 127 124  
  476 396 406 415  
  477 95 114 111  
  478 111 114 128  
  479 111 128 125  
  480 125 128 146  
  481 146 128 149  
  482 125 146 142  
  483 149 128 134  
  484 149 134 154  
  485 154 134 140  
  486 154 140 165  
  487 149 154 171  
  488 165 140 150  
  489 154 165 177  
  490 171 154 177  
  491 171 177 194  
  492 149 171 168  
  493 194 177 202  
  494 171 194 189  
  495 146 149 168  
  496 146 168 163  
  497 163 168 185  
  498 146 163 142  
  499 142 163 159  
  500 159 163 180  
  501 142 159 139  
  502 139 159 158  
  503 139 158 141  
  504 158 159 179  
  505 185 168 189  
  506 185 189 207  
  507 207 189 213  
  508 185 207 204  
  509 189 168 171  
  510 163 185 180  
  511 179 159 180  
  512 125 142 123  
  513 123 142 139  
  514 165 150 174  
  515 213 189 194  
  516 213 194 219  
  517 219 194 202  
  518 219 202 229  
  519 213 219 235  
  520 229 202 212  
  521 219 229 243  
  522 204 207 228  
  523 235 219 243  
  524 235 243 258  
  525 258 243 265  
  526 235 258 254  
  527 213 235 233  
  528 150 140 130  
  529 150 130 137  
  530 130 140 119  
  531 137 130 117  
  532 150 137 160  
  533 177 165 188  
  534 207 213 233  
  535 207 233 228  
  536 228 233 247  
  537 247 233 254  
  538 247 254 269  
  539 269 254 272  
  540 247 269 266  
  541 228 247 252  
  542 254 233 235  
  543 272 254 258  
  544 272 258 278  
  545 278 258 265  
  546 278 265 286  
  547 272 278 291  
  548 286 265 274  
  549 278 286 298  
  550 269 272 287  
  551 247 266 252  
  552 252 279 268  
  553 272 291 287  
  554 287 291 316  
  555 266 269 288  
  556 291 278 298  
  557 291 298 311  
  558 311 298 319  
  559 291 311 316  
  560 274 265 249  
  561 286 274 299  
  562 185 204 180  
  563 180 204 200  
  564 200 204 225  
  565 180 200 179  
  566 179 200 201  
  567 201 200 227  
  568 298 286 307  
  569 212 202 188  
  570 212 188 198  
  571 198 188 174  
  572 212 198 224  
  573 188 202 177  
  574 198 174 193  
  575 243 229 249  
  576 249 229 236  
  577 243 249 265  
  578 236 229 212  
  579 249 236 263  
  580 160 137 151  
  581 117 130 107  
  582 117 107 98  
  583 117 98 109  
  584 137 117 129  
  585 150 160 174  
  586 174 160 193  
  587 371 390 377  
  588 376 389 369  
  589 10 9 6  
  590 10 7 12  
  591 30 23 34  
  592 179 181 158  
  593 434 440 422  
  594 409 394 392  
  595 203 226 237  
  596 21 16 23  
  597 23 16 18  
  598 18 16 10  
  599 18 10 15  
  600 23 18 26  
  601 15 10 12  
  602 18 15 22  
  603 26 18 22  
  604 23 26 34  
  605 34 26 36  
  606 36 26 33  
  607 34 36 45  
  608 26 22 33  
  609 33 22 31  
  610 31 22 19  
  611 33 31 42  
  612 36 33 44  
  613 42 31 39  
  614 33 42 44  
  615 44 42 54  
  616 54 42 50  
  617 44 54 57  
  618 50 42 39  
  619 54 50 64  
  620 57 54 69  
  621 44 57 49  
  622 161 183 186  
  623 186 183 211  
  624 263 236 250  
  625 473 483 476  
  626 71 58 65  
  627 249 263 274  
  628 274 263 292  
  629 46 38 51  
  630 139 122 123  
  631 108 104 124  
  632 58 45 49  
  633 49 45 36  
  634 49 36 44  
  635 200 225 227  
  636 227 225 244  
  637 226 201 227  
  638 225 204 228  
  639 225 228 252  
  640 357 376 369  
  641 357 369 350  
  642 350 369 365  
  643 365 369 383  
  644 350 365 344  
  645 344 365 353  
  646 383 369 389  
  647 383 389 402  
  648 365 383 386  
  649 353 365 372  
  650 344 353 335  
  651 45 55 41  
  652 45 41 34  
  653 324 336 343  
  654 262 273 281  
  655 262 281 270  
  656 270 281 289  
  657 270 289 280  
  658 270 280 250  
  659 262 270 248  
  660 280 289 302  
  661 248 270 250  
  662 248 250 223  
  663 262 248 240  
  664 240 248 223  
  665 262 240 253  
  666 253 240 232  
  667 232 240 216  
  668 216 240 223  
  669 216 223 193  
  670 232 216 197  
  671 197 216 193  
  672 232 197 218  
  673 299 313 320  
  674 299 320 307  
  675 299 307 286  
  676 72 81 65  
  677 72 65 57  
  678 65 81 71  
  679 346 331 327  
  680 103 105 123  
  681 224 198 223  
  682 224 223 250  
  683 280 292 263  
  684 109 90 102  
  685 292 299 274  
  686 230 234 210  
  687 90 72 85  
  688 336 354 343  
  689 251 230 245  
  690 212 224 236  
  691 22 15 19  
  692 472 465 455  
  693 472 455 468  
  694 360 345 340  
  695 289 301 309  
  696 441 424 439  
  697 198 193 223  
  698 335 353 356  
  699 375 362 360  
  700 318 337 325  
  701 397 377 390  
  702 6 4 3  
  703 172 186 209  
  704 55 51 41  
  705 345 327 326  
  706 225 252 244  
  707 244 252 268  
  708 378 375 394  
  709 394 375 392  
  710 392 375 382  
  711 105 125 123  
  712 344 335 320  
  713 227 244 255  
  714 408 418 397  
  715 251 271 256  
  716 218 242 232  
  717 277 261 259  
  718 165 174 188  
  719 282 267 261  
  720 261 267 245  
  721 261 245 241  
  722 241 245 222  
  723 261 241 259  
  724 259 241 238  
  725 238 241 220  
  726 259 238 257  
  727 220 241 222  
  728 220 222 199  
  729 199 222 205  
  730 220 199 195  
  731 238 220 217  
  732 257 238 239  
  733 259 257 275  
  734 205 222 230  
  735 199 205 178  
  736 195 199 176  
  737 220 195 217  
  738 217 195 190  
  739 275 257 283  
  740 178 205 187  
  741 176 199 178  
  742 238 217 239  
  743 259 275 277  
  744 277 275 295  
  745 295 275 294  
  746 294 275 283  
  747 295 294 310  
  748 310 294 304  
  749 295 310 314  
  750 195 176 175  
  751 205 230 210  
  752 425 435 415  
  753 181 162 158  
  754 359 379 367  
  755 269 287 288  
  756 298 307 319  
  757 319 307 335  
  758 267 251 245  
  759 435 446 464  
  760 320 333 344  
  761 311 319 328  
  762 234 218 210  
  763 210 218 192  
  764 192 218 197  
  765 210 192 187  
  766 331 314 327  
  767 54 64 69  
  768 195 175 190  
  769 160 151 173  
  770 90 85 102  
  771 415 406 425  
  772 109 102 121  
  773 345 326 340  
  774 222 245 230  
  775 389 407 402  
  776 57 69 72  
  777 151 137 129  
  778 64 50 66  
  779 263 250 280  
  780 178 187 155  
  781 407 396 415  
  782 409 392 401  
  783 250 236 224  
  784 187 205 210  
  785 49 57 65  
  786 326 327 310  
  787 129 117 109  
  788 129 109 121  
  789 129 121 143  
  790 143 121 135  
  791 129 143 151  
  792 151 143 169  
  793 169 143 164  
  794 151 169 173  
  795 173 169 197  
  796 164 143 135  
  797 164 135 155  
  798 164 155 187  
  799 169 164 192  
  800 135 121 115  
  801 115 121 102  
  802 135 115 133  
  803 65 58 49  
  804 85 72 69  
  805 175 176 153  
  806 133 115 112  
  807 135 133 155  
  808 153 176 156  
  809 112 115 96  
  810 133 112 131  
  811 156 176 178  
  812 96 115 102  
  813 133 131 156  
  814 153 156 131  
  815 131 112 110  
  816 110 112 93  
  817 131 110 120  
  818 93 112 96  
  819 110 93 100  
  820 93 96 80  
  821 80 96 85  
  822 93 80 76  
  823 76 80 64  
  824 93 82 100  
  825 160 173 193  
  826 193 173 197  
  827 178 155 156  
  828 175 153 166  
  829 175 166 190  
  830 415 435 432  
  831 239 260 257  
  832 257 260 283  
  833 448 432 435  
  834 448 435 464  
  835 237 231 206  
  836 206 231 221  
  837 66 82 76  
  838 76 82 93  
  839 401 420 409  
  840 328 316 311  
  841 328 319 342  
  842 19 27 31  
  843 31 27 39  
  844 323 340 326  
  845 323 326 310  
  846 386 372 365  
  847 211 209 186  
  848 144 166 153  
  849 488 483 481  
  850 279 252 266  
  851 279 266 288  
  852 7 10 6  
  853 283 304 294  
  854 416 402 407  
  855 416 407 432  
  856 221 215 196  
  857 100 120 110  
  858 303 288 287  
  859 303 287 316  
  860 39 52 50  
  861 50 52 66  
  862 361 382 360  
  863 361 360 340  
  864 356 342 335  
  865 190 214 217  
  866 217 214 239  
  867 476 464 463  
  868 255 226 227  
  869 3 7 6  
  870 420 439 424  
  871 372 356 353  
  872 483 473 481  
  873 268 255 244  
  874 12 19 15  
  875 304 323 310  
  876 402 386 383  
  877 215 211 183  
  878 120 144 131  
  879 382 401 392  
  880 246 237 226  
  881 246 226 255  
  882 69 64 80  
  883 102 85 96  
  884 407 415 432  
  885 85 69 80  
  886 327 314 310  
  887 320 335 307  
  888 375 360 382  
  889 187 192 164  
  890 192 197 169  
  891 156 155 133  
  892 76 64 66  
  893 153 131 144  
  894 319 335 342  
  END_ELEMENTS  
  COORDINATES  
   1   9.000000e+00 -5.500000e+00   
   2   8.600000e+00 -5.500000e+00   
   3   9.000000e+00 -5.092593e+00   
   4   8.400000e+00 -5.149693e+00   
   5   8.200000e+00 -5.500000e+00   
   6   8.604218e+00 -4.800853e+00   
   7   9.000000e+00 -4.685185e+00   
   8   8.000000e+00 -5.149693e+00   
   9   8.200000e+00 -4.799385e+00   
   10   8.517703e+00 -4.460590e+00   
   11   7.800000e+00 -5.500000e+00   
   12   9.000000e+00 -4.277778e+00   
   13   7.804218e+00 -4.800853e+00   
   14   7.600000e+00 -5.149693e+00   
   15   8.610804e+00 -4.105154e+00   
   16   8.000810e+00 -4.449814e+00   
   17   7.400000e+00 -5.500000e+00   
   18   8.208092e+00 -4.105961e+00   
   19   9.000000e+00 -3.870370e+00   
   20   7.400000e+00 -4.799385e+00   
   21   7.596872e+00 -4.454165e+00   
   22   8.442195e+00 -3.776716e+00   
   23   7.806605e+00 -4.108895e+00   
   24   7.200000e+00 -5.149693e+00   
   25   7.000000e+00 -5.500000e+00   
   26   8.004789e+00 -3.757130e+00   
   27   9.000000e+00 -3.462963e+00   
   28   7.200810e+00 -4.449814e+00   
   29   7.004218e+00 -4.800853e+00   
   30   7.402689e+00 -4.101704e+00   
   31   8.615874e+00 -3.410412e+00   
   32   6.800000e+00 -5.149693e+00   
   33   8.213611e+00 -3.411267e+00   
   34   7.608138e+00 -3.753528e+00   
   35   6.600000e+00 -5.500000e+00   
   36   7.809644e+00 -3.405036e+00   
   37   6.804218e+00 -4.450546e+00   
   38   7.001868e+00 -4.099873e+00   
   39   9.000000e+00 -3.055556e+00   
   40   6.600000e+00 -4.799385e+00   
   41   7.203878e+00 -3.750485e+00   
   42   8.413998e+00 -3.060533e+00   
   43   6.400000e+00 -5.149693e+00   
   44   8.017030e+00 -3.057886e+00   
   45   7.404592e+00 -3.403349e+00   
   46   6.597871e+00 -4.103205e+00   
   47   6.200000e+00 -5.500000e+00   
   48   6.400000e+00 -4.449078e+00   
   49   7.612650e+00 -3.059473e+00   
   50   8.621851e+00 -2.714065e+00   
   51   6.799607e+00 -3.749836e+00   
   52   9.000000e+00 -2.648148e+00   
   53   6.200000e+00 -4.799385e+00   
   54   8.217850e+00 -2.708910e+00   
   55   7.000644e+00 -3.399153e+00   
   56   6.000000e+00 -5.149693e+00   
   57   7.813816e+00 -2.708676e+00   
   58   7.204651e+00 -3.052330e+00   
   59   6.203369e+00 -4.104341e+00   
   60   6.399611e+00 -3.753467e+00   
   61   5.995782e+00 -4.450546e+00   
   62   6.596429e+00 -3.401359e+00   
   63   5.800000e+00 -5.500000e+00   
   64   8.452809e+00 -2.328837e+00   
   65   7.404205e+00 -2.700632e+00   
   66   9.000000e+00 -2.240741e+00   
   67   5.804218e+00 -4.800853e+00   
   68   6.802298e+00 -3.056490e+00   
   69   8.016036e+00 -2.358486e+00   
   70   5.600000e+00 -5.149693e+00   
   71   6.999852e+00 -2.704121e+00   
   72   7.603645e+00 -2.355883e+00   
   73   5.995753e+00 -3.757907e+00   
   74   5.799716e+00 -4.100551e+00   
   75   6.192241e+00 -3.406492e+00   
   76   8.632721e+00 -1.969440e+00   
   77   5.604768e+00 -4.451170e+00   
   78   6.400677e+00 -3.060644e+00   
   79   5.400000e+00 -5.500000e+00   
   80   8.228397e+00 -1.981379e+00   
   81   7.199567e+00 -2.352540e+00   
   82   9.000000e+00 -1.833333e+00   
   83   5.400000e+00 -4.799385e+00   
   84   6.597864e+00 -2.708278e+00   
   85   7.807665e+00 -2.006722e+00   
   86   5.200000e+00 -5.149693e+00   
   87   5.799059e+00 -3.405080e+00   
   88   5.593490e+00 -3.752811e+00   
   89   6.795236e+00 -2.355911e+00   
   90   7.403271e+00 -2.004969e+00   
   91   5.396078e+00 -4.105629e+00   
   92   5.996908e+00 -3.055481e+00   
   93   8.528107e+00 -1.628210e+00   
   94   5.200810e+00 -4.449814e+00   
   95   6.202484e+00 -2.707525e+00   
   96   8.015886e+00 -1.637195e+00   
   97   5.000000e+00 -5.500000e+00   
   98   7.000416e+00 -2.008037e+00   
   99   5.004218e+00 -4.800853e+00   
   100   9.000000e+00 -1.425926e+00   
   101   6.400842e+00 -2.357595e+00   
   102   7.603566e+00 -1.653658e+00   
   103   5.396265e+00 -3.404576e+00   
   104   5.195585e+00 -3.754939e+00   
   105   5.598100e+00 -3.054521e+00   
   106   4.800000e+00 -5.149693e+00   
   107   6.596543e+00 -2.006449e+00   
   108   4.993756e+00 -4.104862e+00   
   109   7.199176e+00 -1.656206e+00   
   110   8.612033e+00 -1.269122e+00   
   111   5.798347e+00 -2.704694e+00   
   112   8.207710e+00 -1.281074e+00   
   113   4.796872e+00 -4.454165e+00   
   114   5.996912e+00 -2.359812e+00   
   115   7.803393e+00 -1.293007e+00   
   116   4.600000e+00 -5.500000e+00   
   117   6.794074e+00 -1.666813e+00   
   118   4.600000e+00 -4.799385e+00   
   119   6.192699e+00 -2.011485e+00   
   120   9.000000e+00 -1.018519e+00   
   121   7.399164e+00 -1.304632e+00   
   122   4.992519e+00 -3.408514e+00   
   123   5.190975e+00 -3.056254e+00   
   124   4.789656e+00 -3.755884e+00   
   125   5.394202e+00 -2.705580e+00   
   126   4.400000e+00 -5.149693e+00   
   127   4.590145e+00 -4.107506e+00   
   128   5.592784e+00 -2.367137e+00   
   129   7.001695e+00 -1.319837e+00   
   130   6.390253e+00 -1.658687e+00   
   131   8.477189e+00 -8.480650e-01   
   132   4.403128e+00 -4.454165e+00   
   133   7.974939e+00 -8.808280e-01   
   134   5.789431e+00 -2.014004e+00   
   135   7.582970e+00 -9.370066e-01   
   136   4.200000e+00 -5.500000e+00   
   137   6.597386e+00 -1.314037e+00   
   138   4.195782e+00 -4.800853e+00   
   139   4.786355e+00 -3.061143e+00   
   140   5.988876e+00 -1.662444e+00   
   141   4.590293e+00 -3.414314e+00   
   142   4.990464e+00 -2.709307e+00   
   143   7.187038e+00 -9.621831e-01   
   144   9.000000e+00 -6.111111e-01   
   145   4.383133e+00 -3.760754e+00   
   146   5.191355e+00 -2.359078e+00   
   147   4.188332e+00 -4.114511e+00   
   148   4.000000e+00 -5.149693e+00   
   149   5.399101e+00 -2.012871e+00   
   150   6.195284e+00 -1.315353e+00   
   151   6.799539e+00 -9.638457e-01   
   152   3.999190e+00 -4.449814e+00   
   153   8.464808e+00 -4.026381e-01   
   154   5.595283e+00 -1.663132e+00   
   155   7.717799e+00 -5.087280e-01   
   156   8.060572e+00 -4.170869e-01   
   157   3.800000e+00 -5.500000e+00   
   158   4.391289e+00 -3.062396e+00   
   159   4.587488e+00 -2.713409e+00   
   160   6.395188e+00 -9.643898e-01   
   161   3.800000e+00 -4.799385e+00   
   162   4.186653e+00 -3.411069e+00   
   163   4.789967e+00 -2.364970e+00   
   164   7.309448e+00 -5.190594e-01   
   165   5.791467e+00 -1.312481e+00   
   166   9.000000e+00 -2.037037e-01   
   167   3.992399e+00 -3.761996e+00   
   168   4.994878e+00 -2.019776e+00   
   169   6.930763e+00 -5.683136e-01   
   170   3.788650e+00 -4.110051e+00   
   171   5.191669e+00 -1.666622e+00   
   172   3.600000e+00 -5.149693e+00   
   173   6.583784e+00 -6.309629e-01   
   174   5.995867e+00 -9.636190e-01   
   175   8.654351e+00 -4.531888e-02   
   176   8.250193e+00 -5.979161e-02   
   177   5.387663e+00 -1.316765e+00   
   178   7.834657e+00 -6.682262e-02   
   179   4.183798e+00 -2.715000e+00   
   180   4.385846e+00 -2.363184e+00   
   181   3.979805e+00 -3.063703e+00   
   182   3.400000e+00 -5.500000e+00   
   183   3.481548e+00 -4.461556e+00   
   184   3.783041e+00 -3.416879e+00   
   185   4.591190e+00 -2.013559e+00   
   186   3.395782e+00 -4.800853e+00   
   187   7.430240e+00 -6.603126e-02   
   188   5.585850e+00 -9.643354e-01   
   189   4.787448e+00 -1.673744e+00   
   190   9.000000e+00  2.037037e-01   
   191   3.555466e+00 -3.780418e+00   
   192   7.047958e+00 -1.297247e-01   
   193   6.195425e+00 -4.769038e-01   
   194   4.984048e+00 -1.320483e+00   
   195   8.464882e+00  2.755577e-01   
   196   3.365133e+00 -4.100035e+00   
   197   6.598006e+00 -1.813617e-01   
   198   5.789911e+00 -6.170818e-01   
   199   8.036560e+00  2.833041e-01   
   200   3.983388e+00 -2.366940e+00   
   201   3.779809e+00 -2.714463e+00   
   202   5.182629e+00 -9.683314e-01   
   203   3.583570e+00 -3.065828e+00   
   204   4.187487e+00 -2.020054e+00   
   205   7.633381e+00  2.836649e-01   
   206   3.381493e+00 -3.415386e+00   
   207   4.385970e+00 -1.668454e+00   
   208   3.000000e+00 -5.500000e+00   
   209   3.000000e+00 -5.092593e+00   
   210   7.207528e+00  2.772092e-01   
   211   3.000000e+00 -4.685185e+00   
   212   5.387149e+00 -6.200075e-01   
   213   4.591325e+00 -1.320822e+00   
   214   9.000000e+00  6.111111e-01   
   215   3.000000e+00 -4.277778e+00   
   216   6.206311e+00 -3.380203e-02   
   217   8.626171e+00  6.346493e-01   
   218   6.811763e+00  2.792083e-01   
   219   4.787384e+00 -9.703453e-01   
   220   8.222018e+00  6.367995e-01   
   221   3.000000e+00 -3.870370e+00   
   222   7.839249e+00  6.303230e-01   
   223   5.821372e+00 -1.018864e-01   
   224   5.511189e+00 -2.928174e-01   
   225   3.783514e+00 -2.015853e+00   
   226   3.375850e+00 -2.719332e+00   
   227   3.550315e+00 -2.344953e+00   
   228   3.981672e+00 -1.672046e+00   
   229   4.983222e+00 -6.190356e-01   
   230   7.415369e+00  6.241045e-01   
   231   3.000000e+00 -3.462963e+00   
   232   6.401307e+00  2.804436e-01   
   233   4.187068e+00 -1.327882e+00   
   234   7.011350e+00  6.308314e-01   
   235   4.383632e+00 -9.745601e-01   
   236   5.180285e+00 -2.680744e-01   
   237   3.000000e+00 -3.055556e+00   
   238   8.424928e+00  9.851425e-01   
   239   9.000000e+00  1.018519e+00   
   240   6.015446e+00  3.106982e-01   
   241   8.025947e+00  9.890377e-01   
   242   6.607584e+00  6.281846e-01   
   243   4.579326e+00 -6.241236e-01   
   244   3.379331e+00 -2.012390e+00   
   245   7.622260e+00  9.715676e-01   
   246   3.000000e+00 -2.648148e+00   
   247   3.783560e+00 -1.320441e+00   
   248   5.683560e+00  3.291804e-01   
   249   4.777956e+00 -2.798668e-01   
   250   5.368881e+00  1.500028e-01   
   251   7.217898e+00  9.766409e-01   
   252   3.472575e+00 -1.658193e+00   
   253   6.203841e+00  6.332617e-01   
   254   3.979396e+00 -9.820373e-01   
   255   3.000000e+00 -2.240741e+00   
   256   6.805005e+00  9.778993e-01   
   257   8.614823e+00  1.340748e+00   
   258   4.175629e+00 -6.285468e-01   
   259   8.212098e+00  1.322640e+00   
   260   9.000000e+00  1.425926e+00   
   261   7.807704e+00  1.329094e+00   
   262   5.800192e+00  6.526044e-01   
   263   4.916397e+00  1.505809e-01   
   264   6.412270e+00  9.790813e-01   
   265   4.373639e+00 -2.760490e-01   
   266   3.379950e+00 -1.327364e+00   
   267   7.415978e+00  1.329033e+00   
   268   3.000000e+00 -1.833333e+00   
   269   3.578281e+00 -9.757772e-01   
   270   5.450614e+00  6.062932e-01   
   271   7.012511e+00  1.324825e+00   
   272   3.784305e+00 -6.286426e-01   
   273   6.019901e+00  9.917715e-01   
   274   4.533553e+00  1.209950e-01   
   275   8.447320e+00  1.701711e+00   
   276   6.609077e+00  1.331492e+00   
   277   8.015328e+00  1.675992e+00   
   278   3.979881e+00 -2.782874e-01   
   279   3.000000e+00 -1.425926e+00   
   280   5.018753e+00  6.267430e-01   
   281   5.616042e+00  9.766223e-01   
   282   7.611747e+00  1.682714e+00   
   283   9.000000e+00  1.833333e+00   
   284   6.208045e+00  1.327246e+00   
   285   7.207583e+00  1.674540e+00   
   286   4.152869e+00  9.512205e-02   
   287   3.380046e+00 -6.234204e-01   
   288   3.000000e+00 -1.018519e+00   
   289   5.212059e+00  9.652256e-01   
   290   6.819575e+00  1.675722e+00   
   291   3.576216e+00 -2.827177e-01   
   292   4.614756e+00  6.163048e-01   
   293   5.803804e+00  1.333289e+00   
   294   8.639237e+00  2.039569e+00   
   295   8.221011e+00  2.024044e+00   
   296   7.816741e+00  2.027397e+00   
   297   6.415328e+00  1.670580e+00   
   298   3.770973e+00  6.731655e-02   
   299   4.291341e+00  5.162612e-01   
   300   7.415767e+00  2.020419e+00   
   301   5.405269e+00  1.320193e+00   
   302   4.806627e+00  9.707272e-01   
   303   3.000000e+00 -6.111111e-01   
   304   9.000000e+00  2.240741e+00   
   305   6.011796e+00  1.679968e+00   
   306   7.014571e+00  2.029110e+00   
   307   3.872601e+00  4.694136e-01   
   308   6.613665e+00  2.022864e+00   
   309   5.001148e+00  1.324447e+00   
   310   8.527853e+00  2.398018e+00   
   311   3.367480e+00  6.261969e-02   
   312   5.610908e+00  1.661827e+00   
   313   4.408145e+00  9.623418e-01   
   314   8.017591e+00  2.377226e+00   
   315   7.614233e+00  2.372384e+00   
   316   3.000000e+00 -2.037037e-01   
   317   6.209628e+00  2.015714e+00   
   318   7.212906e+00  2.366658e+00   
   319   3.424736e+00  3.783337e-01   
   320   4.042459e+00  9.117639e-01   
   321   5.207958e+00  1.671667e+00   
   322   4.600003e+00  1.317517e+00   
   323   9.000000e+00  2.648148e+00   
   324   5.805538e+00  2.012768e+00   
   325   6.798125e+00  2.366623e+00   
   326   8.619982e+00  2.747032e+00   
   327   8.215726e+00  2.735426e+00   
   328   3.000000e+00  2.037037e-01   
   329   6.404268e+00  2.368480e+00   
   330   4.804599e+00  1.662635e+00   
   331   7.811398e+00  2.725071e+00   
   332   5.401874e+00  2.007197e+00   
   333   4.198910e+00  1.307566e+00   
   334   7.408702e+00  2.720263e+00   
   335   3.537358e+00  8.558373e-01   
   336   6.006235e+00  2.363507e+00   
   337   7.005486e+00  2.713572e+00   
   338   4.400872e+00  1.654244e+00   
   339   5.001619e+00  2.014719e+00   
   340   9.000000e+00  3.055556e+00   
   341   6.602268e+00  2.720194e+00   
   342   3.000000e+00  6.111111e-01   
   343   5.593492e+00  2.361847e+00   
   344   3.794614e+00  1.307365e+00   
   345   8.407574e+00  3.091184e+00   
   346   8.004471e+00  3.080014e+00   
   347   6.201321e+00  2.717363e+00   
   348   7.600587e+00  3.068212e+00   
   349   4.597554e+00  2.006922e+00   
   350   3.997202e+00  1.657241e+00   
   351   5.196978e+00  2.362275e+00   
   352   7.197647e+00  3.063896e+00   
   353   3.363199e+00  1.251057e+00   
   354   5.798610e+00  2.710154e+00   
   355   6.813265e+00  3.063863e+00   
   356   3.000000e+00  1.018519e+00   
   357   4.201638e+00  2.006040e+00   
   358   4.793926e+00  2.360146e+00   
   359   6.410061e+00  3.059699e+00   
   360   8.596548e+00  3.448477e+00   
   361   9.000000e+00  3.462963e+00   
   362   8.192677e+00  3.432411e+00   
   363   5.395264e+00  2.714120e+00   
   364   7.794362e+00  3.401594e+00   
   365   3.484022e+00  1.647638e+00   
   366   7.390789e+00  3.412253e+00   
   367   5.998961e+00  3.059564e+00   
   368   4.398816e+00  2.356787e+00   
   369   3.804187e+00  1.996499e+00   
   370   7.011644e+00  3.416117e+00   
   371   4.993298e+00  2.711024e+00   
   372   3.000000e+00  1.425926e+00   
   373   5.603759e+00  3.059422e+00   
   374   6.608071e+00  3.412191e+00   
   375   8.428010e+00  3.787485e+00   
   376   3.994864e+00  2.353078e+00   
   377   4.589038e+00  2.708645e+00   
   378   7.966498e+00  3.766266e+00   
   379   6.204396e+00  3.407780e+00   
   380   7.599408e+00  3.755116e+00   
   381   5.199224e+00  3.056250e+00   
   382   9.000000e+00  3.870370e+00   
   383   3.375868e+00  2.011678e+00   
   384   7.207950e+00  3.769530e+00   
   385   5.800719e+00  3.411925e+00   
   386   3.000000e+00  1.833333e+00   
   387   4.185770e+00  2.699313e+00   
   388   6.803747e+00  3.762043e+00   
   389   3.556300e+00  2.330327e+00   
   390   4.795411e+00  3.063093e+00   
   391   5.399066e+00  3.407491e+00   
   392   8.608356e+00  4.103453e+00   
   393   6.400024e+00  3.758152e+00   
   394   8.203979e+00  4.103934e+00   
   395   7.805530e+00  4.102383e+00   
   396   3.783551e+00  2.695340e+00   
   397   4.379299e+00  3.054193e+00   
   398   6.008538e+00  3.758023e+00   
   399   7.403750e+00  4.108385e+00   
   400   4.996120e+00  3.405616e+00   
   401   9.000000e+00  4.277778e+00   
   402   3.000000e+00  2.240741e+00   
   403   7.000000e+00  4.104490e+00   
   404   5.604607e+00  3.752596e+00   
   405   6.596250e+00  4.108385e+00   
   406   3.981200e+00  3.047617e+00   
   407   3.379333e+00  2.684629e+00   
   408   4.593526e+00  3.411460e+00   
   409   8.517176e+00  4.460769e+00   
   410   5.200640e+00  3.752806e+00   
   411   8.003681e+00  4.454797e+00   
   412   6.204065e+00  4.108534e+00   
   413   7.600000e+00  4.450546e+00   
   414   7.196319e+00  4.454797e+00   
   415   3.576868e+00  3.042886e+00   
   416   3.000000e+00  2.648148e+00   
   417   5.800286e+00  4.104174e+00   
   418   4.189259e+00  3.412518e+00   
   419   4.796549e+00  3.757011e+00   
   420   9.000000e+00  4.685185e+00   
   421   6.803681e+00  4.454797e+00   
   422   5.404404e+00  4.101618e+00   
   423   6.400000e+00  4.450546e+00   
   424   8.604218e+00  4.800853e+00   
   425   3.793933e+00  3.409707e+00   
   426   8.200000e+00  4.799385e+00   
   427   4.393003e+00  3.761691e+00   
   428   7.795782e+00  4.800853e+00   
   429   5.996319e+00  4.454797e+00   
   430   5.000241e+00  4.099140e+00   
   431   7.404218e+00  4.800853e+00   
   432   3.000000e+00  3.055556e+00   
   433   7.000000e+00  4.799385e+00   
   434   5.603128e+00  4.454165e+00   
   435   3.389652e+00  3.404219e+00   
   436   3.989112e+00  3.763169e+00   
   437   4.596072e+00  4.100127e+00   
   438   6.595782e+00  4.800853e+00   
   439   9.000000e+00  5.092593e+00   
   440   5.199190e+00  4.449814e+00   
   441   8.400000e+00  5.149693e+00   
   442   6.204218e+00  4.800853e+00   
   443   8.000000e+00  5.149693e+00   
   444   7.600000e+00  5.149693e+00   
   445   4.194154e+00  4.111145e+00   
   446   3.558731e+00  3.776301e+00   
   447   5.800000e+00  4.799385e+00   
   448   3.000000e+00  3.462963e+00   
   449   4.800000e+00  4.449078e+00   
   450   7.200000e+00  5.149693e+00   
   451   6.800000e+00  5.149693e+00   
   452   5.395782e+00  4.800853e+00   
   453   3.791712e+00  4.102596e+00   
   454   6.400000e+00  5.149693e+00   
   455   4.395782e+00  4.450546e+00   
   456   9.000000e+00  5.500000e+00   
   457   8.600000e+00  5.500000e+00   
   458   8.200000e+00  5.500000e+00   
   459   5.000000e+00  4.799385e+00   
   460   6.000000e+00  5.149693e+00   
   461   7.800000e+00  5.500000e+00   
   462   7.400000e+00  5.500000e+00   
   463   3.387975e+00  4.107746e+00   
   464   3.000000e+00  3.870370e+00   
   465   3.991515e+00  4.452040e+00   
   466   5.600000e+00  5.149693e+00   
   467   7.000000e+00  5.500000e+00   
   468   4.600000e+00  4.799385e+00   
   469   6.600000e+00  5.500000e+00   
   470   5.200000e+00  5.149693e+00   
   471   6.200000e+00  5.500000e+00   
   472   4.195782e+00  4.800853e+00   
   473   3.479098e+00  4.462233e+00   
   474   4.800000e+00  5.149693e+00   
   475   5.800000e+00  5.500000e+00   
   476   3.000000e+00  4.277778e+00   
   477   3.792407e+00  4.803823e+00   
   478   5.400000e+00  5.500000e+00   
   479   4.400000e+00  5.149693e+00   
   480   5.000000e+00  5.500000e+00   
   481   3.390077e+00  4.806459e+00   
   482   4.000000e+00  5.149693e+00   
   483   3.000000e+00  4.685185e+00   
   484   4.600000e+00  5.500000e+00   
   485   3.600000e+00  5.149693e+00   
   486   4.200000e+00  5.500000e+00   
   487   3.800000e+00  5.500000e+00   
   488   3.000000e+00  5.092593e+00   
   489   3.400000e+00  5.500000e+00   
   490   3.000000e+00  5.500000e+00   
  END_COORDINATES
  BOUNDARIES, ELEMENT
    1         208     182         1     
    2         209     208         1     
    3         47     35         2     
    4         457     458         3     
    5         478     480         4     
    6         116     97         5     
    7         11     5         6     
    8         467     469         7     
    9         487     489         8     
    10         157     136         9     
    11         25     17         10     
    12         461     462         11     
    13         484     486         12     
    14         79     63         13     
    15         2     1         14     
    16         1     3         14     
    17         471     475         15     
    18         182     157         16     
    19         35     25         17     
    20         458     461         18     
    21         480     484         19     
    22         97     79         20     
    23         5     2         21     
    24         469     471         22     
    25         489     490         23     
    26         490     488         23     
    27         136     116         24     
    28         17     11         25     
    29         462     467         26     
    30         486     487         27     
    31         63     47         28     
    32         439     456         29     
    33         456     457         29     
    34         475     478         30     
    35         279     268         552     
    36         7     12         590     
    37         483     476         625     
    38         82     100         824     
    39         166     190         829     
    40         239     260         831     
    41         260     283         832     
    42         448     432         833     
    43         464     448         834     
    44         237     231         835     
    45         231     221         836     
    46         66     82         837     
    47         401     420         839     
    48         328     316         840     
    49         342     328         841     
    50         19     27         842     
    51         27     39         843     
    52         323     340         844     
    53         386     372         846     
    54         211     209         847     
    55         144     166         848     
    56         488     483         849     
    57         288     279         851     
    58         283     304         853     
    59         416     402         854     
    60         432     416         855     
    61         221     215         856     
    62         100     120         857     
    63         303     288         858     
    64         316     303         859     
    65         39     52         860     
    66         52     66         861     
    67         361     382         862     
    68         340     361         863     
    69         356     342         864     
    70         190     214         865     
    71         214     239         866     
    72         476     464         867     
    73         3     7         869     
    74         420     439         870     
    75         372     356         871     
    76         268     255         873     
    77         12     19         874     
    78         304     323         875     
    79         402     386         876     
    80         215     211         877     
    81         120     144         878     
    82         382     401         879     
    83         246     237         880     
    84         255     246         881     
  END_BOUNDARIES
  MATERIALS, NUMBER= 1, DEFAULT=1
  END_MATERIALS
  SUBDOMAINS
  END_SUBDOMAINS
  CHARACTERISTICS
  END_CHARACTERISTICS
