  NODES_PER_ELEMENT
   1 4
   2 4
   3 4
   4 4
   5 4
   6 4
   7 4
   8 4
   9 4
   10 4
   11 4
   12 4
   13 4
   14 4
   15 4
   16 4
   17 4
   18 4
   19 4
   20 4
   21 4
   22 4
   23 4
   24 4
   25 4
   26 4
   27 4
   28 4
   29 4
   30 4
   31 4
   32 4
   33 4
   34 4
   35 4
   36 4
   37 4
   38 4
   39 4
   40 4
   41 4
   42 4
   43 4
   44 4
   45 4
   46 4
   47 4
   48 4
   49 4
   50 4
   51 4
   52 4
   53 4
   54 4
   55 4
   56 4
   57 4
   58 4
   59 4
   60 4
   61 4
   62 4
   63 4
   64 4
   65 4
   66 4
   67 4
   68 4
   69 4
   70 4
   71 4
   72 4
   73 4
   74 4
   75 4
   76 4
   77 4
   78 4
   79 4
   80 4
   81 4
   82 4
   83 4
   84 4
   85 4
   86 4
   87 4
   88 4
   89 4
   90 4
   91 4
   92 4
   93 4
   94 4
   95 4
   96 4
   97 4
   98 4
   99 4
   100 4
   101 4
   102 4
   103 4
   104 4
   105 4
   106 4
   107 4
   108 4
   109 4
   110 4
   111 4
   112 4
   113 4
   114 4
   115 4
   116 4
   117 4
   118 4
   119 4
   120 4
   121 4
   122 4
   123 4
   124 4
   125 4
   126 4
   127 4
   128 4
   129 4
   130 4
   131 4
   132 4
   133 4
   134 4
   135 4
   136 4
   137 4
   138 4
   139 4
   140 4
   141 4
   142 4
   143 4
   144 4
   145 4
   146 4
   147 4
   148 4
   149 4
   150 4
   151 4
   152 4
   153 4
   154 4
   155 4
   156 4
   157 4
   158 4
   159 4
   160 4
   161 4
   162 4
   163 4
   164 4
   165 4
   166 4
   167 4
   168 4
   169 4
   170 4
   171 4
   172 4
   173 4
   174 4
   175 4
   176 4
   177 4
   178 4
   179 4
   180 4
   181 4
   182 4
   183 4
   184 4
   185 4
   186 4
   187 4
   188 4
   189 4
   190 4
   191 4
   192 4
   193 4
   194 4
   195 4
   196 4
   197 4
   198 4
   199 4
   200 4
   201 4
   202 4
   203 4
   204 4
   205 4
   206 4
   207 4
   208 4
   209 4
   210 4
   211 4
   212 4
   213 4
   214 4
   215 4
   216 4
   217 4
   218 4
   219 4
   220 4
   221 4
   222 4
   223 4
   224 4
   225 4
   226 4
   227 4
   228 4
   229 4
   230 4
   231 4
   232 4
   233 4
   234 4
   235 4
   236 4
   237 4
   238 4
   239 4
   240 4
   241 4
   242 4
   243 4
   244 4
   245 4
   246 4
   247 4
   248 4
   249 4
   250 4
   251 4
   252 4
   253 4
   254 4
   255 4
   256 4
   257 4
   258 4
   259 4
   260 4
   261 4
   262 4
   263 4
   264 4
   265 4
   266 4
   267 4
   268 4
   269 4
   270 4
   271 4
   272 4
   273 4
   274 4
   275 4
   276 4
   277 4
   278 4
   279 4
   280 4
   281 4
   282 4
   283 4
   284 4
   285 4
   286 4
   287 4
   288 4
   289 4
   290 4
   291 4
   292 4
   293 4
   294 4
   295 4
   296 4
   297 4
   298 4
   299 4
   300 4
   301 4
   302 4
   303 4
   304 4
   305 4
   306 4
   307 4
   308 4
   309 4
   310 4
   311 4
   312 4
   313 4
   314 4
   315 4
   316 4
   317 4
   318 4
   319 4
   320 4
   321 4
   322 4
   323 4
   324 4
   325 4
   326 4
   327 4
   328 4
   329 4
   330 4
   331 4
   332 4
   333 4
   334 4
   335 4
   336 4
   337 4
   338 4
   339 4
   340 4
   341 4
   342 4
   343 4
   344 4
   345 4
   346 4
   347 4
   348 4
   349 4
   350 4
   351 4
   352 4
   353 4
   354 4
   355 4
   356 4
   357 4
   358 4
   359 4
   360 4
   361 4
   362 4
   363 4
   364 4
   365 4
   366 4
   367 4
   368 4
   369 4
   370 4
   371 4
   372 4
   373 4
   374 4
   375 4
   376 4
   377 4
   378 4
   379 4
   380 4
   381 4
   382 4
   383 4
   384 4
   385 4
   386 4
   387 4
   388 4
   389 4
   390 4
   391 4
   392 4
   393 4
   394 4
   395 4
   396 4
   397 4
   398 4
   399 4
   400 4
   401 4
   402 4
   403 4
   404 4
   405 4
   406 4
   407 4
   408 4
   409 4
   410 4
   411 4
   412 4
   413 4
   414 4
   415 4
   416 4
   417 4
   418 4
   419 4
   420 4
   421 4
   422 4
   423 4
   424 4
   425 4
   426 4
   427 4
   428 4
   429 4
   430 4
   431 4
   432 4
   433 4
   434 4
   435 4
   436 4
   437 4
   438 4
   439 4
   440 4
   441 4
   442 4
   443 4
   444 4
   445 4
   446 4
   447 4
   448 4
   449 4
   450 4
   451 4
   452 4
   453 4
   454 4
   455 4
   456 4
   457 4
   458 4
   459 4
   460 4
   461 4
   462 4
   463 4
   464 4
   465 4
   466 4
   467 4
   468 4
   469 4
   470 4
   471 4
   472 4
   473 4
   474 4
   475 4
   476 4
   477 4
   478 4
   479 4
   480 4
   481 4
   482 4
   483 4
   484 4
   485 4
   486 4
   487 4
   488 4
   489 4
   490 4
   491 4
   492 4
   493 4
   494 4
   495 4
   496 4
   497 4
   498 4
   499 4
   500 4
   501 4
   502 4
   503 4
   504 4
   505 4
   506 4
   507 4
   508 4
   509 4
   510 4
   511 4
   512 4
   513 4
   514 4
   515 4
   516 4
   517 4
   518 4
   519 4
   520 4
   521 4
   522 4
   523 4
   524 4
   525 4
   526 4
   527 4
   528 4
   529 4
   530 4
   531 4
   532 4
   533 4
   534 4
   535 4
   536 4
   537 4
   538 4
   539 4
   540 4
   541 4
   542 4
   543 4
   544 4
   545 4
   546 4
   547 4
   548 4
   549 4
   550 4
   551 4
   552 4
   553 4
   554 4
   555 4
   556 4
   557 4
   558 4
   559 4
   560 4
   561 4
   562 4
   563 4
   564 4
   565 4
   566 4
   567 4
   568 4
   569 4
   570 4
   571 4
   572 4
   573 4
   574 4
   575 4
   576 4
   577 4
   578 4
   579 4
   580 4
   581 4
   582 4
   583 4
   584 4
   585 4
   586 4
   587 4
   588 4
   589 4
   590 4
   591 4
   592 4
   593 4
   594 4
   595 4
   596 4
   597 4
   598 4
   599 4
   600 4
   601 4
   602 4
   603 4
   604 4
   605 4
   606 4
   607 4
   608 4
   609 4
   610 4
   611 4
   612 4
   613 4
   614 4
   615 4
   616 4
   617 4
   618 4
   619 4
   620 4
   621 4
   622 4
   623 4
   624 4
   625 4
   626 4
   627 4
   628 4
   629 4
   630 4
   631 4
   632 4
   633 4
   634 4
   635 4
   636 4
   637 4
   638 4
   639 4
   640 4
   641 4
   642 4
   643 4
   644 4
   645 4
   646 4
   647 4
   648 4
   649 4
   650 4
   651 4
   652 4
   653 4
   654 4
   655 4
   656 4
   657 4
   658 4
   659 4
   660 4
   661 4
   662 4
   663 4
   664 4
   665 4
   666 4
   667 4
   668 4
   669 4
   670 4
   671 4
   672 4
   673 4
   674 4
   675 4
   676 4
   677 4
   678 4
   679 4
   680 4
   681 4
   682 4
   683 4
   684 4
   685 4
   686 4
   687 4
   688 4
   689 4
   690 4
   691 4
   692 4
   693 4
   694 4
   695 4
   696 4
   697 4
   698 4
   699 4
   700 4
   701 4
   702 4
   703 4
   704 4
   705 4
   706 4
   707 4
   708 4
   709 4
   710 4
   711 4
   712 4
   713 4
   714 4
   715 4
   716 4
   717 4
   718 4
   719 4
   720 4
   721 4
   722 4
   723 4
   724 4
   725 4
   726 4
   727 4
   728 4
   729 4
   730 4
   731 4
   732 4
   733 4
   734 4
   735 4
   736 4
   737 4
   738 4
   739 4
   740 4
   741 4
   742 4
   743 4
   744 4
   745 4
   746 4
   747 4
   748 4
   749 4
   750 4
   751 4
   752 4
   753 4
   754 4
   755 4
   756 4
   757 4
   758 4
   759 4
   760 4
   761 4
   762 4
   763 4
   764 4
   765 4
   766 4
   767 4
   768 4
   769 4
   770 4
   771 4
   772 4
   773 4
   774 4
   775 4
   776 4
   777 4
   778 4
   779 4
   780 4
   781 4
   782 4
   783 4
   784 4
   785 4
   786 4
   787 4
   788 4
   789 4
   790 4
   791 4
   792 4
   793 4
   794 4
   795 4
   796 4
   797 4
   798 4
   799 4
   800 4
   801 4
   802 4
   803 4
   804 4
   805 4
   806 4
   807 4
   808 4
   809 4
   810 4
   811 4
   812 4
   813 4
   814 4
   815 4
   816 4
   817 4
   818 4
   819 4
   820 4
   821 4
   822 4
   823 4
   824 4
   825 4
   826 4
   827 4
   828 4
   829 4
   830 4
   831 4
   832 4
   833 4
   834 4
   835 4
   836 4
   837 4
   838 4
   839 4
   840 4
   841 4
   842 4
   843 4
   844 4
   845 4
   846 4
   847 4
   848 4
   849 4
   850 4
   851 4
   852 4
   853 4
   854 4
   855 4
   856 4
   857 4
   858 4
   859 4
   860 4
   861 4
   862 4
  END_NODES_PER_ELEMENT
  ELEMENTS
  1 155 150 139 148  
  2 163 155 148 159  
  3 169 163 159 168  
  4 60 66 71 72  
  5 182 169 168 179  
  6 54 60 72 68  
  7 49 54 68 58  
  8 42 49 58 47  
  9 33 42 47 37  
  10 25 33 37 28  
  11 21 25 28 22  
  12 17 21 22 16  
  13 13 17 16 11  
  14 67 56 57 70  
  15 56 46 43 57  
  16 196 182 179 190  
  17 75 70 57 59  
  18 77 75 59 64  
  19 83 77 64 74  
  20 85 83 74 80  
  21 90 85 80 87  
  22 96 90 87 95  
  23 102 96 95 101  
  24 109 102 101 110  
  25 119 109 110 121  
  26 129 119 121 131  
  27 139 129 131 138  
  28 7 13 11 8  
  29 213 196 190 206  
  30 231 213 206 225  
  31 254 231 225 248  
  32 2 1 3 4  
  33 3 7 8 4  
  34 6 2 4 5  
  35 10 6 5 9  
  36 18 14 12 15  
  37 12 11 16 15  
  38 20 18 15 19  
  39 23 20 19 24  
  40 27 23 24 29  
  41 30 27 29 32  
  42 36 30 32 38  
  43 39 36 38 45  
  44 43 39 45 50  
  45 57 43 50 59  
  46 286 254 248 273  
  47 315 286 273 305  
  48 342 315 305 332  
  49 364 342 332 356  
  50 387 364 356 379  
  51 409 387 379 403  
  52 430 409 403 425  
  53 453 430 425 449  
  54 476 453 449 471  
  55 499 476 471 493  
  56 526 499 493 517  
  57 559 526 517 548  
  58 584 559 548 576  
  59 608 584 576 601  
  60 630 608 601 623  
  61 653 630 623 646  
  62 678 653 646 667  
  63 701 678 667 695  
  64 724 701 695 719  
  65 755 724 719 745  
  66 780 755 745 774  
  67 803 780 774 797  
  68 824 803 797 819  
  69 849 824 819 839  
  70 866 849 839 863  
  71 884 866 863 881  
  72 898 884 881 894  
  73 909 898 894 904  
  74 918 909 904 913  
  75 921 918 913 914  
  76 925 921 914 916  
  77 928 925 916 920  
  78 930 928 920 924  
  79 929 930 924 922  
  80 927 929 922 919  
  81 926 927 919 915  
  82 923 926 915 912  
  83 917 923 912 906  
  84 911 917 906 901  
  85 903 911 901 892  
  86 899 903 892 886  
  87 889 899 886 875  
  88 883 889 875 868  
  89 870 883 868 856  
  90 864 870 856 850  
  91 853 864 850 837  
  92 844 853 837 826  
  93 833 844 826 814  
  94 817 833 814 801  
  95 804 817 801 787  
  96 790 804 787 770  
  97 772 790 770 751  
  98 752 772 751 727  
  99 732 752 727 706  
  100 709 732 706 690  
  101 694 709 690 671  
  102 669 694 671 651  
  103 648 669 651 635  
  104 629 648 635 614  
  105 609 629 614 595  
  106 590 609 595 574  
  107 562 590 574 547  
  108 532 562 547 519  
  109 505 532 519 494  
  110 479 505 494 474  
  111 457 479 474 451  
  112 434 457 451 429  
  113 415 434 429 407  
  114 393 415 407 383  
  115 371 393 383 362  
  116 347 371 362 340  
  117 319 347 340 314  
  118 290 319 314 288  
  119 262 290 288 257  
  120 234 262 257 232  
  121 212 234 232 209  
  122 193 212 209 192  
  123 171 193 192 174  
  124 149 171 174 153  
  125 125 149 153 130  
  126 106 125 130 112  
  127 93 106 112 97  
  128 82 93 97 86  
  129 148 139 138 144  
  130 159 148 144 151  
  131 10 9 12 14  
  132 138 131 135 144  
  133 11 12 9 8  
  134 8 9 5 4  
  135 15 16 22 19  
  136 24 19 22 26  
  137 131 121 124 135  
  138 29 24 26 31  
  139 32 29 31 35  
  140 38 32 35 40  
  141 45 38 40 48  
  142 121 110 115 124  
  143 110 101 103 115  
  144 101 95 92 103  
  145 95 87 84 92  
  146 87 80 73 84  
  147 80 74 62 73  
  148 50 45 48 55  
  149 59 50 55 64  
  150 74 64 55 62  
  151 168 159 151 162  
  152 179 168 162 172  
  153 190 179 172 184  
  154 82 86 68 72  
  155 924 920 910 922  
  156 913 904 905 914  
  157 916 914 905 908  
  158 920 916 908 910  
  159 904 894 891 905  
  160 894 881 878 891  
  161 881 863 857 878  
  162 863 839 836 857  
  163 839 819 815 836  
  164 206 190 184 200  
  165 919 922 910 907  
  166 819 797 795 815  
  167 797 774 767 795  
  168 774 745 737 767  
  169 745 719 707 737  
  170 719 695 684 707  
  171 695 667 662 684  
  172 667 646 639 662  
  173 646 623 617 639  
  174 623 601 593 617  
  175 601 576 567 593  
  176 576 548 536 567  
  177 548 517 508 536  
  178 517 493 482 508  
  179 493 471 458 482  
  180 471 449 437 458  
  181 449 425 418 437  
  182 425 403 396 418  
  183 403 379 373 396  
  184 915 919 907 902  
  185 379 356 350 373  
  186 225 206 200 220  
  187 356 332 322 350  
  188 332 305 291 322  
  189 305 273 263 291  
  190 248 225 220 239  
  191 273 248 239 263  
  192 22 28 34 26  
  193 31 26 34 41  
  194 28 37 44 34  
  195 37 47 53 44  
  196 47 58 65 53  
  197 58 68 81 65  
  198 912 915 902 900  
  199 906 912 900 897  
  200 901 906 897 888  
  201 892 901 888 882  
  202 886 892 882 871  
  203 875 886 871 865  
  204 868 875 865 852  
  205 856 868 852 842  
  206 850 856 842 830  
  207 837 850 830 821  
  208 826 837 821 811  
  209 814 826 811 799  
  210 801 814 799 785  
  211 787 801 785 768  
  212 770 787 768 750  
  213 751 770 750 726  
  214 727 751 726 705  
  215 706 727 705 689  
  216 690 706 689 672  
  217 671 690 672 654  
  218 651 671 654 636  
  219 635 651 636 619  
  220 614 635 619 600  
  221 595 614 600 580  
  222 574 595 580 558  
  223 547 574 558 530  
  224 519 547 530 504  
  225 494 519 504 481  
  226 474 494 481 461  
  227 451 474 461 445  
  228 429 451 445 424  
  229 407 429 424 402  
  230 383 407 402 380  
  231 362 383 380 359  
  232 340 362 359 335  
  233 314 340 335 310  
  234 288 314 310 282  
  235 257 288 282 256  
  236 232 257 256 233  
  237 209 232 233 214  
  238 192 209 214 195  
  239 174 192 195 178  
  240 153 174 178 160  
  241 130 153 160 136  
  242 112 130 136 116  
  243 97 112 116 104  
  244 86 97 104 91  
  245 68 86 91 81  
  246 151 144 135 143  
  247 162 151 143 152  
  248 172 162 152 165  
  249 905 891 895 908  
  250 910 908 895 896  
  251 62 55 48 52  
  252 48 40 41 52  
  253 135 124 133 143  
  254 184 172 165 180  
  255 124 115 117 133  
  256 115 103 105 117  
  257 103 92 94 105  
  258 92 84 79 94  
  259 84 73 61 79  
  260 73 62 52 61  
  261 907 910 896 893  
  262 902 907 893 890  
  263 900 902 890 887  
  264 897 900 887 885  
  265 888 897 885 877  
  266 200 184 180 194  
  267 220 200 194 208  
  268 239 220 208 230  
  269 882 888 877 869  
  270 871 882 869 859  
  271 865 871 859 851  
  272 852 865 851 838  
  273 842 852 838 828  
  274 830 842 828 816  
  275 821 830 816 807  
  276 811 821 807 796  
  277 799 811 796 783  
  278 891 878 876 895  
  279 263 239 230 251  
  280 34 44 51 41  
  281 52 41 51 61  
  282 878 857 854 876  
  283 857 836 832 854  
  284 836 815 812 832  
  285 785 799 783 766  
  286 768 785 766 749  
  287 750 768 749 725  
  288 815 795 793 812  
  289 291 263 251 280  
  290 322 291 280 313  
  291 350 322 313 339  
  292 373 350 339 363  
  293 396 373 363 385  
  294 418 396 385 408  
  295 437 418 408 432  
  296 458 437 432 455  
  297 482 458 455 478  
  298 508 482 478 500  
  299 536 508 500 529  
  300 567 536 529 561  
  301 593 567 561 589  
  302 617 593 589 612  
  303 639 617 612 633  
  304 662 639 633 656  
  305 684 662 656 680  
  306 707 684 680 702  
  307 795 767 778 793  
  308 737 707 702 723  
  309 767 737 723 753  
  310 726 750 725 708  
  311 705 726 708 691  
  312 689 705 691 674  
  313 672 689 674 657  
  314 654 672 657 638  
  315 636 654 638 621  
  316 619 636 621 604  
  317 600 619 604 587  
  318 580 600 587 566  
  319 558 580 566 540  
  320 530 558 540 515  
  321 504 530 515 496  
  322 481 504 496 475  
  323 461 481 475 454  
  324 445 461 454 433  
  325 424 445 433 411  
  326 402 424 411 395  
  327 380 402 395 375  
  328 359 380 375 354  
  329 335 359 354 331  
  330 310 335 331 307  
  331 282 310 307 279  
  332 256 282 279 255  
  333 233 256 255 235  
  334 214 233 235 217  
  335 195 214 217 198  
  336 178 195 198 183  
  337 160 178 183 166  
  338 136 160 166 146  
  339 116 136 146 126  
  340 104 116 126 111  
  341 91 104 111 98  
  342 81 91 98 89  
  343 65 81 89 78  
  344 44 53 63 51  
  345 53 65 78 63  
  346 152 143 133 142  
  347 165 152 142 157  
  348 180 165 157 170  
  349 194 180 170 186  
  350 208 194 186 204  
  351 230 208 204 224  
  352 133 117 127 142  
  353 251 230 224 247  
  354 896 895 876 880  
  355 753 723 720 743  
  356 767 753 771 778  
  357 723 702 698 720  
  358 793 778 771 791  
  359 280 251 247 272  
  360 812 793 791 809  
  361 313 280 272 306  
  362 339 313 306 333  
  363 61 51 63 79  
  364 363 339 333 358  
  365 385 363 358 382  
  366 408 385 382 404  
  367 432 408 404 426  
  368 455 432 426 450  
  369 478 455 450 473  
  370 500 478 473 497  
  371 529 500 497 524  
  372 561 529 524 554  
  373 589 561 554 582  
  374 612 589 582 606  
  375 633 612 606 627  
  376 656 633 627 650  
  377 680 656 650 673  
  378 702 680 673 698  
  379 832 812 809 827  
  380 893 896 880 879  
  381 890 893 879 874  
  382 887 890 874 872  
  383 885 887 872 873  
  384 877 885 873 867  
  385 869 877 867 855  
  386 859 869 855 847  
  387 851 859 847 834  
  388 838 851 834 822  
  389 828 838 822 813  
  390 816 828 813 802  
  391 807 816 802 792  
  392 796 807 792 779  
  393 783 796 779 764  
  394 766 783 764 748  
  395 749 766 748 728  
  396 725 749 728 710  
  397 708 725 710 696  
  398 691 708 696 676  
  399 674 691 676 658  
  400 657 674 658 641  
  401 638 657 641 624  
  402 621 638 624 607  
  403 604 621 607 591  
  404 587 604 591 573  
  405 566 587 573 552  
  406 540 566 552 528  
  407 515 540 528 506  
  408 496 515 506 484  
  409 475 496 484 469  
  410 454 475 469 448  
  411 433 454 448 428  
  412 411 433 428 406  
  413 395 411 406 386  
  414 375 395 386 367  
  415 354 375 367 349  
  416 331 354 349 328  
  417 307 331 328 303  
  418 279 307 303 277  
  419 255 279 277 258  
  420 235 255 258 240  
  421 217 235 240 223  
  422 198 217 223 205  
  423 183 198 205 189  
  424 166 183 189 176  
  425 146 166 176 161  
  426 126 146 161 141  
  427 111 126 141 123  
  428 876 854 860 880  
  429 98 111 123 108  
  430 94 79 88 99  
  431 79 63 78 88  
  432 105 94 99 113  
  433 117 105 113 127  
  434 854 832 827 840  
  435 89 98 108 100  
  436 78 89 100 88  
  437 157 142 127 147  
  438 170 157 147 164  
  439 186 170 164 181  
  440 204 186 181 197  
  441 224 204 197 219  
  442 753 743 765 771  
  443 791 771 765 786  
  444 809 791 786 805  
  445 827 809 805 825  
  446 99 88 100 107  
  447 113 99 107 118  
  448 127 113 118 128  
  449 879 880 860 862  
  450 247 224 219 242  
  451 860 854 840 841  
  452 840 827 825 841  
  453 874 879 862 861  
  454 872 874 861 858  
  455 873 872 858 867  
  456 272 247 242 268  
  457 306 272 268 297  
  458 333 306 297 330  
  459 358 333 330 353  
  460 382 358 353 377  
  461 404 382 377 399  
  462 426 404 399 422  
  463 450 426 422 446  
  464 473 450 446 470  
  465 497 473 470 492  
  466 524 497 492 518  
  467 554 524 518 550  
  468 582 554 550 577  
  469 606 582 577 603  
  470 627 606 603 625  
  471 650 627 625 647  
  472 673 650 647 668  
  473 698 673 668 692  
  474 720 698 692 715  
  475 743 720 715 739  
  476 240 258 261 246  
  477 258 277 278 261  
  478 277 303 301 278  
  479 223 240 246 229  
  480 303 328 318 301  
  481 328 349 341 318  
  482 349 367 361 341  
  483 367 386 381 361  
  484 386 406 401 381  
  485 406 428 421 401  
  486 428 448 435 421  
  487 448 469 456 435  
  488 469 484 477 456  
  489 484 506 498 477  
  490 506 528 513 498  
  491 528 552 538 513  
  492 552 573 560 538  
  493 573 591 578 560  
  494 591 607 594 578  
  495 607 624 610 594  
  496 624 641 626 610  
  497 641 658 643 626  
  498 658 676 660 643  
  499 676 696 679 660  
  500 205 223 229 216  
  501 189 205 216 201  
  502 176 189 201 185  
  503 161 176 185 173  
  504 141 161 173 158  
  505 123 141 158 137  
  506 696 710 697 679  
  507 710 728 713 697  
  508 728 748 730 713  
  509 748 764 747 730  
  510 764 779 763 747  
  511 779 792 776 763  
  512 792 802 789 776  
  513 802 813 798 789  
  514 813 822 808 798  
  515 822 834 818 808  
  516 834 847 831 818  
  517 847 855 846 831  
  518 855 867 858 846  
  519 108 123 137 122  
  520 100 108 122 114  
  521 846 858 848 835  
  522 831 846 835 820  
  523 818 831 820 806  
  524 858 861 845 848  
  525 743 739 761 765  
  526 808 818 806 794  
  527 127 128 140 147  
  528 798 808 794 784  
  529 128 118 132 140  
  530 118 107 120 132  
  531 107 100 114 120  
  532 114 122 134 120  
  533 164 147 140 156  
  534 181 164 156 175  
  535 197 181 175 191  
  536 219 197 191 215  
  537 789 798 784 773  
  538 776 789 773 760  
  539 763 776 760 746  
  540 747 763 746 729  
  541 730 747 729 714  
  542 713 730 714 699  
  543 861 862 843 845  
  544 862 860 841 843  
  545 841 825 823 843  
  546 825 805 800 823  
  547 805 786 781 800  
  548 786 765 761 781  
  549 242 219 215 238  
  550 697 713 699 681  
  551 679 697 681 663  
  552 268 242 238 265  
  553 297 268 265 294  
  554 330 297 294 324  
  555 353 330 324 352  
  556 377 353 352 374  
  557 399 377 374 397  
  558 422 399 397 419  
  559 446 422 419 441  
  560 470 446 441 464  
  561 492 470 464 488  
  562 518 492 488 510  
  563 550 518 510 546  
  564 577 550 546 575  
  565 603 577 575 598  
  566 625 603 598 622  
  567 647 625 622 644  
  568 668 647 644 665  
  569 692 668 665 687  
  570 715 692 687 712  
  571 739 715 712 735  
  572 660 679 663 645  
  573 643 660 645 628  
  574 626 643 628 613  
  575 610 626 613 597  
  576 594 610 597 581  
  577 578 594 581 565  
  578 560 578 565 549  
  579 538 560 549 527  
  580 513 538 527 507  
  581 498 513 507 489  
  582 477 498 489 472  
  583 456 477 472 452  
  584 435 456 452 431  
  585 421 435 431 410  
  586 401 421 410 394  
  587 381 401 394 376  
  588 361 381 376 355  
  589 341 361 355 334  
  590 318 341 334 316  
  591 301 318 316 298  
  592 278 301 298 281  
  593 261 278 281 269  
  594 246 261 269 252  
  595 229 246 252 243  
  596 216 229 243 226  
  597 201 216 226 211  
  598 185 201 211 199  
  599 173 185 199 187  
  600 158 173 187 177  
  601 137 158 177 154  
  602 122 137 154 134  
  603 140 132 145 156  
  604 145 132 120 134  
  605 845 843 823 829  
  606 848 845 829 835  
  607 739 735 757 761  
  608 735 712 711 736  
  609 712 687 685 711  
  610 687 665 664 685  
  611 175 156 145 167  
  612 145 134 154 167  
  613 665 644 642 664  
  614 820 835 829 810  
  615 806 820 810 788  
  616 794 806 788 777  
  617 784 794 777 769  
  618 773 784 769 756  
  619 760 773 756 744  
  620 746 760 744 731  
  621 729 746 731 717  
  622 714 729 717 700  
  623 699 714 700 683  
  624 681 699 683 666  
  625 663 681 666 649  
  626 645 663 649 631  
  627 628 645 631 616  
  628 191 175 167 188  
  629 215 191 188 210  
  630 238 215 210 236  
  631 265 238 236 264  
  632 294 265 264 292  
  633 324 294 292 320  
  634 352 324 320 348  
  635 374 352 348 370  
  636 613 628 616 599  
  637 597 613 599 583  
  638 581 597 583 569  
  639 565 581 569 555  
  640 549 565 555 537  
  641 527 549 537 522  
  642 507 527 522 502  
  643 489 507 502 483  
  644 472 489 483 468  
  645 452 472 468 447  
  646 431 452 447 427  
  647 410 431 427 405  
  648 394 410 405 384  
  649 376 394 384 366  
  650 355 376 366 346  
  651 334 355 346 329  
  652 316 334 329 309  
  653 298 316 309 295  
  654 281 298 295 283  
  655 269 281 283 276  
  656 252 269 276 267  
  657 243 252 267 253  
  658 226 243 253 244  
  659 211 226 244 228  
  660 199 211 228 218  
  661 187 199 218 207  
  662 177 187 207 202  
  663 167 154 177 188  
  664 644 622 618 642  
  665 622 598 596 618  
  666 823 800 810 829  
  667 800 781 775 782  
  668 781 761 757 775  
  669 397 374 370 392  
  670 419 397 392 413  
  671 598 575 572 596  
  672 441 419 413 438  
  673 575 546 544 572  
  674 464 441 438 459  
  675 488 464 459 486  
  676 546 510 509 544  
  677 510 488 486 509  
  678 735 736 759 757  
  679 775 757 759 782  
  680 738 762 759 736  
  681 782 759 762 788  
  682 486 459 460 487  
  683 459 438 436 460  
  684 438 413 412 436  
  685 413 392 390 412  
  686 392 370 369 390  
  687 370 348 345 369  
  688 777 788 762 758  
  689 769 777 758 754  
  690 756 769 754 742  
  691 744 756 742 733  
  692 731 744 733 718  
  693 717 731 718 703  
  694 700 717 703 688  
  695 683 700 688 675  
  696 666 683 675 659  
  697 649 666 659 640  
  698 631 649 640 620  
  699 616 631 620 602  
  700 599 616 602 585  
  701 583 599 585 571  
  702 569 583 571 557  
  703 555 569 557 545  
  704 537 555 545 531  
  705 522 537 531 514  
  706 502 522 514 501  
  707 483 502 501 480  
  708 468 483 480 462  
  709 447 468 462 444  
  710 427 447 444 423  
  711 405 427 423 400  
  712 384 405 400 378  
  713 366 384 378 357  
  714 346 366 357 336  
  715 329 346 336 311  
  716 309 329 311 304  
  717 276 283 295 289  
  718 295 309 304 289  
  719 267 276 289 285  
  720 253 267 285 274  
  721 244 253 274 260  
  722 228 244 260 249  
  723 218 228 249 237  
  724 177 202 203 188  
  725 207 218 237 227  
  726 202 207 227 222  
  727 210 188 203 221  
  728 203 202 222 221  
  729 236 210 221 241  
  730 264 236 241 266  
  731 292 264 266 293  
  732 320 292 293 321  
  733 348 320 321 345  
  734 736 711 716 738  
  735 711 685 686 716  
  736 685 664 661 686  
  737 664 642 637 661  
  738 642 618 615 637  
  739 618 596 592 615  
  740 596 572 568 592  
  741 572 544 542 568  
  742 544 509 511 542  
  743 285 289 304 311  
  744 274 285 311 300  
  745 260 274 300 287  
  746 249 260 287 271  
  747 237 249 271 259  
  748 542 511 523 543  
  749 568 542 543 563  
  750 592 568 563 588  
  751 241 221 222 245  
  752 227 237 259 250  
  753 222 227 250 245  
  754 266 241 245 270  
  755 293 266 270 296  
  756 615 592 588 611  
  757 321 293 296 323  
  758 345 321 323 344  
  759 511 509 486 487  
  760 762 738 740 758  
  761 754 758 740 741  
  762 742 754 741 734  
  763 733 742 734 722  
  764 718 733 722 704  
  765 738 716 721 740  
  766 703 718 704 693  
  767 688 703 693 682  
  768 675 688 682 670  
  769 659 675 670 652  
  770 640 659 652 632  
  771 620 640 632 605  
  772 369 345 344 368  
  773 602 620 605 586  
  774 716 686 704 721  
  775 704 686 677 693  
  776 704 722 734 721  
  777 741 740 721 734  
  778 682 693 677 670  
  779 637 615 611 634  
  780 661 637 634 655  
  781 670 677 655 652  
  782 652 655 634 632  
  783 585 602 586 570  
  784 632 634 611 605  
  785 571 585 570 556  
  786 557 571 556 539  
  787 531 525 512 514  
  788 545 557 539 535  
  789 501 514 512 503  
  790 480 501 503 485  
  791 462 480 485 463  
  792 444 462 463 443  
  793 423 444 443 420  
  794 400 423 420 398  
  795 378 400 398 372  
  796 357 378 372 351  
  797 336 357 351 327  
  798 311 336 327 300  
  799 390 369 368 391  
  800 412 390 391 414  
  801 436 412 414 439  
  802 460 436 439 465  
  803 545 535 525 531  
  804 523 511 487 490  
  805 487 460 465 490  
  806 245 250 275 270  
  807 287 300 327 312  
  808 271 287 312 299  
  809 259 271 299 284  
  810 250 259 284 275  
  811 296 270 275 302  
  812 323 296 302 325  
  813 344 323 325 343  
  814 368 344 343 365  
  815 391 368 365 389  
  816 414 391 389 416  
  817 439 414 416 440  
  818 327 351 337 312  
  819 351 372 360 337  
  820 372 398 388 360  
  821 398 420 417 388  
  822 420 443 442 417  
  823 443 463 467 442  
  824 463 485 495 467  
  825 485 503 520 495  
  826 503 512 525 520  
  827 535 539 520 525  
  828 539 556 533 520  
  829 556 570 551 533  
  830 570 586 564 551  
  831 611 588 579 605  
  832 586 605 579 564  
  833 543 523 553 563  
  834 465 439 440 466  
  835 299 312 337 317  
  836 284 299 317 308  
  837 275 284 308 302  
  838 588 563 553 579  
  839 564 579 553 541  
  840 553 523 516 541  
  841 551 564 541 534  
  842 533 551 534 521  
  843 520 533 521 495  
  844 516 523 490 491  
  845 490 465 466 491  
  846 325 302 308 326  
  847 326 308 317 338  
  848 343 325 326 338  
  849 343 338 360 365  
  850 365 360 388 389  
  851 389 388 417 416  
  852 440 416 417 442  
  853 466 440 442 467  
  854 491 466 467 495  
  855 491 495 521 516  
  856 516 521 534 541  
  857 41 40 35 31  
  858 810 800 782 788  
  859 338 317 337 360  
  860 677 686 661 655  
  861 76 82 72 71  
  862 66 69 76 71  
  END_ELEMENTS  
  COORDINATES  
   1   5.556600e+00 -4.545000e+00   
   2   5.414450e+00 -4.402900e+00   
   3   5.559329e+00 -4.321816e+00   
   4   5.445279e+00 -4.257801e+00   
   5   5.356474e+00 -4.205098e+00   
   6   5.272300e+00 -4.260800e+00   
   7   5.561960e+00 -4.106656e+00   
   8   5.450901e+00 -4.103621e+00   
   9   5.351746e+00 -4.098737e+00   
   10   5.261866e+00 -4.113352e+00   
   11   5.444966e+00 -3.954994e+00   
   12   5.337458e+00 -3.974423e+00   
   13   5.564200e+00 -3.923500e+00   
   14   5.252600e+00 -3.982400e+00   
   15   5.300519e+00 -3.861562e+00   
   16   5.427294e+00 -3.822815e+00   
   17   5.569200e+00 -3.793300e+00   
   18   5.192900e+00 -3.883600e+00   
   19   5.244140e+00 -3.766956e+00   
   20   5.133200e+00 -3.820900e+00   
   21   5.589200e+00 -3.696200e+00   
   22   5.393448e+00 -3.685537e+00   
   23   5.062800e+00 -3.770200e+00   
   24   5.146467e+00 -3.702564e+00   
   25   5.637300e+00 -3.575100e+00   
   26   5.232910e+00 -3.610498e+00   
   27   4.984300e+00 -3.733500e+00   
   28   5.469640e+00 -3.537361e+00   
   29   5.046020e+00 -3.662603e+00   
   30   4.900400e+00 -3.712000e+00   
   31   5.092806e+00 -3.575746e+00   
   32   4.954777e+00 -3.645311e+00   
   33   5.708400e+00 -3.466900e+00   
   34   5.295199e+00 -3.482289e+00   
   35   4.998863e+00 -3.585866e+00   
   36   4.813900e+00 -3.706400e+00   
   37   5.556965e+00 -3.408178e+00   
   38   4.872094e+00 -3.624375e+00   
   39   4.727900e+00 -3.716900e+00   
   40   4.949006e+00 -3.536539e+00   
   41   5.092187e+00 -3.446500e+00   
   42   5.799500e+00 -3.374800e+00   
   43   4.645300e+00 -3.743200e+00   
   44   5.389596e+00 -3.340484e+00   
   45   4.770691e+00 -3.609250e+00   
   46   4.491500e+00 -3.906500e+00   
   47   5.665286e+00 -3.290553e+00   
   48   4.834160e+00 -3.495711e+00   
   49   5.907600e+00 -3.302700e+00   
   50   4.651135e+00 -3.602540e+00   
   51   5.199218e+00 -3.273012e+00   
   52   4.920675e+00 -3.370352e+00   
   53   5.503968e+00 -3.197318e+00   
   54   6.027800e+00 -3.253600e+00   
   55   4.696991e+00 -3.468402e+00   
   56   4.339850e+00 -3.894550e+00   
   57   4.436954e+00 -3.736768e+00   
   58   5.800713e+00 -3.181917e+00   
   59   4.495119e+00 -3.587286e+00   
   60   6.154900e+00 -3.229600e+00   
   61   5.000874e+00 -3.206012e+00   
   62   4.757442e+00 -3.334131e+00   
   63   5.311067e+00 -3.096044e+00   
   64   4.552218e+00 -3.444267e+00   
   65   5.647292e+00 -3.057610e+00   
   66   6.265100e+00 -3.228600e+00   
   67   4.188200e+00 -3.882600e+00   
   68   5.988590e+00 -3.078332e+00   
   69   6.363200e+00 -3.244600e+00   
   70   4.263437e+00 -3.723585e+00   
   71   6.248932e+00 -3.170346e+00   
   72   6.161749e+00 -3.127463e+00   
   73   4.806307e+00 -3.188168e+00   
   74   4.605795e+00 -3.309603e+00   
   75   4.338674e+00 -3.564570e+00   
   76   6.319947e+00 -3.154977e+00   
   77   4.410968e+00 -3.411777e+00   
   78   5.469239e+00 -2.928816e+00   
   79   5.071404e+00 -2.982050e+00   
   80   4.644496e+00 -3.183016e+00   
   81   5.813230e+00 -2.919264e+00   
   82   6.266100e+00 -3.043400e+00   
   83   4.474500e+00 -3.277500e+00   
   84   4.827009e+00 -3.025923e+00   
   85   4.510400e+00 -3.179600e+00   
   86   6.132108e+00 -2.917499e+00   
   87   4.655482e+00 -3.054695e+00   
   88   5.274268e+00 -2.790954e+00   
   89   5.641181e+00 -2.767647e+00   
   90   4.526000e+00 -3.076600e+00   
   91   5.981527e+00 -2.775174e+00   
   92   4.774404e+00 -2.875798e+00   
   93   6.435483e+00 -2.911900e+00   
   94   4.943803e+00 -2.791315e+00   
   95   4.633093e+00 -2.930891e+00   
   96   4.520500e+00 -2.972500e+00   
   97   6.295816e+00 -2.777330e+00   
   98   5.826015e+00 -2.627423e+00   
   99   5.103445e+00 -2.652364e+00   
   100   5.454220e+00 -2.591962e+00   
   101   4.587504e+00 -2.816437e+00   
   102   4.494300e+00 -2.871600e+00   
   103   4.699162e+00 -2.745809e+00   
   104   6.150861e+00 -2.637787e+00   
   105   4.829214e+00 -2.649549e+00   
   106   6.604867e+00 -2.780400e+00   
   107   5.239858e+00 -2.502175e+00   
   108   5.677496e+00 -2.471491e+00   
   109   4.448300e+00 -2.778100e+00   
   110   4.523462e+00 -2.717447e+00   
   111   6.004508e+00 -2.492576e+00   
   112   6.460915e+00 -2.643410e+00   
   113   4.962785e+00 -2.523826e+00   
   114   5.446284e+00 -2.423437e+00   
   115   4.612530e+00 -2.638240e+00   
   116   6.318974e+00 -2.505443e+00   
   117   4.715005e+00 -2.531442e+00   
   118   5.084246e+00 -2.410239e+00   
   119   4.384400e+00 -2.695800e+00   
   120   5.317522e+00 -2.354135e+00   
   121   4.449025e+00 -2.636797e+00   
   122   5.567110e+00 -2.324213e+00   
   123   5.862638e+00 -2.342367e+00   
   124   4.518432e+00 -2.557148e+00   
   125   6.774250e+00 -2.648900e+00   
   126   6.178519e+00 -2.362729e+00   
   127   4.834235e+00 -2.383153e+00   
   128   4.979355e+00 -2.338125e+00   
   129   4.305300e+00 -2.627900e+00   
   130   6.627242e+00 -2.513210e+00   
   131   4.369805e+00 -2.576792e+00   
   132   5.167260e+00 -2.278055e+00   
   133   4.590365e+00 -2.453969e+00   
   134   5.422095e+00 -2.212881e+00   
   135   4.419606e+00 -2.504197e+00   
   136   6.484706e+00 -2.376060e+00   
   137   5.722359e+00 -2.191016e+00   
   138   4.302525e+00 -2.542491e+00   
   139   4.214100e+00 -2.577400e+00   
   140   5.021980e+00 -2.222480e+00   
   141   6.038100e+00 -2.210661e+00   
   142   4.658475e+00 -2.322528e+00   
   143   4.467024e+00 -2.409427e+00   
   144   4.321734e+00 -2.480506e+00   
   145   5.253616e+00 -2.127828e+00   
   146   6.347198e+00 -2.238968e+00   
   147   4.863641e+00 -2.202608e+00   
   148   4.216847e+00 -2.488322e+00   
   149   6.943633e+00 -2.517400e+00   
   150   4.114600e+00 -2.546200e+00   
   151   4.347339e+00 -2.390853e+00   
   152   4.510787e+00 -2.288688e+00   
   153   6.791409e+00 -2.385294e+00   
   154   5.555707e+00 -2.048964e+00   
   155   4.105300e+00 -2.503700e+00   
   156   5.077664e+00 -2.071132e+00   
   157   4.699612e+00 -2.171562e+00   
   158   5.896187e+00 -2.044116e+00   
   159   4.226590e+00 -2.399218e+00   
   160   6.646103e+00 -2.253212e+00   
   161   6.214431e+00 -2.091202e+00   
   162   4.372930e+00 -2.277139e+00   
   163   4.105300e+00 -2.432412e+00   
   164   4.904182e+00 -2.038904e+00   
   165   4.543705e+00 -2.151201e+00   
   166   6.508140e+00 -2.120370e+00   
   167   5.350063e+00 -1.948374e+00   
   168   4.238030e+00 -2.292391e+00   
   169   4.105300e+00 -2.335817e+00   
   170   4.734362e+00 -2.014553e+00   
   171   7.113017e+00 -2.385900e+00   
   172   4.394263e+00 -2.146252e+00   
   173   6.091297e+00 -1.932428e+00   
   174   6.951362e+00 -2.258153e+00   
   175   5.138719e+00 -1.898479e+00   
   176   6.381644e+00 -1.980829e+00   
   177   5.729493e+00 -1.835899e+00   
   178   6.800159e+00 -2.131124e+00   
   179   4.248515e+00 -2.163538e+00   
   180   4.570159e+00 -1.998302e+00   
   181   4.946386e+00 -1.869375e+00   
   182   4.105300e+00 -2.207907e+00   
   183   6.659763e+00 -2.005975e+00   
   184   4.411967e+00 -1.995798e+00   
   185   6.269476e+00 -1.832493e+00   
   186   4.763496e+00 -1.849445e+00   
   187   5.986133e+00 -1.753014e+00   
   188   5.452209e+00 -1.718224e+00   
   189   6.535612e+00 -1.876297e+00   
   190   4.257005e+00 -2.010273e+00   
   191   5.189566e+00 -1.705479e+00   
   192   7.100862e+00 -2.130295e+00   
   193   7.282400e+00 -2.254400e+00   
   194   4.592335e+00 -1.836296e+00   
   195   6.943913e+00 -2.010855e+00   
   196   4.105300e+00 -2.043535e+00   
   197   4.979147e+00 -1.690673e+00   
   198   6.803077e+00 -1.893680e+00   
   199   6.178811e+00 -1.675341e+00   
   200   4.427602e+00 -1.833453e+00   
   201   6.428755e+00 -1.739290e+00   
   202   5.753985e+00 -1.608400e+00   
   203   5.593702e+00 -1.594827e+00   
   204   4.789732e+00 -1.678429e+00   
   205   6.675405e+00 -1.775087e+00   
   206   4.265209e+00 -1.841868e+00   
   207   5.944931e+00 -1.568389e+00   
   208   4.614147e+00 -1.667440e+00   
   209   7.223597e+00 -1.994764e+00   
   210   5.404085e+00 -1.498826e+00   
   211   6.341119e+00 -1.597122e+00   
   212   7.385367e+00 -2.101533e+00   
   213   4.105300e+00 -1.859490e+00   
   214   7.071554e+00 -1.888322e+00   
   215   5.199907e+00 -1.507211e+00   
   216   6.568814e+00 -1.651248e+00   
   217   6.930815e+00 -1.783532e+00   
   218   6.122517e+00 -1.508718e+00   
   219   4.999751e+00 -1.506502e+00   
   220   4.442369e+00 -1.663831e+00   
   221   5.580525e+00 -1.450830e+00   
   222   5.750077e+00 -1.427687e+00   
   223   6.803179e+00 -1.675818e+00   
   224   4.812156e+00 -1.500202e+00   
   225   4.274234e+00 -1.667370e+00   
   226   6.482017e+00 -1.521625e+00   
   227   5.922571e+00 -1.392691e+00   
   228   6.279043e+00 -1.446365e+00   
   229   6.695967e+00 -1.565100e+00   
   230   4.632153e+00 -1.491205e+00   
   231   4.105300e+00 -1.675445e+00   
   232   7.334654e+00 -1.857158e+00   
   233   7.184225e+00 -1.762633e+00   
   234   7.488333e+00 -1.948667e+00   
   235   7.043868e+00 -1.670699e+00   
   236   5.396673e+00 -1.305099e+00   
   237   6.087282e+00 -1.344776e+00   
   238   5.206227e+00 -1.318035e+00   
   239   4.456577e+00 -1.485534e+00   
   240   6.914811e+00 -1.577747e+00   
   241   5.575895e+00 -1.279583e+00   
   242   5.016509e+00 -1.321756e+00   
   243   6.612002e+00 -1.448924e+00   
   244   6.419552e+00 -1.382885e+00   
   245   5.746276e+00 -1.255467e+00   
   246   6.805844e+00 -1.482302e+00   
   247   4.832110e+00 -1.316523e+00   
   248   4.281291e+00 -1.484439e+00   
   249   6.242642e+00 -1.287706e+00   
   250   5.912209e+00 -1.223442e+00   
   251   4.651004e+00 -1.307962e+00   
   252   6.718309e+00 -1.384885e+00   
   253   6.551717e+00 -1.324085e+00   
   254   4.105300e+00 -1.491400e+00   
   255   7.144277e+00 -1.554840e+00   
   256   7.286824e+00 -1.634354e+00   
   257   7.436941e+00 -1.716246e+00   
   258   7.013063e+00 -1.475169e+00   
   259   6.071788e+00 -1.179007e+00   
   260   6.382517e+00 -1.232662e+00   
   261   6.898575e+00 -1.399668e+00   
   262   7.591300e+00 -1.795800e+00   
   263   4.471291e+00 -1.297354e+00   
   264   5.402143e+00 -1.121553e+00   
   265   5.218109e+00 -1.130496e+00   
   266   5.580107e+00 -1.106938e+00   
   267   6.666997e+00 -1.276803e+00   
   268   5.034137e+00 -1.132171e+00   
   269   6.811429e+00 -1.321290e+00   
   270   5.751020e+00 -1.085739e+00   
   271   6.221726e+00 -1.127021e+00   
   272   4.850349e+00 -1.126584e+00   
   273   4.288435e+00 -1.290930e+00   
   274   6.522439e+00 -1.184451e+00   
   275   5.911962e+00 -1.058295e+00   
   276   6.752393e+00 -1.244594e+00   
   277   7.094591e+00 -1.368420e+00   
   278   6.973219e+00 -1.309580e+00   
   279   7.231160e+00 -1.432712e+00   
   280   4.667847e+00 -1.116163e+00   
   281   6.876440e+00 -1.256013e+00   
   282   7.379026e+00 -1.499485e+00   
   283   6.817420e+00 -1.216717e+00   
   284   6.063181e+00 -1.019038e+00   
   285   6.653965e+00 -1.154303e+00   
   286   4.105300e+00 -1.288340e+00   
   287   6.368794e+00 -1.072828e+00   
   288   7.534062e+00 -1.569806e+00   
   289   6.742903e+00 -1.154497e+00   
   290   7.694267e+00 -1.642933e+00   
   291   4.482814e+00 -1.102297e+00   
   292   5.416003e+00 -9.399967e-01   
   293   5.594857e+00 -9.305272e-01   
   294   5.232874e+00 -9.428490e-01   
   295   6.823428e+00 -1.149543e+00   
   296   5.762524e+00 -9.184759e-01   
   297   5.049415e+00 -9.408755e-01   
   298   6.916023e+00 -1.168724e+00   
   299   6.209635e+00 -9.636836e-01   
   300   6.523806e+00 -1.028844e+00   
   301   7.033791e+00 -1.199850e+00   
   302   5.918684e+00 -9.032111e-01   
   303   7.165141e+00 -1.244331e+00   
   304   6.750223e+00 -1.070203e+00   
   305   4.295860e+00 -1.093589e+00   
   306   4.865085e+00 -9.326979e-01   
   307   7.309719e+00 -1.295908e+00   
   308   6.052616e+00 -8.749804e-01   
   309   6.832935e+00 -1.054491e+00   
   310   7.464934e+00 -1.354139e+00   
   311   6.683519e+00 -1.001461e+00   
   312   6.358565e+00 -9.038940e-01   
   313   4.680879e+00 -9.192379e-01   
   314   7.628249e+00 -1.419217e+00   
   315   4.105300e+00 -1.085280e+00   
   316   6.951827e+00 -1.056891e+00   
   317   6.182422e+00 -8.089493e-01   
   318   7.080782e+00 -1.076767e+00   
   319   7.797233e+00 -1.490067e+00   
   320   5.431504e+00 -7.565054e-01   
   321   5.612719e+00 -7.532252e-01   
   322   4.491763e+00 -9.021419e-01   
   323   5.785534e+00 -7.544264e-01   
   324   5.247608e+00 -7.559889e-01   
   325   5.936427e+00 -7.596661e-01   
   326   6.038133e+00 -7.697216e-01   
   327   6.520474e+00 -8.566363e-01   
   328   7.225649e+00 -1.109366e+00   
   329   6.835871e+00 -9.426957e-01   
   330   5.061883e+00 -7.476091e-01   
   331   7.381090e+00 -1.150725e+00   
   332   4.298996e+00 -8.914180e-01   
   333   4.875586e+00 -7.356369e-01   
   334   6.977568e+00 -9.275818e-01   
   335   7.544279e+00 -1.201466e+00   
   336   6.689500e+00 -8.226318e-01   
   337   6.332346e+00 -7.256247e-01   
   338   6.125356e+00 -6.745184e-01   
   339   4.687520e+00 -7.192958e-01   
   340   7.718693e+00 -1.261965e+00   
   341   7.126944e+00 -9.366633e-01   
   342   4.105300e+00 -8.822200e-01   
   343   5.983107e+00 -6.144396e-01   
   344   5.816143e+00 -5.861068e-01   
   345   5.634830e+00 -5.756968e-01   
   346   6.854091e+00 -7.913561e-01   
   347   7.900200e+00 -1.337200e+00   
   348   5.446241e+00 -5.721568e-01   
   349   7.284904e+00 -9.613152e-01   
   350   4.496668e+00 -7.017499e-01   
   351   6.517598e+00 -6.752206e-01   
   352   5.259870e+00 -5.645944e-01   
   353   5.072888e+00 -5.539439e-01   
   354   7.450039e+00 -9.966640e-01   
   355   7.014820e+00 -7.792911e-01   
   356   4.301266e+00 -6.894979e-01   
   357   6.702680e+00 -6.458929e-01   
   358   4.883745e+00 -5.363663e-01   
   359   7.621106e+00 -1.040745e+00   
   360   6.270800e+00 -5.144348e-01   
   361   7.176896e+00 -7.852514e-01   
   362   7.799178e+00 -1.093596e+00   
   363   4.692190e+00 -5.181093e-01   
   364   4.105300e+00 -6.791600e-01   
   365   6.050339e+00 -4.403153e-01   
   366   6.882939e+00 -6.285051e-01   
   367   7.346009e+00 -8.053965e-01   
   368   5.852108e+00 -4.040178e-01   
   369   5.656745e+00 -3.890374e-01   
   370   5.462945e+00 -3.824577e-01   
   371   7.981300e+00 -1.153760e+00   
   372   6.514646e+00 -4.807438e-01   
   373   4.499432e+00 -5.005365e-01   
   374   5.272334e+00 -3.716411e-01   
   375   7.518930e+00 -8.358572e-01   
   376   7.056801e+00 -6.215518e-01   
   377   5.081780e+00 -3.571810e-01   
   378   6.724566e+00 -4.654432e-01   
   379   4.302502e+00 -4.876558e-01   
   380   7.695888e+00 -8.738520e-01   
   381   7.229616e+00 -6.290193e-01   
   382   4.889769e+00 -3.378210e-01   
   383   7.877685e+00 -9.190285e-01   
   384   6.917433e+00 -4.596458e-01   
   385   4.696065e+00 -3.175637e-01   
   386   7.405175e+00 -6.440094e-01   
   387   4.105300e+00 -4.761000e-01   
   388   6.314109e+00 -2.657363e-01   
   389   6.095341e+00 -2.283689e-01   
   390   5.676526e+00 -1.938302e-01   
   391   5.881045e+00 -2.034599e-01   
   392   5.478196e+00 -1.866470e-01   
   393   8.062400e+00 -9.703200e-01   
   394   7.099067e+00 -4.602115e-01   
   395   7.583708e+00 -6.694392e-01   
   396   4.500336e+00 -3.002351e-01   
   397   5.282938e+00 -1.740081e-01   
   398   6.540581e+00 -2.748194e-01   
   399   5.089062e+00 -1.609050e-01   
   400   6.752405e+00 -2.831482e-01   
   401   7.279595e+00 -4.652644e-01   
   402   7.766460e+00 -7.031158e-01   
   403   4.304010e+00 -2.844890e-01   
   404   4.895488e+00 -1.414980e-01   
   405   6.952060e+00 -2.903947e-01   
   406   7.459478e+00 -4.789872e-01   
   407   7.954697e+00 -7.413229e-01   
   408   4.699977e+00 -1.166261e-01   
   409   4.105300e+00 -2.728400e-01   
   410   7.142441e+00 -2.943840e-01   
   411   7.643035e+00 -4.995971e-01   
   412   5.693860e+00  9.919919e-03   
   413   5.491463e+00  1.441276e-02   
   414   5.906132e+00  3.244888e-03   
   415   8.143500e+00 -7.868800e-01   
   416   6.125805e+00 -1.481112e-02   
   417   6.349712e+00 -4.532217e-02   
   418   4.501838e+00 -9.835114e-02   
   419   5.292160e+00  2.316055e-02   
   420   6.572490e+00 -7.450592e-02   
   421   7.322765e+00 -3.011069e-01   
   422   5.094944e+00  3.768535e-02   
   423   6.785393e+00 -9.957251e-02   
   424   7.831548e+00 -5.278493e-01   
   425   4.304319e+00 -8.175369e-02   
   426   4.898672e+00  5.749381e-02   
   427   6.985867e+00 -1.181914e-01   
   428   7.504691e+00 -3.124224e-01   
   429   8.026626e+00 -5.623678e-01   
   430   4.105300e+00 -6.958000e-02   
   431   7.174616e+00 -1.267872e-01   
   432   4.699019e+00  8.152441e-02   
   433   7.691839e+00 -3.282888e-01   
   434   8.224600e+00 -6.034400e-01   
   435   7.358271e+00 -1.338649e-01   
   436   5.707991e+00  2.176896e-01   
   437   4.500736e+00  1.026738e-01   
   438   5.501986e+00  2.220300e-01   
   439   5.923013e+00  2.112985e-01   
   440   6.145929e+00  1.961807e-01   
   441   5.299344e+00  2.269343e-01   
   442   6.379249e+00  1.628995e-01   
   443   6.603630e+00  1.205623e-01   
   444   6.821484e+00  8.141907e-02   
   445   7.883646e+00 -3.504200e-01   
   446   5.098536e+00  2.408022e-01   
   447   7.017784e+00  5.537023e-02   
   448   7.542063e+00 -1.417545e-01   
   449   4.302919e+00  1.197283e-01   
   450   4.898000e+00  2.574711e-01   
   451   8.086078e+00 -3.794783e-01   
   452   7.204750e+00  4.213274e-02   
   453   4.105300e+00  1.336800e-01   
   454   7.729001e+00 -1.527713e-01   
   455   4.697193e+00  2.811927e-01   
   456   7.389131e+00  3.453770e-02   
   457   8.305700e+00 -4.200000e-01   
   458   4.499725e+00  3.044727e-01   
   459   5.509146e+00  4.290832e-01   
   460   5.717036e+00  4.283893e-01   
   461   7.922542e+00 -1.670685e-01   
   462   6.857607e+00  2.586982e-01   
   463   6.645423e+00  3.123629e-01   
   464   5.304585e+00  4.303390e-01   
   465   5.936785e+00  4.241524e-01   
   466   6.167609e+00  4.071402e-01   
   467   6.413943e+00  3.761505e-01   
   468   7.052256e+00  2.245670e-01   
   469   7.571954e+00  3.146399e-02   
   470   5.101857e+00  4.411179e-01   
   471   4.302518e+00  3.211900e-01   
   472   7.237472e+00  2.054103e-01   
   473   4.898404e+00  4.594652e-01   
   474   8.120724e+00 -1.857365e-01   
   475   7.759559e+00  2.602642e-02   
   476   4.105300e+00  3.369400e-01   
   477   7.417830e+00  2.012896e-01   
   478   4.696870e+00  4.837442e-01   
   479   8.323320e+00 -2.089200e-01   
   480   6.906078e+00  4.269943e-01   
   481   7.950144e+00  1.957005e-02   
   482   4.500134e+00  5.065300e-01   
   483   7.090304e+00  3.848691e-01   
   484   7.596420e+00  2.048237e-01   
   485   6.707239e+00  4.964828e-01   
   486   5.508453e+00  6.416912e-01   
   487   5.716850e+00  6.460318e-01   
   488   5.303002e+00  6.430244e-01   
   489   7.267359e+00  3.658626e-01   
   490   5.944199e+00  6.477335e-01   
   491   6.189003e+00  6.273085e-01   
   492   5.100966e+00  6.503292e-01   
   493   4.302127e+00  5.236192e-01   
   494   8.145108e+00  1.167120e-02   
   495   6.478029e+00  6.172848e-01   
   496   7.779835e+00  2.068167e-01   
   497   4.897951e+00  6.649294e-01   
   498   7.441879e+00  3.646169e-01   
   499   4.105300e+00  5.402000e-01   
   500   4.696102e+00  6.860008e-01   
   501   6.959439e+00  5.680942e-01   
   502   7.125315e+00  5.330312e-01   
   503   6.810179e+00  6.314332e-01   
   504   7.970295e+00  2.078524e-01   
   505   8.340940e+00  2.160007e-03   
   506   7.616966e+00  3.755513e-01   
   507   7.291721e+00  5.184052e-01   
   508   4.499130e+00  7.077499e-01   
   509   5.499114e+00  8.500538e-01   
   510   5.298003e+00  8.497381e-01   
   511   5.705333e+00  8.573194e-01   
   512   6.888745e+00  6.929252e-01   
   513   7.458731e+00  5.233537e-01   
   514   6.995162e+00  6.759649e-01   
   515   7.797393e+00  3.857162e-01   
   516   6.176064e+00  8.363929e-01   
   517   4.302956e+00  7.264973e-01   
   518   5.097816e+00  8.560273e-01   
   519   8.160832e+00  2.115458e-01   
   520   6.696345e+00  7.640442e-01   
   521   6.387678e+00  8.267494e-01   
   522   7.141135e+00  6.638561e-01   
   523   5.934159e+00  8.934414e-01   
   524   4.893267e+00  8.692785e-01   
   525   6.863676e+00  7.697991e-01   
   526   4.105300e+00  7.434800e-01   
   527   7.299909e+00  6.625200e-01   
   528   7.631186e+00  5.409845e-01   
   529   4.693099e+00  8.875676e-01   
   530   7.983999e+00  3.972030e-01   
   531   6.993681e+00  7.758129e-01   
   532   8.358560e+00  2.132400e-01   
   533   6.550094e+00  9.044911e-01   
   534   6.346527e+00  9.488290e-01   
   535   6.875935e+00  8.464142e-01   
   536   4.497320e+00  9.076304e-01   
   537   7.139082e+00  7.822712e-01   
   538   7.462864e+00  6.758445e-01   
   539   6.792399e+00  8.958644e-01   
   540   7.806786e+00  5.623548e-01   
   541   6.211560e+00  9.981168e-01   
   542   5.671209e+00  1.039751e+00   
   543   5.819435e+00  1.037500e+00   
   544   5.484239e+00  1.046721e+00   
   545   6.974514e+00  8.720009e-01   
   546   5.286383e+00  1.051275e+00   
   547   8.174602e+00  4.106774e-01   
   548   4.301693e+00  9.278416e-01   
   549   7.294977e+00  7.949068e-01   
   550   5.087766e+00  1.058004e+00   
   551   6.444405e+00  1.025932e+00   
   552   7.630514e+00  7.018171e-01   
   553   6.030051e+00  1.081467e+00   
   554   4.887736e+00  1.069879e+00   
   555   7.114078e+00  8.967761e-01   
   556   6.686473e+00  1.004665e+00   
   557   6.914443e+00  9.668735e-01   
   558   7.990038e+00  5.847590e-01   
   559   4.105300e+00  9.467600e-01   
   560   7.448122e+00  8.259034e-01   
   561   4.691213e+00  1.087239e+00   
   562   8.376180e+00  4.243200e-01   
   563   5.858434e+00  1.169301e+00   
   564   6.304794e+00  1.136617e+00   
   565   7.260432e+00  9.327791e-01   
   566   7.804080e+00  7.344529e-01   
   567   4.495359e+00  1.107362e+00   
   568   5.675402e+00  1.212716e+00   
   569   7.056487e+00  1.021224e+00   
   570   6.576641e+00  1.132358e+00   
   571   6.831454e+00  1.084809e+00   
   572   5.479646e+00  1.236866e+00   
   573   7.614251e+00  8.618049e-01   
   574   8.183649e+00  6.097394e-01   
   575   5.282552e+00  1.246978e+00   
   576   4.300517e+00  1.128305e+00   
   577   5.081499e+00  1.256422e+00   
   578   7.420397e+00  9.710576e-01   
   579   6.125552e+00  1.255697e+00   
   580   7.983614e+00  7.705021e-01   
   581   7.212277e+00  1.068376e+00   
   582   4.885319e+00  1.269037e+00   
   583   6.985151e+00  1.152872e+00   
   584   4.105300e+00  1.150040e+00   
   585   6.735679e+00  1.222865e+00   
   586   6.441770e+00  1.276098e+00   
   587   7.786203e+00  9.065063e-01   
   588   5.912147e+00  1.337122e+00   
   589   4.689474e+00  1.286117e+00   
   590   8.393800e+00  6.354000e-01   
   591   7.582125e+00  1.023362e+00   
   592   5.697642e+00  1.392783e+00   
   593   4.494424e+00  1.306680e+00   
   594   7.369028e+00  1.127863e+00   
   595   8.172873e+00  8.087519e-01   
   596   5.486740e+00  1.426266e+00   
   597   7.145677e+00  1.213173e+00   
   598   5.282679e+00  1.443350e+00   
   599   6.901344e+00  1.298509e+00   
   600   7.965570e+00  9.551301e-01   
   601   4.299715e+00  1.327977e+00   
   602   6.626699e+00  1.377834e+00   
   603   5.082092e+00  1.455201e+00   
   604   7.753957e+00  1.081027e+00   
   605   6.256312e+00  1.464359e+00   
   606   4.884410e+00  1.467915e+00   
   607   7.535692e+00  1.188777e+00   
   608   4.105300e+00  1.353320e+00   
   609   8.368980e+00  8.452600e-01   
   610   7.307747e+00  1.283243e+00   
   611   5.966961e+00  1.530708e+00   
   612   4.688182e+00  1.483947e+00   
   613   7.068503e+00  1.370058e+00   
   614   8.152660e+00  1.005484e+00   
   615   5.723527e+00  1.582519e+00   
   616   6.810316e+00  1.459007e+00   
   617   4.493149e+00  1.505265e+00   
   618   5.502832e+00  1.614170e+00   
   619   7.936448e+00  1.139796e+00   
   620   6.514831e+00  1.552496e+00   
   621   7.711053e+00  1.254445e+00   
   622   5.290430e+00  1.636666e+00   
   623   4.299223e+00  1.530261e+00   
   624   7.477187e+00  1.356875e+00   
   625   5.084969e+00  1.651045e+00   
   626   7.236329e+00  1.447385e+00   
   627   4.884499e+00  1.664377e+00   
   628   6.988180e+00  1.535022e+00   
   629   8.344160e+00  1.055120e+00   
   630   4.105300e+00  1.556600e+00   
   631   6.723119e+00  1.627838e+00   
   632   6.218635e+00  1.702753e+00   
   633   4.688981e+00  1.682570e+00   
   634   5.973338e+00  1.733034e+00   
   635   8.126272e+00  1.202137e+00   
   636   7.895749e+00  1.325211e+00   
   637   5.739002e+00  1.776936e+00   
   638   7.654592e+00  1.434192e+00   
   639   4.493527e+00  1.706042e+00   
   640   6.451079e+00  1.738656e+00   
   641   7.408848e+00  1.529478e+00   
   642   5.514817e+00  1.807165e+00   
   643   7.160682e+00  1.619637e+00   
   644   5.297560e+00  1.829899e+00   
   645   6.909132e+00  1.704230e+00   
   646   4.298727e+00  1.731204e+00   
   647   5.089082e+00  1.846186e+00   
   648   8.319340e+00  1.264980e+00   
   649   6.652289e+00  1.797956e+00   
   650   4.888344e+00  1.861615e+00   
   651   8.090870e+00  1.400411e+00   
   652   6.192150e+00  1.889203e+00   
   653   4.105300e+00  1.759660e+00   
   654   7.841925e+00  1.512077e+00   
   655   5.979662e+00  1.924303e+00   
   656   4.690951e+00  1.881511e+00   
   657   7.588203e+00  1.613369e+00   
   658   7.335258e+00  1.707174e+00   
   659   6.399003e+00  1.905768e+00   
   660   7.083936e+00  1.790971e+00   
   661   5.756050e+00  1.981085e+00   
   662   4.495045e+00  1.906126e+00   
   663   6.836007e+00  1.872500e+00   
   664   5.519872e+00  2.007655e+00   
   665   5.300093e+00  2.025513e+00   
   666   6.591253e+00  1.957578e+00   
   667   4.298376e+00  1.932290e+00   
   668   5.092058e+00  2.038833e+00   
   669   8.294520e+00  1.474840e+00   
   670   6.185807e+00  2.041972e+00   
   671   8.044099e+00  1.596708e+00   
   672   7.778012e+00  1.700956e+00   
   673   4.891955e+00  2.054831e+00   
   674   7.514593e+00  1.796497e+00   
   675   6.358492e+00  2.051620e+00   
   676   7.256911e+00  1.883085e+00   
   677   6.013825e+00  2.101597e+00   
   678   4.105300e+00  1.962720e+00   
   679   7.006330e+00  1.963591e+00   
   680   4.693847e+00  2.077218e+00   
   681   6.765845e+00  2.034169e+00   
   682   6.197322e+00  2.145796e+00   
   683   6.531311e+00  2.106473e+00   
   684   4.499065e+00  2.105593e+00   
   685   5.520252e+00  2.212916e+00   
   686   5.785664e+00  2.215448e+00   
   687   5.301928e+00  2.217569e+00   
   688   6.312350e+00  2.180576e+00   
   689   7.701683e+00  1.885956e+00   
   690   7.973902e+00  1.789645e+00   
   691   7.434701e+00  1.977371e+00   
   692   5.100309e+00  2.227676e+00   
   693   6.104168e+00  2.224665e+00   
   694   8.269700e+00  1.684700e+00   
   695   4.300746e+00  2.133733e+00   
   696   7.174724e+00  2.058830e+00   
   697   6.928946e+00  2.127822e+00   
   698   4.900302e+00  2.244647e+00   
   699   6.694474e+00  2.189182e+00   
   700   6.466015e+00  2.247782e+00   
   701   4.105300e+00  2.165780e+00   
   702   4.703283e+00  2.271018e+00   
   703   6.238754e+00  2.297659e+00   
   704   5.981737e+00  2.365473e+00   
   705   7.616990e+00  2.071928e+00   
   706   7.892628e+00  1.979986e+00   
   707   4.508417e+00  2.306289e+00   
   708   7.348771e+00  2.155945e+00   
   709   8.178825e+00  1.879700e+00   
   710   7.090742e+00  2.226617e+00   
   711   5.487208e+00  2.406829e+00   
   712   5.297153e+00  2.402603e+00   
   713   6.849182e+00  2.286573e+00   
   714   6.616033e+00  2.336405e+00   
   715   5.106949e+00  2.409653e+00   
   716   5.688479e+00  2.425036e+00   
   717   6.389699e+00  2.377089e+00   
   718   6.158647e+00  2.422667e+00   
   719   4.307732e+00  2.338311e+00   
   720   4.916793e+00  2.429032e+00   
   721   5.854869e+00  2.486532e+00   
   722   6.011110e+00  2.480007e+00   
   723   4.728992e+00  2.467100e+00   
   724   4.105300e+00  2.368840e+00   
   725   7.256578e+00  2.326874e+00   
   726   7.526535e+00  2.254419e+00   
   727   7.805041e+00  2.169968e+00   
   728   7.002873e+00  2.390457e+00   
   729   6.538118e+00  2.471489e+00   
   730   6.765523e+00  2.437167e+00   
   731   6.309787e+00  2.500936e+00   
   732   8.087950e+00  2.074700e+00   
   733   6.110101e+00  2.530884e+00   
   734   5.947281e+00  2.547949e+00   
   735   5.298790e+00  2.576772e+00   
   736   5.470884e+00  2.584611e+00   
   737   4.528050e+00  2.513356e+00   
   738   5.650731e+00  2.595413e+00   
   739   5.125741e+00  2.583218e+00   
   740   5.801978e+00  2.607671e+00   
   741   5.896833e+00  2.615540e+00   
   742   6.035756e+00  2.618232e+00   
   743   4.950980e+00  2.610973e+00   
   744   6.235950e+00  2.611057e+00   
   745   4.316465e+00  2.544381e+00   
   746   6.454341e+00  2.597470e+00   
   747   6.679822e+00  2.576902e+00   
   748   6.911660e+00  2.545195e+00   
   749   7.160349e+00  2.493771e+00   
   750   7.426340e+00  2.429136e+00   
   751   7.709757e+00  2.356710e+00   
   752   7.997075e+00  2.269700e+00   
   753   4.767842e+00  2.654995e+00   
   754   5.941239e+00  2.691002e+00   
   755   4.105300e+00  2.571900e+00   
   756   6.139684e+00  2.709301e+00   
   757   5.308797e+00  2.735968e+00   
   758   5.813355e+00  2.737823e+00   
   759   5.464906e+00  2.753188e+00   
   760   6.358325e+00  2.711723e+00   
   761   5.157619e+00  2.749444e+00   
   762   5.646363e+00  2.765553e+00   
   763   6.584585e+00  2.703273e+00   
   764   6.817936e+00  2.687867e+00   
   765   4.993545e+00  2.776646e+00   
   766   7.060514e+00  2.652144e+00   
   767   4.568765e+00  2.744123e+00   
   768   7.321579e+00  2.599664e+00   
   769   6.022041e+00  2.799740e+00   
   770   7.600669e+00  2.535588e+00   
   771   4.831836e+00  2.810684e+00   
   772   7.906200e+00  2.464700e+00   
   773   6.256214e+00  2.816113e+00   
   774   4.329510e+00  2.757425e+00   
   775   5.317150e+00  2.857235e+00   
   776   6.486795e+00  2.822253e+00   
   777   5.872768e+00  2.885598e+00   
   778   4.699809e+00  2.843136e+00   
   779   6.717382e+00  2.816466e+00   
   780   4.109300e+00  2.774560e+00   
   781   5.205804e+00  2.909410e+00   
   782   5.437587e+00  2.918174e+00   
   783   6.957670e+00  2.799923e+00   
   784   6.135370e+00  2.916824e+00   
   785   7.213072e+00  2.762669e+00   
   786   5.038091e+00  2.944182e+00   
   787   7.486446e+00  2.711053e+00   
   788   5.663398e+00  2.975399e+00   
   789   6.374932e+00  2.931642e+00   
   790   7.780025e+00  2.643425e+00   
   791   4.866146e+00  2.967959e+00   
   792   6.612077e+00  2.938626e+00   
   793   4.703033e+00  2.981264e+00   
   794   5.992761e+00  3.018926e+00   
   795   4.529662e+00  2.961575e+00   
   796   6.850137e+00  2.933194e+00   
   797   4.323511e+00  2.966637e+00   
   798   6.250457e+00  3.038270e+00   
   799   7.101091e+00  2.914227e+00   
   800   5.304896e+00  3.086876e+00   
   801   7.369095e+00  2.881181e+00   
   802   6.495368e+00  3.051155e+00   
   803   4.113300e+00  2.977220e+00   
   804   7.653850e+00  2.822150e+00   
   805   5.079611e+00  3.119394e+00   
   806   5.835058e+00  3.130190e+00   
   807   6.734986e+00  3.055272e+00   
   808   6.121283e+00  3.144015e+00   
   809   4.892877e+00  3.139287e+00   
   810   5.529218e+00  3.169038e+00   
   811   6.984966e+00  3.051382e+00   
   812   4.717440e+00  3.157493e+00   
   813   6.370245e+00  3.160600e+00   
   814   7.248344e+00  3.037448e+00   
   815   4.528136e+00  3.164605e+00   
   816   6.615216e+00  3.172721e+00   
   817   7.527675e+00  3.000875e+00   
   818   5.979501e+00  3.255978e+00   
   819   4.324503e+00  3.172064e+00   
   820   5.702835e+00  3.269173e+00   
   821   6.862515e+00  3.176545e+00   
   822   6.239623e+00  3.268884e+00   
   823   5.265291e+00  3.303618e+00   
   824   4.117300e+00  3.179880e+00   
   825   5.078725e+00  3.300677e+00   
   826   7.121689e+00  3.174784e+00   
   827   4.910866e+00  3.308567e+00   
   828   6.488156e+00  3.285107e+00   
   829   5.447370e+00  3.340256e+00   
   830   6.736176e+00  3.296218e+00   
   831   5.842133e+00  3.380141e+00   
   832   4.745444e+00  3.349594e+00   
   833   7.401500e+00  3.179600e+00   
   834   6.102871e+00  3.379696e+00   
   835   5.599317e+00  3.402772e+00   
   836   4.542842e+00  3.365849e+00   
   837   6.991372e+00  3.301571e+00   
   838   6.355402e+00  3.395467e+00   
   839   4.333570e+00  3.374778e+00   
   840   4.926416e+00  3.444709e+00   
   841   5.062249e+00  3.461785e+00   
   842   6.602994e+00  3.412416e+00   
   843   5.230388e+00  3.477298e+00   
   844   7.259984e+00  3.303933e+00   
   845   5.397437e+00  3.492090e+00   
   846   5.717675e+00  3.501632e+00   
   847   5.968521e+00  3.493782e+00   
   848   5.525311e+00  3.508983e+00   
   849   4.121300e+00  3.382540e+00   
   850   6.857151e+00  3.423223e+00   
   851   6.218504e+00  3.506206e+00   
   852   6.467747e+00  3.526109e+00   
   853   7.118467e+00  3.428267e+00   
   854   4.806887e+00  3.558691e+00   
   855   5.841863e+00  3.604540e+00   
   856   6.719896e+00  3.542229e+00   
   857   4.566942e+00  3.571781e+00   
   858   5.579177e+00  3.632088e+00   
   859   6.081605e+00  3.616201e+00   
   860   5.013466e+00  3.624456e+00   
   861   5.385666e+00  3.647001e+00   
   862   5.201944e+00  3.647220e+00   
   863   4.347538e+00  3.577220e+00   
   864   6.976950e+00  3.552600e+00   
   865   6.327288e+00  3.640624e+00   
   866   4.125300e+00  3.585200e+00   
   867   5.721859e+00  3.718909e+00   
   868   6.580465e+00  3.661609e+00   
   869   5.946843e+00  3.724617e+00   
   870   6.835433e+00  3.676933e+00   
   871   6.184613e+00  3.754385e+00   
   872   5.537724e+00  3.805916e+00   
   873   5.650951e+00  3.809556e+00   
   874   5.370693e+00  3.821204e+00   
   875   6.435711e+00  3.780114e+00   
   876   4.781071e+00  3.793968e+00   
   877   5.815445e+00  3.829453e+00   
   878   4.570560e+00  3.780582e+00   
   879   5.183160e+00  3.833187e+00   
   880   4.983773e+00  3.826720e+00   
   881   4.369063e+00  3.773915e+00   
   882   6.042934e+00  3.862760e+00   
   883   6.693917e+00  3.801267e+00   
   884   4.175125e+00  3.773175e+00   
   885   5.692255e+00  3.912342e+00   
   886   6.286626e+00  3.897956e+00   
   887   5.550075e+00  3.960814e+00   
   888   5.899227e+00  3.968330e+00   
   889   6.552400e+00  3.925600e+00   
   890   5.376803e+00  4.000825e+00   
   891   4.572270e+00  3.975757e+00   
   892   6.137396e+00  4.013718e+00   
   893   5.180643e+00  4.029390e+00   
   894   4.394595e+00  3.960784e+00   
   895   4.763121e+00  4.005095e+00   
   896   4.967218e+00  4.039486e+00   
   897   5.753823e+00  4.060503e+00   
   898   4.224950e+00  3.961150e+00   
   899   6.392600e+00  4.047360e+00   
   900   5.593731e+00  4.132878e+00   
   901   5.984561e+00  4.126132e+00   
   902   5.408979e+00  4.189269e+00   
   903   6.232800e+00  4.169120e+00   
   904   4.414336e+00  4.129777e+00   
   905   4.564875e+00  4.153699e+00   
   906   5.828408e+00  4.230051e+00   
   907   5.203527e+00  4.234668e+00   
   908   4.740384e+00  4.204975e+00   
   909   4.274775e+00  4.149125e+00   
   910   4.966456e+00  4.284715e+00   
   911   6.073000e+00  4.290880e+00   
   912   5.662048e+00  4.320928e+00   
   913   4.426310e+00  4.256019e+00   
   914   4.538406e+00  4.303995e+00   
   915   5.473647e+00  4.380834e+00   
   916   4.685138e+00  4.373537e+00   
   917   5.913200e+00  4.412640e+00   
   918   4.324600e+00  4.337100e+00   
   919   5.274660e+00  4.432440e+00   
   920   4.841900e+00  4.458407e+00   
   921   4.477300e+00  4.432725e+00   
   922   5.079250e+00  4.486041e+00   
   923   5.753400e+00  4.534400e+00   
   924   4.952184e+00  4.554683e+00   
   925   4.630000e+00  4.528350e+00   
   926   5.548900e+00  4.580700e+00   
   927   5.344400e+00  4.627000e+00   
   928   4.782700e+00  4.623975e+00   
   929   5.139900e+00  4.673300e+00   
   930   4.935400e+00  4.719600e+00   
  END_COORDINATES
  BOUNDARIES, ELEMENT
    1         150     139         1     
    2         155     150         1     
    3         163     155         2     
    4         169     163         3     
    5         60     66         4     
    6         182     169         5     
    7         54     60         6     
    8         49     54         7     
    9         42     49         8     
    10         33     42         9     
    11         25     33         10     
    12         21     25         11     
    13         17     21         12     
    14         13     17         13     
    15         67     56         14     
    16         70     67         14     
    17         56     46         15     
    18         46     43         15     
    19         196     182         16     
    20         75     70         17     
    21         77     75         18     
    22         83     77         19     
    23         85     83         20     
    24         90     85         21     
    25         96     90         22     
    26         102     96         23     
    27         109     102         24     
    28         119     109         25     
    29         129     119         26     
    30         139     129         27     
    31         7     13         28     
    32         213     196         29     
    33         231     213         30     
    34         254     231         31     
    35         2     1         32     
    36         1     3         32     
    37         3     7         33     
    38         6     2         34     
    39         10     6         35     
    40         18     14         36     
    41         20     18         38     
    42         23     20         39     
    43         27     23         40     
    44         30     27         41     
    45         36     30         42     
    46         39     36         43     
    47         43     39         44     
    48         286     254         46     
    49         315     286         47     
    50         342     315         48     
    51         364     342         49     
    52         387     364         50     
    53         409     387         51     
    54         430     409         52     
    55         453     430         53     
    56         476     453         54     
    57         499     476         55     
    58         526     499         56     
    59         559     526         57     
    60         584     559         58     
    61         608     584         59     
    62         630     608         60     
    63         653     630         61     
    64         678     653         62     
    65         701     678         63     
    66         724     701         64     
    67         755     724         65     
    68         780     755         66     
    69         803     780         67     
    70         824     803         68     
    71         849     824         69     
    72         866     849         70     
    73         884     866         71     
    74         898     884         72     
    75         909     898         73     
    76         918     909         74     
    77         921     918         75     
    78         925     921         76     
    79         928     925         77     
    80         930     928         78     
    81         929     930         79     
    82         927     929         80     
    83         926     927         81     
    84         923     926         82     
    85         917     923         83     
    86         911     917         84     
    87         903     911         85     
    88         899     903         86     
    89         889     899         87     
    90         883     889         88     
    91         870     883         89     
    92         864     870         90     
    93         853     864         91     
    94         844     853         92     
    95         833     844         93     
    96         817     833         94     
    97         804     817         95     
    98         790     804         96     
    99         772     790         97     
    100         752     772         98     
    101         732     752         99     
    102         709     732         100     
    103         694     709         101     
    104         669     694         102     
    105         648     669         103     
    106         629     648         104     
    107         609     629         105     
    108         590     609         106     
    109         562     590         107     
    110         532     562         108     
    111         505     532         109     
    112         479     505         110     
    113         457     479         111     
    114         434     457         112     
    115         415     434         113     
    116         393     415         114     
    117         371     393         115     
    118         347     371         116     
    119         319     347         117     
    120         290     319         118     
    121         262     290         119     
    122         234     262         120     
    123         212     234         121     
    124         193     212         122     
    125         171     193         123     
    126         149     171         124     
    127         125     149         125     
    128         106     125         126     
    129         93     106         127     
    130         82     93         128     
    131         14     10         131     
    132         76     82         861     
    133         66     69         862     
    134         69     76         862     
  END_BOUNDARIES
  MATERIALS, NUMBER= 1, DEFAULT=1
  END_MATERIALS
  SUBDOMAINS
  END_SUBDOMAINS
  CHARACTERISTICS
  END_CHARACTERISTICS
