  NODES_PER_ELEMENT
   1 3
   2 3
   3 3
   4 3
   5 3
   6 3
   7 3
   8 3
   9 3
   10 3
   11 3
   12 3
   13 3
   14 3
   15 3
   16 3
   17 3
   18 3
   19 3
   20 3
   21 3
   22 3
   23 3
   24 3
   25 3
   26 3
   27 3
   28 3
   29 3
   30 3
   31 3
   32 3
   33 3
   34 3
   35 3
   36 3
   37 3
   38 3
   39 3
   40 3
   41 3
   42 3
   43 3
   44 3
   45 3
   46 3
   47 3
   48 3
   49 3
   50 3
   51 3
   52 3
   53 3
   54 3
   55 3
   56 3
   57 3
   58 3
   59 3
   60 3
   61 3
   62 3
   63 3
   64 3
   65 3
   66 3
   67 3
   68 3
   69 3
   70 3
   71 3
   72 3
   73 3
   74 3
   75 3
   76 3
   77 3
   78 3
   79 3
   80 3
   81 3
   82 3
   83 3
   84 3
   85 3
   86 3
   87 3
   88 3
   89 3
   90 3
   91 3
   92 3
   93 3
   94 3
   95 3
   96 3
   97 3
   98 3
   99 3
   100 3
   101 3
   102 3
   103 3
   104 3
   105 3
   106 3
   107 3
   108 3
   109 3
   110 3
   111 3
   112 3
   113 3
   114 3
   115 3
   116 3
   117 3
   118 3
   119 3
   120 3
   121 3
   122 3
   123 3
   124 3
   125 3
   126 3
   127 3
   128 3
   129 3
   130 3
   131 3
   132 3
   133 3
   134 3
   135 3
   136 3
   137 3
   138 3
   139 3
   140 3
   141 3
   142 3
   143 3
   144 3
   145 3
   146 3
   147 3
   148 3
   149 3
   150 3
   151 3
   152 3
   153 3
   154 3
   155 3
   156 3
   157 3
   158 3
   159 3
   160 3
   161 3
   162 3
   163 3
   164 3
   165 3
   166 3
   167 3
   168 3
   169 3
   170 3
   171 3
   172 3
   173 3
   174 3
   175 3
   176 3
   177 3
   178 3
   179 3
   180 3
   181 3
   182 3
   183 3
   184 3
   185 3
   186 3
   187 3
   188 3
   189 3
   190 3
   191 3
   192 3
   193 3
   194 3
   195 3
   196 3
   197 3
   198 3
   199 3
   200 3
   201 3
   202 3
   203 3
   204 3
   205 3
   206 3
   207 3
   208 3
   209 3
   210 3
   211 3
   212 3
   213 3
   214 3
   215 3
   216 3
   217 3
   218 3
   219 3
   220 3
   221 3
   222 3
   223 3
   224 3
   225 3
   226 3
   227 3
   228 3
   229 3
   230 3
   231 3
   232 3
   233 3
   234 3
   235 3
   236 3
   237 3
   238 3
   239 3
   240 3
   241 3
   242 3
   243 3
   244 3
   245 3
   246 3
   247 3
   248 3
   249 3
   250 3
   251 3
   252 3
   253 3
   254 3
   255 3
   256 3
   257 3
   258 3
   259 3
   260 3
   261 3
   262 3
   263 3
   264 3
   265 3
   266 3
   267 3
   268 3
   269 3
   270 3
   271 3
   272 3
   273 3
   274 3
   275 3
   276 3
   277 3
   278 3
   279 3
   280 3
   281 3
   282 3
   283 3
   284 3
   285 3
   286 3
   287 3
   288 3
   289 3
   290 3
   291 3
   292 3
   293 3
   294 3
   295 3
   296 3
   297 3
   298 3
   299 3
   300 3
   301 3
   302 3
   303 3
   304 3
   305 3
   306 3
   307 3
   308 3
   309 3
   310 3
   311 3
   312 3
   313 3
   314 3
   315 3
   316 3
   317 3
   318 3
   319 3
   320 3
   321 3
   322 3
   323 3
   324 3
   325 3
   326 3
   327 3
   328 3
   329 3
   330 3
   331 3
   332 3
   333 3
   334 3
   335 3
   336 3
   337 3
   338 3
   339 3
   340 3
   341 3
   342 3
   343 3
   344 3
   345 3
   346 3
   347 3
   348 3
   349 3
   350 3
   351 3
   352 3
   353 3
   354 3
   355 3
   356 3
   357 3
   358 3
   359 3
   360 3
   361 3
   362 3
   363 3
   364 3
   365 3
   366 3
   367 3
   368 3
   369 3
   370 3
   371 3
   372 3
   373 3
   374 3
   375 3
   376 3
   377 3
   378 3
   379 3
   380 3
   381 3
   382 3
   383 3
   384 3
   385 3
   386 3
   387 3
   388 3
   389 3
   390 3
   391 3
   392 3
   393 3
   394 3
   395 3
   396 3
   397 3
   398 3
   399 3
   400 3
   401 3
   402 3
   403 3
   404 3
   405 3
   406 3
   407 3
   408 3
   409 3
   410 3
   411 3
   412 3
   413 3
   414 3
   415 3
   416 3
   417 3
   418 3
   419 3
   420 3
   421 3
   422 3
   423 3
   424 3
   425 3
   426 3
   427 3
   428 3
   429 3
   430 3
   431 3
   432 3
   433 3
   434 3
   435 3
   436 3
   437 3
   438 3
   439 3
   440 3
   441 3
   442 3
   443 3
   444 3
   445 3
   446 3
   447 3
   448 3
   449 3
   450 3
   451 3
   452 3
   453 3
   454 3
   455 3
   456 3
   457 3
   458 3
   459 3
   460 3
   461 3
   462 3
   463 3
   464 3
   465 3
   466 3
   467 3
   468 3
   469 3
   470 3
   471 3
   472 3
   473 3
   474 3
   475 3
   476 3
   477 3
   478 3
   479 3
   480 3
   481 3
   482 3
   483 3
   484 3
   485 3
   486 3
   487 3
   488 3
   489 3
   490 3
   491 3
   492 3
   493 3
   494 3
   495 3
   496 3
   497 3
   498 3
   499 3
   500 3
   501 3
   502 3
   503 3
   504 3
   505 3
   506 3
   507 3
   508 3
   509 3
   510 3
   511 3
   512 3
   513 3
   514 3
   515 3
   516 3
   517 3
   518 3
   519 3
   520 3
   521 3
   522 3
   523 3
   524 3
   525 3
   526 3
   527 3
   528 3
   529 3
   530 3
   531 3
   532 3
   533 3
   534 3
   535 3
   536 3
   537 3
   538 3
   539 3
   540 3
   541 3
   542 3
   543 3
   544 3
   545 3
   546 3
   547 3
   548 3
   549 3
   550 3
   551 3
   552 3
   553 3
   554 3
   555 3
   556 3
   557 3
   558 3
   559 3
   560 3
   561 3
   562 3
   563 3
   564 3
   565 3
   566 3
   567 3
   568 3
   569 3
   570 3
   571 3
   572 3
   573 3
   574 3
   575 3
   576 3
   577 3
   578 3
   579 3
   580 3
   581 3
   582 3
   583 3
   584 3
   585 3
   586 3
   587 3
   588 3
   589 3
   590 3
   591 3
   592 3
   593 3
   594 3
   595 3
   596 3
   597 3
   598 3
   599 3
   600 3
   601 3
   602 3
   603 3
   604 3
   605 3
   606 3
   607 3
   608 3
   609 3
   610 3
   611 3
   612 3
   613 3
   614 3
   615 3
   616 3
   617 3
   618 3
   619 3
   620 3
   621 3
   622 3
   623 3
   624 3
   625 3
   626 3
   627 3
   628 3
   629 3
   630 3
   631 3
   632 3
   633 3
   634 3
   635 3
   636 3
   637 3
   638 3
   639 3
   640 3
   641 3
   642 3
   643 3
   644 3
   645 3
   646 3
   647 3
   648 3
   649 3
   650 3
   651 3
   652 3
   653 3
   654 3
   655 3
   656 3
   657 3
   658 3
   659 3
   660 3
   661 3
   662 3
   663 3
   664 3
   665 3
   666 3
   667 3
   668 3
   669 3
   670 3
   671 3
   672 3
   673 3
   674 3
   675 3
   676 3
   677 3
   678 3
   679 3
   680 3
   681 3
   682 3
   683 3
   684 3
   685 3
   686 3
   687 3
   688 3
   689 3
   690 3
   691 3
   692 3
   693 3
   694 3
   695 3
   696 3
   697 3
   698 3
   699 3
   700 3
   701 3
   702 3
   703 3
   704 3
   705 3
   706 3
   707 3
   708 3
   709 3
   710 3
   711 3
   712 3
   713 3
   714 3
   715 3
   716 3
   717 3
   718 3
   719 3
   720 3
   721 3
   722 3
   723 3
   724 3
   725 3
   726 3
   727 3
   728 3
   729 3
   730 3
   731 3
   732 3
   733 3
   734 3
   735 3
   736 3
   737 3
   738 3
   739 3
   740 3
   741 3
   742 3
   743 3
   744 3
   745 3
   746 3
   747 3
   748 3
   749 3
   750 3
   751 3
   752 3
   753 3
   754 3
   755 3
   756 3
   757 3
   758 3
   759 3
   760 3
   761 3
   762 3
   763 3
   764 3
   765 3
   766 3
   767 3
   768 3
   769 3
   770 3
   771 3
   772 3
   773 3
   774 3
   775 3
   776 3
   777 3
   778 3
   779 3
   780 3
   781 3
   782 3
   783 3
   784 3
   785 3
   786 3
   787 3
   788 3
   789 3
   790 3
   791 3
   792 3
   793 3
   794 3
   795 3
   796 3
   797 3
   798 3
   799 3
   800 3
   801 3
   802 3
   803 3
   804 3
   805 3
   806 3
   807 3
   808 3
   809 3
   810 3
   811 3
   812 3
   813 3
   814 3
   815 3
   816 3
   817 3
   818 3
   819 3
   820 3
   821 3
   822 3
   823 3
   824 3
   825 3
   826 3
   827 3
   828 3
   829 3
   830 3
   831 3
   832 3
   833 3
   834 3
   835 3
   836 3
   837 3
   838 3
   839 3
   840 3
   841 3
   842 3
   843 3
   844 3
   845 3
   846 3
   847 3
   848 3
   849 3
   850 3
   851 3
   852 3
   853 3
   854 3
   855 3
   856 3
   857 3
   858 3
   859 3
   860 3
   861 3
   862 3
   863 3
   864 3
   865 3
   866 3
   867 3
   868 3
   869 3
   870 3
   871 3
   872 3
   873 3
   874 3
   875 3
   876 3
   877 3
   878 3
   879 3
   880 3
   881 3
   882 3
   883 3
   884 3
   885 3
   886 3
   887 3
   888 3
   889 3
   890 3
   891 3
   892 3
   893 3
   894 3
   895 3
   896 3
   897 3
   898 3
   899 3
   900 3
   901 3
   902 3
   903 3
   904 3
   905 3
   906 3
   907 3
   908 3
   909 3
   910 3
   911 3
   912 3
   913 3
   914 3
   915 3
   916 3
   917 3
   918 3
   919 3
   920 3
   921 3
   922 3
   923 3
   924 3
   925 3
   926 3
   927 3
   928 3
   929 3
   930 3
   931 3
   932 3
   933 3
   934 3
   935 3
   936 3
   937 3
   938 3
   939 3
   940 3
   941 3
   942 3
   943 3
   944 3
   945 3
   946 3
   947 3
   948 3
   949 3
   950 3
   951 3
   952 3
   953 3
   954 3
   955 3
   956 3
   957 3
   958 3
   959 3
   960 3
   961 3
   962 3
   963 3
   964 3
   965 3
   966 3
   967 3
   968 3
   969 3
   970 3
   971 3
   972 3
   973 3
   974 3
   975 3
   976 3
   977 3
   978 3
   979 3
   980 3
   981 3
   982 3
   983 3
   984 3
   985 3
   986 3
   987 3
   988 3
   989 3
   990 3
   991 3
   992 3
   993 3
   994 3
   995 3
   996 3
   997 3
   998 3
   999 3
   1000 3
   1001 3
   1002 3
   1003 3
   1004 3
   1005 3
   1006 3
   1007 3
   1008 3
   1009 3
   1010 3
   1011 3
   1012 3
   1013 3
   1014 3
   1015 3
   1016 3
   1017 3
   1018 3
   1019 3
   1020 3
   1021 3
   1022 3
   1023 3
   1024 3
   1025 3
   1026 3
   1027 3
   1028 3
   1029 3
   1030 3
   1031 3
   1032 3
   1033 3
   1034 3
   1035 3
   1036 3
   1037 3
   1038 3
   1039 3
   1040 3
   1041 3
   1042 3
   1043 3
   1044 3
   1045 3
   1046 3
   1047 3
   1048 3
   1049 3
   1050 3
   1051 3
   1052 3
   1053 3
   1054 3
   1055 3
   1056 3
   1057 3
   1058 3
   1059 3
   1060 3
   1061 3
   1062 3
   1063 3
   1064 3
   1065 3
   1066 3
   1067 3
   1068 3
   1069 3
   1070 3
   1071 3
   1072 3
   1073 3
   1074 3
   1075 3
   1076 3
   1077 3
   1078 3
   1079 3
   1080 3
   1081 3
   1082 3
   1083 3
   1084 3
   1085 3
   1086 3
   1087 3
   1088 3
   1089 3
   1090 3
   1091 3
   1092 3
   1093 3
   1094 3
   1095 3
   1096 3
   1097 3
   1098 3
   1099 3
   1100 3
   1101 3
   1102 3
   1103 3
   1104 3
   1105 3
   1106 3
   1107 3
   1108 3
   1109 3
   1110 3
   1111 3
   1112 3
   1113 3
   1114 3
   1115 3
   1116 3
   1117 3
   1118 3
   1119 3
   1120 3
   1121 3
   1122 3
   1123 3
   1124 3
   1125 3
   1126 3
   1127 3
   1128 3
   1129 3
   1130 3
   1131 3
   1132 3
   1133 3
   1134 3
   1135 3
   1136 3
  END_NODES_PER_ELEMENT
  ELEMENTS
  1 610 608 603  
  2 608 606 599  
  3 600 604 592  
  4 604 607 597  
  5 62 50 53  
  6 50 39 40  
  7 347 362 343  
  8 362 381 361  
  9 345 328 331  
  10 328 307 311  
  11 385 364 366  
  12 364 345 348  
  13 307 287 289  
  14 287 269 271  
  15 381 397 377  
  16 397 414 392  
  17 269 251 253  
  18 251 235 237  
  19 420 403 404  
  20 403 385 386  
  21 313 332 308  
  22 332 347 326  
  23 235 215 216  
  24 215 198 199  
  25 414 430 410  
  26 430 442 426  
  27 453 434 436  
  28 434 420 421  
  29 278 293 274  
  30 293 313 291  
  31 198 180 182  
  32 180 163 164  
  33 442 455 435  
  34 455 470 452  
  35 163 145 147  
  36 145 129 133  
  37 129 116 117  
  38 470 486 465  
  39 531 516 515  
  40 516 502 500  
  41 1 3 2  
  42 3 7 9  
  43 568 557 553  
  44 557 545 543  
  45 486 496 477  
  46 496 509 492  
  47 613 612 605  
  48 612 610 603  
  49 545 531 529  
  50 609 611 601  
  51 611 613 605  
  52 509 525 505  
  53 603 608 599  
  54 603 599 590  
  55 599 606 595  
  56 8 4 5  
  57 4 1 2  
  58 7 11 9  
  59 11 19 15  
  60 75 62 65  
  61 53 50 40  
  62 53 40 46  
  63 62 53 65  
  64 65 53 46  
  65 40 39 27  
  66 592 604 597  
  67 592 597 584  
  68 600 592 589  
  69 597 607 602  
  70 148 167 151  
  71 331 328 311  
  72 331 311 312  
  73 345 331 348  
  74 348 331 333  
  75 311 307 289  
  76 311 289 292  
  77 343 362 361  
  78 343 361 340  
  79 361 381 377  
  80 361 377 357  
  81 289 287 271  
  82 289 271 273  
  83 271 269 253  
  84 271 253 257  
  85 347 343 326  
  86 326 343 323  
  87 366 364 348  
  88 366 348 350  
  89 385 366 386  
  90 386 366 370  
  91 377 397 392  
  92 377 392 373  
  93 392 414 410  
  94 392 410 390  
  95 253 251 237  
  96 253 237 238  
  97 237 235 216  
  98 237 216 220  
  99 404 403 386  
  100 404 386 388  
  101 420 404 421  
  102 421 404 406  
  103 308 332 326  
  104 308 326 306  
  105 313 308 291  
  106 291 308 288  
  107 216 215 199  
  108 216 199 200  
  109 199 198 182  
  110 199 182 184  
  111 410 430 426  
  112 410 426 405  
  113 426 442 435  
  114 426 435 415  
  115 436 434 421  
  116 436 421 423  
  117 453 436 456  
  118 357 377 373  
  119 357 373 354  
  120 361 357 340  
  121 340 357 330  
  122 323 343 340  
  123 323 340 330  
  124 330 357 354  
  125 323 330 302  
  126 326 323 306  
  127 306 323 302  
  128 306 302 288  
  129 306 288 308  
  130 354 373 376  
  131 182 180 164  
  132 182 164 166  
  133 164 163 147  
  134 164 147 153  
  135 390 410 405  
  136 390 405 376  
  137 390 376 373  
  138 390 373 392  
  139 274 293 291  
  140 274 291 272  
  141 291 288 272  
  142 272 288 270  
  143 278 274 252  
  144 590 599 587  
  145 603 590 596  
  146 415 435 437  
  147 426 415 405  
  148 405 415 400  
  149 400 415 418  
  150 405 400 376  
  151 270 288 302  
  152 272 270 248  
  153 333 331 312  
  154 333 312 315  
  155 315 312 285  
  156 333 315 339  
  157 257 253 238  
  158 257 238 241  
  159 220 216 200  
  160 220 200 206  
  161 184 182 166  
  162 184 166 170  
  163 292 289 273  
  164 292 273 285  
  165 292 285 312  
  166 292 312 311  
  167 370 366 350  
  168 370 350 363  
  169 339 350 333  
  170 333 350 348  
  171 406 404 388  
  172 406 388 389  
  173 389 388 363  
  174 406 389 412  
  175 271 257 273  
  176 273 257 259  
  177 259 257 241  
  178 259 241 243  
  179 243 241 217  
  180 259 243 265  
  181 273 259 285  
  182 237 220 238  
  183 238 220 223  
  184 223 220 206  
  185 223 206 217  
  186 223 217 241  
  187 223 241 238  
  188 199 184 200  
  189 200 184 186  
  190 186 184 170  
  191 186 170 176  
  192 200 186 206  
  193 206 186 191  
  194 176 170 156  
  195 186 176 191  
  196 191 176 179  
  197 206 191 217  
  198 179 176 159  
  199 191 179 203  
  200 386 370 388  
  201 388 370 363  
  202 363 350 339  
  203 421 406 423  
  204 423 406 412  
  205 423 412 439  
  206 46 40 29  
  207 147 145 133  
  208 147 133 137  
  209 584 597 591  
  210 592 584 581  
  211 170 166 144  
  212 435 455 452  
  213 435 452 437  
  214 437 452 465  
  215 465 452 470  
  216 153 147 137  
  217 153 137 144  
  218 153 144 166  
  219 153 166 164  
  220 137 133 115  
  221 439 412 422  
  222 423 439 436  
  223 274 272 250  
  224 133 129 117  
  225 133 117 115  
  226 115 117 100  
  227 100 117 104  
  228 115 100 102  
  229 117 116 104  
  230 104 116 93  
  231 104 93 86  
  232 19 31 24  
  233 465 486 477  
  234 465 477 457  
  235 457 477 474  
  236 465 457 437  
  237 515 516 500  
  238 515 500 499  
  239 531 515 529  
  240 529 515 513  
  241 513 515 499  
  242 513 499 498  
  243 529 513 533  
  244 498 499 479  
  245 513 498 519  
  246 500 502 484  
  247 499 500 482  
  248 2 3 9  
  249 2 9 10  
  250 10 9 13  
  251 2 10 6  
  252 553 557 543  
  253 553 543 533  
  254 533 543 529  
  255 529 543 545  
  256 568 553 569  
  257 605 612 603  
  258 477 496 492  
  259 477 492 474  
  260 474 492 505  
  261 505 492 509  
  262 601 611 605  
  263 609 601 602  
  264 602 601 591  
  265 609 602 607  
  266 602 591 597  
  267 86 93 75  
  268 104 86 100  
  269 505 525 521  
  270 595 606 598  
  271 595 598 586  
  272 586 598 588  
  273 595 586 587  
  274 595 587 599  
  275 5 4 2  
  276 8 5 14  
  277 15 19 24  
  278 15 24 21  
  279 21 24 33  
  280 15 21 13  
  281 11 15 9  
  282 75 65 86  
  283 27 39 25  
  284 27 25 18  
  285 40 27 29  
  286 29 27 18  
  287 589 592 581  
  288 589 581 577  
  289 600 589 593  
  290 593 589 577  
  291 577 581 565  
  292 559 566 550  
  293 151 167 172  
  294 148 151 128  
  295 18 25 14  
  296 456 436 439  
  297 453 456 478  
  298 302 330 299  
  299 179 159 165  
  300 191 203 217  
  301 159 176 156  
  302 159 156 140  
  303 140 156 136  
  304 159 140 143  
  305 203 179 192  
  306 354 376 356  
  307 418 415 437  
  308 418 437 440  
  309 440 437 457  
  310 440 457 451  
  311 451 457 474  
  312 440 451 431  
  313 418 440 431  
  314 400 418 402  
  315 252 274 250  
  316 252 250 229  
  317 265 243 254  
  318 156 170 144  
  319 156 144 136  
  320 136 144 121  
  321 229 250 228  
  322 252 229 233  
  323 278 252 255  
  324 255 252 233  
  325 255 233 222  
  326 243 217 227  
  327 259 265 285  
  328 596 590 582  
  329 248 270 249  
  330 590 587 578  
  331 603 596 605  
  332 605 596 594  
  333 594 596 582  
  334 605 594 601  
  335 272 248 250  
  336 250 248 228  
  337 228 248 230  
  338 230 248 249  
  339 230 249 231  
  340 231 249 258  
  341 230 231 210  
  342 228 230 208  
  343 315 285 294  
  344 412 389 393  
  345 339 315 321  
  346 389 363 369  
  347 46 29 35  
  348 33 24 36  
  349 21 33 30  
  350 581 584 572  
  351 137 115 121  
  352 584 591 579  
  353 588 580 575  
  354 439 422 444  
  355 498 479 481  
  356 513 519 533  
  357 533 519 536  
  358 536 519 524  
  359 533 536 553  
  360 422 412 393  
  361 479 499 482  
  362 479 482 460  
  363 460 482 463  
  364 479 460 461  
  365 519 498 504  
  366 102 100 81  
  367 115 102 121  
  368 24 31 36  
  369 36 31 44  
  370 36 44 49  
  371 49 44 60  
  372 36 49 33  
  373 49 60 67  
  374 484 502 478  
  375 484 478 456  
  376 500 484 482  
  377 482 484 463  
  378 463 484 456  
  379 463 456 439  
  380 13 9 15  
  381 6 10 17  
  382 569 553 554  
  383 10 13 16  
  384 2 6 5  
  385 5 6 12  
  386 12 6 17  
  387 5 12 18  
  388 568 569 580  
  389 580 569 575  
  390 575 569 567  
  391 431 451 447  
  392 231 258 239  
  393 230 210 208  
  394 208 210 187  
  395 187 210 193  
  396 208 187 188  
  397 258 249 275  
  398 210 231 213  
  399 521 525 541  
  400 505 521 493  
  401 565 581 572  
  402 565 572 555  
  403 555 572 563  
  404 565 555 549  
  405 577 565 562  
  406 550 566 561  
  407 559 550 540  
  408 193 210 213  
  409 193 213 196  
  410 196 213 218  
  411 193 196 175  
  412 187 193 171  
  413 188 187 168  
  414 208 188 212  
  415 172 167 197  
  416 128 151 135  
  417 151 172 157  
  418 148 128 125  
  419 228 208 212  
  420 228 212 229  
  421 229 212 211  
  422 211 212 189  
  423 229 211 233  
  424 460 463 439  
  425 461 460 444  
  426 444 460 439  
  427 479 461 481  
  428 481 461 462  
  429 462 461 443  
  430 481 462 485  
  431 140 136 120  
  432 143 140 124  
  433 159 143 165  
  434 165 143 155  
  435 155 143 131  
  436 165 155 183  
  437 218 213 239  
  438 196 218 202  
  439 175 196 178  
  440 193 175 171  
  441 171 175 154  
  442 154 175 158  
  443 171 154 152  
  444 524 519 504  
  445 524 504 507  
  446 507 504 485  
  447 524 507 526  
  448 536 524 539  
  449 299 330 325  
  450 402 418 431  
  451 243 227 254  
  452 192 179 165  
  453 590 578 582  
  454 152 154 134  
  455 189 212 188  
  456 189 188 169  
  457 169 188 168  
  458 169 168 150  
  459 189 169 177  
  460 150 168 152  
  461 169 150 157  
  462 150 152 130  
  463 177 169 157  
  464 177 157 172  
  465 189 177 194  
  466 130 152 134  
  467 130 134 113  
  468 150 130 132  
  469 113 134 119  
  470 130 113 111  
  471 154 158 138  
  472 356 376 379  
  473 158 175 178  
  474 158 178 162  
  475 162 178 185  
  476 158 162 142  
  477 302 299 275  
  478 400 402 379  
  479 400 379 376  
  480 203 192 214  
  481 211 189 194  
  482 211 194 222  
  483 171 152 168  
  484 265 254 280  
  485 578 587 574  
  486 354 356 325  
  487 227 217 203  
  488 227 203 214  
  489 227 214 240  
  490 240 214 226  
  491 227 240 254  
  492 254 240 263  
  493 263 240 245  
  494 254 263 280  
  495 226 214 201  
  496 240 226 245  
  497 245 226 234  
  498 234 226 209  
  499 245 234 260  
  500 209 226 201  
  501 209 201 183  
  502 234 209 221  
  503 260 234 246  
  504 245 260 268  
  505 263 245 268  
  506 263 268 286  
  507 286 268 297  
  508 263 286 280  
  509 297 268 282  
  510 286 297 314  
  511 249 270 275  
  512 275 270 302  
  513 389 369 393  
  514 584 579 572  
  515 315 294 321  
  516 46 35 51  
  517 137 121 144  
  518 136 121 120  
  519 339 321 349  
  520 21 30 20  
  521 294 285 265  
  522 35 29 23  
  523 30 33 41  
  524 444 422 443  
  525 579 591 583  
  526 369 363 349  
  527 369 349 351  
  528 349 363 339  
  529 351 349 327  
  530 369 351 374  
  531 374 351 355  
  532 369 374 393  
  533 67 60 78  
  534 443 461 444  
  535 158 142 138  
  536 138 142 123  
  537 123 142 127  
  538 138 123 119  
  539 119 123 99  
  540 555 563 547  
  541 485 462 466  
  542 504 498 481  
  543 565 549 562  
  544 562 549 546  
  545 546 549 532  
  546 562 546 558  
  547 563 572 579  
  548 162 185 173  
  549 588 575 586  
  550 586 567 574  
  551 481 485 504  
  552 201 214 192  
  553 201 192 183  
  554 549 555 538  
  555 185 178 202  
  556 185 202 207  
  557 49 67 55  
  558 462 443 448  
  559 142 162 149  
  560 81 100 86  
  561 111 113 94  
  562 246 234 221  
  563 123 127 108  
  564 119 134 138  
  565 221 209 190  
  566 268 260 282  
  567 282 260 267  
  568 267 260 246  
  569 267 246 261  
  570 282 267 295  
  571 261 246 236  
  572 267 261 283  
  573 295 267 283  
  574 295 283 310  
  575 310 283 301  
  576 295 310 320  
  577 282 295 305  
  578 236 246 221  
  579 261 236 247  
  580 283 261 277  
  581 301 283 277  
  582 301 277 290  
  583 290 277 264  
  584 301 290 317  
  585 310 301 324  
  586 320 310 337  
  587 295 320 305  
  588 305 320 335  
  589 335 320 344  
  590 305 335 318  
  591 102 81 88  
  592 130 111 132  
  593 132 111 114  
  594 114 111 97  
  595 132 114 135  
  596 113 119 92  
  597 127 142 149  
  598 127 149 139  
  599 139 149 160  
  600 127 139 118  
  601 17 10 16  
  602 183 155 161  
  603 532 549 538  
  604 532 538 520  
  605 520 538 528  
  606 532 520 511  
  607 16 13 20  
  608 16 20 26  
  609 26 20 32  
  610 16 26 17  
  611 32 20 30  
  612 32 30 42  
  613 26 32 37  
  614 42 30 41  
  615 42 41 56  
  616 32 42 45  
  617 56 41 55  
  618 55 41 33  
  619 42 56 57  
  620 37 32 45  
  621 37 45 52  
  622 52 45 59  
  623 37 52 43  
  624 26 37 28  
  625 45 42 57  
  626 45 57 59  
  627 59 57 72  
  628 72 57 70  
  629 59 72 80  
  630 57 56 70  
  631 70 56 71  
  632 71 56 55  
  633 70 71 83  
  634 52 59 68  
  635 37 43 28  
  636 28 43 38  
  637 38 43 54  
  638 28 38 22  
  639 72 70 84  
  640 59 80 68  
  641 68 80 87  
  642 87 80 99  
  643 68 87 74  
  644 43 52 58  
  645 80 72 92  
  646 83 71 85  
  647 70 83 84  
  648 84 83 97  
  649 97 83 101  
  650 314 297 318  
  651 314 318 334  
  652 318 297 305  
  653 305 297 282  
  654 334 318 335  
  655 314 334 327  
  656 327 334 351  
  657 351 334 355  
  658 355 334 335  
  659 327 349 321  
  660 327 321 303  
  661 303 321 294  
  662 303 294 280  
  663 280 294 265  
  664 327 303 314  
  665 303 280 286  
  666 303 286 314  
  667 554 553 536  
  668 558 546 542  
  669 160 149 173  
  670 160 173 181  
  671 131 143 124  
  672 131 124 109  
  673 109 124 106  
  674 131 109 122  
  675 118 139 126  
  676 165 183 192  
  677 546 532 527  
  678 431 447 416  
  679 139 160 146  
  680 447 451 469  
  681 562 558 573  
  682 155 131 141  
  683 374 355 380  
  684 127 118 108  
  685 108 118 95  
  686 95 118 107  
  687 108 95 87  
  688 239 258 266  
  689 524 526 539  
  690 539 526 544  
  691 544 526 530  
  692 539 544 556  
  693 22 38 34  
  694 213 231 239  
  695 97 111 94  
  696 97 94 84  
  697 84 94 92  
  698 493 521 517  
  699 261 247 277  
  700 107 118 126  
  701 107 126 122  
  702 122 126 141  
  703 122 141 131  
  704 247 236 224  
  705 54 43 58  
  706 54 58 69  
  707 69 58 74  
  708 54 69 66  
  709 194 177 172  
  710 28 22 17  
  711 505 493 474  
  712 114 97 101  
  713 258 275 281  
  714 95 107 90  
  715 526 507 510  
  716 38 54 48  
  717 540 550 534  
  718 135 151 157  
  719 520 528 506  
  720 168 187 171  
  721 290 264 284  
  722 54 66 48  
  723 48 66 61  
  724 61 66 77  
  725 48 61 47  
  726 561 566 576  
  727 561 576 573  
  728 317 290 309  
  729 532 511 527  
  730 527 511 508  
  731 508 511 490  
  732 527 508 523  
  733 264 277 247  
  734 528 538 547  
  735 577 562 573  
  736 577 573 593  
  737 128 135 112  
  738 511 520 497  
  739 559 540 541  
  740 150 132 157  
  741 550 561 542  
  742 66 69 79  
  743 301 317 324  
  744 324 317 341  
  745 341 317 336  
  746 324 341 352  
  747 202 218 225  
  748 207 202 225  
  749 109 106 91  
  750 48 47 34  
  751 34 47 35  
  752 181 173 195  
  753 530 526 510  
  754 530 510 518  
  755 518 510 494  
  756 530 518 537  
  757 556 544 560  
  758 527 523 542  
  759 542 523 534  
  760 124 140 120  
  761 344 320 337  
  762 344 337 359  
  763 359 337 352  
  764 344 359 371  
  765 77 66 79  
  766 77 79 91  
  767 91 79 103  
  768 508 490 489  
  769 178 196 202  
  770 74 87 95  
  771 61 77 76  
  772 536 539 554  
  773 122 109 103  
  774 490 511 497  
  775 490 497 476  
  776 476 497 488  
  777 490 476 471  
  778 488 497 506  
  779 488 506 491  
  780 476 488 464  
  781 471 476 454  
  782 490 471 489  
  783 489 471 468  
  784 468 471 450  
  785 489 468 483  
  786 160 181 174  
  787 539 556 554  
  788 185 207 195  
  789 195 207 219  
  790 219 207 232  
  791 195 219 205  
  792 68 74 58  
  793 544 530 548  
  794 523 508 503  
  795 335 344 360  
  796 106 124 120  
  797 47 61 63  
  798 325 330 354  
  799 23 29 18  
  800 149 162 173  
  801 468 450 446  
  802 51 35 47  
  803 51 47 63  
  804 51 63 64  
  805 64 63 81  
  806 51 64 46  
  807 485 466 487  
  808 88 81 76  
  809 88 76 89  
  810 89 76 77  
  811 89 77 91  
  812 88 89 105  
  813 105 89 106  
  814 88 105 102  
  815 154 138 134  
  816 119 99 92  
  817 92 99 80  
  818 352 341 368  
  819 219 232 242  
  820 583 591 601  
  821 55 73 71  
  822 537 518 522  
  823 190 209 183  
  824 26 28 17  
  825 489 483 503  
  826 503 483 495  
  827 574 587 586  
  828 494 510 487  
  829 356 379 365  
  830 555 547 538  
  831 337 310 324  
  832 195 205 181  
  833 448 443 427  
  834 52 68 58  
  835 344 371 360  
  836 360 371 383  
  837 383 371 394  
  838 360 383 380  
  839 299 325 300  
  840 35 23 34  
  841 336 317 309  
  842 336 309 329  
  843 329 309 304  
  844 336 329 353  
  845 304 309 284  
  846 329 304 322  
  847 353 329 346  
  848 336 353 358  
  849 483 468 458  
  850 173 185 195  
  851 324 352 337  
  852 579 583 571  
  853 205 219 224  
  854 205 224 204  
  855 204 224 236  
  856 205 204 181  
  857 547 563 551  
  858 49 55 33  
  859 530 537 548  
  860 548 537 552  
  861 552 537 551  
  862 548 552 564  
  863 564 552 570  
  864 548 564 560  
  865 99 123 108  
  866 221 190 204  
  867 221 204 236  
  868 232 207 225  
  869 341 336 358  
  870 341 358 368  
  871 368 358 384  
  872 518 494 501  
  873 578 574 560  
  874 466 462 448  
  875 371 359 387  
  876 21 20 13  
  877 450 471 454  
  878 450 454 432  
  879 432 454 441  
  880 450 432 429  
  881 441 454 464  
  882 432 441 417  
  883 429 432 413  
  884 450 429 446  
  885 446 429 425  
  886 425 429 408  
  887 446 425 438  
  888 441 464 449  
  889 94 113 92  
  890 101 83 85  
  891 101 85 96  
  892 383 394 409  
  893 96 85 82  
  894 101 96 112  
  895 101 112 114  
  896 114 112 135  
  897 416 447 438  
  898 438 447 458  
  899 416 438 425  
  900 438 458 446  
  901 408 429 413  
  902 408 413 384  
  903 542 546 527  
  904 309 290 284  
  905 61 76 63  
  906 384 358 378  
  907 469 451 474  
  908 508 489 503  
  909 449 464 472  
  910 90 107 103  
  911 103 107 122  
  912 495 483 473  
  913 126 139 146  
  914 239 266 244  
  915 506 528 514  
  916 523 503 512  
  917 85 71 73  
  918 281 275 299  
  919 281 299 300  
  920 281 300 266  
  921 380 355 360  
  922 491 506 514  
  923 146 160 174  
  924 146 174 161  
  925 266 258 281  
  926 534 550 542  
  927 161 155 141  
  928 573 558 561  
  929 510 507 487  
  930 109 91 103  
  931 22 34 23  
  932 284 264 262  
  933 128 112 110  
  934 335 360 355  
  935 72 84 92  
  936 425 408 401  
  937 497 520 506  
  938 431 416 407  
  939 517 521 540  
  940 38 48 34  
  941 95 90 74  
  942 441 449 424  
  943 91 106 89  
  944 447 469 458  
  945 247 224 242  
  946 394 371 387  
  947 394 387 411  
  948 411 387 396  
  949 394 411 419  
  950 396 387 375  
  951 411 396 424  
  952 419 411 433  
  953 394 419 409  
  954 409 419 428  
  955 428 419 445  
  956 409 428 427  
  957 427 428 448  
  958 448 428 445  
  959 445 419 433  
  960 445 433 459  
  961 459 433 449  
  962 445 459 467  
  963 467 459 475  
  964 445 467 466  
  965 466 467 487  
  966 79 69 90  
  967 368 384 395  
  968 558 542 561  
  969 374 380 398  
  970 540 534 517  
  971 488 491 472  
  972 472 491 480  
  973 480 491 501  
  974 472 480 459  
  975 183 161 190  
  976 503 495 512  
  977 493 517 495  
  978 225 218 244  
  979 358 353 378  
  980 378 353 372  
  981 372 353 346  
  982 372 346 367  
  983 378 372 401  
  984 367 346 342  
  985 372 391 401  
  986 342 346 322  
  987 367 342 365  
  988 407 416 391  
  989 391 416 401  
  990 407 391 382  
  991 382 391 367  
  992 382 367 365  
  993 407 382 402  
  994 407 402 431  
  995 485 487 507  
  996 384 378 408  
  997 356 365 338  
  998 338 365 342  
  999 356 338 325  
  1000 417 441 424  
  1001 417 424 395  
  1002 374 398 393  
  1003 393 398 422  
  1004 387 359 375  
  1005 375 359 352  
  1006 110 112 96  
  1007 110 96 98  
  1008 556 560 574  
  1009 579 571 563  
  1010 396 375 395  
  1011 219 242 224  
  1012 495 473 493  
  1013 544 548 560  
  1014 322 304 298  
  1015 298 304 279  
  1016 322 298 319  
  1017 279 304 284  
  1018 279 284 262  
  1019 319 298 296  
  1020 322 319 342  
  1021 296 298 276  
  1022 319 296 316  
  1023 276 298 279  
  1024 296 276 266  
  1025 316 296 300  
  1026 316 300 325  
  1027 319 316 338  
  1028 338 316 325  
  1029 85 73 82  
  1030 82 67 78  
  1031 443 422 427  
  1032 427 422 398  
  1033 449 472 459  
  1034 424 449 433  
  1035 458 468 446  
  1036 262 264 242  
  1037 262 242 232  
  1038 352 368 375  
  1039 432 417 413  
  1040 523 512 534  
  1041 534 512 517  
  1042 517 512 495  
  1043 476 464 454  
  1044 547 551 535  
  1045 535 551 537  
  1046 547 535 528  
  1047 368 395 375  
  1048 537 522 535  
  1049 535 522 514  
  1050 514 522 501  
  1051 239 244 218  
  1052 346 329 322  
  1053 401 408 378  
  1054 571 583 570  
  1055 571 570 551  
  1056 518 501 522  
  1057 501 494 475  
  1058 472 464 488  
  1059 181 204 174  
  1060 204 190 174  
  1061 475 459 480  
  1062 475 480 501  
  1063 551 563 571  
  1064 433 411 424  
  1065 244 266 276  
  1066 383 399 380  
  1067 128 110 125  
  1068 125 110 98  
  1069 467 475 487  
  1070 483 458 473  
  1071 473 458 469  
  1072 473 469 493  
  1073 570 552 551  
  1074 73 55 67  
  1075 73 67 82  
  1076 564 570 582  
  1077 398 380 399  
  1078 399 383 409  
  1079 399 409 427  
  1080 399 427 398  
  1081 365 402 382  
  1082 514 528 535  
  1083 96 82 98  
  1084 425 401 416  
  1085 391 372 367  
  1086 395 384 413  
  1087 560 564 578  
  1088 276 279 256  
  1089 256 279 262  
  1090 276 256 244  
  1091 256 262 232  
  1092 475 494 487  
  1093 232 225 256  
  1094 413 417 395  
  1095 69 74 90  
  1096 342 319 338  
  1097 63 76 81  
  1098 103 79 90  
  1099 491 514 501  
  1100 161 141 146  
  1101 99 108 87  
  1102 126 146 141  
  1103 466 448 445  
  1104 106 120 105  
  1105 105 120 121  
  1106 121 102 105  
  1107 242 264 247  
  1108 222 233 211  
  1109 135 157 132  
  1110 225 244 256  
  1111 18 14 5  
  1112 396 395 424  
  1113 379 402 365  
  1114 576 585 573  
  1115 573 585 593  
  1116 541 540 521  
  1117 556 574 567  
  1118 567 586 575  
  1119 567 569 554  
  1120 556 567 554  
  1121 582 578 564  
  1122 98 82 78  
  1123 197 222 194  
  1124 172 197 194  
  1125 582 570 583  
  1126 582 583 594  
  1127 594 583 601  
  1128 300 296 266  
  1129 161 174 190  
  1130 469 474 493  
  1131 46 64 65  
  1132 65 64 86  
  1133 81 86 64  
  1134 12 22 23  
  1135 17 22 12  
  1136 12 23 18  
  END_ELEMENTS  
  COORDINATES  
   1   5.576271e+00 -3.307042e+00   
   2   5.605098e+00 -3.140964e+00   
   3   5.745763e+00 -3.298007e+00   
   4   5.406780e+00 -3.259730e+00   
   5   5.368602e+00 -3.069247e+00   
   6   5.530185e+00 -2.973004e+00   
   7   5.915254e+00 -3.288971e+00   
   8   5.237288e+00 -3.212419e+00   
   9   5.880764e+00 -3.127628e+00   
   10   5.727323e+00 -2.952088e+00   
   11   6.084746e+00 -3.232679e+00   
   12   5.383054e+00 -2.816918e+00   
   13   5.932326e+00 -2.915464e+00   
   14   5.067797e+00 -3.113563e+00   
   15   6.086627e+00 -3.052887e+00   
   16   5.816428e+00 -2.789833e+00   
   17   5.634923e+00 -2.735350e+00   
   18   5.126336e+00 -2.863458e+00   
   19   6.254237e+00 -3.176387e+00   
   20   5.965680e+00 -2.719984e+00   
   21   6.117135e+00 -2.850365e+00   
   22   5.460756e+00 -2.572772e+00   
   23   5.221562e+00 -2.648953e+00   
   24   6.257315e+00 -2.978333e+00   
   25   4.898305e+00 -2.970389e+00   
   26   5.828648e+00 -2.589816e+00   
   27   4.922989e+00 -2.787616e+00   
   28   5.679508e+00 -2.456811e+00   
   29   5.022044e+00 -2.637517e+00   
   30   6.154498e+00 -2.654519e+00   
   31   6.423729e+00 -3.085763e+00   
   32   6.016453e+00 -2.529320e+00   
   33   6.304001e+00 -2.786430e+00   
   34   5.339639e+00 -2.394879e+00   
   35   5.131228e+00 -2.470690e+00   
   36   6.448954e+00 -2.923325e+00   
   37   5.869445e+00 -2.394705e+00   
   38   5.528144e+00 -2.328322e+00   
   39   4.728814e+00 -2.769673e+00   
   40   4.825425e+00 -2.618775e+00   
   41   6.313183e+00 -2.579314e+00   
   42   6.201834e+00 -2.463621e+00   
   43   5.716754e+00 -2.266298e+00   
   44   6.593220e+00 -2.973166e+00   
   45   6.051285e+00 -2.333215e+00   
   46   4.901594e+00 -2.438507e+00   
   47   5.190291e+00 -2.262371e+00   
   48   5.378585e+00 -2.195672e+00   
   49   6.577646e+00 -2.784535e+00   
   50   4.647215e+00 -2.637362e+00   
   51   5.039448e+00 -2.293166e+00   
   52   5.904881e+00 -2.199882e+00   
   53   4.743827e+00 -2.486464e+00   
   54   5.568341e+00 -2.132773e+00   
   55   6.517295e+00 -2.594010e+00   
   56   6.388288e+00 -2.397991e+00   
   57   6.237553e+00 -2.267426e+00   
   58   5.753157e+00 -2.069764e+00   
   59   6.094707e+00 -2.138491e+00   
   60   6.770405e+00 -2.828283e+00   
   61   5.227499e+00 -2.066108e+00   
   62   4.565617e+00 -2.505051e+00   
   63   5.041342e+00 -2.121915e+00   
   64   4.865881e+00 -2.213353e+00   
   65   4.691114e+00 -2.342579e+00   
   66   5.416341e+00 -2.003240e+00   
   67   6.734216e+00 -2.631763e+00   
   68   5.946496e+00 -2.004386e+00   
   69   5.604858e+00 -1.937329e+00   
   70   6.428623e+00 -2.209920e+00   
   71   6.577810e+00 -2.340276e+00   
   72   6.282184e+00 -2.074384e+00   
   73   6.727687e+00 -2.472658e+00   
   74   5.795671e+00 -1.873424e+00   
   75   4.488417e+00 -2.343434e+00   
   76   5.077606e+00 -1.933790e+00   
   77   5.267210e+00 -1.870337e+00   
   78   6.936144e+00 -2.666667e+00   
   79   5.453435e+00 -1.806785e+00   
   80   6.147597e+00 -1.914351e+00   
   81   4.847705e+00 -1.961264e+00   
   82   6.876119e+00 -2.444424e+00   
   83   6.617182e+00 -2.144669e+00   
   84   6.473055e+00 -2.015037e+00   
   85   6.767295e+00 -2.276650e+00   
   86   4.581346e+00 -2.068667e+00   
   87   5.998796e+00 -1.764403e+00   
   88   4.964145e+00 -1.816960e+00   
   89   5.141021e+00 -1.741726e+00   
   90   5.681395e+00 -1.682070e+00   
   91   5.368620e+00 -1.643046e+00   
   92   6.369992e+00 -1.818921e+00   
   93   4.389831e+00 -2.096940e+00   
   94   6.535126e+00 -1.869368e+00   
   95   5.864347e+00 -1.601482e+00   
   96   6.953264e+00 -2.260007e+00   
   97   6.695283e+00 -1.982371e+00   
   98   7.101695e+00 -2.474714e+00   
   99   6.194199e+00 -1.675042e+00   
   100   4.620062e+00 -1.842852e+00   
   101   6.857846e+00 -2.098736e+00   
   102   4.783555e+00 -1.731313e+00   
   103   5.540174e+00 -1.536397e+00   
   104   4.473340e+00 -1.920503e+00   
   105   4.975575e+00 -1.638687e+00   
   106   5.192969e+00 -1.547535e+00   
   107   5.703371e+00 -1.483367e+00   
   108   6.044468e+00 -1.517734e+00   
   109   5.363297e+00 -1.443178e+00   
   110   7.110358e+00 -2.214032e+00   
   111   6.715737e+00 -1.783746e+00   
   112   7.006271e+00 -2.051488e+00   
   113   6.551700e+00 -1.670178e+00   
   114   6.877059e+00 -1.899743e+00   
   115   4.602154e+00 -1.652163e+00   
   116   4.313993e+00 -1.858586e+00   
   117   4.461468e+00 -1.735469e+00   
   118   5.886621e+00 -1.404096e+00   
   119   6.390694e+00 -1.552353e+00   
   120   5.010113e+00 -1.454416e+00   
   121   4.757541e+00 -1.527195e+00   
   122   5.532252e+00 -1.336615e+00   
   123   6.227660e+00 -1.437781e+00   
   124   5.188610e+00 -1.347829e+00   
   125   7.271186e+00 -2.240362e+00   
   126   5.723211e+00 -1.288958e+00   
   127   6.067240e+00 -1.319156e+00   
   128   7.205705e+00 -2.037340e+00   
   129   4.273255e+00 -1.696970e+00   
   130   6.730386e+00 -1.584771e+00   
   131   5.355093e+00 -1.244333e+00   
   132   6.910381e+00 -1.715284e+00   
   133   4.420730e+00 -1.573853e+00   
   134   6.573912e+00 -1.473379e+00   
   135   7.093937e+00 -1.871797e+00   
   136   4.838413e+00 -1.352301e+00   
   137   4.570882e+00 -1.457049e+00   
   138   6.406783e+00 -1.353279e+00   
   139   5.904776e+00 -1.205329e+00   
   140   5.011900e+00 -1.254653e+00   
   141   5.525403e+00 -1.139671e+00   
   142   6.250847e+00 -1.241088e+00   
   143   5.180150e+00 -1.148238e+00   
   144   4.671250e+00 -1.287681e+00   
   145   4.232516e+00 -1.535354e+00   
   146   5.743907e+00 -1.086667e+00   
   147   4.384128e+00 -1.420829e+00   
   148   7.403926e+00 -2.020202e+00   
   149   6.086923e+00 -1.126759e+00   
   150   6.911481e+00 -1.502865e+00   
   151   7.293246e+00 -1.858673e+00   
   152   6.754327e+00 -1.387462e+00   
   153   4.502084e+00 -1.310846e+00   
   154   6.590308e+00 -1.274225e+00   
   155   5.349443e+00 -1.044815e+00   
   156   4.843803e+00 -1.153294e+00   
   157   7.133687e+00 -1.648779e+00   
   158   6.430676e+00 -1.154884e+00   
   159   5.002397e+00 -1.058593e+00   
   160   5.927247e+00 -1.007004e+00   
   161   5.551986e+00 -9.417855e-01   
   162   6.268109e+00 -1.042414e+00   
   163   4.200051e+00 -1.373737e+00   
   164   4.355037e+00 -1.266220e+00   
   165   5.172590e+00 -9.549299e-01   
   166   4.513231e+00 -1.158192e+00   
   167   7.489057e+00 -1.858586e+00   
   168   6.938407e+00 -1.310038e+00   
   169   7.083867e+00 -1.412365e+00   
   170   4.672798e+00 -1.054892e+00   
   171   6.767991e+00 -1.188620e+00   
   172   7.391075e+00 -1.685424e+00   
   173   6.107846e+00 -9.230066e-01   
   174   5.757127e+00 -8.580669e-01   
   175   6.614777e+00 -1.078520e+00   
   176   4.833955e+00 -9.562443e-01   
   177   7.269891e+00 -1.508696e+00   
   178   6.450141e+00 -9.653308e-01   
   179   4.996527e+00 -8.615823e-01   
   180   4.174333e+00 -1.212121e+00   
   181   5.944502e+00 -8.079560e-01   
   182   4.329319e+00 -1.104604e+00   
   183   5.353028e+00 -7.841958e-01   
   184   4.489841e+00 -1.003323e+00   
   185   6.291585e+00 -8.443784e-01   
   186   4.652002e+00 -9.052948e-01   
   187   6.951925e+00 -1.110762e+00   
   188   7.117336e+00 -1.221279e+00   
   189   7.257437e+00 -1.325719e+00   
   190   5.576819e+00 -7.028430e-01   
   191   4.815451e+00 -8.105746e-01   
   192   5.143659e+00 -7.271787e-01   
   193   6.793446e+00 -9.905150e-01   
   194   7.444062e+00 -1.457839e+00   
   195   6.125913e+00 -7.238758e-01   
   196   6.630793e+00 -8.799981e-01   
   197   7.610169e+00 -1.595424e+00   
   198   4.148615e+00 -1.050505e+00   
   199   4.307417e+00 -9.509147e-01   
   200   4.470505e+00 -8.508447e-01   
   201   5.275251e+00 -6.250211e-01   
   202   6.471547e+00 -7.593431e-01   
   203   4.952952e+00 -6.693616e-01   
   204   5.798300e+00 -6.021458e-01   
   205   5.992693e+00 -6.215802e-01   
   206   4.634760e+00 -7.554532e-01   
   207   6.307569e+00 -6.452582e-01   
   208   7.126625e+00 -1.022562e+00   
   209   5.424257e+00 -5.435366e-01   
   210   6.978233e+00 -9.168356e-01   
   211   7.444874e+00 -1.258035e+00   
   212   7.294997e+00 -1.130008e+00   
   213   6.812695e+00 -8.052875e-01   
   214   5.098558e+00 -5.325152e-01   
   215   4.130530e+00 -8.888889e-01   
   216   4.289332e+00 -7.892985e-01   
   217   4.766006e+00 -5.912360e-01   
   218   6.655939e+00 -6.824250e-01   
   219   6.147947e+00 -5.256099e-01   
   220   4.454447e+00 -6.957342e-01   
   221   5.604553e+00 -4.581518e-01   
   222   7.690924e+00 -1.373737e+00   
   223   4.620801e+00 -6.048066e-01   
   224   5.946802e+00 -4.483133e-01   
   225   6.497061e+00 -5.610296e-01   
   226   5.265086e+00 -4.258359e-01   
   227   4.948704e+00 -4.747168e-01   
   228   7.309850e+00 -9.448972e-01   
   229   7.470712e+00 -1.062622e+00   
   230   7.154421e+00 -8.255072e-01   
   231   6.992651e+00 -7.189080e-01   
   232   6.331643e+00 -4.468416e-01   
   233   7.606788e+00 -1.151596e+00   
   234   5.439462e+00 -3.461598e-01   
   235   4.112445e+00 -7.272727e-01   
   236   5.775604e+00 -3.450841e-01   
   237   4.274697e+00 -6.348484e-01   
   238   4.441896e+00 -5.420817e-01   
   239   6.837911e+00 -5.928084e-01   
   240   5.085960e+00 -3.420145e-01   
   241   4.610093e+00 -4.540377e-01   
   242   6.171536e+00 -3.270382e-01   
   243   4.779277e+00 -3.697011e-01   
   244   6.683608e+00 -4.656031e-01   
   245   5.267464e+00 -2.614729e-01   
   246   5.607724e+00 -2.389903e-01   
   247   5.950298e+00 -2.484315e-01   
   248   7.340525e+00 -7.640463e-01   
   249   7.174878e+00 -6.531323e-01   
   250   7.493151e+00 -8.665631e-01   
   251   4.101259e+00 -5.656566e-01   
   252   7.647769e+00 -9.754821e-01   
   253   4.263511e+00 -4.732322e-01   
   254   4.937317e+00 -2.482230e-01   
   255   7.779661e+00 -1.088101e+00   
   256   6.479527e+00 -3.064539e-01   
   257   4.432513e+00 -3.869017e-01   
   258   7.024959e+00 -5.231033e-01   
   259   4.602488e+00 -3.027573e-01   
   260   5.429973e+00 -1.484257e-01   
   261   5.778623e+00 -1.465129e-01   
   262   6.300511e+00 -2.184304e-01   
   263   5.104067e+00 -1.486366e-01   
   264   6.122405e+00 -1.274832e-01   
   265   4.752219e+00 -1.742482e-01   
   266   6.874410e+00 -3.356332e-01   
   267   5.603224e+00 -6.288237e-02   
   268   5.249809e+00 -6.276335e-02   
   269   4.090074e+00 -4.040404e-01   
   270   7.354741e+00 -5.671671e-01   
   271   4.255559e+00 -3.183314e-01   
   272   7.513919e+00 -6.697171e-01   
   273   4.426331e+00 -2.324679e-01   
   274   7.670939e+00 -7.795504e-01   
   275   7.213405e+00 -4.572715e-01   
   276   6.646711e+00 -1.966768e-01   
   277   5.944870e+00 -3.596135e-02   
   278   7.825047e+00 -8.888889e-01   
   279   6.468035e+00 -1.067801e-01   
   280   4.909047e+00 -5.039941e-02   
   281   7.062060e+00 -3.266727e-01   
   282   5.430066e+00  2.284894e-02   
   283   5.765468e+00  5.164515e-02   
   284   6.290164e+00 -1.871478e-02   
   285   4.569405e+00 -7.460764e-02   
   286   5.089011e+00  4.352755e-02   
   287   4.085355e+00 -2.424242e-01   
   288   7.537748e+00 -5.185608e-01   
   289   4.250840e+00 -1.567152e-01   
   290   6.111984e+00  7.198132e-02   
   291   7.698411e+00 -6.179342e-01   
   292   4.423248e+00 -7.741242e-02   
   293   7.852519e+00 -7.272727e-01   
   294   4.760343e+00  3.573103e-02   
   295   5.593496e+00  1.352055e-01   
   296   6.832202e+00 -9.451028e-02   
   297   5.264921e+00  1.348728e-01   
   298   6.635215e+00  2.992318e-03   
   299   7.229700e+00 -2.488502e-01   
   300   7.051737e+00 -1.576822e-01   
   301   5.933294e+00  1.594378e-01   
   302   7.408013e+00 -3.378467e-01   
   303   4.915651e+00  1.392766e-01   
   304   6.456566e+00  9.288867e-02   
   305   5.413656e+00  2.217562e-01   
   306   7.555342e+00 -3.711985e-01   
   307   4.080636e+00 -8.080808e-02   
   308   7.719946e+00 -4.686476e-01   
   309   6.278209e+00  1.830807e-01   
   310   5.755179e+00  2.492137e-01   
   311   4.249265e+00 -1.628569e-03   
   312   4.423246e+00  7.749901e-02   
   313   7.879991e+00 -5.656566e-01   
   314   5.097146e+00  2.429165e-01   
   315   4.597957e+00  1.514024e-01   
   316   6.982754e+00  7.155188e-03   
   317   6.098781e+00  2.712810e-01   
   318   5.231936e+00  3.046973e-01   
   319   6.802383e+00  1.127831e-01   
   320   5.574524e+00  3.337624e-01   
   321   4.764821e+00  2.605147e-01   
   322   6.623714e+00  2.026529e-01   
   323   7.567372e+00 -2.217894e-01   
   324   5.922195e+00  3.589948e-01   
   325   7.194883e+00  8.934075e-03   
   326   7.735546e+00 -3.070314e-01   
   327   4.921609e+00  3.327005e-01   
   328   4.082204e+00  8.080808e-02   
   329   6.445029e+00  2.924205e-01   
   330   7.420556e+00 -9.408487e-02   
   331   4.250833e+00  1.599876e-01   
   332   7.895591e+00 -4.040404e-01   
   333   4.426328e+00  2.322053e-01   
   334   5.109040e+00  3.997335e-01   
   335   5.339557e+00  4.317775e-01   
   336   6.266090e+00  3.805396e-01   
   337   5.738270e+00  4.483626e-01   
   338   7.050887e+00  1.586266e-01   
   339   4.585919e+00  3.485104e-01   
   340   7.573323e+00 -7.416234e-02   
   341   6.087540e+00  4.702602e-01   
   342   6.816036e+00  3.014494e-01   
   343   7.744921e+00 -1.583452e-01   
   344   5.559792e+00  5.329720e-01   
   345   4.083772e+00  2.424242e-01   
   346   6.611395e+00  4.033653e-01   
   347   7.911190e+00 -2.424242e-01   
   348   4.255574e+00  3.150128e-01   
   349   4.751817e+00  4.599343e-01   
   350   4.432529e+00  3.873490e-01   
   351   4.938784e+00  5.075395e-01   
   352   5.908169e+00  5.583263e-01   
   353   6.432080e+00  4.918656e-01   
   354   7.397262e+00  1.412217e-01   
   355   5.125205e+00  5.787698e-01   
   356   7.229436e+00  2.487164e-01   
   357   7.573336e+00  7.389876e-02   
   358   6.252608e+00  5.800509e-01   
   359   5.723226e+00  6.471765e-01   
   360   5.347426e+00  6.449912e-01   
   361   7.748070e+00  3.270959e-03   
   362   7.914340e+00 -8.080808e-02   
   363   4.598265e+00  5.612615e-01   
   364   4.091687e+00  4.040404e-01   
   365   7.029868e+00  4.178763e-01   
   366   4.263489e+00  4.766290e-01   
   367   6.777971e+00  5.133922e-01   
   368   6.074189e+00  6.697701e-01   
   369   4.786725e+00  6.262866e-01   
   370   4.404705e+00  5.506364e-01   
   371   5.542299e+00  7.320506e-01   
   372   6.598831e+00  6.014952e-01   
   373   7.567314e+00  2.225650e-01   
   374   4.969360e+00  7.034243e-01   
   375   5.886716e+00  7.601140e-01   
   376   7.407548e+00  3.381426e-01   
   377   7.744936e+00  1.518342e-01   
   378   6.419833e+00  6.897254e-01   
   379   7.239448e+00  4.452244e-01   
   380   5.155471e+00  7.763567e-01   
   381   7.917490e+00  8.080808e-02   
   382   6.944268e+00  5.880080e-01   
   383   5.362231e+00  8.180203e-01   
   384   6.241212e+00  7.796527e-01   
   385   4.099601e+00  5.656566e-01   
   386   4.274728e+00  6.313397e-01   
   387   5.706322e+00  8.464222e-01   
   388   4.454516e+00  6.966028e-01   
   389   4.634735e+00  7.553003e-01   
   390   7.555482e+00  3.699543e-01   
   391   6.829486e+00  7.017976e-01   
   392   7.735517e+00  3.134504e-01   
   393   4.809961e+00  8.503862e-01   
   394   5.526889e+00  9.313403e-01   
   395   6.072807e+00  9.053313e-01   
   396   5.862388e+00  9.283267e-01   
   397   7.908071e+00  2.424242e-01   
   398   4.999220e+00  9.011552e-01   
   399   5.202121e+00  9.309093e-01   
   400   7.354794e+00  5.670711e-01   
   401   6.693989e+00  8.078411e-01   
   402   7.175596e+00  6.543158e-01   
   403   4.114165e+00  7.272727e-01   
   404   4.289291e+00  7.929559e-01   
   405   7.537498e+00  5.202062e-01   
   406   4.470392e+00  8.497246e-01   
   407   6.993430e+00  7.621060e-01   
   408   6.516625e+00  9.002000e-01   
   409   5.346366e+00  1.017361e+00   
   410   7.719990e+00  4.623796e-01   
   411   5.713323e+00  1.041305e+00   
   412   4.638852e+00  9.526939e-01   
   413   6.340372e+00  9.913331e-01   
   414   7.898652e+00  4.040404e-01   
   415   7.514293e+00  6.677544e-01   
   416   6.891581e+00  9.222074e-01   
   417   6.161696e+00  1.083741e+00   
   418   7.342088e+00  7.638778e-01   
   419   5.509798e+00  1.130516e+00   
   420   4.128729e+00  8.888889e-01   
   421   4.307468e+00  9.470684e-01   
   422   4.860051e+00  1.078139e+00   
   423   4.490014e+00  1.004735e+00   
   424   5.943077e+00  1.124382e+00   
   425   6.685190e+00  1.007618e+00   
   426   7.698354e+00  6.239957e-01   
   427   5.147318e+00  1.141653e+00   
   428   5.343403e+00  1.189502e+00   
   429   6.508292e+00  1.099908e+00   
   430   7.877016e+00  5.656566e-01   
   431   7.126217e+00  9.442012e-01   
   432   6.330428e+00  1.191050e+00   
   433   5.722666e+00  1.255684e+00   
   434   4.150518e+00  1.050505e+00   
   435   7.671007e+00  7.737462e-01   
   436   4.329257e+00  1.108685e+00   
   437   7.495614e+00  8.642217e-01   
   438   6.822824e+00  1.112837e+00   
   439   4.579594e+00  1.189652e+00   
   440   7.324090e+00  9.590338e-01   
   441   6.153253e+00  1.283527e+00   
   442   7.855381e+00  7.272727e-01   
   443   5.000026e+00  1.291125e+00   
   444   4.781450e+00  1.261425e+00   
   445   5.494083e+00  1.329821e+00   
   446   6.675016e+00  1.206883e+00   
   447   7.017822e+00  1.111814e+00   
   448   5.219449e+00  1.328157e+00   
   449   5.939536e+00  1.373386e+00   
   450   6.497796e+00  1.299489e+00   
   451   7.217241e+00  1.120520e+00   
   452   7.675587e+00  9.323026e-01   
   453   4.172307e+00  1.212121e+00   
   454   6.322193e+00  1.390307e+00   
   455   7.822321e+00  8.888889e-01   
   456   4.346094e+00  1.305025e+00   
   457   7.410537e+00  1.109054e+00   
   458   6.876777e+00  1.295025e+00   
   459   5.716407e+00  1.480247e+00   
   460   4.686299e+00  1.413082e+00   
   461   4.898140e+00  1.453828e+00   
   462   5.093745e+00  1.483544e+00   
   463   4.504740e+00  1.393431e+00   
   464   6.143059e+00  1.482986e+00   
   465   7.599732e+00  1.084151e+00   
   466   5.290265e+00  1.519962e+00   
   467   5.477230e+00  1.529047e+00   
   468   6.666456e+00  1.406656e+00   
   469   7.109976e+00  1.289207e+00   
   470   7.789260e+00  1.050505e+00   
   471   6.489914e+00  1.499161e+00   
   472   5.965060e+00  1.574141e+00   
   473   7.011213e+00  1.422425e+00   
   474   7.365089e+00  1.301508e+00   
   475   5.641486e+00  1.643126e+00   
   476   6.311963e+00  1.589993e+00   
   477   7.552046e+00  1.237080e+00   
   478   4.220339e+00  1.476441e+00   
   479   4.767162e+00  1.603742e+00   
   480   5.806921e+00  1.665021e+00   
   481   4.964380e+00  1.633240e+00   
   482   4.584714e+00  1.575732e+00   
   483   6.834135e+00  1.515351e+00   
   484   4.395018e+00  1.542790e+00   
   485   5.160113e+00  1.671643e+00   
   486   7.743526e+00  1.212121e+00   
   487   5.356636e+00  1.708593e+00   
   488   6.135020e+00  1.682772e+00   
   489   6.655892e+00  1.605685e+00   
   490   6.478881e+00  1.698648e+00   
   491   5.956747e+00  1.773241e+00   
   492   7.535754e+00  1.399303e+00   
   493   7.210395e+00  1.526836e+00   
   494   5.556254e+00  1.824432e+00   
   495   7.003080e+00  1.622239e+00   
   496   7.688473e+00  1.373737e+00   
   497   6.304225e+00  1.789009e+00   
   498   4.838631e+00  1.788005e+00   
   499   4.649928e+00  1.762854e+00   
   500   4.460231e+00  1.729912e+00   
   501   5.754903e+00  1.854350e+00   
   502   4.270535e+00  1.696970e+00   
   503   6.825909e+00  1.714855e+00   
   504   5.029277e+00  1.846477e+00   
   505   7.439744e+00  1.548839e+00   
   506   6.124394e+00  1.882146e+00   
   507   5.220029e+00  1.901854e+00   
   508   6.647677e+00  1.805454e+00   
   509   7.633419e+00  1.535354e+00   
   510   5.410835e+00  1.961510e+00   
   511   6.471654e+00  1.898266e+00   
   512   6.968186e+00  1.800990e+00   
   513   4.695932e+00  1.914015e+00   
   514   5.947621e+00  1.975653e+00   
   515   4.506705e+00  1.891528e+00   
   516   4.317008e+00  1.858586e+00   
   517   7.173324e+00  1.768769e+00   
   518   5.601726e+00  2.019033e+00   
   519   4.881929e+00  1.980841e+00   
   520   6.293587e+00  1.988649e+00   
   521   7.370338e+00  1.734865e+00   
   522   5.776892e+00  2.048185e+00   
   523   6.815036e+00  1.914496e+00   
   524   5.073410e+00  2.035853e+00   
   525   7.565240e+00  1.696970e+00   
   526   5.263568e+00  2.096707e+00   
   527   6.636529e+00  2.004134e+00   
   528   6.117022e+00  2.081933e+00   
   529   4.555453e+00  2.042772e+00   
   530   5.454971e+00  2.153981e+00   
   531   4.363482e+00  2.020202e+00   
   532   6.459828e+00  2.097607e+00   
   533   4.742723e+00  2.106079e+00   
   534   7.023579e+00  1.984593e+00   
   535   5.934623e+00  2.177887e+00   
   536   4.928171e+00  2.172223e+00   
   537   5.698452e+00  2.219125e+00   
   538   6.286657e+00  2.187294e+00   
   539   5.119349e+00  2.230307e+00   
   540   7.222842e+00  2.000917e+00   
   541   7.440678e+00  1.955851e+00   
   542   6.852865e+00  2.130259e+00   
   543   4.578542e+00  2.202617e+00   
   544   5.309166e+00  2.290570e+00   
   545   4.421183e+00  2.181818e+00   
   546   6.628789e+00  2.203885e+00   
   547   6.105242e+00  2.282222e+00   
   548   5.500483e+00  2.348680e+00   
   549   6.453636e+00  2.297117e+00   
   550   7.109294e+00  2.165217e+00   
   551   5.888095e+00  2.395587e+00   
   552   5.690863e+00  2.408292e+00   
   553   4.683099e+00  2.344978e+00   
   554   4.880319e+00  2.375514e+00   
   555   6.275529e+00  2.386842e+00   
   556   5.161847e+00  2.425524e+00   
   557   4.490253e+00  2.337435e+00   
   558   6.795473e+00  2.313699e+00   
   559   7.307473e+00  2.181818e+00   
   560   5.352503e+00  2.485764e+00   
   561   6.961358e+00  2.325789e+00   
   562   6.616421e+00  2.401920e+00   
   563   6.100275e+00  2.482018e+00   
   564   5.543917e+00  2.543778e+00   
   565   6.440311e+00  2.496103e+00   
   566   7.197551e+00  2.343434e+00   
   567   4.996084e+00  2.548744e+00   
   568   4.559322e+00  2.493052e+00   
   569   4.754102e+00  2.530101e+00   
   570   5.734798e+00  2.603374e+00   
   571   5.952415e+00  2.596192e+00   
   572   6.271353e+00  2.584512e+00   
   573   6.782499e+00  2.513179e+00   
   574   5.176041e+00  2.650113e+00   
   575   4.858666e+00  2.647749e+00   
   576   7.075911e+00  2.505051e+00   
   577   6.604451e+00  2.622913e+00   
   578   5.365226e+00  2.714485e+00   
   579   6.079693e+00  2.700354e+00   
   580   4.660146e+00  2.666667e+00   
   581   6.437378e+00  2.694929e+00   
   582   5.608739e+00  2.791604e+00   
   583   5.880725e+00  2.807368e+00   
   584   6.260862e+00  2.783626e+00   
   585   6.932203e+00  2.671135e+00   
   586   4.972656e+00  2.805416e+00   
   587   5.215443e+00  2.846026e+00   
   588   4.773956e+00  2.828283e+00   
   589   6.557984e+00  2.806979e+00   
   590   5.402008e+00  2.910406e+00   
   591   6.100275e+00  2.898679e+00   
   592   6.417304e+00  2.891454e+00   
   593   6.762712e+00  2.835698e+00   
   594   5.759613e+00  2.956206e+00   
   595   5.099501e+00  2.966130e+00   
   596   5.574888e+00  3.005609e+00   
   597   6.283607e+00  2.972262e+00   
   598   4.919072e+00  2.989899e+00   
   599   5.262090e+00  3.037795e+00   
   600   6.568074e+00  2.989899e+00   
   601   5.939042e+00  3.058899e+00   
   602   6.119720e+00  3.078312e+00   
   603   5.452669e+00  3.123572e+00   
   604   6.434378e+00  3.070707e+00   
   605   5.712963e+00  3.150985e+00   
   606   5.128241e+00  3.151515e+00   
   607   6.300682e+00  3.151515e+00   
   608   5.267510e+00  3.213347e+00   
   609   6.084746e+00  3.243553e+00   
   610   5.406780e+00  3.275178e+00   
   611   5.915254e+00  3.277192e+00   
   612   5.576271e+00  3.293005e+00   
   613   5.745763e+00  3.310832e+00   
  END_COORDINATES
  BOUNDARIES, ELEMENT
    1         610     608         1     
    2         608     606         2     
    3         600     604         3     
    4         604     607         4     
    5         62     50         5     
    6         50     39         6     
    7         347     362         7     
    8         362     381         8     
    9         345     328         9     
    10         328     307         10     
    11         385     364         11     
    12         364     345         12     
    13         307     287         13     
    14         287     269         14     
    15         381     397         15     
    16         397     414         16     
    17         269     251         17     
    18         251     235         18     
    19         420     403         19     
    20         403     385         20     
    21         313     332         21     
    22         332     347         22     
    23         235     215         23     
    24         215     198         24     
    25         414     430         25     
    26         430     442         26     
    27         453     434         27     
    28         434     420         28     
    29         278     293         29     
    30         293     313         30     
    31         198     180         31     
    32         180     163         32     
    33         442     455         33     
    34         455     470         34     
    35         163     145         35     
    36         145     129         36     
    37         129     116         37     
    38         470     486         38     
    39         531     516         39     
    40         516     502         40     
    41         1     3         41     
    42         3     7         42     
    43         568     557         43     
    44         557     545         44     
    45         486     496         45     
    46         496     509         46     
    47         613     612         47     
    48         612     610         48     
    49         545     531         49     
    50         609     611         50     
    51         611     613         51     
    52         509     525         52     
    53         8     4         56     
    54         4     1         57     
    55         7     11         58     
    56         11     19         59     
    57         75     62         60     
    58         148     167         70     
    59         116     93         230     
    60         19     31         232     
    61         607     609         265     
    62         93     75         267     
    63         606     598         270     
    64         598     588         272     
    65         14     8         276     
    66         39     25         283     
    67         593     600         289     
    68         559     566         292     
    69         25     14         295     
    70         478     453         297     
    71         255     278         323     
    72         222     255         325     
    73         588     580         353     
    74         31     44         369     
    75         44     60         371     
    76         502     478         374     
    77         580     568         388     
    78         525     541         399     
    79         167     197         415     
    80         125     148         418     
    81         60     78         533     
    82         566     576         726     
    83         541     559         739     
    84         98     125         1068     
    85         576     585         1114     
    86         585     593         1115     
    87         78     98         1122     
    88         197     222         1123     
  END_BOUNDARIES
  MATERIALS, NUMBER= 1, DEFAULT=1
  END_MATERIALS
  SUBDOMAINS
  END_SUBDOMAINS
  CHARACTERISTICS
  END_CHARACTERISTICS
