  NODES_PER_ELEMENT
   1 3
   2 3
   3 3
   4 3
   5 3
   6 3
   7 3
   8 3
   9 3
   10 3
   11 3
   12 3
   13 3
   14 3
   15 3
   16 3
   17 3
   18 3
   19 3
   20 3
   21 3
   22 3
   23 3
   24 3
   25 3
   26 3
   27 3
   28 3
   29 3
   30 3
   31 3
   32 3
   33 3
   34 3
   35 3
   36 3
   37 3
   38 3
   39 3
   40 3
   41 3
   42 3
   43 3
   44 3
   45 3
   46 3
   47 3
   48 3
   49 3
   50 3
   51 3
   52 3
   53 3
   54 3
   55 3
   56 3
   57 3
   58 3
   59 3
   60 3
   61 3
   62 3
   63 3
   64 3
   65 3
   66 3
   67 3
   68 3
   69 3
   70 3
   71 3
   72 3
   73 3
   74 3
   75 3
   76 3
   77 3
   78 3
   79 3
   80 3
   81 3
   82 3
   83 3
   84 3
   85 3
   86 3
   87 3
   88 3
   89 3
   90 3
   91 3
   92 3
   93 3
   94 3
   95 3
   96 3
   97 3
   98 3
   99 3
   100 3
   101 3
   102 3
   103 3
   104 3
   105 3
   106 3
   107 3
   108 3
   109 3
   110 3
   111 3
   112 3
   113 3
   114 3
   115 3
   116 3
   117 3
   118 3
   119 3
   120 3
   121 3
   122 3
   123 3
   124 3
   125 3
   126 3
   127 3
   128 3
   129 3
   130 3
   131 3
   132 3
   133 3
   134 3
   135 3
   136 3
   137 3
   138 3
   139 3
   140 3
   141 3
   142 3
   143 3
   144 3
   145 3
   146 3
   147 3
   148 3
   149 3
   150 3
   151 3
   152 3
   153 3
   154 3
   155 3
   156 3
   157 3
   158 3
   159 3
   160 3
   161 3
   162 3
   163 3
   164 3
   165 3
   166 3
   167 3
   168 3
   169 3
   170 3
   171 3
   172 3
   173 3
   174 3
   175 3
   176 3
   177 3
   178 3
   179 3
   180 3
   181 3
   182 3
   183 3
   184 3
   185 3
   186 3
   187 3
   188 3
   189 3
   190 3
   191 3
   192 3
   193 3
   194 3
   195 3
   196 3
   197 3
   198 3
   199 3
   200 3
   201 3
   202 3
   203 3
   204 3
   205 3
   206 3
   207 3
   208 3
   209 3
   210 3
   211 3
   212 3
   213 3
   214 3
   215 3
   216 3
   217 3
   218 3
   219 3
   220 3
   221 3
   222 3
   223 3
   224 3
   225 3
   226 3
   227 3
   228 3
   229 3
   230 3
   231 3
   232 3
   233 3
   234 3
   235 3
   236 3
   237 3
   238 3
   239 3
   240 3
   241 3
   242 3
   243 3
   244 3
   245 3
   246 3
   247 3
   248 3
   249 3
   250 3
   251 3
   252 3
   253 3
   254 3
   255 3
   256 3
   257 3
   258 3
   259 3
   260 3
   261 3
   262 3
   263 3
   264 3
   265 3
   266 3
   267 3
   268 3
   269 3
   270 3
   271 3
   272 3
   273 3
   274 3
   275 3
   276 3
   277 3
   278 3
   279 3
   280 3
   281 3
   282 3
   283 3
   284 3
   285 3
   286 3
   287 3
   288 3
   289 3
   290 3
   291 3
   292 3
   293 3
   294 3
   295 3
   296 3
   297 3
   298 3
   299 3
   300 3
   301 3
   302 3
   303 3
   304 3
   305 3
   306 3
   307 3
   308 3
   309 3
   310 3
   311 3
   312 3
   313 3
   314 3
   315 3
   316 3
   317 3
   318 3
   319 3
   320 3
   321 3
   322 3
   323 3
   324 3
   325 3
   326 3
   327 3
   328 3
   329 3
   330 3
   331 3
   332 3
   333 3
   334 3
   335 3
   336 3
   337 3
   338 3
   339 3
   340 3
   341 3
   342 3
   343 3
   344 3
   345 3
   346 3
   347 3
   348 3
   349 3
   350 3
   351 3
   352 3
   353 3
   354 3
   355 3
   356 3
   357 3
   358 3
   359 3
   360 3
   361 3
   362 3
   363 3
   364 3
   365 3
   366 3
   367 3
   368 3
   369 3
   370 3
   371 3
   372 3
   373 3
   374 3
   375 3
   376 3
   377 3
   378 3
   379 3
   380 3
   381 3
   382 3
   383 3
   384 3
   385 3
   386 3
   387 3
   388 3
   389 3
   390 3
   391 3
   392 3
   393 3
   394 3
   395 3
   396 3
   397 3
   398 3
   399 3
   400 3
   401 3
   402 3
   403 3
   404 3
   405 3
   406 3
   407 3
   408 3
   409 3
   410 3
   411 3
   412 3
   413 3
   414 3
   415 3
   416 3
   417 3
   418 3
   419 3
   420 3
   421 3
   422 3
   423 3
   424 3
   425 3
   426 3
   427 3
   428 3
   429 3
   430 3
   431 3
   432 3
   433 3
   434 3
   435 3
   436 3
   437 3
   438 3
   439 3
   440 3
   441 3
   442 3
   443 3
   444 3
   445 3
   446 3
   447 3
   448 3
   449 3
   450 3
   451 3
   452 3
   453 3
   454 3
   455 3
   456 3
   457 3
   458 3
   459 3
   460 3
   461 3
   462 3
   463 3
   464 3
   465 3
   466 3
   467 3
   468 3
   469 3
   470 3
  END_NODES_PER_ELEMENT
  ELEMENTS
  1 1 2 3  
  2 132 139 119  
  3 266 264 262  
  4 161 146 156  
  5 119 139 131  
  6 132 119 114  
  7 262 264 258  
  8 131 139 147  
  9 132 114 126  
  10 258 264 263  
  11 131 147 142  
  12 126 114 106  
  13 142 147 157  
  14 106 114 95  
  15 126 106 118  
  16 95 114 100  
  17 106 95 87  
  18 118 106 99  
  19 95 100 83  
  20 87 95 78  
  21 99 106 87  
  22 83 100 94  
  23 78 95 83  
  24 94 100 112  
  25 83 94 76  
  26 112 100 119  
  27 94 112 102  
  28 76 94 85  
  29 119 100 114  
  30 102 112 125  
  31 85 94 102  
  32 125 112 131  
  33 85 102 98  
  34 131 112 119  
  35 98 102 117  
  36 117 102 125  
  37 98 117 109  
  38 117 125 134  
  39 109 117 129  
  40 134 125 142  
  41 129 117 134  
  42 142 125 131  
  43 134 142 149  
  44 149 142 157  
  45 134 149 145  
  46 145 149 160  
  47 134 145 129  
  48 160 149 165  
  49 129 145 143  
  50 165 149 157  
  51 143 145 158  
  52 158 145 160  
  53 143 158 154  
  54 154 158 169  
  55 143 154 138  
  56 169 158 172  
  57 138 154 152  
  58 172 158 160  
  59 169 172 183  
  60 152 154 167  
  61 183 172 186  
  62 169 183 181  
  63 167 154 169  
  64 186 172 174  
  65 181 183 194  
  66 174 172 160  
  67 194 183 197  
  68 174 160 165  
  69 197 183 186  
  70 156 146 140  
  71 140 146 130  
  72 156 140 148  
  73 140 130 120  
  74 148 140 133  
  75 120 130 111  
  76 133 140 120  
  77 148 133 144  
  78 133 120 115  
  79 144 133 128  
  80 115 120 101  
  81 133 115 128  
  82 101 120 111  
  83 128 115 108  
  84 101 111 92  
  85 108 115 96  
  86 128 108 124  
  87 101 92 84  
  88 96 115 101  
  89 124 108 103  
  90 84 92 75  
  91 96 101 84  
  92 103 108 89  
  93 96 84 79  
  94 89 108 96  
  95 103 89 86  
  96 79 84 68  
  97 89 96 79  
  98 86 89 72  
  99 68 84 75  
  100 72 89 79  
  101 86 72 71  
  102 68 75 60  
  103 72 79 64  
  104 71 72 58  
  105 68 60 53  
  106 64 79 68  
  107 58 72 64  
  108 53 60 46  
  109 64 68 53  
  110 58 64 50  
  111 53 46 42  
  112 64 53 50  
  113 42 46 37  
  114 50 53 42  
  115 42 37 34  
  116 50 42 39  
  117 34 37 27  
  118 39 42 34  
  119 50 39 48  
  120 34 27 23  
  121 39 34 31  
  122 48 39 38  
  123 23 27 19  
  124 31 34 23  
  125 38 39 31  
  126 31 23 20  
  127 38 31 29  
  128 20 23 16  
  129 31 20 29  
  130 16 23 19  
  131 29 20 21  
  132 16 19 12  
  133 21 20 13  
  134 16 12 8  
  135 13 20 16  
  136 8 12 7  
  137 16 8 13  
  138 8 7 4  
  139 13 8 9  
  140 4 7 3  
  141 8 4 9  
  142 4 3 2  
  143 9 4 5  
  144 5 4 2  
  145 9 5 10  
  146 10 6 11  
  147 9 10 15  
  148 15 10 17  
  149 9 15 13  
  150 17 10 14  
  151 15 17 24  
  152 13 15 21  
  153 14 10 11  
  154 24 17 25  
  155 21 15 24  
  156 25 17 22  
  157 24 25 32  
  158 21 24 28  
  159 22 17 14  
  160 32 25 35  
  161 28 24 32  
  162 22 14 18  
  163 35 25 33  
  164 33 25 22  
  165 35 33 43  
  166 33 22 30  
  167 43 33 40  
  168 30 22 18  
  169 33 30 40  
  170 40 30 36  
  171 98 109 93  
  172 93 109 107  
  173 98 93 80  
  174 107 109 127  
  175 80 93 77  
  176 98 80 85  
  177 127 109 129  
  178 77 93 90  
  179 85 80 69  
  180 90 93 107  
  181 77 90 73  
  182 69 80 65  
  183 73 90 88  
  184 77 73 63  
  185 65 80 77  
  186 88 90 105  
  187 63 73 57  
  188 105 90 107  
  189 88 105 104  
  190 57 73 71  
  191 105 107 123  
  192 104 105 122  
  193 123 107 127  
  194 105 123 122  
  195 122 123 136  
  196 136 123 138  
  197 122 136 135  
  198 138 123 127  
  199 136 138 152  
  200 135 136 150  
  201 136 152 150  
  202 135 150 151  
  203 150 152 164  
  204 151 150 163  
  205 135 151 137  
  206 164 152 167  
  207 163 150 164  
  208 137 151 153  
  209 164 167 179  
  210 163 164 177  
  211 153 151 166  
  212 179 167 181  
  213 177 164 179  
  214 166 151 163  
  215 181 167 169  
  216 166 163 178  
  217 178 163 177  
  218 166 178 180  
  219 178 177 188  
  220 180 178 190  
  221 166 180 168  
  222 188 177 189  
  223 190 178 188  
  224 168 180 182  
  225 189 177 179  
  226 182 180 193  
  227 168 182 170  
  228 193 180 190  
  229 182 193 196  
  230 170 182 185  
  231 193 190 204  
  232 196 193 207  
  233 185 182 196  
  234 204 190 201  
  235 207 193 204  
  236 185 196 198  
  237 201 190 188  
  238 198 196 210  
  239 185 198 187  
  240 201 188 200  
  241 210 196 207  
  242 187 198 203  
  243 200 188 189  
  244 201 200 213  
  245 203 198 211  
  246 187 203 195  
  247 213 200 214  
  248 201 213 215  
  249 211 198 210  
  250 195 203 209  
  251 214 200 202  
  252 215 213 226  
  253 211 210 222  
  254 209 203 217  
  255 202 200 189  
  256 226 213 225  
  257 222 210 221  
  258 217 203 211  
  259 225 213 214  
  260 226 225 238  
  261 221 210 207  
  262 217 211 224  
  263 238 225 239  
  264 226 238 240  
  265 224 211 222  
  266 217 224 231  
  267 239 225 227  
  268 240 238 252  
  269 231 224 242  
  270 217 231 223  
  271 227 225 214  
  272 252 238 250  
  273 242 224 234  
  274 223 231 237  
  275 250 238 239  
  276 252 250 259  
  277 234 224 222  
  278 237 231 251  
  279 259 250 260  
  280 252 259 262  
  281 262 259 266  
  282 260 250 253  
  283 259 260 265  
  284 253 250 239  
  285 259 265 266  
  286 253 239 241  
  287 241 239 227  
  288 156 148 162  
  289 162 148 159  
  290 156 162 171  
  291 159 148 144  
  292 171 162 175  
  293 156 171 161  
  294 159 144 155  
  295 175 162 173  
  296 171 175 184  
  297 161 171 176  
  298 155 144 141  
  299 173 162 159  
  300 184 175 195  
  301 176 171 184  
  302 155 141 153  
  303 176 184 192  
  304 192 184 199  
  305 199 184 195  
  306 192 199 206  
  307 206 199 212  
  308 212 199 209  
  309 206 212 220  
  310 220 212 228  
  311 228 212 223  
  312 220 228 233  
  313 233 228 247  
  314 69 65 56  
  315 56 65 51  
  316 69 56 61  
  317 51 65 63  
  318 56 51 44  
  319 61 56 47  
  320 63 65 77  
  321 44 51 41  
  322 56 44 47  
  323 41 51 49  
  324 47 44 35  
  325 49 51 63  
  326 41 49 38  
  327 49 63 57  
  328 49 57 48  
  329 88 104 86  
  330 223 235 228  
  331 69 61 76  
  332 76 61 67  
  333 69 76 85  
  334 67 61 55  
  335 76 67 83  
  336 55 61 47  
  337 67 55 62  
  338 83 67 78  
  339 55 47 43  
  340 62 55 43  
  341 67 62 78  
  342 78 62 70  
  343 70 62 54  
  344 78 70 87  
  345 54 62 43  
  346 70 54 66  
  347 87 70 82  
  348 66 54 52  
  349 70 66 82  
  350 87 82 99  
  351 66 52 59  
  352 82 66 81  
  353 81 66 59  
  354 82 81 97  
  355 97 81 91  
  356 82 97 99  
  357 99 97 116  
  358 116 97 113  
  359 99 116 118  
  360 113 97 91  
  361 52 54 40  
  362 59 74 81  
  363 248 247 235  
  364 235 247 228  
  365 235 223 237  
  366 235 237 248  
  367 209 217 223  
  368 209 223 212  
  369 208 218 205  
  370 205 218 216  
  371 208 205 194  
  372 216 218 229  
  373 205 216 202  
  374 194 205 191  
  375 216 229 227  
  376 202 216 214  
  377 191 205 202  
  378 216 227 214  
  379 227 229 241  
  380 191 202 189  
  381 191 189 179  
  382 191 179 181  
  383 191 181 194  
  384 208 194 197  
  385 32 35 44  
  386 166 168 153  
  387 153 168 155  
  388 18 26 30  
  389 257 256 244  
  390 244 256 242  
  391 257 244 249  
  392 249 244 236  
  393 257 249 261  
  394 236 244 234  
  395 234 244 242  
  396 249 236 243  
  397 261 249 255  
  398 243 236 230  
  399 249 243 255  
  400 261 255 263  
  401 243 230 232  
  402 255 243 245  
  403 232 230 219  
  404 243 232 245  
  405 219 230 221  
  406 221 230 236  
  407 232 215 226  
  408 245 232 240  
  409 240 232 226  
  410 245 240 252  
  411 263 255 258  
  412 258 255 245  
  413 258 245 252  
  414 201 215 204  
  415 204 215 219  
  416 219 215 232  
  417 71 58 57  
  418 48 38 49  
  419 104 122 121  
  420 121 122 135  
  421 104 121 103  
  422 121 135 137  
  423 121 137 124  
  424 195 209 199  
  425 21 28 29  
  426 29 28 41  
  427 170 185 173  
  428 6 10 5  
  429 124 103 121  
  430 187 195 173  
  431 91 110 113  
  432 246 233 247  
  433 137 153 141  
  434 35 43 47  
  435 36 45 40  
  436 40 45 52  
  437 254 251 242  
  438 128 124 141  
  439 141 124 137  
  440 128 141 144  
  441 58 50 48  
  442 58 48 57  
  443 159 155 170  
  444 265 267 266  
  445 138 127 143  
  446 143 127 129  
  447 221 207 219  
  448 44 41 32  
  449 2 6 5  
  450 262 258 252  
  451 173 159 170  
  452 73 88 71  
  453 74 91 81  
  454 222 221 236  
  455 26 36 30  
  456 256 254 242  
  457 43 40 54  
  458 231 242 251  
  459 207 204 219  
  460 11 18 14  
  461 103 86 104  
  462 86 71 88  
  463 28 32 41  
  464 168 170 155  
  465 175 173 195  
  466 45 59 52  
  467 251 248 237  
  468 234 222 236  
  469 38 29 41  
  470 185 187 173  
  END_ELEMENTS  
  COORDINATES  
   1   3.500000e+00 -5.000000e+00   
   2   4.000000e+00 -5.000000e+00   
   3   3.500000e+00 -4.500000e+00   
   4   3.944177e+00 -4.291667e+00   
   5   4.366025e+00 -4.500000e+00   
   6   4.500000e+00 -5.000000e+00   
   7   3.500000e+00 -4.000000e+00   
   8   3.933013e+00 -3.750000e+00   
   9   4.366025e+00 -4.000000e+00   
   10   4.785027e+00 -4.392857e+00   
   11   5.000000e+00 -5.000000e+00   
   12   3.500000e+00 -3.500000e+00   
   13   4.366025e+00 -3.500000e+00   
   14   5.230926e+00 -4.536905e+00   
   15   4.799038e+00 -3.750000e+00   
   16   3.933013e+00 -3.250000e+00   
   17   5.232051e+00 -4.000000e+00   
   18   5.500000e+00 -5.000000e+00   
   19   3.500000e+00 -3.000000e+00   
   20   4.366025e+00 -3.000000e+00   
   21   4.799038e+00 -3.250000e+00   
   22   5.637553e+00 -4.291667e+00   
   23   3.933013e+00 -2.750000e+00   
   24   5.232051e+00 -3.500000e+00   
   25   5.665064e+00 -3.750000e+00   
   26   6.000000e+00 -5.000000e+00   
   27   3.500000e+00 -2.500000e+00   
   28   5.206218e+00 -3.050000e+00   
   29   4.799038e+00 -2.750000e+00   
   30   6.098076e+00 -4.500000e+00   
   31   4.366025e+00 -2.500000e+00   
   32   5.665064e+00 -3.250000e+00   
   33   6.098076e+00 -4.000000e+00   
   34   3.933013e+00 -2.250000e+00   
   35   6.098076e+00 -3.500000e+00   
   36   6.500000e+00 -5.000000e+00   
   37   3.500000e+00 -2.000000e+00   
   38   4.883440e+00 -2.250000e+00   
   39   4.366025e+00 -2.000000e+00   
   40   6.660000e+00 -4.403401e+00   
   41   5.535898e+00 -2.500000e+00   
   42   3.933013e+00 -1.750000e+00   
   43   6.531089e+00 -3.750000e+00   
   44   5.968911e+00 -2.750000e+00   
   45   7.000000e+00 -5.000000e+00   
   46   3.500000e+00 -1.500000e+00   
   47   6.401924e+00 -3.000000e+00   
   48   4.869373e+00 -1.750000e+00   
   49   5.434616e+00 -2.000000e+00   
   50   4.366025e+00 -1.500000e+00   
   51   5.968911e+00 -2.250000e+00   
   52   7.206779e+00 -4.543056e+00   
   53   3.933013e+00 -1.250000e+00   
   54   7.185978e+00 -4.030754e+00   
   55   6.860770e+00 -3.200000e+00   
   56   6.401924e+00 -2.500000e+00   
   57   5.367094e+00 -1.500000e+00   
   58   4.857276e+00 -1.250000e+00   
   59   7.500000e+00 -5.000000e+00   
   60   3.500000e+00 -1.000000e+00   
   61   6.834936e+00 -2.750000e+00   
   62   7.267949e+00 -3.500000e+00   
   63   5.968911e+00 -1.750000e+00   
   64   4.366025e+00 -1.000000e+00   
   65   6.401924e+00 -2.000000e+00   
   66   7.643611e+00 -4.303968e+00   
   67   7.267949e+00 -3.000000e+00   
   68   3.933013e+00 -7.500000e-01   
   69   6.834936e+00 -2.250000e+00   
   70   7.700962e+00 -3.750000e+00   
   71   5.376098e+00 -1.000000e+00   
   72   4.799038e+00 -7.500000e-01   
   73   5.968911e+00 -1.250000e+00   
   74   8.000000e+00 -5.000000e+00   
   75   3.500000e+00 -5.000000e-01   
   76   7.267949e+00 -2.500000e+00   
   77   6.401924e+00 -1.500000e+00   
   78   7.700962e+00 -3.250000e+00   
   79   4.366025e+00 -5.000000e-01   
   80   6.834936e+00 -1.750000e+00   
   81   8.133975e+00 -4.500000e+00   
   82   8.133975e+00 -4.000000e+00   
   83   7.700962e+00 -2.750000e+00   
   84   3.933013e+00 -2.500000e-01   
   85   7.267949e+00 -2.000000e+00   
   86   5.353594e+00 -5.000000e-01   
   87   8.133975e+00 -3.500000e+00   
   88   5.968911e+00 -7.500000e-01   
   89   4.799038e+00 -2.500000e-01   
   90   6.401924e+00 -1.000000e+00   
   91   8.500000e+00 -5.000000e+00   
   92   3.500000e+00  1.776357e-15   
   93   6.834936e+00 -1.250000e+00   
   94   7.700962e+00 -2.250000e+00   
   95   8.133975e+00 -3.000000e+00   
   96   4.366025e+00  8.881784e-16   
   97   8.555823e+00 -4.291667e+00   
   98   7.267949e+00 -1.500000e+00   
   99   8.566987e+00 -3.750000e+00   
   100   8.133975e+00 -2.500000e+00   
   101   3.933013e+00  2.500000e-01   
   102   7.700962e+00 -1.750000e+00   
   103   5.353613e+00  8.881784e-16   
   104   5.968911e+00 -2.500000e-01   
   105   6.401924e+00 -5.000000e-01   
   106   8.566987e+00 -3.250000e+00   
   107   6.834936e+00 -7.500000e-01   
   108   4.799038e+00  2.500000e-01   
   109   7.267949e+00 -1.000000e+00   
   110   9.000000e+00 -5.000000e+00   
   111   3.500000e+00  5.000000e-01   
   112   8.133975e+00 -2.000000e+00   
   113   9.000000e+00 -4.500000e+00   
   114   8.566987e+00 -2.750000e+00   
   115   4.366025e+00  5.000000e-01   
   116   9.000000e+00 -4.000000e+00   
   117   7.700962e+00 -1.250000e+00   
   118   9.000000e+00 -3.500000e+00   
   119   8.566987e+00 -2.250000e+00   
   120   3.933013e+00  7.500000e-01   
   121   5.898068e+00  2.500000e-01   
   122   6.401924e+00  2.664535e-15   
   123   6.834936e+00 -2.500000e-01   
   124   5.353731e+00  5.000000e-01   
   125   8.133975e+00 -1.500000e+00   
   126   9.000000e+00 -3.000000e+00   
   127   7.267949e+00 -5.000000e-01   
   128   4.799038e+00  7.500000e-01   
   129   7.700962e+00 -7.500000e-01   
   130   3.500000e+00  1.000000e+00   
   131   8.566987e+00 -1.750000e+00   
   132   9.000000e+00 -2.500000e+00   
   133   4.366025e+00  1.000000e+00   
   134   8.133975e+00 -1.000000e+00   
   135   6.401924e+00  5.000000e-01   
   136   6.834936e+00  2.500000e-01   
   137   5.908306e+00  7.500000e-01   
   138   7.267949e+00 -4.440892e-16   
   139   9.000000e+00 -2.000000e+00   
   140   3.933013e+00  1.250000e+00   
   141   5.354434e+00  1.000000e+00   
   142   8.566987e+00 -1.250000e+00   
   143   7.700962e+00 -2.500000e-01   
   144   4.799038e+00  1.250000e+00   
   145   8.133975e+00 -5.000000e-01   
   146   3.500000e+00  1.500000e+00   
   147   9.000000e+00 -1.500000e+00   
   148   4.366025e+00  1.500000e+00   
   149   8.566987e+00 -7.500000e-01   
   150   6.834936e+00  7.500000e-01   
   151   6.401924e+00  1.000000e+00   
   152   7.267949e+00  5.000000e-01   
   153   5.968911e+00  1.250000e+00   
   154   7.700962e+00  2.500000e-01   
   155   5.358654e+00  1.500000e+00   
   156   3.933013e+00  1.750000e+00   
   157   9.000000e+00 -1.000000e+00   
   158   8.133975e+00 -2.220446e-15   
   159   4.799038e+00  1.750000e+00   
   160   8.566987e+00 -2.500000e-01   
   161   3.500000e+00  2.000000e+00   
   162   4.366025e+00  2.000000e+00   
   163   6.834936e+00  1.250000e+00   
   164   7.267949e+00  1.000000e+00   
   165   9.000000e+00 -5.000000e-01   
   166   6.401924e+00  1.500000e+00   
   167   7.700962e+00  7.500000e-01   
   168   5.914050e+00  1.750000e+00   
   169   8.133975e+00  5.000000e-01   
   170   5.383975e+00  2.000000e+00   
   171   3.933013e+00  2.250000e+00   
   172   8.566987e+00  2.500000e-01   
   173   4.799038e+00  2.250000e+00   
   174   9.000000e+00 -1.776357e-15   
   175   4.340192e+00  2.450000e+00   
   176   3.500000e+00  2.500000e+00   
   177   7.267949e+00  1.500000e+00   
   178   6.834936e+00  1.750000e+00   
   179   7.700962e+00  1.250000e+00   
   180   6.401924e+00  2.000000e+00   
   181   8.133975e+00  1.000000e+00   
   182   5.968911e+00  2.250000e+00   
   183   8.566987e+00  7.500000e-01   
   184   3.933013e+00  2.750000e+00   
   185   5.535898e+00  2.500000e+00   
   186   9.000000e+00  5.000000e-01   
   187   5.102886e+00  2.750000e+00   
   188   7.267949e+00  2.000000e+00   
   189   7.700962e+00  1.750000e+00   
   190   6.834936e+00  2.250000e+00   
   191   8.133975e+00  1.500000e+00   
   192   3.500000e+00  3.000000e+00   
   193   6.401924e+00  2.500000e+00   
   194   8.566987e+00  1.250000e+00   
   195   4.669873e+00  3.000000e+00   
   196   5.968911e+00  2.750000e+00   
   197   9.000000e+00  1.000000e+00   
   198   5.535898e+00  3.000000e+00   
   199   4.024300e+00  3.255741e+00   
   200   7.700962e+00  2.250000e+00   
   201   7.267949e+00  2.500000e+00   
   202   8.133975e+00  2.000000e+00   
   203   5.102886e+00  3.250000e+00   
   204   6.834936e+00  2.750000e+00   
   205   8.566987e+00  1.750000e+00   
   206   3.500000e+00  3.500000e+00   
   207   6.401924e+00  3.000000e+00   
   208   9.000000e+00  1.500000e+00   
   209   4.554045e+00  3.518694e+00   
   210   5.968911e+00  3.250000e+00   
   211   5.535898e+00  3.500000e+00   
   212   3.988871e+00  3.765750e+00   
   213   7.700962e+00  2.750000e+00   
   214   8.133975e+00  2.500000e+00   
   215   7.267949e+00  3.000000e+00   
   216   8.566987e+00  2.250000e+00   
   217   5.102886e+00  3.750000e+00   
   218   9.000000e+00  2.000000e+00   
   219   6.817789e+00  3.275321e+00   
   220   3.500000e+00  4.000000e+00   
   221   6.408580e+00  3.526357e+00   
   222   5.968911e+00  3.750000e+00   
   223   4.526743e+00  4.096413e+00   
   224   5.535898e+00  4.000000e+00   
   225   8.133975e+00  3.000000e+00   
   226   7.700962e+00  3.250000e+00   
   227   8.566987e+00  2.750000e+00   
   228   3.933013e+00  4.250000e+00   
   229   9.000000e+00  2.500000e+00   
   230   6.793943e+00  3.748846e+00   
   231   5.102886e+00  4.250000e+00   
   232   7.250000e+00  3.700962e+00   
   233   3.500000e+00  4.500000e+00   
   234   5.958142e+00  4.190192e+00   
   235   4.325193e+00  4.566200e+00   
   236   6.500000e+00  4.133975e+00   
   237   4.690231e+00  4.579440e+00   
   238   8.133975e+00  3.500000e+00   
   239   8.566987e+00  3.250000e+00   
   240   7.700962e+00  3.750000e+00   
   241   9.000000e+00  3.000000e+00   
   242   5.535898e+00  4.500000e+00   
   243   7.000000e+00  4.133975e+00   
   244   6.250000e+00  4.566987e+00   
   245   7.500000e+00  4.133975e+00   
   246   3.500000e+00  5.000000e+00   
   247   4.000000e+00  5.000000e+00   
   248   4.500000e+00  5.000000e+00   
   249   6.750000e+00  4.566987e+00   
   250   8.566987e+00  3.750000e+00   
   251   5.000000e+00  5.000000e+00   
   252   8.133975e+00  4.000000e+00   
   253   9.000000e+00  3.500000e+00   
   254   5.500000e+00  5.000000e+00   
   255   7.250000e+00  4.566987e+00   
   256   6.000000e+00  5.000000e+00   
   257   6.500000e+00  5.000000e+00   
   258   7.750000e+00  4.566987e+00   
   259   8.566987e+00  4.250000e+00   
   260   9.000000e+00  4.000000e+00   
   261   7.000000e+00  5.000000e+00   
   262   8.190192e+00  4.563397e+00   
   263   7.500000e+00  5.000000e+00   
   264   8.000000e+00  5.000000e+00   
   265   9.000000e+00  4.500000e+00   
   266   8.500000e+00  5.000000e+00   
   267   9.000000e+00  5.000000e+00   
  END_COORDINATES
  BOUNDARIES, ELEMENT
    1         1     2         1     
    2         3     1         1     
    3         132     139         2     
    4         266     264         3     
    5         161     146         4     
    6         139     147         8     
    7         126     132         9     
    8         264     263         10     
    9         147     157         13     
    10         118     126         15     
    11         157     165         50     
    12         174     186         64     
    13         165     174         68     
    14         186     197         69     
    15         146     130         71     
    16         130     111         75     
    17         111     92         84     
    18         92     75         90     
    19         75     60         102     
    20         60     46         108     
    21         46     37         113     
    22         37     27         117     
    23         27     19         123     
    24         19     12         132     
    25         12     7         136     
    26         7     3         140     
    27         6     11         146     
    28         253     260         282     
    29         260     265         283     
    30         241     253         286     
    31         176     161         297     
    32         192     176         303     
    33         206     192         306     
    34         220     206         309     
    35         233     220         312     
    36         113     116         358     
    37         116     118         359     
    38         59     74         362     
    39         248     247         363     
    40         208     218         369     
    41         218     229         372     
    42         229     241         379     
    43         197     208         384     
    44         18     26         388     
    45         257     256         389     
    46         261     257         393     
    47         263     261         400     
    48         91     110         431     
    49         110     113         431     
    50         247     246         432     
    51         246     233         432     
    52         36     45         435     
    53         254     251         437     
    54         265     267         444     
    55         267     266         444     
    56         2     6         449     
    57         74     91         453     
    58         26     36         455     
    59         256     254         456     
    60         11     18         460     
    61         45     59         466     
    62         251     248         467     
  END_BOUNDARIES
  MATERIALS, NUMBER= 1, DEFAULT=1
  END_MATERIALS
  SUBDOMAINS
  END_SUBDOMAINS
  CHARACTERISTICS
  END_CHARACTERISTICS
