  NODES_PER_ELEMENT
   1 6
   2 6
   3 6
   4 6
   5 6
   6 6
   7 6
   8 6
   9 6
   10 6
   11 6
   12 6
   13 6
   14 6
   15 6
   16 6
   17 6
   18 6
   19 6
   20 6
   21 6
   22 6
   23 6
   24 6
   25 6
   26 6
   27 6
   28 6
   29 6
   30 6
   31 6
   32 6
   33 6
   34 6
   35 6
   36 6
   37 6
   38 6
   39 6
   40 6
   41 6
   42 6
   43 6
   44 6
   45 6
   46 6
   47 6
   48 6
   49 6
   50 6
   51 6
   52 6
   53 6
   54 6
   55 6
   56 6
   57 6
   58 6
   59 6
   60 6
   61 6
   62 6
   63 6
   64 6
   65 6
   66 6
   67 6
   68 6
   69 6
   70 6
   71 6
   72 6
   73 6
   74 6
   75 6
   76 6
   77 6
   78 6
   79 6
   80 6
   81 6
   82 6
   83 6
   84 6
   85 6
   86 6
   87 6
   88 6
   89 6
   90 6
   91 6
   92 6
   93 6
   94 6
   95 6
   96 6
   97 6
   98 6
   99 6
   100 6
   101 6
   102 6
   103 6
   104 6
   105 6
   106 6
   107 6
   108 6
   109 6
   110 6
   111 6
   112 6
   113 6
   114 6
   115 6
   116 6
   117 6
   118 6
   119 6
   120 6
   121 6
   122 6
   123 6
   124 6
   125 6
   126 6
   127 6
   128 6
   129 6
   130 6
   131 6
   132 6
   133 6
   134 6
   135 6
   136 6
   137 6
   138 6
   139 6
   140 6
   141 6
   142 6
   143 6
   144 6
   145 6
   146 6
   147 6
   148 6
   149 6
   150 6
   151 6
   152 6
   153 6
   154 6
   155 6
   156 6
   157 6
   158 6
   159 6
   160 6
   161 6
   162 6
   163 6
   164 6
   165 6
   166 6
   167 6
   168 6
   169 6
   170 6
   171 6
   172 6
   173 6
   174 6
   175 6
   176 6
   177 6
   178 6
   179 6
   180 6
   181 6
   182 6
   183 6
   184 6
   185 6
   186 6
   187 6
   188 6
   189 6
   190 6
   191 6
   192 6
   193 6
   194 6
   195 6
   196 6
   197 6
   198 6
   199 6
   200 6
   201 6
   202 6
   203 6
   204 6
   205 6
   206 6
   207 6
   208 6
   209 6
   210 6
   211 6
   212 6
   213 6
   214 6
   215 6
   216 6
   217 6
   218 6
   219 6
   220 6
   221 6
   222 6
   223 6
   224 6
   225 6
   226 6
   227 6
   228 6
   229 6
   230 6
   231 6
   232 6
   233 6
   234 6
   235 6
   236 6
   237 6
   238 6
   239 6
   240 6
   241 6
   242 6
   243 6
   244 6
   245 6
   246 6
   247 6
   248 6
   249 6
   250 6
   251 6
   252 6
   253 6
   254 6
   255 6
   256 6
   257 6
   258 6
   259 6
   260 6
   261 6
   262 6
   263 6
   264 6
   265 6
   266 6
   267 6
   268 6
   269 6
  END_NODES_PER_ELEMENT
  ELEMENTS
  1 527 543 513 535 529 520  
  2 44 26 25 34 21 32  
  3 30 51 36 40 43 31  
  4 117 150 120 132 133 118  
  5 574 567 552 571 560 566  
  6 543 558 528 553 545 538  
  7 549 526 521 540 524 534  
  8 25 26 9 21 15 13  
  9 44 25 55 32 39 49  
  10 513 543 528 529 538 522  
  11 513 528 497 522 512 502  
  12 527 513 488 520 500 511  
  13 497 528 523 512 525 509  
  14 513 497 474 502 483 492  
  15 51 79 58 65 66 54  
  16 120 150 161 133 153 142  
  17 117 120 85 118 103 101  
  18 36 51 58 43 54 47  
  19 36 58 50 47 52 42  
  20 50 58 80 52 67 64  
  21 36 50 23 42 37 29  
  22 30 36 17 31 27 20  
  23 552 549 521 550 534 539  
  24 574 564 578 569 572 576  
  25 528 558 551 545 555 541  
  26 521 526 487 524 508 503  
  27 549 552 567 550 560 559  
  28 55 25 56 39 38 53  
  29 44 55 74 49 63 59  
  30 74 55 87 63 70 81  
  31 87 55 56 70 53 69  
  32 74 87 111 81 97 89  
  33 111 87 124 97 105 114  
  34 124 87 99 105 94 113  
  35 111 124 147 114 134 127  
  36 147 124 163 134 144 152  
  37 163 124 135 144 130 149  
  38 147 163 196 152 178 167  
  39 196 163 198 178 181 195  
  40 488 513 474 500 492 481  
  41 488 474 458 481 465 473  
  42 458 474 430 465 452 445  
  43 488 458 498 473 480 496  
  44 488 498 527 496 514 511  
  45 198 163 189 181 175 191  
  46 196 198 251 195 222 221  
  47 99 87 56 94 69 75  
  48 124 99 135 113 116 130  
  49 135 99 115 116 106 125  
  50 115 99 84 106 90 100  
  51 135 115 156 125 136 145  
  52 523 528 551 525 541 537  
  53 523 551 547 537 548 533  
  54 547 551 575 548 565 562  
  55 523 547 515 533 532 517  
  56 474 497 453 483 475 464  
  57 497 523 482 509 501 486  
  58 80 58 85 67 71 83  
  59 85 58 79 71 66 82  
  60 80 85 120 83 103 98  
  61 85 79 117 82 96 101  
  62 50 80 76 64 77 62  
  63 23 50 45 37 46 33  
  64 36 23 17 29 19 27  
  65 17 23 7 19 14 10  
  66 7 23 28 14 22 16  
  67 17 7 8 10 6 11  
  68 161 150 187 153 166 173  
  69 161 187 200 173 192 180  
  70 200 187 228 192 206 214  
  71 161 200 172 180 183 165  
  72 200 228 238 214 234 217  
  73 238 228 268 234 247 254  
  74 200 238 205 217 220 202  
  75 238 268 279 254 273 258  
  76 279 268 318 273 294 298  
  77 238 279 248 258 263 242  
  78 279 318 302 298 313 293  
  79 302 318 361 313 340 334  
  80 279 302 248 293 277 263  
  81 120 161 137 142 148 129  
  82 430 474 453 452 464 442  
  83 430 453 413 442 433 423  
  84 413 453 440 433 447 427  
  85 430 413 391 423 403 412  
  86 458 430 409 445 419 431  
  87 238 248 205 242 226 220  
  88 205 248 216 226 231 208  
  89 216 248 260 231 255 237  
  90 205 216 171 208 193 186  
  91 30 17 8 20 11 18  
  92 8 7 1 6 2 3  
  93 406 436 394 421 415 396  
  94 200 205 172 202 188 183  
  95 172 205 171 188 186 169  
  96 172 171 137 169 154 155  
  97 172 137 161 155 148 165  
  98 28 23 45 22 33 35  
  99 28 45 56 35 48 41  
  100 7 28 25 16 24 12  
  101 440 453 482 447 466 462  
  102 413 440 401 427 422 407  
  103 391 413 374 403 393 382  
  104 430 391 409 412 397 419  
  105 409 391 370 397 378 389  
  106 370 391 350 378 372 357  
  107 409 370 394 389 379 399  
  108 551 558 568 555 563 561  
  109 551 568 575 561 573 565  
  110 487 526 490 508 510 489  
  111 487 490 454 489 472 470  
  112 454 490 446 472 467 448  
  113 487 454 456 470 455 471  
  114 454 446 418 448 429 435  
  115 418 446 404 429 425 410  
  116 454 418 456 435 437 455  
  117 487 456 495 471 476 491  
  118 84 99 56 90 75 68  
  119 156 115 143 136 131 151  
  120 350 391 374 372 382 359  
  121 350 374 333 359 353 341  
  122 333 374 360 353 367 345  
  123 350 333 310 341 320 328  
  124 521 487 495 503 491 507  
  125 521 495 518 507 506 519  
  126 518 495 494 506 493 505  
  127 521 518 552 519 536 539  
  128 552 518 542 536 531 546  
  129 494 495 459 493 478 477  
  130 518 515 542 516 530 531  
  131 552 564 574 557 569 566  
  132 115 84 102 100 93 108  
  133 135 189 163 162 175 149  
  134 370 350 325 357 338 346  
  135 260 248 302 255 277 281  
  136 216 260 235 237 243 223  
  137 171 216 184 193 201 179  
  138 56 25 28 38 24 41  
  139 515 547 542 532 544 530  
  140 542 547 564 544 556 554  
  141 515 518 494 516 505 504  
  142 564 547 575 556 562 570  
  143 542 564 552 554 557 546  
  144 515 494 482 504 485 499  
  145 564 575 578 570 577 572  
  146 515 482 523 499 501 517  
  147 360 374 401 367 388 380  
  148 360 401 390 380 395 375  
  149 310 333 291 320 315 299  
  150 333 360 321 345 342 324  
  151 350 310 325 328 317 338  
  152 325 310 283 317 296 305  
  153 283 310 264 296 285 275  
  154 325 283 312 305 297 319  
  155 264 310 291 285 299 276  
  156 264 291 244 276 267 256  
  157 244 291 280 267 282 262  
  158 264 244 219 256 233 241  
  159 283 264 235 275 245 259  
  160 312 283 260 297 271 284  
  161 325 312 352 319 330 339  
  162 280 291 321 282 303 300  
  163 280 321 314 300 316 295  
  164 244 280 236 262 257 240  
  165 219 244 204 233 224 211  
  166 264 219 235 241 225 245  
  167 453 497 482 475 486 466  
  168 76 80 110 77 95 91  
  169 50 76 45 62 60 46  
  170 120 137 80 129 107 98  
  171 458 409 428 431 416 443  
  172 459 495 456 478 476 457  
  173 459 456 420 457 438 439  
  174 420 456 418 438 437 417  
  175 459 420 426 439 424 441  
  176 426 420 390 424 405 408  
  177 390 420 385 405 402 387  
  178 385 420 418 402 417 400  
  179 390 385 351 387 369 371  
  180 459 426 461 441 444 460  
  181 351 385 348 369 366 349  
  182 390 351 360 371 355 375  
  183 494 459 461 477 460 479  
  184 494 461 482 479 469 485  
  185 482 461 440 469 450 462  
  186 440 461 426 450 444 434  
  187 440 426 401 434 414 422  
  188 401 426 390 414 408 395  
  189 394 436 428 415 432 411  
  190 406 394 365 396 377 386  
  191 314 321 351 316 336 331  
  192 314 351 348 331 349 329  
  193 280 314 270 295 292 274  
  194 413 401 374 407 388 393  
  195 143 115 102 131 108 121  
  196 102 84 72 93 78 86  
  197 156 143 204 151 168 177  
  198 370 325 352 346 339 358  
  199 370 352 394 358 373 379  
  200 235 260 283 243 271 259  
  201 216 235 184 223 210 201  
  202 171 184 146 179 164 159  
  203 291 333 321 315 324 303  
  204 321 360 351 342 355 336  
  205 348 385 381 366 383 364  
  206 352 312 365 330 337 356  
  207 236 280 270 257 274 253  
  208 236 270 229 253 250 232  
  209 229 270 265 250 266 246  
  210 236 229 194 232 212 215  
  211 265 270 308 266 289 286  
  212 229 265 230 246 249 227  
  213 194 229 189 212 207 190  
  214 236 194 204 215 199 218  
  215 204 194 156 199 174 177  
  216 156 194 189 174 190 170  
  217 156 189 135 170 162 145  
  218 198 189 230 191 209 213  
  219 198 230 251 213 239 222  
  220 244 236 204 240 218 224  
  221 219 204 176 211 185 197  
  222 110 80 137 95 107 122  
  223 110 137 146 122 139 126  
  224 76 110 112 91 109 92  
  225 308 270 314 289 292 311  
  226 308 314 348 311 329 326  
  227 230 265 272 249 269 252  
  228 189 229 230 207 227 209  
  229 265 308 309 286 307 288  
  230 428 409 394 416 399 411  
  231 365 394 352 377 373 356  
  232 458 428 468 443 449 463  
  233 406 365 361 386 363 384  
  234 72 84 56 78 68 61  
  235 102 72 112 86 88 104  
  236 146 184 176 164 182 160  
  237 171 146 137 159 139 154  
  238 176 204 143 185 168 158  
  239 112 110 146 109 126 128  
  240 112 146 138 128 141 123  
  241 138 146 176 141 160 157  
  242 112 138 102 123 119 104  
  243 138 176 143 157 158 140  
  244 138 143 102 140 121 119  
  245 272 265 309 269 288 290  
  246 309 308 343 307 322 323  
  247 219 176 184 197 182 203  
  248 76 112 72 92 88 73  
  249 230 272 251 252 261 239  
  250 251 272 301 261 287 278  
  251 301 272 309 287 290 304  
  252 301 309 354 304 332 327  
  253 343 308 348 322 326 344  
  254 343 348 381 344 364 362  
  255 381 385 418 383 400 398  
  256 343 381 354 362 368 347  
  257 381 418 404 398 410 392  
  258 343 354 309 347 332 323  
  259 436 468 428 451 449 432  
  260 9 1 7 4 2 5  
  261 76 72 45 73 57 60  
  262 45 72 56 57 61 48  
  263 381 404 354 392 376 368  
  264 235 219 184 225 203 210  
  265 468 498 458 484 480 463  
  266 361 365 302 363 335 334  
  267 312 260 302 284 281 306  
  268 9 7 25 5 12 13  
  269 312 302 365 306 335 337  
  END_ELEMENTS  
  COORDINATES  
   1   5.406780e+00 -4.134105e+00   
   2   5.444749e+00 -3.893028e+00   
   3   5.661017e+00 -4.113053e+00   
   4   5.164304e+00 -4.046851e+00   
   5   5.202273e+00 -3.805774e+00   
   6   5.698986e+00 -3.871976e+00   
   7   5.482718e+00 -3.651951e+00   
   8   5.915254e+00 -4.092001e+00   
   9   4.921828e+00 -3.959596e+00   
   10   5.743534e+00 -3.650719e+00   
   11   5.959803e+00 -3.870744e+00   
   12   5.188466e+00 -3.483318e+00   
   13   4.908020e+00 -3.637141e+00   
   14   5.670141e+00 -3.472155e+00   
   15   4.743067e+00 -3.797980e+00   
   16   5.430877e+00 -3.386688e+00   
   17   6.004351e+00 -3.649488e+00   
   18   6.169492e+00 -3.980310e+00   
   19   5.930958e+00 -3.470923e+00   
   20   6.214040e+00 -3.759053e+00   
   21   4.729260e+00 -3.475525e+00   
   22   5.618300e+00 -3.206892e+00   
   23   5.857564e+00 -3.292359e+00   
   24   5.136624e+00 -3.218055e+00   
   25   4.894213e+00 -3.314686e+00   
   26   4.564307e+00 -3.636364e+00   
   27   6.172226e+00 -3.522333e+00   
   28   5.379035e+00 -3.121424e+00   
   29   6.098833e+00 -3.343769e+00   
   30   6.423729e+00 -3.868619e+00   
   31   6.381915e+00 -3.631899e+00   
   32   4.621248e+00 -3.313908e+00   
   33   5.790648e+00 -3.052337e+00   
   34   4.456295e+00 -3.474747e+00   
   35   5.551384e+00 -2.966869e+00   
   36   6.340102e+00 -3.395179e+00   
   37   6.031241e+00 -3.117174e+00   
   38   4.965501e+00 -2.983726e+00   
   39   4.709178e+00 -3.117463e+00   
   40   6.593220e+00 -3.746506e+00   
   41   5.207912e+00 -2.887095e+00   
   42   6.272509e+00 -3.168583e+00   
   43   6.551407e+00 -3.509786e+00   
   44   4.348283e+00 -3.313131e+00   
   45   5.723732e+00 -2.812315e+00   
   46   5.964325e+00 -2.877151e+00   
   47   6.485086e+00 -3.272147e+00   
   48   5.380261e+00 -2.732540e+00   
   49   4.436213e+00 -3.116685e+00   
   50   6.204917e+00 -2.941988e+00   
   51   6.762712e+00 -3.624394e+00   
   52   6.417493e+00 -3.045552e+00   
   53   4.780467e+00 -2.786503e+00   
   54   6.696391e+00 -3.386755e+00   
   55   4.524144e+00 -2.920240e+00   
   56   5.036790e+00 -2.652766e+00   
   57   5.672711e+00 -2.591925e+00   
   58   6.630070e+00 -3.149116e+00   
   59   4.238776e+00 -3.070707e+00   
   60   5.939503e+00 -2.629215e+00   
   61   5.329240e+00 -2.512150e+00   
   62   6.180095e+00 -2.694052e+00   
   63   4.326706e+00 -2.874261e+00   
   64   6.406029e+00 -2.799133e+00   
   65   6.932203e+00 -3.459302e+00   
   66   6.865882e+00 -3.221663e+00   
   67   6.618606e+00 -2.902698e+00   
   68   5.121570e+00 -2.409919e+00   
   69   4.692144e+00 -2.530658e+00   
   70   4.435821e+00 -2.664395e+00   
   71   6.789306e+00 -3.022632e+00   
   72   5.621690e+00 -2.371535e+00   
   73   5.888482e+00 -2.408825e+00   
   74   4.129268e+00 -2.828283e+00   
   75   4.875814e+00 -2.366231e+00   
   76   6.155273e+00 -2.446116e+00   
   77   6.381207e+00 -2.551197e+00   
   78   5.414020e+00 -2.269304e+00   
   79   7.101695e+00 -3.294210e+00   
   80   6.607142e+00 -2.656279e+00   
   81   4.238383e+00 -2.618416e+00   
   82   7.025118e+00 -3.095179e+00   
   83   6.777842e+00 -2.776213e+00   
   84   5.206350e+00 -2.167072e+00   
   85   6.948542e+00 -2.896147e+00   
   86   5.592176e+00 -2.162746e+00   
   87   4.347498e+00 -2.408550e+00   
   88   5.866005e+00 -2.159889e+00   
   89   4.054616e+00 -2.585859e+00   
   90   4.960594e+00 -2.123384e+00   
   91   6.359545e+00 -2.302344e+00   
   92   6.132797e+00 -2.197180e+00   
   93   5.384506e+00 -2.060515e+00   
   94   4.531168e+00 -2.244123e+00   
   95   6.585479e+00 -2.407426e+00   
   96   7.271186e+00 -3.075778e+00   
   97   4.163731e+00 -2.375992e+00   
   98   6.894068e+00 -2.558458e+00   
   99   4.714837e+00 -2.079696e+00   
   100   5.151062e+00 -1.972240e+00   
   101   7.194610e+00 -2.876747e+00   
   102   5.562662e+00 -1.953958e+00   
   103   7.064768e+00 -2.678392e+00   
   104   5.836491e+00 -1.951101e+00   
   105   4.293385e+00 -2.179085e+00   
   106   4.905305e+00 -1.928552e+00   
   107   6.783883e+00 -2.334927e+00   
   108   5.329217e+00 -1.865683e+00   
   109   6.337068e+00 -2.053408e+00   
   110   6.563816e+00 -2.158573e+00   
   111   3.979964e+00 -2.343434e+00   
   112   6.110320e+00 -1.948244e+00   
   113   4.477054e+00 -2.014658e+00   
   114   4.109618e+00 -2.146527e+00   
   115   5.095773e+00 -1.777407e+00   
   116   4.671242e+00 -1.862694e+00   
   117   7.440678e+00 -2.857346e+00   
   118   7.310836e+00 -2.658991e+00   
   119   5.710959e+00 -1.741602e+00   
   120   7.180994e+00 -2.460637e+00   
   121   5.510457e+00 -1.694099e+00   
   122   6.762221e+00 -2.086074e+00   
   123   5.984788e+00 -1.738745e+00   
   124   4.239272e+00 -1.949620e+00   
   125   4.861710e+00 -1.711549e+00   
   126   6.455189e+00 -1.860690e+00   
   127   3.927245e+00 -2.101010e+00   
   128   6.228440e+00 -1.755525e+00   
   129   7.070810e+00 -2.237106e+00   
   130   4.433459e+00 -1.797655e+00   
   131   5.277013e+00 -1.605823e+00   
   132   7.546867e+00 -2.681198e+00   
   133   7.417025e+00 -2.482844e+00   
   134   4.056899e+00 -1.904103e+00   
   135   4.627647e+00 -1.645691e+00   
   136   5.037382e+00 -1.536065e+00   
   137   6.960625e+00 -2.013576e+00   
   138   5.859255e+00 -1.529246e+00   
   139   6.653593e+00 -1.788191e+00   
   140   5.658754e+00 -1.481743e+00   
   141   6.102908e+00 -1.546026e+00   
   142   7.319290e+00 -2.256186e+00   
   143   5.458253e+00 -1.434240e+00   
   144   4.233830e+00 -1.693410e+00   
   145   4.803320e+00 -1.470207e+00   
   146   6.346561e+00 -1.562807e+00   
   147   3.874526e+00 -1.858586e+00   
   148   7.209105e+00 -2.032655e+00   
   149   4.428018e+00 -1.541446e+00   
   150   7.653055e+00 -2.505051e+00   
   151   5.218622e+00 -1.364481e+00   
   152   4.051457e+00 -1.647893e+00   
   153   7.555320e+00 -2.278393e+00   
   154   6.891551e+00 -1.711853e+00   
   155   7.097531e+00 -1.839702e+00   
   156   4.978992e+00 -1.294722e+00   
   157   5.899525e+00 -1.303248e+00   
   158   5.699023e+00 -1.255745e+00   
   159   6.584518e+00 -1.486469e+00   
   160   6.143177e+00 -1.320029e+00   
   161   7.457586e+00 -2.051735e+00   
   162   4.624646e+00 -1.303354e+00   
   163   4.228389e+00 -1.437201e+00   
   164   6.399759e+00 -1.318632e+00   
   165   7.346011e+00 -1.858782e+00   
   166   7.768481e+00 -2.262626e+00   
   167   3.828601e+00 -1.535354e+00   
   168   5.522157e+00 -1.079151e+00   
   169   7.028457e+00 -1.537980e+00   
   170   4.800318e+00 -1.127870e+00   
   171   6.822476e+00 -1.410131e+00   
   172   7.234437e+00 -1.665829e+00   
   173   7.670746e+00 -2.035968e+00   
   174   5.041625e+00 -1.063280e+00   
   175   4.425017e+00 -1.199109e+00   
   176   5.939794e+00 -1.077251e+00   
   177   5.282526e+00 -1.009393e+00   
   178   4.005533e+00 -1.324661e+00   
   179   6.637716e+00 -1.242294e+00   
   180   7.548196e+00 -1.827935e+00   
   181   4.226478e+00 -1.216686e+00   
   182   6.196375e+00 -1.075854e+00   
   183   7.436622e+00 -1.634982e+00   
   184   6.452957e+00 -1.074457e+00   
   185   5.762927e+00 -9.006568e-01   
   186   7.057584e+00 -1.329850e+00   
   187   7.883907e+00 -2.020202e+00   
   188   7.263565e+00 -1.457699e+00   
   189   4.621645e+00 -9.610175e-01   
   190   4.862951e+00 -8.964277e-01   
   191   4.423106e+00 -9.785938e-01   
   192   7.761357e+00 -1.812169e+00   
   193   6.875856e+00 -1.167496e+00   
   194   5.104257e+00 -8.318378e-01   
   195   4.003622e+00 -1.104146e+00   
   196   3.782677e+00 -1.212121e+00   
   197   6.004076e+00 -8.357241e-01   
   198   4.224567e+00 -9.961701e-01   
   199   5.345159e+00 -7.779504e-01   
   200   7.638806e+00 -1.604135e+00   
   201   6.691096e+00 -9.996592e-01   
   202   7.465750e+00 -1.426852e+00   
   203   6.260657e+00 -8.343274e-01   
   204   5.586061e+00 -7.240630e-01   
   205   7.292693e+00 -1.249570e+00   
   206   7.969590e+00 -1.777778e+00   
   207   4.687027e+00 -7.199248e-01   
   208   7.110965e+00 -1.087215e+00   
   209   4.443624e+00 -7.760984e-01   
   210   6.518806e+00 -8.190456e-01   
   211   5.827209e+00 -6.591303e-01   
   212   4.928334e+00 -6.553349e-01   
   213   4.245085e+00 -7.936747e-01   
   214   7.847040e+00 -1.569744e+00   
   215   5.166471e+00 -5.905250e-01   
   216   6.929236e+00 -9.248612e-01   
   217   7.707644e+00 -1.373327e+00   
   218   5.407372e+00 -5.366376e-01   
   219   6.068358e+00 -5.941976e-01   
   220   7.534587e+00 -1.196044e+00   
   221   3.757988e+00 -8.888889e-01   
   222   3.978933e+00 -7.809133e-01   
   223   6.756946e+00 -7.442476e-01   
   224   5.651280e+00 -4.829917e-01   
   225   6.326507e+00 -5.789158e-01   
   226   7.366725e+00 -1.011703e+00   
   227   4.509007e+00 -5.350057e-01   
   228   8.055274e+00 -1.535354e+00   
   229   4.752410e+00 -4.788321e-01   
   230   4.265604e+00 -5.911794e-01   
   231   7.184996e+00 -8.493490e-01   
   232   4.990547e+00 -4.140221e-01   
   233   5.892429e+00 -4.180590e-01   
   234   7.915878e+00 -1.338936e+00   
   235   6.584655e+00 -5.636339e-01   
   236   5.228684e+00 -3.492121e-01   
   237   6.999823e+00 -6.866626e-01   
   238   7.776481e+00 -1.142519e+00   
   239   3.999452e+00 -5.784180e-01   
   240   5.472592e+00 -2.955663e-01   
   241   6.129390e+00 -3.528453e-01   
   242   7.608619e+00 -9.581780e-01   
   243   6.827532e+00 -5.060490e-01   
   244   5.716500e+00 -2.419204e-01   
   245   6.387539e+00 -3.375634e-01   
   246   4.582720e+00 -2.963282e-01   
   247   8.115222e+00 -1.292929e+00   
   248   7.440757e+00 -7.738369e-01   
   249   4.339317e+00 -3.525018e-01   
   250   4.826223e+00 -2.433299e-01   
   251   3.733300e+00 -5.656566e-01   
   252   4.095595e+00 -4.079523e-01   
   253   5.064360e+00 -1.785199e-01   
   254   7.975826e+00 -1.096512e+00   
   255   7.255583e+00 -6.111504e-01   
   256   5.953461e+00 -1.767067e-01   
   257   5.305046e+00 -1.114353e-01   
   258   7.827466e+00 -9.085547e-01   
   259   6.630634e+00 -2.847508e-01   
   260   7.070409e+00 -4.484640e-01   
   261   3.829443e+00 -3.951909e-01   
   262   5.548954e+00 -5.778950e-02   
   263   7.659603e+00 -7.242136e-01   
   264   6.190422e+00 -1.114929e-01   
   265   4.413030e+00 -1.138243e-01   
   266   4.656533e+00 -6.082598e-02   
   267   5.792943e+00 -8.340024e-03   
   268   8.175171e+00 -1.050505e+00   
   269   4.169308e+00 -1.692748e-01   
   270   4.900035e+00 -7.827711e-03   
   271   6.873511e+00 -2.271659e-01   
   272   3.925586e+00 -2.247253e-01   
   273   8.026810e+00 -8.625477e-01   
   274   5.140722e+00  5.925686e-02   
   275   6.433517e+00 -5.868034e-02   
   276   6.029904e+00  5.687372e-02   
   277   7.569013e+00 -4.884269e-01   
   278   3.726789e+00 -2.424242e-01   
   279   7.878450e+00 -6.745903e-01   
   280   5.381408e+00  1.263414e-01   
   281   7.383839e+00 -3.257405e-01   
   282   5.625397e+00  1.757909e-01   
   283   6.676612e+00 -5.867745e-03   
   284   7.113315e+00 -1.609962e-01   
   285   6.270324e+00  1.240917e-01   
   286   4.488737e+00  1.242284e-01   
   287   3.822932e+00 -7.195859e-02   
   288   4.244559e+00  7.081831e-02   
   289   4.732239e+00  1.772267e-01   
   290   4.000837e+00  1.536780e-02   
   291   5.869386e+00  2.252404e-01   
   292   4.962750e+00  2.340342e-01   
   293   7.787860e+00 -4.388036e-01   
   294   8.219452e+00 -7.272727e-01   
   295   5.203436e+00  3.011188e-01   
   296   6.513419e+00  1.769043e-01   
   297   6.916416e+00  6.030188e-02   
   298   8.071092e+00 -5.393154e-01   
   299   6.109806e+00  2.924583e-01   
   300   5.444296e+00  3.659866e-01   
   301   3.720279e+00  8.080808e-02   
   302   7.697269e+00 -2.030169e-01   
   303   5.688285e+00  4.154361e-01   
   304   3.898184e+00  1.681345e-01   
   305   6.736213e+00  2.317988e-01   
   306   7.426745e+00 -3.827271e-02   
   307   4.320266e+00  3.088710e-01   
   308   4.564443e+00  3.622811e-01   
   309   4.076089e+00  2.554609e-01   
   310   6.350226e+00  3.596763e-01   
   311   4.794954e+00  4.190886e-01   
   312   7.156220e+00  1.264715e-01   
   313   7.980502e+00 -3.035287e-01   
   314   5.025464e+00  4.758962e-01   
   315   5.932594e+00  4.667453e-01   
   316   5.266324e+00  5.407640e-01   
   317   6.573020e+00  4.145708e-01   
   318   8.263734e+00 -4.040404e-01   
   319   6.976017e+00  2.979685e-01   
   320   6.173014e+00  5.339633e-01   
   321   5.507183e+00  6.056318e-01   
   322   4.396091e+00  5.470818e-01   
   323   4.151914e+00  4.936716e-01   
   324   5.751493e+00  6.569410e-01   
   325   6.795814e+00  4.694654e-01   
   326   4.602139e+00  6.212903e-01   
   327   3.731181e+00  4.040404e-01   
   328   6.407657e+00  6.015056e-01   
   329   4.832649e+00  6.780979e-01   
   330   7.215376e+00  3.690548e-01   
   331   5.079321e+00  7.166924e-01   
   332   3.909087e+00  4.913668e-01   
   333   5.995803e+00  7.082503e-01   
   334   7.985541e+00  1.970366e-02   
   335   7.765573e+00  1.752110e-01   
   336   5.320181e+00  7.815602e-01   
   337   7.495048e+00  3.399552e-01   
   338   6.630451e+00  6.564002e-01   
   339   7.035173e+00  5.405518e-01   
   340   8.268774e+00 -8.080808e-02   
   341   6.230446e+00  7.757926e-01   
   342   5.586091e+00  8.424725e-01   
   343   4.227739e+00  7.318824e-01   
   344   4.433786e+00  8.060910e-01   
   345   5.830401e+00  8.937817e-01   
   346   6.873633e+00  7.066016e-01   
   347   3.984911e+00  7.295776e-01   
   348   4.639834e+00  8.802996e-01   
   349   4.886506e+00  9.188941e-01   
   350   6.465089e+00  8.433350e-01   
   351   5.133178e+00  9.574886e-01   
   352   7.274532e+00  6.116382e-01   
   353   6.074752e+00  9.393050e-01   
   354   3.742084e+00  7.272727e-01   
   355   5.399088e+00  1.018401e+00   
   356   7.554204e+00  5.825385e-01   
   357   6.708270e+00  8.935363e-01   
   358   7.112992e+00  7.776880e-01   
   359   6.309395e+00  1.006847e+00   
   360   5.664999e+00  1.079313e+00   
   361   8.273813e+00  2.424242e-01   
   362   4.257400e+00  9.726849e-01   
   363   8.053845e+00  3.979316e-01   
   364   4.463447e+00  1.046893e+00   
   365   7.833877e+00  5.534389e-01   
   366   4.720446e+00  1.103963e+00   
   367   5.909350e+00  1.124837e+00   
   368   4.014573e+00  9.703800e-01   
   369   4.967118e+00  1.142558e+00   
   370   6.951452e+00  9.437377e-01   
   371   5.218986e+00  1.190907e+00   
   372   6.548798e+00  1.077109e+00   
   373   7.421652e+00  8.274024e-01   
   374   6.153701e+00  1.170360e+00   
   375   5.484896e+00  1.251819e+00   
   376   3.771691e+00  1.050505e+00   
   377   7.701324e+00  7.983027e-01   
   378   6.791980e+00  1.127310e+00   
   379   7.260112e+00  9.934521e-01   
   380   5.724926e+00  1.319499e+00   
   381   4.287061e+00  1.213487e+00   
   382   6.393104e+00  1.240621e+00   
   383   4.544060e+00  1.270557e+00   
   384   8.239041e+00  5.656566e-01   
   385   4.801058e+00  1.327626e+00   
   386   8.019073e+00  7.211639e-01   
   387   5.052926e+00  1.375976e+00   
   388   5.969277e+00  1.365023e+00   
   389   7.006904e+00  1.180498e+00   
   390   5.304793e+00  1.424325e+00   
   391   6.632508e+00  1.310883e+00   
   392   4.044179e+00  1.293612e+00   
   393   6.214238e+00  1.412405e+00   
   394   7.568772e+00  1.043167e+00   
   395   5.544824e+00  1.492005e+00   
   396   7.886521e+00  9.660277e-01   
   397   6.847432e+00  1.364071e+00   
   398   4.349409e+00  1.457630e+00   
   399   7.315564e+00  1.230212e+00   
   400   4.606408e+00  1.514699e+00   
   401   5.784854e+00  1.559686e+00   
   402   4.915392e+00  1.558006e+00   
   403   6.453641e+00  1.482667e+00   
   404   3.801297e+00  1.373737e+00   
   405   5.167259e+00  1.606355e+00   
   406   8.204270e+00  8.888889e-01   
   407   6.029814e+00  1.607068e+00   
   408   5.410786e+00  1.650483e+00   
   409   7.062356e+00  1.417258e+00   
   410   4.106527e+00  1.537755e+00   
   411   7.560728e+00  1.278316e+00   
   412   6.685002e+00  1.553261e+00   
   413   6.274775e+00  1.654451e+00   
   414   5.650816e+00  1.718164e+00   
   415   7.835503e+00  1.208452e+00   
   416   7.307520e+00  1.465362e+00   
   417   4.720741e+00  1.745079e+00   
   418   4.411757e+00  1.701772e+00   
   419   6.899927e+00  1.606449e+00   
   420   5.029726e+00  1.788386e+00   
   421   8.153252e+00  1.131313e+00   
   422   5.867937e+00  1.794947e+00   
   423   6.506136e+00  1.725045e+00   
   424   5.273252e+00  1.832514e+00   
   425   3.841327e+00  1.634244e+00   
   426   5.516778e+00  1.876642e+00   
   427   6.112897e+00  1.842330e+00   
   428   7.552683e+00  1.513466e+00   
   429   4.146556e+00  1.798262e+00   
   430   6.737497e+00  1.795639e+00   
   431   7.193193e+00  1.676259e+00   
   432   7.827459e+00  1.443602e+00   
   433   6.357756e+00  1.881663e+00   
   434   5.733899e+00  1.953425e+00   
   435   4.349453e+00  1.902194e+00   
   436   8.102234e+00  1.373737e+00   
   437   4.562264e+00  1.939537e+00   
   438   4.871249e+00  1.982843e+00   
   439   5.106643e+00  2.015527e+00   
   440   5.951020e+00  2.030209e+00   
   441   5.350169e+00  2.059655e+00   
   442   6.589117e+00  1.952258e+00   
   443   7.438356e+00  1.724363e+00   
   444   5.571697e+00  2.074691e+00   
   445   7.030763e+00  1.865450e+00   
   446   3.881356e+00  1.894751e+00   
   447   6.195878e+00  2.069542e+00   
   448   4.084253e+00  1.998684e+00   
   449   7.750918e+00  1.686901e+00   
   450   5.788817e+00  2.151474e+00   
   451   8.025693e+00  1.617036e+00   
   452   6.827020e+00  2.026273e+00   
   453   6.440737e+00  2.108876e+00   
   454   4.287149e+00  2.102616e+00   
   455   4.499960e+00  2.139959e+00   
   456   4.712772e+00  2.177301e+00   
   457   4.948166e+00  2.209984e+00   
   458   7.324029e+00  1.935260e+00   
   459   5.183560e+00  2.242668e+00   
   460   5.405087e+00  2.257704e+00   
   461   5.626615e+00  2.272740e+00   
   462   5.977521e+00  2.270626e+00   
   463   7.636591e+00  1.897798e+00   
   464   6.678640e+00  2.182891e+00   
   465   7.120287e+00  2.096083e+00   
   466   6.222379e+00  2.309960e+00   
   467   3.952552e+00  2.199901e+00   
   468   7.949153e+00  1.860336e+00   
   469   5.815318e+00  2.391892e+00   
   470   4.363068e+00  2.330804e+00   
   471   4.575879e+00  2.368146e+00   
   472   4.155449e+00  2.303833e+00   
   473   7.318155e+00  2.147520e+00   
   474   6.916544e+00  2.256906e+00   
   475   6.498469e+00  2.351246e+00   
   476   4.819112e+00  2.423336e+00   
   477   5.301806e+00  2.462194e+00   
   478   5.054506e+00  2.456020e+00   
   479   5.523333e+00  2.477230e+00   
   480   7.530860e+00  2.139347e+00   
   481   7.114413e+00  2.308343e+00   
   482   6.004022e+00  2.511043e+00   
   483   6.736373e+00  2.425261e+00   
   484   7.843421e+00  2.101885e+00   
   485   5.712037e+00  2.596382e+00   
   486   6.280112e+00  2.552330e+00   
   487   4.438986e+00  2.558992e+00   
   488   7.312282e+00  2.359781e+00   
   489   4.231368e+00  2.532021e+00   
   490   4.023749e+00  2.505051e+00   
   491   4.682219e+00  2.614182e+00   
   492   6.960428e+00  2.499556e+00   
   493   5.172752e+00  2.675546e+00   
   494   5.420052e+00  2.681720e+00   
   495   4.925453e+00  2.669372e+00   
   496   7.524986e+00  2.351607e+00   
   497   6.556201e+00  2.593616e+00   
   498   7.737690e+00  2.343434e+00   
   499   5.871966e+00  2.750023e+00   
   500   7.158297e+00  2.550994e+00   
   501   6.132712e+00  2.750013e+00   
   502   6.780257e+00  2.667912e+00   
   503   4.558666e+00  2.776535e+00   
   504   5.579981e+00  2.835362e+00   
   505   5.325764e+00  2.846642e+00   
   506   5.078465e+00  2.840468e+00   
   507   4.801899e+00  2.831725e+00   
   508   4.315585e+00  2.774445e+00   
   509   6.408802e+00  2.791299e+00   
   510   4.107966e+00  2.747475e+00   
   511   7.385767e+00  2.594032e+00   
   512   6.654817e+00  2.808083e+00   
   513   7.004313e+00  2.742207e+00   
   514   7.598471e+00  2.585859e+00   
   515   5.739909e+00  2.989003e+00   
   516   5.485693e+00  3.000284e+00   
   517   6.000656e+00  2.988993e+00   
   518   5.231477e+00  3.011564e+00   
   519   4.954911e+00  3.002821e+00   
   520   7.231783e+00  2.785245e+00   
   521   4.678345e+00  2.994078e+00   
   522   6.878873e+00  2.882378e+00   
   523   6.261402e+00  2.988982e+00   
   524   4.435264e+00  2.991988e+00   
   525   6.507417e+00  3.005765e+00   
   526   4.192183e+00  2.989899e+00   
   527   7.459252e+00  2.828283e+00   
   528   6.753432e+00  3.022549e+00   
   529   7.112532e+00  2.946861e+00   
   530   5.656758e+00  3.163506e+00   
   531   5.402542e+00  3.174787e+00   
   532   5.844403e+00  3.195851e+00   
   533   6.105150e+00  3.195841e+00   
   534   4.534088e+00  3.189737e+00   
   535   7.340002e+00  2.989899e+00   
   536   5.125378e+00  3.248306e+00   
   537   6.349152e+00  3.196857e+00   
   538   6.987092e+00  3.087032e+00   
   539   4.848812e+00  3.239563e+00   
   540   4.291007e+00  3.187647e+00   
   541   6.595167e+00  3.213640e+00   
   542   5.573606e+00  3.338009e+00   
   543   7.220752e+00  3.151515e+00   
   544   5.761252e+00  3.370354e+00   
   545   6.840805e+00  3.248648e+00   
   546   5.296442e+00  3.411528e+00   
   547   5.948897e+00  3.402699e+00   
   548   6.192900e+00  3.403715e+00   
   549   4.389831e+00  3.385396e+00   
   550   4.704555e+00  3.435222e+00   
   551   6.436902e+00  3.404731e+00   
   552   5.019279e+00  3.485048e+00   
   553   7.074465e+00  3.313131e+00   
   554   5.569105e+00  3.542461e+00   
   555   6.682540e+00  3.439739e+00   
   556   5.756750e+00  3.574806e+00   
   557   5.291941e+00  3.615981e+00   
   558   6.928178e+00  3.474747e+00   
   559   4.552061e+00  3.591688e+00   
   560   4.866785e+00  3.641514e+00   
   561   6.483425e+00  3.601355e+00   
   562   6.016822e+00  3.719549e+00   
   563   6.729063e+00  3.636364e+00   
   564   5.564603e+00  3.746914e+00   
   565   6.260824e+00  3.720565e+00   
   566   5.043538e+00  3.762024e+00   
   567   4.714291e+00  3.797980e+00   
   568   6.529948e+00  3.797980e+00   
   569   5.316200e+00  3.892957e+00   
   570   5.824674e+00  3.891656e+00   
   571   4.891044e+00  3.918490e+00   
   572   5.570437e+00  3.944505e+00   
   573   6.307347e+00  3.917189e+00   
   574   5.067797e+00  4.039001e+00   
   575   6.084746e+00  4.036399e+00   
   576   5.322034e+00  4.090549e+00   
   577   5.830508e+00  4.089248e+00   
   578   5.576271e+00  4.142097e+00   
  END_COORDINATES
  BOUNDARIES, ELEMENT
    1         527     543     535         1     
    2         44     26     34         2     
    3         30     51     40         3     
    4         117     150     132         4     
    5         574     567     571         5     
    6         543     558     553         6     
    7         549     526     540         7     
    8         26     9     15         8     
    9         51     79     65         15     
    10         578     574     576         24     
    11         567     549     559         27     
    12         74     44     59         29     
    13         111     74     89         32     
    14         147     111     127         35     
    15         196     147     167         38     
    16         498     527     514         44     
    17         251     196     221         46     
    18         79     117     96         61     
    19         150     187     166         68     
    20         187     228     206         70     
    21         228     268     247         73     
    22         268     318     294         76     
    23         318     361     340         79     
    24         8     30     18         91     
    25         1     8     3         92     
    26         406     436     421         93     
    27         558     568     563         108     
    28         568     575     573         109     
    29         526     490     510         110     
    30         490     446     467         112     
    31         446     404     425         115     
    32         575     578     577         145     
    33         361     406     384         233     
    34         301     251     278         250     
    35         354     301     327         252     
    36         436     468     451         259     
    37         9     1     4         260     
    38         404     354     376         263     
    39         468     498     484         265     
  END_BOUNDARIES
  MATERIALS, NUMBER= 1, DEFAULT=1
  END_MATERIALS
  SUBDOMAINS
  END_SUBDOMAINS
  CHARACTERISTICS
  END_CHARACTERISTICS
