  NODES_PER_ELEMENT
   1 3
   2 3
   3 3
   4 3
   5 3
   6 3
   7 3
   8 3
   9 3
   10 3
   11 3
   12 3
   13 3
   14 3
   15 3
   16 3
   17 3
   18 3
   19 3
   20 3
   21 3
   22 3
   23 3
   24 3
   25 3
   26 3
   27 3
   28 3
   29 3
   30 3
   31 3
   32 3
   33 3
   34 3
   35 3
   36 3
   37 3
   38 3
   39 3
   40 3
   41 3
   42 3
   43 3
   44 3
   45 3
   46 3
   47 3
   48 3
   49 3
   50 3
   51 3
   52 3
   53 3
   54 3
   55 3
   56 3
   57 3
   58 3
   59 3
   60 3
   61 3
   62 3
   63 3
   64 3
   65 3
   66 3
   67 3
   68 3
   69 3
   70 3
   71 3
   72 3
   73 3
   74 3
   75 3
   76 3
   77 3
   78 3
   79 3
   80 3
   81 3
   82 3
   83 3
   84 3
   85 3
   86 3
   87 3
   88 3
   89 3
   90 3
   91 3
   92 3
   93 3
   94 3
   95 3
   96 3
   97 3
   98 3
   99 3
   100 3
   101 3
   102 3
   103 3
   104 3
   105 3
   106 3
   107 3
   108 3
   109 3
   110 3
   111 3
   112 3
   113 3
   114 3
   115 3
   116 3
   117 3
   118 3
   119 3
   120 3
   121 3
   122 3
   123 3
   124 3
   125 3
   126 3
   127 3
   128 3
   129 3
   130 3
   131 3
   132 3
   133 3
   134 3
   135 3
   136 3
   137 3
   138 3
   139 3
   140 3
   141 3
   142 3
   143 3
   144 3
   145 3
   146 3
   147 3
   148 3
   149 3
   150 3
   151 3
   152 3
   153 3
   154 3
   155 3
   156 3
   157 3
   158 3
   159 3
   160 3
   161 3
   162 3
   163 3
   164 3
   165 3
   166 3
   167 3
   168 3
   169 3
   170 3
   171 3
   172 3
   173 3
   174 3
   175 3
   176 3
   177 3
   178 3
   179 3
   180 3
   181 3
   182 3
   183 3
   184 3
   185 3
   186 3
   187 3
   188 3
   189 3
   190 3
   191 3
   192 3
   193 3
   194 3
   195 3
   196 3
   197 3
   198 3
   199 3
   200 3
   201 3
   202 3
   203 3
   204 3
   205 3
   206 3
   207 3
   208 3
   209 3
   210 3
   211 3
   212 3
   213 3
   214 3
   215 3
   216 3
   217 3
   218 3
   219 3
   220 3
   221 3
   222 3
   223 3
   224 3
   225 3
   226 3
   227 3
   228 3
   229 3
   230 3
   231 3
   232 3
   233 3
   234 3
   235 3
   236 3
   237 3
   238 3
   239 3
   240 3
   241 3
   242 3
   243 3
   244 3
   245 3
   246 3
   247 3
   248 3
   249 3
   250 3
   251 3
   252 3
   253 3
   254 3
   255 3
   256 3
   257 3
   258 3
   259 3
   260 3
   261 3
   262 3
   263 3
   264 3
   265 3
   266 3
   267 3
   268 3
   269 3
   270 3
   271 3
   272 3
   273 3
   274 3
   275 3
   276 3
   277 3
   278 3
   279 3
   280 3
   281 3
   282 3
   283 3
   284 3
   285 3
   286 3
   287 3
   288 3
   289 3
   290 3
   291 3
   292 3
   293 3
   294 3
   295 3
   296 3
   297 3
   298 3
   299 3
   300 3
   301 3
   302 3
   303 3
   304 3
   305 3
   306 3
   307 3
   308 3
   309 3
   310 3
   311 3
   312 3
   313 3
   314 3
   315 3
   316 3
   317 3
   318 3
   319 3
   320 3
   321 3
   322 3
   323 3
   324 3
   325 3
   326 3
   327 3
   328 3
   329 3
   330 3
   331 3
   332 3
   333 3
   334 3
   335 3
   336 3
   337 3
   338 3
   339 3
   340 3
   341 3
   342 3
   343 3
   344 3
   345 3
   346 3
   347 3
   348 3
   349 3
   350 3
   351 3
   352 3
   353 3
   354 3
   355 3
   356 3
   357 3
   358 3
   359 3
   360 3
   361 3
   362 3
   363 3
   364 3
   365 3
   366 3
   367 3
   368 3
   369 3
   370 3
   371 3
   372 3
   373 3
   374 3
   375 3
   376 3
   377 3
   378 3
   379 3
   380 3
   381 3
   382 3
   383 3
   384 3
   385 3
   386 3
   387 3
   388 3
   389 3
   390 3
   391 3
   392 3
   393 3
   394 3
   395 3
   396 3
   397 3
   398 3
   399 3
   400 3
   401 3
   402 3
   403 3
   404 3
   405 3
   406 3
   407 3
   408 3
   409 3
   410 3
   411 3
   412 3
   413 3
   414 3
   415 3
   416 3
   417 3
   418 3
   419 3
   420 3
   421 3
   422 3
   423 3
   424 3
   425 3
   426 3
   427 3
   428 3
   429 3
   430 3
   431 3
   432 3
   433 3
   434 3
   435 3
   436 3
   437 3
   438 3
   439 3
   440 3
   441 3
   442 3
   443 3
   444 3
   445 3
   446 3
   447 3
   448 3
   449 3
   450 3
   451 3
   452 3
   453 3
   454 3
   455 3
   456 3
   457 3
   458 3
   459 3
   460 3
   461 3
   462 3
   463 3
   464 3
   465 3
   466 3
   467 3
   468 3
   469 3
   470 3
   471 3
   472 3
   473 3
   474 3
   475 3
   476 3
   477 3
   478 3
   479 3
   480 3
   481 3
   482 3
   483 3
   484 3
   485 3
   486 3
   487 3
   488 3
   489 3
   490 3
   491 3
   492 3
   493 3
   494 3
   495 3
   496 3
   497 3
   498 3
   499 3
   500 3
   501 3
   502 3
   503 3
   504 3
   505 3
   506 3
   507 3
   508 3
   509 3
   510 3
   511 3
   512 3
   513 3
   514 3
   515 3
   516 3
   517 3
   518 3
   519 3
   520 3
   521 3
   522 3
   523 3
   524 3
   525 3
   526 3
   527 3
   528 3
   529 3
   530 3
   531 3
   532 3
   533 3
   534 3
   535 3
   536 3
   537 3
   538 3
   539 3
   540 3
   541 3
   542 3
   543 3
   544 3
   545 3
   546 3
   547 3
   548 3
   549 3
   550 3
   551 3
   552 3
   553 3
   554 3
   555 3
   556 3
   557 3
   558 3
   559 3
   560 3
   561 3
   562 3
   563 3
   564 3
   565 3
   566 3
   567 3
   568 3
   569 3
   570 3
   571 3
   572 3
   573 3
   574 3
   575 3
   576 3
   577 3
   578 3
   579 3
   580 3
   581 3
   582 3
   583 3
   584 3
   585 3
   586 3
   587 3
   588 3
   589 3
   590 3
   591 3
   592 3
   593 3
   594 3
   595 3
   596 3
   597 3
   598 3
   599 3
   600 3
   601 3
   602 3
   603 3
   604 3
   605 3
   606 3
   607 3
   608 3
   609 3
   610 3
   611 3
   612 3
   613 3
   614 3
   615 3
   616 3
   617 3
   618 3
   619 3
   620 3
   621 3
   622 3
   623 3
   624 3
   625 3
   626 3
   627 3
   628 3
   629 3
   630 3
   631 3
   632 3
   633 3
   634 3
   635 3
   636 3
   637 3
   638 3
   639 3
   640 3
   641 3
   642 3
   643 3
   644 3
   645 3
   646 3
   647 3
   648 3
   649 3
   650 3
   651 3
   652 3
   653 3
   654 3
   655 3
   656 3
   657 3
   658 3
   659 3
   660 3
   661 3
   662 3
   663 3
   664 3
   665 3
   666 3
   667 3
   668 3
   669 3
   670 3
   671 3
   672 3
   673 3
   674 3
   675 3
   676 3
   677 3
   678 3
   679 3
   680 3
   681 3
   682 3
   683 3
   684 3
   685 3
   686 3
   687 3
   688 3
   689 3
   690 3
   691 3
   692 3
   693 3
   694 3
   695 3
   696 3
   697 3
   698 3
   699 3
   700 3
   701 3
   702 3
   703 3
   704 3
   705 3
   706 3
   707 3
   708 3
   709 3
   710 3
   711 3
   712 3
   713 3
   714 3
   715 3
   716 3
   717 3
   718 3
   719 3
   720 3
   721 3
   722 3
   723 3
   724 3
   725 3
   726 3
   727 3
   728 3
   729 3
   730 3
   731 3
   732 3
   733 3
   734 3
   735 3
   736 3
   737 3
   738 3
   739 3
   740 3
   741 3
   742 3
   743 3
   744 3
   745 3
   746 3
   747 3
   748 3
   749 3
   750 3
   751 3
   752 3
   753 3
   754 3
   755 3
   756 3
   757 3
   758 3
   759 3
   760 3
   761 3
   762 3
   763 3
   764 3
   765 3
   766 3
   767 3
   768 3
   769 3
   770 3
   771 3
   772 3
   773 3
   774 3
   775 3
   776 3
   777 3
   778 3
   779 3
   780 3
   781 3
   782 3
   783 3
   784 3
   785 3
   786 3
   787 3
   788 3
   789 3
   790 3
   791 3
   792 3
   793 3
   794 3
   795 3
   796 3
   797 3
   798 3
   799 3
   800 3
   801 3
   802 3
   803 3
   804 3
   805 3
   806 3
   807 3
   808 3
   809 3
   810 3
   811 3
   812 3
   813 3
   814 3
   815 3
   816 3
   817 3
   818 3
   819 3
   820 3
   821 3
   822 3
   823 3
   824 3
   825 3
   826 3
   827 3
   828 3
   829 3
   830 3
   831 3
   832 3
   833 3
   834 3
   835 3
   836 3
   837 3
   838 3
   839 3
   840 3
   841 3
   842 3
   843 3
   844 3
   845 3
   846 3
   847 3
   848 3
   849 3
   850 3
   851 3
   852 3
   853 3
   854 3
   855 3
   856 3
   857 3
   858 3
   859 3
   860 3
   861 3
   862 3
   863 3
   864 3
   865 3
   866 3
   867 3
   868 3
   869 3
   870 3
   871 3
   872 3
   873 3
   874 3
   875 3
   876 3
   877 3
   878 3
   879 3
   880 3
   881 3
   882 3
   883 3
   884 3
   885 3
   886 3
   887 3
   888 3
   889 3
   890 3
   891 3
   892 3
   893 3
   894 3
   895 3
   896 3
   897 3
   898 3
   899 3
   900 3
   901 3
   902 3
   903 3
   904 3
   905 3
   906 3
   907 3
   908 3
   909 3
   910 3
   911 3
   912 3
   913 3
   914 3
   915 3
   916 3
   917 3
   918 3
   919 3
   920 3
   921 3
   922 3
   923 3
   924 3
   925 3
   926 3
   927 3
   928 3
   929 3
   930 3
   931 3
   932 3
   933 3
   934 3
   935 3
   936 3
   937 3
   938 3
   939 3
   940 3
   941 3
   942 3
   943 3
   944 3
   945 3
   946 3
   947 3
   948 3
   949 3
   950 3
   951 3
   952 3
   953 3
   954 3
   955 3
   956 3
   957 3
   958 3
   959 3
   960 3
   961 3
   962 3
   963 3
   964 3
   965 3
   966 3
   967 3
   968 3
   969 3
   970 3
   971 3
   972 3
   973 3
   974 3
   975 3
   976 3
   977 3
   978 3
   979 3
   980 3
   981 3
   982 3
   983 3
   984 3
   985 3
   986 3
   987 3
   988 3
   989 3
   990 3
   991 3
   992 3
   993 3
   994 3
   995 3
   996 3
   997 3
   998 3
   999 3
   1000 3
   1001 3
   1002 3
   1003 3
   1004 3
   1005 3
   1006 3
   1007 3
   1008 3
   1009 3
   1010 3
   1011 3
   1012 3
   1013 3
   1014 3
   1015 3
   1016 3
   1017 3
   1018 3
   1019 3
   1020 3
   1021 3
   1022 3
   1023 3
   1024 3
   1025 3
   1026 3
   1027 3
   1028 3
   1029 3
   1030 3
   1031 3
   1032 3
   1033 3
   1034 3
   1035 3
   1036 3
   1037 3
   1038 3
   1039 3
   1040 3
   1041 3
   1042 3
   1043 3
   1044 3
   1045 3
   1046 3
   1047 3
   1048 3
   1049 3
   1050 3
   1051 3
   1052 3
   1053 3
   1054 3
   1055 3
   1056 3
   1057 3
   1058 3
   1059 3
   1060 3
   1061 3
   1062 3
   1063 3
   1064 3
   1065 3
   1066 3
   1067 3
   1068 3
   1069 3
   1070 3
   1071 3
   1072 3
   1073 3
   1074 3
   1075 3
   1076 3
   1077 3
   1078 3
   1079 3
   1080 3
   1081 3
   1082 3
   1083 3
   1084 3
   1085 3
   1086 3
   1087 3
   1088 3
   1089 3
   1090 3
   1091 3
   1092 3
   1093 3
   1094 3
   1095 3
   1096 3
   1097 3
   1098 3
   1099 3
   1100 3
   1101 3
   1102 3
   1103 3
   1104 3
   1105 3
   1106 3
   1107 3
   1108 3
   1109 3
   1110 3
   1111 3
  END_NODES_PER_ELEMENT
  ELEMENTS
  1 155 149 151  
  2 151 149 143  
  3 155 151 157  
  4 172 167 166  
  5 167 164 163  
  6 164 157 156  
  7 163 164 156  
  8 167 163 166  
  9 156 157 151  
  10 163 156 154  
  11 166 163 154  
  12 179 172 171  
  13 172 166 171  
  14 171 166 165  
  15 151 143 148  
  16 148 143 141  
  17 151 148 156  
  18 47 44 52  
  19 39 36 40  
  20 36 32 37  
  21 29 25 26  
  22 50 47 57  
  23 44 39 46  
  24 32 29 31  
  25 141 143 137  
  26 141 137 136  
  27 148 141 154  
  28 183 179 178  
  29 21 17 18  
  30 17 14 13  
  31 14 11 10  
  32 179 171 178  
  33 178 171 165  
  34 464 467 459  
  35 486 490 484  
  36 508 513 506  
  37 88 86 76  
  38 474 479 471  
  39 497 502 493  
  40 92 90 80  
  41 84 82 69  
  42 467 474 466  
  43 490 497 488  
  44 97 92 87  
  45 86 84 72  
  46 479 486 476  
  47 502 508 500  
  48 90 88 71  
  49 82 81 68  
  50 398 404 397  
  51 423 429 422  
  52 445 452 446  
  53 408 417 407  
  54 436 439 434  
  55 457 464 459  
  56 404 408 401  
  57 429 436 426  
  58 452 457 451  
  59 417 423 416  
  60 439 445 438  
  61 330 334 329  
  62 354 360 353  
  63 379 386 380  
  64 342 347 341  
  65 366 371 367  
  66 392 398 397  
  67 334 342 333  
  68 360 366 359  
  69 386 392 387  
  70 347 354 345  
  71 371 379 372  
  72 188 183 182  
  73 513 516 506  
  74 554 557 549  
  75 590 586 582  
  76 534 537 530  
  77 621 614 615  
  78 523 529 517  
  79 543 548 539  
  80 637 628 629  
  81 606 600 601  
  82 516 523 509  
  83 537 543 535  
  84 645 637 638  
  85 614 606 609  
  86 529 534 524  
  87 548 554 545  
  88 628 621 623  
  89 600 590 592  
  90 216 210 211  
  91 204 199 198  
  92 194 188 187  
  93 210 204 205  
  94 199 194 193  
  95 96 101 102  
  96 118 126 127  
  97 145 152 150  
  98 177 184 181  
  99 106 113 114  
  100 132 139 138  
  101 162 169 168  
  102 101 106 107  
  103 126 132 131  
  104 152 162 158  
  105 113 118 117  
  106 139 145 144  
  107 169 177 176  
  108 24 30 27  
  109 78 83 89  
  110 78 89 79  
  111 40 36 37  
  112 39 40 46  
  113 26 25 23  
  114 29 26 31  
  115 52 44 46  
  116 37 32 31  
  117 57 47 52  
  118 50 57 61  
  119 258 265 259  
  120 287 294 289  
  121 315 322 318  
  122 272 278 273  
  123 302 308 303  
  124 265 272 268  
  125 294 302 298  
  126 322 330 329  
  127 278 287 281  
  128 308 315 310  
  129 184 190 181  
  130 239 245 241  
  131 630 634 626  
  132 2 1 3  
  133 2 3 4  
  134 209 214 212  
  135 612 617 605  
  136 651 657 646  
  137 196 201 197  
  138 252 258 259  
  139 639 644 633  
  140 223 231 227  
  141 620 624 616  
  142 7 4 6  
  143 190 196 192  
  144 245 252 246  
  145 634 639 631  
  146 214 223 219  
  147 617 620 610  
  148 11 7 10  
  149 201 209 207  
  150 607 612 603  
  151 644 651 640  
  152 231 239 232  
  153 624 630 619  
  154 586 577 582  
  155 552 544 546  
  156 519 511 512  
  157 567 558 563  
  158 536 527 531  
  159 577 567 571  
  160 544 536 538  
  161 511 503 507  
  162 558 552 555  
  163 527 519 520  
  164 68 62 69  
  165 62 56 63  
  166 503 494 498  
  167 440 433 437  
  168 242 234 236  
  169 469 462 463  
  170 270 261 264  
  171 487 478 480  
  172 284 275 277  
  173 229 224 225  
  174 454 447 449  
  175 255 248 250  
  176 494 487 489  
  177 433 425 430  
  178 234 229 230  
  179 462 454 456  
  180 261 255 256  
  181 478 469 473  
  182 275 270 271  
  183 224 216 217  
  184 447 440 442  
  185 248 242 243  
  186 425 418 420  
  187 368 361 362  
  188 311 305 307  
  189 396 388 391  
  190 338 331 332  
  191 411 402 405  
  192 352 343 346  
  193 300 290 293  
  194 381 375 377  
  195 324 319 321  
  196 418 411 414  
  197 361 352 356  
  198 305 300 301  
  199 388 381 383  
  200 331 324 325  
  201 402 396 399  
  202 343 338 340  
  203 290 284 286  
  204 375 368 369  
  205 319 311 313  
  206 183 178 182  
  207 182 178 175  
  208 557 562 549  
  209 576 578 569  
  210 593 597 588  
  211 566 573 561  
  212 585 587 581  
  213 602 607 596  
  214 562 566 556  
  215 578 585 575  
  216 597 602 594  
  217 573 576 565  
  218 587 593 584  
  219 674 672 667  
  220 669 665 656  
  221 659 654 647  
  222 649 645 638  
  223 672 669 662  
  224 665 659 652  
  225 654 649 642  
  226 40 37 45  
  227 31 26 33  
  228 57 52 66  
  229 46 40 51  
  230 52 46 59  
  231 156 148 154  
  232 37 31 38  
  233 5 8 6  
  234 12 16 15  
  235 3 5 4  
  236 8 12 9  
  237 16 20 19  
  238 105 100 98  
  239 137 130 136  
  240 124 116 119  
  241 111 105 103  
  242 130 124 128  
  243 116 111 112  
  244 100 97 91  
  245 657 660 646  
  246 663 666 653  
  247 668 670 658  
  248 671 673 664  
  249 660 663 648  
  250 666 668 655  
  251 670 671 661  
  252 673 674 667  
  253 18 17 13  
  254 18 13 15  
  255 15 13 9  
  256 15 9 12  
  257 13 14 10  
  258 13 10 9  
  259 9 10 6  
  260 21 18 23  
  261 68 69 82  
  262 73 78 79  
  263 73 79 65  
  264 88 76 71  
  265 71 76 61  
  266 84 69 72  
  267 72 69 63  
  268 63 69 62  
  269 86 72 76  
  270 76 72 61  
  271 486 484 476  
  272 476 484 470  
  273 497 493 488  
  274 488 493 485  
  275 490 488 484  
  276 484 488 470  
  277 502 500 493  
  278 493 495 485  
  279 474 471 466  
  280 466 471 461  
  281 467 466 459  
  282 459 466 461  
  283 479 476 471  
  284 471 476 461  
  285 508 506 500  
  286 500 506 495  
  287 92 80 87  
  288 87 80 66  
  289 97 87 91  
  290 91 87 74  
  291 90 71 80  
  292 80 71 66  
  293 397 404 401  
  294 397 401 395  
  295 434 439 438  
  296 434 438 428  
  297 416 423 422  
  298 416 422 413  
  299 446 452 451  
  300 446 451 441  
  301 426 436 434  
  302 426 434 428  
  303 422 429 426  
  304 422 426 413  
  305 401 408 407  
  306 401 407 395  
  307 438 445 446  
  308 438 446 441  
  309 407 417 416  
  310 407 416 413  
  311 451 457 459  
  312 329 334 333  
  313 329 333 326  
  314 367 371 372  
  315 367 372 363  
  316 345 354 353  
  317 345 353 344  
  318 380 386 387  
  319 380 387 378  
  320 359 366 367  
  321 359 367 363  
  322 353 360 359  
  323 353 359 344  
  324 333 342 341  
  325 333 341 326  
  326 372 379 380  
  327 372 380 378  
  328 341 347 345  
  329 341 345 344  
  330 387 392 397  
  331 188 182 187  
  332 187 182 175  
  333 89 96 79  
  334 517 529 524  
  335 517 524 515  
  336 509 523 517  
  337 509 517 515  
  338 524 534 530  
  339 524 530 515  
  340 530 537 535  
  341 530 535 522  
  342 629 628 623  
  343 629 623 625  
  344 638 637 629  
  345 638 629 625  
  346 623 621 615  
  347 623 608 625  
  348 539 548 545  
  349 539 545 533  
  350 535 543 539  
  351 535 539 522  
  352 545 554 549  
  353 545 549 533  
  354 615 614 609  
  355 615 609 608  
  356 601 600 592  
  357 601 592 589  
  358 609 606 601  
  359 609 601 608  
  360 592 590 582  
  361 592 582 589  
  362 516 509 506  
  363 56 53 63  
  364 53 50 61  
  365 72 63 61  
  366 9 6 8  
  367 211 210 205  
  368 211 205 203  
  369 193 194 187  
  370 193 187 189  
  371 198 199 193  
  372 198 193 189  
  373 205 204 198  
  374 205 198 203  
  375 216 211 217  
  376 217 211 203  
  377 102 101 107  
  378 102 107 110  
  379 114 113 117  
  380 114 117 121  
  381 131 132 138  
  382 131 138 135  
  383 176 177 181  
  384 176 181 180  
  385 150 152 158  
  386 150 158 160  
  387 168 169 176  
  388 168 176 180  
  389 117 118 127  
  390 117 127 121  
  391 127 126 131  
  392 127 131 135  
  393 138 139 144  
  394 138 144 135  
  395 158 162 168  
  396 158 168 160  
  397 107 106 114  
  398 107 114 121  
  399 144 145 150  
  400 144 150 160  
  401 96 102 95  
  402 27 30 34  
  403 24 27 22  
  404 25 21 23  
  405 5 6 4  
  406 79 96 95  
  407 259 265 268  
  408 259 268 260  
  409 303 308 310  
  410 303 310 309  
  411 310 315 318  
  412 310 318 309  
  413 318 322 329  
  414 298 302 303  
  415 298 303 291  
  416 289 294 298  
  417 289 298 291  
  418 273 278 281  
  419 273 281 274  
  420 268 272 273  
  421 268 273 274  
  422 281 287 289  
  423 281 289 291  
  424 626 634 631  
  425 626 631 618  
  426 616 624 619  
  427 616 619 604  
  428 603 612 605  
  429 603 605 598  
  430 631 639 633  
  431 631 633 618  
  432 619 630 626  
  433 619 626 618  
  434 605 617 610  
  435 605 610 598  
  436 640 651 646  
  437 640 646 632  
  438 633 644 640  
  439 633 640 632  
  440 610 620 616  
  441 610 616 604  
  442 607 603 596  
  443 596 603 598  
  444 7 6 10  
  445 241 245 246  
  446 241 246 244  
  447 192 196 197  
  448 192 197 195  
  449 232 239 241  
  450 232 241 244  
  451 197 201 207  
  452 197 208 195  
  453 219 223 227  
  454 219 227 221  
  455 212 214 219  
  456 212 219 221  
  457 227 231 232  
  458 227 232 221  
  459 246 252 259  
  460 207 209 212  
  461 207 212 208  
  462 190 192 181  
  463 18 19 22  
  464 546 544 538  
  465 546 538 540  
  466 571 567 563  
  467 571 563 564  
  468 520 519 512  
  469 520 512 518  
  470 563 558 555  
  471 563 555 564  
  472 507 503 498  
  473 507 498 501  
  474 512 511 507  
  475 512 507 501  
  476 531 527 520  
  477 531 520 518  
  478 538 536 531  
  479 538 531 540  
  480 555 552 546  
  481 555 546 540  
  482 577 571 582  
  483 498 494 489  
  484 498 489 501  
  485 449 447 442  
  486 449 442 443  
  487 271 270 264  
  488 271 264 263  
  489 264 261 256  
  490 264 256 263  
  491 230 229 225  
  492 230 225 222  
  493 236 234 230  
  494 236 230 222  
  495 489 487 480  
  496 489 480 481  
  497 442 440 437  
  498 442 437 443  
  499 277 275 271  
  500 277 271 276  
  501 256 255 250  
  502 256 250 249  
  503 437 433 430  
  504 437 430 431  
  505 250 248 243  
  506 250 235 249  
  507 480 478 473  
  508 480 473 481  
  509 456 454 449  
  510 456 449 458  
  511 463 462 456  
  512 463 456 458  
  513 430 425 420  
  514 430 420 431  
  515 243 242 236  
  516 243 236 235  
  517 225 224 217  
  518 225 217 222  
  519 473 469 463  
  520 473 463 458  
  521 284 277 286  
  522 286 277 276  
  523 420 418 414  
  524 420 414 415  
  525 377 375 369  
  526 377 369 370  
  527 340 338 332  
  528 340 332 336  
  529 332 331 325  
  530 332 320 336  
  531 301 300 293  
  532 301 293 292  
  533 307 305 301  
  534 307 301 306  
  535 414 411 405  
  536 414 405 415  
  537 369 368 362  
  538 369 362 370  
  539 346 343 340  
  540 346 340 336  
  541 325 324 321  
  542 325 321 320  
  543 362 361 356  
  544 362 356 351  
  545 321 319 313  
  546 321 313 320  
  547 405 402 399  
  548 405 399 400  
  549 383 381 377  
  550 383 377 385  
  551 391 388 383  
  552 391 383 385  
  553 356 352 346  
  554 356 346 351  
  555 313 311 307  
  556 313 307 306  
  557 293 290 286  
  558 293 286 292  
  559 399 396 391  
  560 399 391 400  
  561 165 166 154  
  562 141 136 146  
  563 136 130 128  
  564 569 578 575  
  565 569 575 560  
  566 565 576 569  
  567 565 569 553  
  568 561 573 565  
  569 561 565 553  
  570 575 585 581  
  571 575 570 560  
  572 588 597 594  
  573 588 594 580  
  574 556 566 561  
  575 556 561 553  
  576 584 593 588  
  577 584 588 580  
  578 581 587 584  
  579 581 584 570  
  580 594 602 596  
  581 594 596 580  
  582 562 556 549  
  583 667 672 662  
  584 667 662 650  
  585 647 654 642  
  586 647 642 635  
  587 652 659 647  
  588 652 647 635  
  589 656 665 652  
  590 656 652 641  
  591 662 669 656  
  592 662 641 650  
  593 642 649 638  
  594 26 23 28  
  595 61 57 71  
  596 15 16 19  
  597 15 19 18  
  598 22 19 20  
  599 98 100 91  
  600 105 98 103  
  601 128 124 119  
  602 119 116 112  
  603 112 111 103  
  604 653 666 655  
  605 653 655 636  
  606 664 673 667  
  607 664 667 650  
  608 655 668 658  
  609 655 643 636  
  610 79 70 65  
  611 658 670 661  
  612 658 661 643  
  613 648 663 653  
  614 648 653 636  
  615 661 671 664  
  616 661 664 650  
  617 660 648 646  
  618 642 638 625  
  619 63 53 61  
  620 136 128 134  
  621 98 91 75  
  622 112 103 104  
  623 103 98 94  
  624 128 119 125  
  625 119 112 115  
  626 35 41 43  
  627 41 48 54  
  628 48 58 64  
  629 58 65 70  
  630 20 24 22  
  631 30 35 34  
  632 34 35 43  
  633 95 102 110  
  634 27 34 28  
  635 22 27 28  
  636 28 34 33  
  637 28 33 26  
  638 45 37 38  
  639 45 38 49  
  640 51 40 45  
  641 51 45 60  
  642 31 33 38  
  643 38 33 42  
  644 46 51 59  
  645 59 51 75  
  646 66 52 59  
  647 66 59 74  
  648 66 74 87  
  649 57 66 71  
  650 175 178 165  
  651 28 23 22  
  652 22 23 18  
  653 165 154 146  
  654 146 154 141  
  655 146 136 134  
  656 43 41 54  
  657 54 48 64  
  658 64 58 70  
  659 70 79 95  
  660 476 470 461  
  661 488 485 470  
  662 495 506 509  
  663 500 495 493  
  664 428 438 441  
  665 441 451 459  
  666 397 395 378  
  667 363 372 378  
  668 378 387 397  
  669 329 326 318  
  670 91 74 75  
  671 75 74 59  
  672 530 522 515  
  673 539 533 522  
  674 615 608 623  
  675 601 589 608  
  676 34 43 42  
  677 189 187 175  
  678 43 54 55  
  679 110 107 121  
  680 180 181 195  
  681 54 64 67  
  682 64 70 85  
  683 259 260 244  
  684 291 303 309  
  685 274 281 291  
  686 260 268 274  
  687 604 619 618  
  688 632 646 648  
  689 244 246 259  
  690 192 195 181  
  691 208 212 221  
  692 207 208 197  
  693 518 512 501  
  694 571 564 582  
  695 256 249 263  
  696 458 449 443  
  697 235 236 222  
  698 276 271 263  
  699 489 481 501  
  700 437 431 443  
  701 243 235 250  
  702 286 276 292  
  703 405 400 415  
  704 385 377 370  
  705 420 415 431  
  706 306 301 292  
  707 313 306 320  
  708 362 351 370  
  709 391 385 400  
  710 325 320 332  
  711 553 569 560  
  712 570 584 580  
  713 581 570 575  
  714 635 642 625  
  715 656 641 662  
  716 641 652 635  
  717 643 661 650  
  718 658 643 655  
  719 94 98 75  
  720 94 75 60  
  721 125 119 115  
  722 125 115 120  
  723 115 112 104  
  724 115 104 109  
  725 103 94 104  
  726 104 94 93  
  727 128 125 134  
  728 134 125 133  
  729 175 165 159  
  730 549 556 542  
  731 542 556 553  
  732 549 542 533  
  733 635 625 613  
  734 461 470 455  
  735 470 485 465  
  736 485 495 475  
  737 428 441 432  
  738 363 378 365  
  739 515 522 505  
  740 522 533 514  
  741 625 608 613  
  742 608 589 591  
  743 49 38 42  
  744 49 42 55  
  745 60 45 49  
  746 60 49 77  
  747 42 33 34  
  748 51 60 75  
  749 146 134 159  
  750 110 121 123  
  751 518 501 504  
  752 291 309 299  
  753 274 291 283  
  754 260 274 262  
  755 501 481 477  
  756 533 542 514  
  757 604 618 595  
  758 208 221 218  
  759 195 208 202  
  760 165 146 159  
  761 459 461 441  
  762 276 263 267  
  763 263 249 253  
  764 235 222 226  
  765 249 235 240  
  766 458 443 450  
  767 443 431 435  
  768 431 415 421  
  769 415 400 403  
  770 306 292 297  
  771 370 351 358  
  772 336 320 335  
  773 385 370 373  
  774 320 306 312  
  775 400 385 390  
  776 426 428 413  
  777 395 407 413  
  778 292 276 280  
  779 359 363 344  
  780 326 341 344  
  781 596 598 580  
  782 643 650 627  
  783 189 175 173  
  784 553 560 541  
  785 570 580 559  
  786 560 570 551  
  787 509 515 499  
  788 499 515 505  
  789 509 499 495  
  790 495 499 475  
  791 589 582 564  
  792 650 641 627  
  793 641 635 613  
  794 198 189 203  
  795 217 203 222  
  796 55 54 67  
  797 55 67 77  
  798 43 55 42  
  799 67 64 85  
  800 67 85 99  
  801 85 70 95  
  802 168 180 160  
  803 127 135 121  
  804 144 160 135  
  805 636 643 622  
  806 175 159 173  
  807 309 318 326  
  808 618 633 632  
  809 598 610 604  
  810 232 244 221  
  811 173 159 153  
  812 564 555 540  
  813 531 518 540  
  814 473 458 481  
  815 346 336 351  
  816 180 195 186  
  817 632 648 636  
  818 455 470 465  
  819 455 465 448  
  820 465 485 475  
  821 465 475 448  
  822 461 455 432  
  823 432 441 461  
  824 428 432 412  
  825 365 378 395  
  826 363 365 348  
  827 505 522 514  
  828 505 514 491  
  829 591 589 572  
  830 608 591 613  
  831 123 121 140  
  832 110 123 108  
  833 189 173 191  
  834 95 110 108  
  835 120 115 109  
  836 120 109 122  
  837 125 120 133  
  838 133 120 122  
  839 93 94 60  
  840 104 93 109  
  841 109 93 122  
  842 134 133 159  
  843 299 309 317  
  844 283 291 299  
  845 283 299 288  
  846 262 274 283  
  847 262 283 288  
  848 260 262 244  
  849 595 618 611  
  850 604 595 579  
  851 218 221 237  
  852 208 218 202  
  853 202 218 213  
  854 195 202 186  
  855 186 202 213  
  856 180 186 160  
  857 504 501 477  
  858 504 477 492  
  859 518 504 528  
  860 477 458 450  
  861 267 263 253  
  862 267 253 254  
  863 276 267 280  
  864 280 267 254  
  865 253 249 240  
  866 253 240 254  
  867 240 235 226  
  868 240 226 228  
  869 435 431 421  
  870 435 421 424  
  871 226 222 206  
  872 450 443 435  
  873 450 435 424  
  874 458 477 481  
  875 292 280 297  
  876 297 280 285  
  877 542 553 532  
  878 421 415 403  
  879 421 403 424  
  880 335 320 312  
  881 335 312 314  
  882 312 306 297  
  883 312 297 314  
  884 403 400 390  
  885 403 390 394  
  886 358 351 335  
  887 373 370 358  
  888 373 358 364  
  889 390 385 373  
  890 390 373 394  
  891 336 335 351  
  892 541 560 551  
  893 541 551 525  
  894 559 580 579  
  895 551 570 559  
  896 551 559 525  
  897 553 541 532  
  898 532 541 525  
  899 643 627 622  
  900 622 627 599  
  901 636 622 611  
  902 542 532 514  
  903 627 641 613  
  904 475 499 505  
  905 412 432 409  
  906 428 412 413  
  907 413 412 395  
  908 348 365 349  
  909 363 348 344  
  910 344 348 317  
  911 572 589 564  
  912 572 564 528  
  913 591 572 574  
  914 613 591 599  
  915 191 173 174  
  916 189 191 203  
  917 203 191 206  
  918 206 191 174  
  919 203 206 222  
  920 77 49 55  
  921 60 77 93  
  922 93 77 99  
  923 140 121 135  
  924 140 135 160  
  925 123 140 142  
  926 108 123 129  
  927 317 309 326  
  928 317 326 344  
  929 299 317 288  
  930 611 618 632  
  931 611 632 636  
  932 595 611 583  
  933 579 595 568  
  934 604 579 598  
  935 598 579 580  
  936 237 221 244  
  937 237 244 262  
  938 218 237 213  
  939 528 504 492  
  940 518 528 540  
  941 540 528 564  
  942 226 206 228  
  943 99 85 108  
  944 67 99 77  
  945 153 159 133  
  946 153 133 122  
  947 173 153 174  
  948 174 153 147  
  949 455 448 409  
  950 491 514 532  
  951 505 491 472  
  952 409 432 455  
  953 412 409 384  
  954 349 365 384  
  955 348 349 323  
  956 492 477 460  
  957 240 228 254  
  958 285 280 254  
  959 297 285 314  
  960 335 314 364  
  961 403 394 424  
  962 373 364 394  
  963 364 358 335  
  964 574 572 528  
  965 591 574 599  
  966 108 85 95  
  967 142 140 170  
  968 123 142 129  
  969 129 142 161  
  970 108 129 99  
  971 122 93 99  
  972 599 627 613  
  973 622 599 583  
  974 583 611 622  
  975 595 583 568  
  976 568 583 547  
  977 579 568 550  
  978 599 574 547  
  979 122 99 129  
  980 365 395 384  
  981 384 409 382  
  982 412 384 395  
  983 323 349 327  
  984 348 323 317  
  985 317 323 288  
  986 472 491 453  
  987 505 472 475  
  988 475 472 448  
  989 170 140 160  
  990 142 170 161  
  991 254 228 238  
  992 285 254 266  
  993 394 364 376  
  994 314 285 296  
  995 424 394 406  
  996 460 477 450  
  997 460 450 424  
  998 492 460 468  
  999 550 568 547  
  1000 579 550 559  
  1001 559 550 525  
  1002 160 186 170  
  1003 147 153 122  
  1004 174 147 185  
  1005 186 213 170  
  1006 262 288 257  
  1007 237 262 257  
  1008 257 288 282  
  1009 532 525 491  
  1010 448 472 453  
  1011 147 122 129  
  1012 129 161 147  
  1013 547 583 599  
  1014 382 409 419  
  1015 384 382 327  
  1016 327 349 384  
  1017 323 327 282  
  1018 453 491 482  
  1019 266 254 238  
  1020 266 238 251  
  1021 285 266 296  
  1022 296 266 279  
  1023 251 238 215  
  1024 266 251 279  
  1025 279 251 269  
  1026 269 251 233  
  1027 279 269 304  
  1028 238 228 185  
  1029 376 364 339  
  1030 394 376 406  
  1031 406 376 389  
  1032 296 279 316  
  1033 314 296 339  
  1034 424 406 468  
  1035 389 376 355  
  1036 406 389 427  
  1037 468 460 424  
  1038 492 468 510  
  1039 185 147 161  
  1040 174 185 206  
  1041 237 257 213  
  1042 288 323 282  
  1043 257 282 247  
  1044 419 409 448  
  1045 419 448 453  
  1046 382 419 393  
  1047 482 491 525  
  1048 453 482 444  
  1049 215 238 185  
  1050 304 269 295  
  1051 316 279 304  
  1052 316 304 337  
  1053 337 304 328  
  1054 316 337 355  
  1055 355 337 374  
  1056 374 337 357  
  1057 355 374 389  
  1058 389 374 410  
  1059 410 374 393  
  1060 389 410 427  
  1061 233 251 215  
  1062 233 215 200  
  1063 200 215 161  
  1064 233 200 220  
  1065 339 364 314  
  1066 296 316 339  
  1067 269 233 247  
  1068 247 233 220  
  1069 247 220 257  
  1070 376 339 355  
  1071 355 339 316  
  1072 528 492 526  
  1073 526 492 510  
  1074 526 510 547  
  1075 528 526 574  
  1076 547 510 521  
  1077 526 547 574  
  1078 521 510 483  
  1079 547 521 550  
  1080 550 521 525  
  1081 406 427 468  
  1082 510 468 483  
  1083 483 468 427  
  1084 185 161 215  
  1085 247 282 269  
  1086 521 483 496  
  1087 393 419 453  
  1088 382 393 357  
  1089 357 393 374  
  1090 357 337 328  
  1091 357 328 350  
  1092 350 328 327  
  1093 350 327 382  
  1094 350 382 357  
  1095 444 482 496  
  1096 496 482 525  
  1097 496 525 521  
  1098 295 269 282  
  1099 295 282 327  
  1100 328 304 295  
  1101 328 295 327  
  1102 220 200 170  
  1103 228 206 185  
  1104 496 483 444  
  1105 410 444 427  
  1106 444 410 393  
  1107 444 393 453  
  1108 170 200 161  
  1109 427 444 483  
  1110 213 257 220  
  1111 213 220 170  
  END_ELEMENTS  
  COORDINATES  
   1   5.556600e+00 -4.545000e+00   
   2   5.485525e+00 -4.473950e+00   
   3   5.557867e+00 -4.441417e+00   
   4   5.414450e+00 -4.402900e+00   
   5   5.559133e+00 -4.337833e+00   
   6   5.452701e+00 -4.293561e+00   
   7   5.343375e+00 -4.331850e+00   
   8   5.560400e+00 -4.234250e+00   
   9   5.453458e+00 -4.181143e+00   
   10   5.365393e+00 -4.207580e+00   
   11   5.272300e+00 -4.260800e+00   
   12   5.561667e+00 -4.130667e+00   
   13   5.358826e+00 -4.114780e+00   
   14   5.265733e+00 -4.168000e+00   
   15   5.454725e+00 -4.077560e+00   
   16   5.562933e+00 -4.027083e+00   
   17   5.259167e+00 -4.075200e+00   
   18   5.352260e+00 -4.021980e+00   
   19   5.455991e+00 -3.973976e+00   
   20   5.564200e+00 -3.923500e+00   
   21   5.252600e+00 -3.982400e+00   
   22   5.448878e+00 -3.856794e+00   
   23   5.311398e+00 -3.875030e+00   
   24   5.569200e+00 -3.793300e+00   
   25   5.192900e+00 -3.883600e+00   
   26   5.228167e+00 -3.790249e+00   
   27   5.478358e+00 -3.723979e+00   
   28   5.362051e+00 -3.742056e+00   
   29   5.133200e+00 -3.820900e+00   
   30   5.589200e+00 -3.696200e+00   
   31   5.150654e+00 -3.722437e+00   
   32   5.062800e+00 -3.770200e+00   
   33   5.274548e+00 -3.659027e+00   
   34   5.503764e+00 -3.590325e+00   
   35   5.637300e+00 -3.575100e+00   
   36   4.984300e+00 -3.733500e+00   
   37   5.061664e+00 -3.670325e+00   
   38   5.171558e+00 -3.584701e+00   
   39   4.900400e+00 -3.712000e+00   
   40   4.964679e+00 -3.635617e+00   
   41   5.708400e+00 -3.466900e+00   
   42   5.331869e+00 -3.471083e+00   
   43   5.560480e+00 -3.447160e+00   
   44   4.813900e+00 -3.706400e+00   
   45   5.056757e+00 -3.531181e+00   
   46   4.862966e+00 -3.619366e+00   
   47   4.727900e+00 -3.716900e+00   
   48   5.799500e+00 -3.374800e+00   
   49   5.192757e+00 -3.389342e+00   
   50   4.645300e+00 -3.743200e+00   
   51   4.934230e+00 -3.499758e+00   
   52   4.759995e+00 -3.622336e+00   
   53   4.568400e+00 -3.824850e+00   
   54   5.658300e+00 -3.326239e+00   
   55   5.424302e+00 -3.311944e+00   
   56   4.491500e+00 -3.906500e+00   
   57   4.659286e+00 -3.644267e+00   
   58   5.907600e+00 -3.302700e+00   
   59   4.807750e+00 -3.491510e+00   
   60   5.041705e+00 -3.335280e+00   
   61   4.545396e+00 -3.678621e+00   
   62   4.390400e+00 -3.898533e+00   
   63   4.449224e+00 -3.797521e+00   
   64   5.778671e+00 -3.226484e+00   
   65   6.027800e+00 -3.253600e+00   
   66   4.639650e+00 -3.500943e+00   
   67   5.595032e+00 -3.127394e+00   
   68   4.289300e+00 -3.890567e+00   
   69   4.339324e+00 -3.795412e+00   
   70   5.916708e+00 -3.153318e+00   
   71   4.507904e+00 -3.555581e+00   
   72   4.380224e+00 -3.708969e+00   
   73   6.154900e+00 -3.229600e+00   
   74   4.695866e+00 -3.380068e+00   
   75   4.783215e+00 -3.315141e+00   
   76   4.421124e+00 -3.622526e+00   
   77   5.207375e+00 -3.110443e+00   
   78   6.265100e+00 -3.228600e+00   
   79   6.144658e+00 -3.145925e+00   
   80   4.502924e+00 -3.449640e+00   
   81   4.188200e+00 -3.882600e+00   
   82   4.229100e+00 -3.796157e+00   
   83   6.363200e+00 -3.244600e+00   
   84   4.270000e+00 -3.709714e+00   
   85   5.756804e+00 -3.018436e+00   
   86   4.310900e+00 -3.623271e+00   
   87   4.543824e+00 -3.363198e+00   
   88   4.351800e+00 -3.536829e+00   
   89   6.314650e+00 -3.144000e+00   
   90   4.392700e+00 -3.450386e+00   
   91   4.594123e+00 -3.265833e+00   
   92   4.433600e+00 -3.363943e+00   
   93   5.003099e+00 -2.999667e+00   
   94   4.783661e+00 -3.089240e+00   
   95   6.067346e+00 -2.968957e+00   
   96   6.266100e+00 -3.043400e+00   
   97   4.474500e+00 -3.277500e+00   
   98   4.625169e+00 -3.144301e+00   
   99   5.520488e+00 -2.842145e+00   
   100   4.510400e+00 -3.179600e+00   
   101   6.344277e+00 -2.982708e+00   
   102   6.242157e+00 -2.931864e+00   
   103   4.631362e+00 -3.018838e+00   
   104   4.775639e+00 -2.933048e+00   
   105   4.526000e+00 -3.076600e+00   
   106   6.422454e+00 -2.922015e+00   
   107   6.320334e+00 -2.871172e+00   
   108   5.915995e+00 -2.727184e+00   
   109   4.931264e+00 -2.784328e+00   
   110   6.190602e+00 -2.784761e+00   
   111   4.520500e+00 -2.972500e+00   
   112   4.612189e+00 -2.894840e+00   
   113   6.500631e+00 -2.861323e+00   
   114   6.413412e+00 -2.813535e+00   
   115   4.736166e+00 -2.781722e+00   
   116   4.494300e+00 -2.871600e+00   
   117   6.476688e+00 -2.749787e+00   
   118   6.578808e+00 -2.800631e+00   
   119   4.568403e+00 -2.777077e+00   
   120   4.902391e+00 -2.612693e+00   
   121   6.346955e+00 -2.663376e+00   
   122   5.124543e+00 -2.549814e+00   
   123   6.138425e+00 -2.556162e+00   
   124   4.448300e+00 -2.778100e+00   
   125   4.667059e+00 -2.641334e+00   
   126   6.656985e+00 -2.739938e+00   
   127   6.548144e+00 -2.677748e+00   
   128   4.501821e+00 -2.670587e+00   
   129   5.840882e+00 -2.399337e+00   
   130   4.384400e+00 -2.695800e+00   
   131   6.647943e+00 -2.631458e+00   
   132   6.735162e+00 -2.679246e+00   
   133   4.793132e+00 -2.440018e+00   
   134   4.568223e+00 -2.516430e+00   
   135   6.601388e+00 -2.531106e+00   
   136   4.413500e+00 -2.581504e+00   
   137   4.305300e+00 -2.627900e+00   
   138   6.711219e+00 -2.567710e+00   
   139   6.813338e+00 -2.618554e+00   
   140   6.359247e+00 -2.383067e+00   
   141   4.298569e+00 -2.555998e+00   
   142   6.060251e+00 -2.229031e+00   
   143   4.214100e+00 -2.577400e+00   
   144   6.780191e+00 -2.495162e+00   
   145   6.891515e+00 -2.557862e+00   
   146   4.385147e+00 -2.437568e+00   
   147   5.211678e+00 -2.144705e+00   
   148   4.230821e+00 -2.501196e+00   
   149   4.114600e+00 -2.546200e+00   
   150   6.867573e+00 -2.446326e+00   
   151   4.156362e+00 -2.499558e+00   
   152   6.969692e+00 -2.497169e+00   
   153   4.793409e+00 -2.175622e+00   
   154   4.271117e+00 -2.398258e+00   
   155   4.105300e+00 -2.503700e+00   
   156   4.168050e+00 -2.419322e+00   
   157   4.105300e+00 -2.449532e+00   
   158   6.945016e+00 -2.400827e+00   
   159   4.501275e+00 -2.212972e+00   
   160   6.816017e+00 -2.299222e+00   
   161   5.685028e+00 -1.972147e+00   
   162   7.047869e+00 -2.436477e+00   
   163   4.166405e+00 -2.362738e+00   
   164   4.105300e+00 -2.389111e+00   
   165   4.296196e+00 -2.256826e+00   
   166   4.182259e+00 -2.284975e+00   
   167   4.105300e+00 -2.322026e+00   
   168   7.023927e+00 -2.324941e+00   
   169   7.126046e+00 -2.375785e+00   
   170   6.377634e+00 -1.980172e+00   
   171   4.177325e+00 -2.215673e+00   
   172   4.105300e+00 -2.247923e+00   
   173   4.553031e+00 -2.005459e+00   
   174   4.869646e+00 -1.901973e+00   
   175   4.333677e+00 -2.086909e+00   
   176   7.102103e+00 -2.264249e+00   
   177   7.204223e+00 -2.315092e+00   
   178   4.197569e+00 -2.122108e+00   
   179   4.105300e+00 -2.166531e+00   
   180   7.032871e+00 -2.160898e+00   
   181   7.180280e+00 -2.203556e+00   
   182   4.189783e+00 -2.040086e+00   
   183   4.105300e+00 -2.077686e+00   
   184   7.282400e+00 -2.254400e+00   
   185   5.291266e+00 -1.670214e+00   
   186   6.891297e+00 -1.927992e+00   
   187   4.207069e+00 -1.932366e+00   
   188   4.105300e+00 -1.981362e+00   
   189   4.349465e+00 -1.844855e+00   
   190   7.338564e+00 -2.171018e+00   
   191   4.584917e+00 -1.729104e+00   
   192   7.280050e+00 -2.070999e+00   
   193   4.207069e+00 -1.834373e+00   
   194   4.105300e+00 -1.883370e+00   
   195   7.183601e+00 -1.945428e+00   
   196   7.394727e+00 -2.087636e+00   
   197   7.336214e+00 -1.987617e+00   
   198   4.207069e+00 -1.736381e+00   
   199   4.105300e+00 -1.785377e+00   
   200   6.127101e+00 -1.464109e+00   
   201   7.450891e+00 -2.004255e+00   
   202   7.060680e+00 -1.741419e+00   
   203   4.353420e+00 -1.589392e+00   
   204   4.105300e+00 -1.687385e+00   
   205   4.195632e+00 -1.628589e+00   
   206   4.581787e+00 -1.474641e+00   
   207   7.407726e+00 -1.902453e+00   
   208   7.295929e+00 -1.778664e+00   
   209   7.507055e+00 -1.920873e+00   
   210   4.105300e+00 -1.589392e+00   
   211   4.207069e+00 -1.540396e+00   
   212   7.448541e+00 -1.820854e+00   
   213   6.859304e+00 -1.484566e+00   
   214   7.563218e+00 -1.837491e+00   
   215   5.727106e+00 -1.173171e+00   
   216   4.105300e+00 -1.491400e+00   
   217   4.222060e+00 -1.438058e+00   
   218   7.173007e+00 -1.574656e+00   
   219   7.520876e+00 -1.738668e+00   
   220   6.575671e+00 -1.246292e+00   
   221   7.408256e+00 -1.611901e+00   
   222   4.362378e+00 -1.288340e+00   
   223   7.619382e+00 -1.754109e+00   
   224   4.105300e+00 -1.389870e+00   
   225   4.198893e+00 -1.328952e+00   
   226   4.580441e+00 -1.186810e+00   
   227   7.564984e+00 -1.668983e+00   
   228   4.894034e+00 -1.085280e+00   
   229   4.105300e+00 -1.288340e+00   
   230   4.196523e+00 -1.245697e+00   
   231   7.675545e+00 -1.670727e+00   
   232   7.617032e+00 -1.570708e+00   
   233   6.160152e+00 -9.706031e-01   
   234   4.105300e+00 -1.186810e+00   
   235   4.362378e+00 -1.085280e+00   
   236   4.210743e+00 -1.136045e+00   
   237   7.331122e+00 -1.337530e+00   
   238   5.327054e+00 -8.822840e-01   
   239   7.731709e+00 -1.587345e+00   
   240   4.580441e+00 -9.837500e-01   
   241   7.688544e+00 -1.485544e+00   
   242   4.105300e+00 -1.085280e+00   
   243   4.198893e+00 -1.044668e+00   
   244   7.576747e+00 -1.361755e+00   
   245   7.787873e+00 -1.503964e+00   
   246   7.729359e+00 -1.403945e+00   
   247   6.631788e+00 -8.734043e-01   
   248   4.105300e+00 -9.837500e-01   
   249   4.362378e+00 -8.822200e-01   
   250   4.210743e+00 -9.329850e-01   
   251   5.760144e+00 -6.796474e-01   
   252   7.844036e+00 -1.420582e+00   
   253   4.555942e+00 -7.604282e-01   
   254   4.842511e+00 -6.767988e-01   
   255   4.105300e+00 -8.822200e-01   
   256   4.210743e+00 -8.314550e-01   
   257   7.126809e+00 -9.028391e-01   
   258   7.900200e+00 -1.337200e+00   
   259   7.825220e+00 -1.249227e+00   
   260   7.708511e+00 -1.142806e+00   
   261   4.105300e+00 -7.806900e-01   
   262   7.508056e+00 -1.006920e+00   
   263   4.362378e+00 -6.791600e-01   
   264   4.198893e+00 -7.197720e-01   
   265   7.940750e+00 -1.245480e+00   
   266   5.327208e+00 -4.766803e-01   
   267   4.580467e+00 -5.777507e-01   
   268   7.865770e+00 -1.157507e+00   
   269   6.193290e+00 -4.770809e-01   
   270   4.105300e+00 -6.791600e-01   
   271   4.210743e+00 -6.283950e-01   
   272   7.981300e+00 -1.153760e+00   
   273   7.921080e+00 -1.061348e+00   
   274   7.789611e+00 -9.593658e-01   
   275   4.105300e+00 -5.776300e-01   
   276   4.362430e+00 -4.762300e-01   
   277   4.198924e+00 -5.167280e-01   
   278   8.021850e+00 -1.062040e+00   
   279   5.760412e+00 -2.739420e-01   
   280   4.580594e+00 -3.747509e-01   
   281   7.946870e+00 -9.740673e-01   
   282   6.916697e+00 -4.675241e-01   
   283   7.633168e+00 -7.805534e-01   
   284   4.105300e+00 -4.761000e-01   
   285   4.894344e+00 -2.734666e-01   
   286   4.210847e+00 -4.252850e-01   
   287   8.062400e+00 -9.703200e-01   
   288   7.390424e+00 -5.635876e-01   
   289   7.987420e+00 -8.823473e-01   
   290   4.105300e+00 -3.744700e-01   
   291   7.890786e+00 -7.861715e-01   
   292   4.362631e+00 -2.728400e-01   
   293   4.198985e+00 -3.134920e-01   
   294   8.102950e+00 -8.786000e-01   
   295   6.609125e+00 -2.018596e-01   
   296   5.327590e+00 -7.039000e-02   
   297   4.580909e+00 -1.712100e-01   
   298   8.034621e+00 -8.045321e-01   
   299   7.714268e+00 -5.971134e-01   
   300   4.105300e+00 -2.728400e-01   
   301   4.210847e+00 -2.220250e-01   
   302   8.143500e+00 -7.868800e-01   
   303   8.068520e+00 -6.989073e-01   
   304   6.160805e+00  1.648471e-02   
   305   4.105300e+00 -1.712100e-01   
   306   4.362631e+00 -6.958000e-02   
   307   4.198985e+00 -1.102320e-01   
   308   8.184050e+00 -6.951600e-01   
   309   7.975864e+00 -5.493112e-01   
   310   8.109071e+00 -6.071873e-01   
   311   4.105300e+00 -6.958000e-02   
   312   4.556378e+00  5.237600e-02   
   313   4.210847e+00 -1.876500e-02   
   314   4.894811e+00  1.336800e-01   
   315   8.224600e+00 -6.034400e-01   
   316   5.728281e+00  2.196769e-01   
   317   7.828009e+00 -3.365561e-01   
   318   8.149621e+00 -5.154673e-01   
   319   4.105300e+00  3.205000e-02   
   320   4.362631e+00  1.336800e-01   
   321   4.196612e+00  9.099540e-02   
   322   8.265150e+00 -5.117200e-01   
   323   7.578031e+00 -1.156050e-01   
   324   4.105300e+00  1.336800e-01   
   325   4.198985e+00  1.743320e-01   
   326   8.070772e+00 -3.037753e-01   
   327   7.169301e+00  1.174346e-01   
   328   6.576829e+00  2.913870e-01   
   329   8.210062e+00 -3.637096e-01   
   330   8.305700e+00 -4.200000e-01   
   331   4.105300e+00  2.353100e-01   
   332   4.210847e+00  2.861250e-01   
   333   8.225558e+00 -2.780505e-01   
   334   8.313709e+00 -3.240545e-01   
   335   4.567921e+00  4.160750e-01   
   336   4.323123e+00  3.623492e-01   
   337   6.128660e+00  5.100003e-01   
   338   4.105300e+00  3.369400e-01   
   339   5.295407e+00  5.547910e-01   
   340   4.210847e+00  3.877550e-01   
   341   8.211529e+00 -1.706041e-01   
   342   8.321718e+00 -2.281091e-01   
   343   4.105300e+00  4.385700e-01   
   344   8.094799e+00 -1.593897e-02   
   345   8.234089e+00 -7.587321e-02   
   346   4.210847e+00  4.893850e-01   
   347   8.329727e+00 -1.321636e-01   
   348   7.896789e+00  1.131519e-01   
   349   7.612552e+00  2.752205e-01   
   350   7.009150e+00  5.122897e-01   
   351   4.350764e+00  5.928934e-01   
   352   4.105300e+00  5.402000e-01   
   353   8.252495e+00  9.542926e-03   
   354   8.337736e+00 -3.621817e-02   
   355   5.729030e+00  7.588268e-01   
   356   4.198992e+00  6.011850e-01   
   357   6.575448e+00  7.304685e-01   
   358   4.580956e+00  7.434800e-01   
   359   8.250107e+00  1.160177e-01   
   360   8.345746e+00  5.972728e-02   
   361   4.105300e+00  6.418400e-01   
   362   4.210857e+00  6.926600e-01   
   363   8.117364e+00  2.259907e-01   
   364   4.894889e+00  8.451200e-01   
   365   7.920766e+00  3.850445e-01   
   366   8.353755e+00  1.556727e-01   
   367   8.258116e+00  2.119632e-01   
   368   4.105300e+00  7.434800e-01   
   369   4.198994e+00  8.044640e-01   
   370   4.362656e+00  8.451200e-01   
   371   8.361764e+00  2.516182e-01   
   372   8.266125e+00  3.079086e-01   
   373   4.580956e+00  9.467600e-01   
   374   6.157718e+00  1.001997e+00   
   375   4.105300e+00  8.451200e-01   
   376   5.327902e+00  1.048400e+00   
   377   4.210857e+00  8.959400e-01   
   378   8.134844e+00  4.637883e-01   
   379   8.369773e+00  3.475636e-01   
   380   8.286133e+00  4.125138e-01   
   381   4.105300e+00  9.467600e-01   
   382   7.175813e+00  9.344329e-01   
   383   4.198994e+00  1.007744e+00   
   384   7.621803e+00  7.880300e-01   
   385   4.362656e+00  1.048400e+00   
   386   8.377782e+00  4.435091e-01   
   387   8.282143e+00  4.997995e-01   
   388   4.105300e+00  1.048400e+00   
   389   5.760747e+00  1.252538e+00   
   390   4.556423e+00  1.170368e+00   
   391   4.210857e+00  1.099220e+00   
   392   8.385791e+00  5.394545e-01   
   393   6.731868e+00  1.160396e+00   
   394   4.894889e+00  1.251680e+00   
   395   8.140985e+00  7.022250e-01   
   396   4.105300e+00  1.150040e+00   
   397   8.289092e+00  6.713789e-01   
   398   8.393800e+00  6.354000e-01   
   399   4.198994e+00  1.211024e+00   
   400   4.362656e+00  1.251680e+00   
   401   8.287178e+00  7.582053e-01   
   402   4.105300e+00  1.251680e+00   
   403   4.580956e+00  1.353320e+00   
   404   8.382518e+00  7.307909e-01   
   405   4.210857e+00  1.302500e+00   
   406   5.327567e+00  1.455966e+00   
   407   8.252062e+00  8.604498e-01   
   408   8.371236e+00  8.261818e-01   
   409   7.577702e+00  1.176974e+00   
   410   6.190342e+00  1.493448e+00   
   411   4.105300e+00  1.353320e+00   
   412   7.887853e+00  1.075154e+00   
   413   8.107139e+00  9.883977e-01   
   414   4.198994e+00  1.414304e+00   
   415   4.362656e+00  1.454960e+00   
   416   8.255246e+00  9.575516e-01   
   417   8.359954e+00  9.215727e-01   
   418   4.105300e+00  1.454960e+00   
   419   7.153020e+00  1.426435e+00   
   420   4.210857e+00  1.505780e+00   
   421   4.556131e+00  1.576980e+00   
   422   8.256226e+00  1.044720e+00   
   423   8.348673e+00  1.016964e+00   
   424   4.894221e+00  1.658832e+00   
   425   4.105300e+00  1.556600e+00   
   426   8.232683e+00  1.148333e+00   
   427   5.728220e+00  1.746197e+00   
   428   8.081008e+00  1.229401e+00   
   429   8.337391e+00  1.112355e+00   
   430   4.198915e+00  1.617507e+00   
   431   4.362378e+00  1.658130e+00   
   432   7.857134e+00  1.345731e+00   
   433   4.105300e+00  1.658130e+00   
   434   8.221401e+00  1.243724e+00   
   435   4.580441e+00  1.759660e+00   
   436   8.326109e+00  1.207745e+00   
   437   4.210743e+00  1.708895e+00   
   438   8.210119e+00  1.339115e+00   
   439   8.314827e+00  1.303136e+00   
   440   4.105300e+00  1.759660e+00   
   441   8.050730e+00  1.465352e+00   
   442   4.198893e+00  1.820578e+00   
   443   4.362378e+00  1.861190e+00   
   444   6.316651e+00  1.933825e+00   
   445   8.303545e+00  1.398527e+00   
   446   8.208843e+00  1.445362e+00   
   447   4.105300e+00  1.861190e+00   
   448   7.399291e+00  1.787769e+00   
   449   4.210743e+00  1.911955e+00   
   450   4.604570e+00  1.995230e+00   
   451   8.187556e+00  1.529897e+00   
   452   8.292264e+00  1.493918e+00   
   453   6.811368e+00  1.994686e+00   
   454   4.105300e+00  1.962720e+00   
   455   7.742950e+00  1.755687e+00   
   456   4.196523e+00  2.021607e+00   
   457   8.280982e+00  1.589309e+00   
   458   4.362378e+00  2.064250e+00   
   459   8.158124e+00  1.652735e+00   
   460   4.847496e+00  2.158360e+00   
   461   7.969479e+00  1.755767e+00   
   462   4.105300e+00  2.064250e+00   
   463   4.198893e+00  2.104862e+00   
   464   8.269700e+00  1.684700e+00   
   465   7.662172e+00  1.929021e+00   
   466   8.119110e+00  1.772755e+00   
   467   8.229311e+00  1.771367e+00   
   468   5.301036e+00  2.312506e+00   
   469   4.105300e+00  2.165780e+00   
   470   7.888701e+00  1.929100e+00   
   471   8.092875e+00  1.855469e+00   
   472   7.266430e+00  2.129224e+00   
   473   4.210743e+00  2.216545e+00   
   474   8.188922e+00  1.858033e+00   
   475   7.581394e+00  2.102354e+00   
   476   8.038332e+00  1.946088e+00   
   477   4.564136e+00  2.337938e+00   
   478   4.105300e+00  2.267310e+00   
   479   8.148533e+00  1.944700e+00   
   480   4.210743e+00  2.318075e+00   
   481   4.322935e+00  2.342861e+00   
   482   6.516268e+00  2.390554e+00   
   483   5.688441e+00  2.465003e+00   
   484   8.012098e+00  2.028802e+00   
   485   7.807923e+00  2.102434e+00   
   486   8.108144e+00  2.031367e+00   
   487   4.105300e+00  2.368840e+00   
   488   7.957554e+00  2.119421e+00   
   489   4.210743e+00  2.419605e+00   
   490   8.067756e+00  2.118033e+00   
   491   7.008734e+00  2.426227e+00   
   492   4.894196e+00  2.565371e+00   
   493   7.917166e+00  2.206088e+00   
   494   4.105300e+00  2.470370e+00   
   495   7.763912e+00  2.276416e+00   
   496   6.165125e+00  2.614226e+00   
   497   8.027367e+00  2.204700e+00   
   498   4.199076e+00  2.530393e+00   
   499   7.608263e+00  2.371759e+00   
   500   7.876777e+00  2.292755e+00   
   501   4.335548e+00  2.573614e+00   
   502   7.986978e+00  2.291367e+00   
   503   4.105300e+00  2.571900e+00   
   504   4.581831e+00  2.665879e+00   
   505   7.310156e+00  2.520000e+00   
   506   7.836388e+00  2.379421e+00   
   507   4.211535e+00  2.620488e+00   
   508   7.946589e+00  2.378033e+00   
   509   7.719473e+00  2.480100e+00   
   510   5.326195e+00  2.806704e+00   
   511   4.107300e+00  2.673230e+00   
   512   4.213535e+00  2.721818e+00   
   513   7.906200e+00  2.464700e+00   
   514   7.198000e+00  2.678867e+00   
   515   7.563554e+00  2.592167e+00   
   516   7.850122e+00  2.544133e+00   
   517   7.683511e+00  2.605044e+00   
   518   4.364226e+00  2.818779e+00   
   519   4.109300e+00  2.774560e+00   
   520   4.215535e+00  2.823148e+00   
   521   5.796368e+00  2.951144e+00   
   522   7.424683e+00  2.719876e+00   
   523   7.794044e+00  2.623567e+00   
   524   7.627433e+00  2.684478e+00   
   525   6.488701e+00  2.919034e+00   
   526   5.034616e+00  2.992455e+00   
   527   4.111300e+00  2.875890e+00   
   528   4.586771e+00  2.953038e+00   
   529   7.737967e+00  2.703000e+00   
   530   7.571356e+00  2.763911e+00   
   531   4.217535e+00  2.924478e+00   
   532   6.941522e+00  2.942727e+00   
   533   7.312527e+00  2.878742e+00   
   534   7.681889e+00  2.782433e+00   
   535   7.530157e+00  2.841946e+00   
   536   4.113300e+00  2.977220e+00   
   537   7.625811e+00  2.861867e+00   
   538   4.207908e+00  3.036174e+00   
   539   7.459200e+00  2.922778e+00   
   540   4.371871e+00  3.073486e+00   
   541   6.775360e+00  3.089634e+00   
   542   7.178062e+00  3.027738e+00   
   543   7.569733e+00  2.941300e+00   
   544   4.115300e+00  3.078550e+00   
   545   7.403122e+00  3.002211e+00   
   546   4.221535e+00  3.127138e+00   
   547   5.417118e+00  3.264347e+00   
   548   7.513656e+00  3.020733e+00   
   549   7.327483e+00  3.091005e+00   
   550   6.116057e+00  3.273697e+00   
   551   6.620978e+00  3.225270e+00   
   552   4.117300e+00  3.179880e+00   
   553   6.998209e+00  3.187604e+00   
   554   7.457578e+00  3.100167e+00   
   555   4.236964e+00  3.229892e+00   
   556   7.215282e+00  3.201162e+00   
   557   7.401500e+00  3.179600e+00   
   558   4.119300e+00  3.281210e+00   
   559   6.466596e+00  3.360906e+00   
   560   6.843827e+00  3.323241e+00   
   561   7.138287e+00  3.284771e+00   
   562   7.324309e+00  3.247418e+00   
   563   4.213908e+00  3.340164e+00   
   564   4.377871e+00  3.377476e+00   
   565   7.076574e+00  3.342184e+00   
   566   7.247118e+00  3.315236e+00   
   567   4.121300e+00  3.382540e+00   
   568   5.791655e+00  3.523355e+00   
   569   6.983709e+00  3.404616e+00   
   570   6.689446e+00  3.458877e+00   
   571   4.227535e+00  3.431128e+00   
   572   4.570502e+00  3.483798e+00   
   573   7.169927e+00  3.383055e+00   
   574   4.895845e+00  3.541599e+00   
   575   6.906518e+00  3.472434e+00   
   576   7.092737e+00  3.450873e+00   
   577   4.123300e+00  3.483870e+00   
   578   7.015546e+00  3.518691e+00   
   579   6.175864e+00  3.627865e+00   
   580   6.535064e+00  3.594513e+00   
   581   6.829524e+00  3.556044e+00   
   582   4.239657e+00  3.566752e+00   
   583   5.567451e+00  3.694187e+00   
   584   6.752137e+00  3.608071e+00   
   585   6.938355e+00  3.586509e+00   
   586   4.125300e+00  3.585200e+00   
   587   6.861164e+00  3.654327e+00   
   588   6.675142e+00  3.691680e+00   
   589   4.413105e+00  3.710096e+00   
   590   4.150212e+00  3.679188e+00   
   591   4.639881e+00  3.750577e+00   
   592   4.260278e+00  3.700309e+00   
   593   6.783973e+00  3.722145e+00   
   594   6.613428e+00  3.749093e+00   
   595   5.867993e+00  3.856083e+00   
   596   6.520564e+00  3.811525e+00   
   597   6.706782e+00  3.789964e+00   
   598   6.333336e+00  3.838912e+00   
   599   5.053843e+00  3.859929e+00   
   600   4.175125e+00  3.773175e+00   
   601   4.285191e+00  3.794296e+00   
   602   6.629591e+00  3.857782e+00   
   603   6.446628e+00  3.888343e+00   
   604   6.120350e+00  3.947586e+00   
   605   6.369324e+00  3.933941e+00   
   606   4.200038e+00  3.867163e+00   
   607   6.552400e+00  3.925600e+00   
   608   4.446958e+00  3.920139e+00   
   609   4.301625e+00  3.900590e+00   
   610   6.289424e+00  3.994821e+00   
   611   5.640675e+00  4.027615e+00   
   612   6.472500e+00  3.986480e+00   
   613   4.739910e+00  4.008310e+00   
   614   4.224950e+00  3.961150e+00   
   615   4.335016e+00  3.982271e+00   
   616   6.209524e+00  4.055701e+00   
   617   6.392600e+00  4.047360e+00   
   618   5.918849e+00  4.088570e+00   
   619   6.129624e+00  4.116581e+00   
   620   6.312700e+00  4.108240e+00   
   621   4.249863e+00  4.055138e+00   
   622   5.236062e+00  4.148489e+00   
   623   4.359928e+00  4.076259e+00   
   624   6.232800e+00  4.169120e+00   
   625   4.501010e+00  4.138716e+00   
   626   6.051859e+00  4.193522e+00   
   627   5.026765e+00  4.200131e+00   
   628   4.274775e+00  4.149125e+00   
   629   4.384841e+00  4.170246e+00   
   630   6.152900e+00  4.230000e+00   
   631   5.984919e+00  4.241578e+00   
   632   5.707659e+00  4.286339e+00   
   633   5.889924e+00  4.299221e+00   
   634   6.073000e+00  4.290880e+00   
   635   4.641897e+00  4.271837e+00   
   636   5.455590e+00  4.330278e+00   
   637   4.299688e+00  4.243113e+00   
   638   4.409754e+00  4.264234e+00   
   639   5.993100e+00  4.351760e+00   
   640   5.810024e+00  4.360101e+00   
   641   4.811987e+00  4.334733e+00   
   642   4.512235e+00  4.328445e+00   
   643   5.216088e+00  4.388582e+00   
   644   5.913200e+00  4.412640e+00   
   645   4.324600e+00  4.337100e+00   
   646   5.730124e+00  4.420981e+00   
   647   4.599492e+00  4.383087e+00   
   648   5.575983e+00  4.462935e+00   
   649   4.411857e+00  4.391743e+00   
   650   5.013763e+00  4.458049e+00   
   651   5.833300e+00  4.473520e+00   
   652   4.686749e+00  4.437730e+00   
   653   5.473733e+00  4.486085e+00   
   654   4.499114e+00  4.446386e+00   
   655   5.371483e+00  4.509235e+00   
   656   4.758903e+00  4.497093e+00   
   657   5.753400e+00  4.534400e+00   
   658   5.269233e+00  4.532385e+00   
   659   4.586372e+00  4.501029e+00   
   660   5.651150e+00  4.557550e+00   
   661   5.166983e+00  4.555535e+00   
   662   4.861263e+00  4.547016e+00   
   663   5.548900e+00  4.580700e+00   
   664   5.064733e+00  4.578685e+00   
   665   4.673629e+00  4.555672e+00   
   666   5.446650e+00  4.603850e+00   
   667   4.948520e+00  4.601659e+00   
   668   5.344400e+00  4.627000e+00   
   669   4.760886e+00  4.610314e+00   
   670   5.242150e+00  4.650150e+00   
   671   5.139900e+00  4.673300e+00   
   672   4.848143e+00  4.664957e+00   
   673   5.037650e+00  4.696450e+00   
   674   4.935400e+00  4.719600e+00   
  END_COORDINATES
  BOUNDARIES, ELEMENT
    1         155     149         1     
    2         149     143         2     
    3         157     155         3     
    4         172     167         4     
    5         167     164         5     
    6         164     157         6     
    7         179     172         12     
    8         47     44         18     
    9         39     36         19     
    10         36     32         20     
    11         29     25         21     
    12         50     47         22     
    13         44     39         23     
    14         32     29         24     
    15         143     137         25     
    16         183     179         28     
    17         21     17         29     
    18         17     14         30     
    19         14     11         31     
    20         464     467         34     
    21         486     490         35     
    22         508     513         36     
    23         88     86         37     
    24         474     479         38     
    25         497     502         39     
    26         92     90         40     
    27         84     82         41     
    28         467     474         42     
    29         490     497         43     
    30         97     92         44     
    31         86     84         45     
    32         479     486         46     
    33         502     508         47     
    34         90     88         48     
    35         81     68         49     
    36         82     81         49     
    37         398     404         50     
    38         423     429         51     
    39         445     452         52     
    40         408     417         53     
    41         436     439         54     
    42         457     464         55     
    43         404     408         56     
    44         429     436         57     
    45         452     457         58     
    46         417     423         59     
    47         439     445         60     
    48         330     334         61     
    49         354     360         62     
    50         379     386         63     
    51         342     347         64     
    52         366     371         65     
    53         392     398         66     
    54         334     342         67     
    55         360     366         68     
    56         386     392         69     
    57         347     354         70     
    58         371     379         71     
    59         188     183         72     
    60         513     516         73     
    61         554     557         74     
    62         590     586         75     
    63         534     537         76     
    64         621     614         77     
    65         523     529         78     
    66         543     548         79     
    67         637     628         80     
    68         606     600         81     
    69         516     523         82     
    70         537     543         83     
    71         645     637         84     
    72         614     606         85     
    73         529     534         86     
    74         548     554         87     
    75         628     621         88     
    76         600     590         89     
    77         216     210         90     
    78         204     199         91     
    79         194     188         92     
    80         210     204         93     
    81         199     194         94     
    82         96     101         95     
    83         118     126         96     
    84         145     152         97     
    85         177     184         98     
    86         106     113         99     
    87         132     139         100     
    88         162     169         101     
    89         101     106         102     
    90         126     132         103     
    91         152     162         104     
    92         113     118         105     
    93         139     145         106     
    94         169     177         107     
    95         24     30         108     
    96         78     83         109     
    97         83     89         109     
    98         258     265         119     
    99         287     294         120     
    100         315     322         121     
    101         272     278         122     
    102         302     308         123     
    103         265     272         124     
    104         294     302         125     
    105         322     330         126     
    106         278     287         127     
    107         308     315         128     
    108         184     190         129     
    109         239     245         130     
    110         630     634         131     
    111         2     1         132     
    112         1     3         132     
    113         4     2         133     
    114         209     214         134     
    115         612     617         135     
    116         651     657         136     
    117         196     201         137     
    118         252     258         138     
    119         639     644         139     
    120         223     231         140     
    121         620     624         141     
    122         7     4         142     
    123         190     196         143     
    124         245     252         144     
    125         634     639         145     
    126         214     223         146     
    127         617     620         147     
    128         11     7         148     
    129         201     209         149     
    130         607     612         150     
    131         644     651         151     
    132         231     239         152     
    133         624     630         153     
    134         586     577         154     
    135         552     544         155     
    136         519     511         156     
    137         567     558         157     
    138         536     527         158     
    139         577     567         159     
    140         544     536         160     
    141         511     503         161     
    142         558     552         162     
    143         527     519         163     
    144         68     62         164     
    145         62     56         165     
    146         503     494         166     
    147         440     433         167     
    148         242     234         168     
    149         469     462         169     
    150         270     261         170     
    151         487     478         171     
    152         284     275         172     
    153         229     224         173     
    154         454     447         174     
    155         255     248         175     
    156         494     487         176     
    157         433     425         177     
    158         234     229         178     
    159         462     454         179     
    160         261     255         180     
    161         478     469         181     
    162         275     270         182     
    163         224     216         183     
    164         447     440         184     
    165         248     242         185     
    166         425     418         186     
    167         368     361         187     
    168         311     305         188     
    169         396     388         189     
    170         338     331         190     
    171         411     402         191     
    172         352     343         192     
    173         300     290         193     
    174         381     375         194     
    175         324     319         195     
    176         418     411         196     
    177         361     352         197     
    178         305     300         198     
    179         388     381         199     
    180         331     324         200     
    181         402     396         201     
    182         343     338         202     
    183         290     284         203     
    184         375     368         204     
    185         319     311         205     
    186         557     562         208     
    187         576     578         209     
    188         593     597         210     
    189         566     573         211     
    190         585     587         212     
    191         602     607         213     
    192         562     566         214     
    193         578     585         215     
    194         597     602         216     
    195         573     576         217     
    196         587     593         218     
    197         674     672         219     
    198         669     665         220     
    199         659     654         221     
    200         649     645         222     
    201         672     669         223     
    202         665     659         224     
    203         654     649         225     
    204         5     8         233     
    205         12     16         234     
    206         3     5         235     
    207         8     12         236     
    208         16     20         237     
    209         105     100         238     
    210         137     130         239     
    211         124     116         240     
    212         111     105         241     
    213         130     124         242     
    214         116     111         243     
    215         100     97         244     
    216         657     660         245     
    217         663     666         246     
    218         668     670         247     
    219         671     673         248     
    220         660     663         249     
    221         666     668         250     
    222         670     671         251     
    223         673     674         252     
    224         73     78         262     
    225         65     73         263     
    226         89     96         333     
    227         56     53         363     
    228         53     50         364     
    229         25     21         404     
    230         35     41         626     
    231         41     48         627     
    232         48     58         628     
    233         58     65         629     
    234         20     24         630     
    235         30     35         631     
  END_BOUNDARIES
  MATERIALS, NUMBER= 1, DEFAULT=1
  END_MATERIALS
  SUBDOMAINS
  END_SUBDOMAINS
  CHARACTERISTICS
  END_CHARACTERISTICS
