  NODES_PER_ELEMENT
   1 3
   2 3
   3 3
   4 3
   5 3
   6 3
   7 3
   8 3
   9 3
   10 3
   11 3
   12 3
   13 3
   14 3
   15 3
   16 3
   17 3
   18 3
   19 3
   20 3
   21 3
   22 3
   23 3
   24 3
   25 3
   26 3
   27 3
   28 3
   29 3
   30 3
   31 3
   32 3
   33 3
   34 3
   35 3
   36 3
   37 3
   38 3
   39 3
   40 3
   41 3
   42 3
   43 3
   44 3
   45 3
   46 3
   47 3
   48 3
   49 3
   50 3
   51 3
   52 3
   53 3
   54 3
   55 3
   56 3
   57 3
   58 3
   59 3
   60 3
   61 3
   62 3
   63 3
   64 3
   65 3
   66 3
   67 3
   68 3
   69 3
   70 3
   71 3
   72 3
   73 3
   74 3
   75 3
   76 3
   77 3
   78 3
   79 3
   80 3
   81 3
   82 3
   83 3
   84 3
   85 3
   86 3
   87 3
   88 3
   89 3
   90 3
   91 3
   92 3
   93 3
   94 3
   95 3
   96 3
   97 3
   98 3
   99 3
   100 3
   101 3
   102 3
   103 3
   104 3
   105 3
   106 3
   107 3
   108 3
   109 3
   110 3
   111 3
   112 3
   113 3
  END_NODES_PER_ELEMENT
  ELEMENTS
  1 68 66 64  
  2 7 12 8  
  3 62 67 61  
  4 20 13 17  
  5 6 3 4  
  6 64 66 59  
  7 68 65 70  
  8 58 54 52  
  9 8 12 14  
  10 7 8 2  
  11 61 67 69  
  12 62 61 55  
  13 17 13 9  
  14 20 17 23  
  15 59 66 63  
  16 59 63 58  
  17 64 59 57  
  18 4 3 1  
  19 6 9 13  
  20 52 54 46  
  21 58 52 59  
  22 14 12 19  
  23 14 19 21  
  24 21 19 30  
  25 14 21 18  
  26 8 14 11  
  27 18 21 26  
  28 14 18 11  
  29 11 18 16  
  30 16 18 25  
  31 11 16 10  
  32 25 18 26  
  33 25 26 32  
  34 32 26 33  
  35 25 32 28  
  36 16 25 24  
  37 10 16 15  
  38 11 10 5  
  39 33 26 30  
  40 32 33 39  
  41 28 32 36  
  42 25 28 24  
  43 24 28 29  
  44 29 28 34  
  45 24 29 22  
  46 34 28 36  
  47 34 36 43  
  48 43 36 44  
  49 34 43 42  
  50 29 34 37  
  51 22 29 31  
  52 24 22 15  
  53 15 22 17  
  54 44 36 39  
  55 44 39 47  
  56 43 44 49  
  57 42 43 51  
  58 34 42 37  
  59 37 42 46  
  60 47 39 41  
  61 44 47 53  
  62 55 61 53  
  63 62 55 56  
  64 56 55 50  
  65 50 55 47  
  66 56 50 48  
  67 48 50 41  
  68 57 59 51  
  69 15 16 24  
  70 5 10 4  
  71 64 57 60  
  72 10 15 9  
  73 11 5 8  
  74 8 5 2  
  75 23 17 22  
  76 39 33 41  
  77 36 32 39  
  78 20 23 27  
  79 27 23 31  
  80 29 37 31  
  81 22 31 23  
  82 49 44 53  
  83 49 53 60  
  84 43 49 51  
  85 42 51 52  
  86 52 51 59  
  87 46 54 45  
  88 52 46 42  
  89 26 21 30  
  90 47 41 50  
  91 47 55 53  
  92 60 57 49  
  93 64 60 65  
  94 9 15 17  
  95 9 6 4  
  96 10 9 4  
  97 65 60 61  
  98 64 65 68  
  99 70 65 69  
  100 48 41 40  
  101 46 45 38  
  102 38 45 35  
  103 46 38 37  
  104 37 38 31  
  105 31 38 35  
  106 40 41 33  
  107 35 27 31  
  108 49 57 51  
  109 2 5 4  
  110 1 2 4  
  111 61 60 53  
  112 40 33 30  
  113 69 65 61  
  END_ELEMENTS  
  COORDINATES  
   1   5.576271e+00  3.307042e+00   
   2   4.919072e+00  2.989899e+00   
   3   6.300682e+00  3.151515e+00   
   4   5.884504e+00  2.600581e+00   
   5   5.376862e+00  2.164000e+00   
   6   6.770405e+00  2.828283e+00   
   7   4.565617e+00  2.505051e+00   
   8   4.867556e+00  2.129180e+00   
   9   6.473395e+00  2.103409e+00   
   10   5.827455e+00  1.818659e+00   
   11   5.288579e+00  1.572720e+00   
   12   4.363482e+00  2.020202e+00   
   13   7.197551e+00  2.343434e+00   
   14   4.691725e+00  1.523209e+00   
   15   6.287920e+00  1.390026e+00   
   16   5.718685e+00  1.207331e+00   
   17   6.872534e+00  1.639467e+00   
   18   5.157009e+00  1.152377e+00   
   19   4.200051e+00  1.373737e+00   
   20   7.489057e+00  1.858586e+00   
   21   4.640198e+00  1.035556e+00   
   22   6.691312e+00  1.011043e+00   
   23   7.194622e+00  1.267402e+00   
   24   6.082169e+00  7.326886e-01   
   25   5.488444e+00  6.627081e-01   
   26   5.052602e+00  5.628003e-01   
   27   7.743526e+00  1.212121e+00   
   28   5.948662e+00  2.909608e-01   
   29   6.512809e+00  3.614932e-01   
   30   4.099601e+00  5.656566e-01   
   31   7.176683e+00  6.157943e-01   
   32   5.386623e+00  1.062754e-01   
   33   4.728977e+00 -1.255668e-02   
   34   6.295198e+00 -1.893741e-01   
   35   7.879991e+00  5.656566e-01   
   36   5.829854e+00 -2.950288e-01   
   37   6.887278e+00 -1.048496e-01   
   38   7.360679e+00  8.677864e-03   
   39   5.162443e+00 -4.480191e-01   
   40   4.083772e+00 -2.424242e-01   
   41   4.588818e+00 -6.196290e-01   
   42   6.744888e+00 -5.760403e-01   
   43   6.177575e+00 -7.489201e-01   
   44   5.591229e+00 -8.379744e-01   
   45   7.911190e+00 -2.424242e-01   
   46   7.401169e+00 -5.950403e-01   
   47   5.027232e+00 -1.027414e+00   
   48   4.148615e+00 -1.050505e+00   
   49   5.962427e+00 -1.307171e+00   
   50   4.636977e+00 -1.249495e+00   
   51   6.555287e+00 -1.252440e+00   
   52   7.169498e+00 -1.155991e+00   
   53   5.391052e+00 -1.567118e+00   
   54   7.789260e+00 -1.050505e+00   
   55   4.829461e+00 -1.677459e+00   
   56   4.270535e+00 -1.696970e+00   
   57   6.341477e+00 -1.820530e+00   
   58   7.610169e+00 -1.595424e+00   
   59   6.916217e+00 -1.866497e+00   
   60   5.866374e+00 -2.047091e+00   
   61   5.218162e+00 -2.383196e+00   
   62   4.488417e+00 -2.343434e+00   
   63   7.307473e+00 -2.181818e+00   
   64   6.416420e+00 -2.446029e+00   
   65   5.868706e+00 -2.758505e+00   
   66   6.936144e+00 -2.666667e+00   
   67   4.773956e+00 -2.828283e+00   
   68   6.568074e+00 -2.989899e+00   
   69   5.237288e+00 -3.212419e+00   
   70   5.915254e+00 -3.288971e+00   
  END_COORDINATES
  BOUNDARIES, ELEMENT
    1         68     66         1     
    2         7     12         2     
    3         62     67         3     
    4         20     13         4     
    5         6     3         5     
    6         70     68         7     
    7         58     54         8     
    8         2     7         10     
    9         67     69         11     
    10         66     63         15     
    11         63     58         16     
    12         3     1         18     
    13         13     6         19     
    14         12     19         22     
    15         19     30         24     
    16         56     62         63     
    17         48     56         66     
    18         27     20         78     
    19         54     45         87     
    20         69     70         99     
    21         40     48         100     
    22         45     35         102     
    23         35     27         107     
    24         1     2         110     
    25         30     40         112     
  END_BOUNDARIES
  MATERIALS, NUMBER= 1, DEFAULT=1
  END_MATERIALS
  SUBDOMAINS
  END_SUBDOMAINS
  CHARACTERISTICS
  END_CHARACTERISTICS
