  NODES_PER_ELEMENT
   1 3
   2 3
   3 3
   4 3
   5 3
   6 3
   7 3
   8 3
   9 3
   10 3
   11 3
   12 3
   13 3
   14 3
   15 3
   16 3
   17 3
   18 3
   19 3
   20 3
   21 3
   22 3
   23 3
   24 3
   25 3
   26 3
   27 3
   28 3
   29 3
   30 3
   31 3
   32 3
   33 3
   34 3
   35 3
   36 3
   37 3
   38 3
   39 3
   40 3
   41 3
   42 3
   43 3
   44 3
   45 3
   46 3
   47 3
   48 3
   49 3
   50 3
   51 3
   52 3
   53 3
   54 3
   55 3
   56 3
   57 3
   58 3
   59 3
   60 3
   61 3
   62 3
   63 3
   64 3
   65 3
   66 3
   67 3
   68 3
   69 3
   70 3
   71 3
   72 3
   73 3
   74 3
   75 3
   76 3
   77 3
   78 3
   79 3
   80 3
   81 3
   82 3
   83 3
   84 3
   85 3
   86 3
   87 3
   88 3
   89 3
   90 3
   91 3
   92 3
   93 3
   94 3
   95 3
   96 3
   97 3
   98 3
   99 3
   100 3
   101 3
   102 3
   103 3
   104 3
   105 3
   106 3
   107 3
   108 3
   109 3
   110 3
   111 3
   112 3
   113 3
   114 3
   115 3
   116 3
   117 3
   118 3
   119 3
   120 3
   121 3
   122 3
   123 3
   124 3
   125 3
   126 3
   127 3
   128 3
   129 3
   130 3
   131 3
   132 3
   133 3
   134 3
   135 3
   136 3
   137 3
   138 3
   139 3
   140 3
   141 3
   142 3
   143 3
   144 3
   145 3
   146 3
   147 3
   148 3
   149 3
   150 3
   151 3
   152 3
   153 3
   154 3
   155 3
   156 3
   157 3
   158 3
   159 3
   160 3
   161 3
   162 3
   163 3
   164 3
   165 3
   166 3
   167 3
   168 3
   169 3
   170 3
   171 3
   172 3
   173 3
   174 3
   175 3
   176 3
   177 3
   178 3
   179 3
   180 3
   181 3
   182 3
   183 3
   184 3
   185 3
   186 3
   187 3
   188 3
   189 3
   190 3
   191 3
   192 3
   193 3
   194 3
   195 3
   196 3
   197 3
   198 3
   199 3
   200 3
   201 3
   202 3
   203 3
   204 3
   205 3
   206 3
   207 3
   208 3
   209 3
   210 3
   211 3
   212 3
   213 3
   214 3
   215 3
   216 3
   217 3
   218 3
   219 3
   220 3
   221 3
   222 3
   223 3
   224 3
   225 3
   226 3
   227 3
   228 3
   229 3
   230 3
   231 3
   232 3
   233 3
   234 3
   235 3
   236 3
   237 3
   238 3
   239 3
   240 3
   241 3
   242 3
   243 3
   244 3
   245 3
   246 3
   247 3
   248 3
   249 3
   250 3
   251 3
   252 3
   253 3
   254 3
   255 3
   256 3
   257 3
   258 3
   259 3
   260 3
   261 3
   262 3
   263 3
   264 3
   265 3
   266 3
   267 3
   268 3
   269 3
   270 3
   271 3
   272 3
   273 3
   274 3
   275 3
   276 3
   277 3
   278 3
   279 3
   280 3
   281 3
   282 3
   283 3
   284 3
   285 3
   286 3
   287 3
   288 3
   289 3
   290 3
   291 3
   292 3
   293 3
   294 3
   295 3
   296 3
   297 3
   298 3
   299 3
   300 3
   301 3
   302 3
   303 3
   304 3
   305 3
   306 3
   307 3
   308 3
   309 3
   310 3
   311 3
   312 3
   313 3
   314 3
   315 3
   316 3
   317 3
   318 3
   319 3
   320 3
   321 3
   322 3
   323 3
   324 3
   325 3
   326 3
   327 3
   328 3
   329 3
   330 3
   331 3
   332 3
   333 3
   334 3
   335 3
   336 3
   337 3
   338 3
   339 3
   340 3
   341 3
   342 3
   343 3
   344 3
   345 3
   346 3
   347 3
   348 3
   349 3
   350 3
   351 3
   352 3
   353 3
   354 3
   355 3
   356 3
   357 3
   358 3
   359 3
   360 3
   361 3
   362 3
   363 3
   364 3
   365 3
   366 3
   367 3
   368 3
   369 3
   370 3
   371 3
   372 3
   373 3
   374 3
   375 3
   376 3
   377 3
   378 3
   379 3
   380 3
   381 3
   382 3
   383 3
   384 3
   385 3
   386 3
   387 3
   388 3
   389 3
   390 3
   391 3
   392 3
   393 3
   394 3
   395 3
   396 3
   397 3
   398 3
   399 3
   400 3
   401 3
   402 3
   403 3
   404 3
   405 3
   406 3
   407 3
   408 3
   409 3
   410 3
   411 3
   412 3
   413 3
   414 3
   415 3
   416 3
   417 3
   418 3
   419 3
   420 3
   421 3
   422 3
   423 3
   424 3
   425 3
   426 3
   427 3
   428 3
   429 3
   430 3
   431 3
   432 3
   433 3
   434 3
   435 3
   436 3
   437 3
   438 3
   439 3
   440 3
   441 3
   442 3
   443 3
   444 3
   445 3
   446 3
   447 3
   448 3
   449 3
   450 3
   451 3
   452 3
   453 3
   454 3
   455 3
   456 3
   457 3
   458 3
   459 3
   460 3
   461 3
   462 3
   463 3
   464 3
   465 3
   466 3
   467 3
   468 3
   469 3
   470 3
   471 3
   472 3
   473 3
   474 3
   475 3
   476 3
   477 3
   478 3
   479 3
   480 3
   481 3
   482 3
   483 3
   484 3
   485 3
   486 3
   487 3
   488 3
   489 3
   490 3
   491 3
   492 3
   493 3
   494 3
   495 3
   496 3
   497 3
   498 3
   499 3
   500 3
   501 3
   502 3
   503 3
   504 3
   505 3
   506 3
   507 3
   508 3
   509 3
   510 3
   511 3
   512 3
   513 3
   514 3
   515 3
   516 3
   517 3
   518 3
   519 3
   520 3
   521 3
   522 3
   523 3
   524 3
   525 3
   526 3
   527 3
   528 3
   529 3
   530 3
   531 3
   532 3
   533 3
   534 3
   535 3
   536 3
   537 3
   538 3
   539 3
   540 3
   541 3
   542 3
   543 3
   544 3
   545 3
   546 3
   547 3
   548 3
   549 3
   550 3
   551 3
   552 3
   553 3
   554 3
   555 3
   556 3
   557 3
   558 3
   559 3
   560 3
   561 3
   562 3
   563 3
   564 3
   565 3
   566 3
   567 3
   568 3
   569 3
   570 3
   571 3
   572 3
   573 3
   574 3
   575 3
   576 3
   577 3
   578 3
   579 3
   580 3
   581 3
   582 3
   583 3
   584 3
   585 3
   586 3
   587 3
   588 3
   589 3
   590 3
   591 3
   592 3
   593 3
   594 3
   595 3
   596 3
   597 3
   598 3
   599 3
   600 3
   601 3
   602 3
   603 3
   604 3
   605 3
   606 3
   607 3
   608 3
   609 3
   610 3
   611 3
   612 3
   613 3
   614 3
   615 3
   616 3
   617 3
   618 3
   619 3
   620 3
   621 3
   622 3
   623 3
   624 3
   625 3
   626 3
   627 3
   628 3
   629 3
   630 3
   631 3
   632 3
   633 3
   634 3
   635 3
   636 3
   637 3
   638 3
   639 3
   640 3
   641 3
   642 3
   643 3
   644 3
   645 3
   646 3
   647 3
   648 3
   649 3
   650 3
   651 3
   652 3
   653 3
   654 3
   655 3
   656 3
   657 3
   658 3
   659 3
   660 3
   661 3
   662 3
   663 3
   664 3
   665 3
   666 3
   667 3
   668 3
   669 3
   670 3
   671 3
   672 3
   673 3
   674 3
   675 3
   676 3
   677 3
   678 3
   679 3
   680 3
   681 3
   682 3
   683 3
   684 3
   685 3
   686 3
   687 3
   688 3
   689 3
   690 3
   691 3
   692 3
   693 3
   694 3
   695 3
   696 3
   697 3
   698 3
   699 3
   700 3
   701 3
   702 3
   703 3
   704 3
   705 3
   706 3
   707 3
   708 3
   709 3
   710 3
   711 3
   712 3
   713 3
   714 3
   715 3
   716 3
   717 3
   718 3
   719 3
   720 3
   721 3
   722 3
   723 3
   724 3
   725 3
   726 3
   727 3
   728 3
   729 3
   730 3
   731 3
   732 3
   733 3
   734 3
   735 3
   736 3
   737 3
   738 3
   739 3
   740 3
   741 3
   742 3
   743 3
   744 3
   745 3
   746 3
   747 3
   748 3
   749 3
   750 3
   751 3
   752 3
   753 3
   754 3
   755 3
   756 3
   757 3
   758 3
   759 3
   760 3
   761 3
   762 3
   763 3
   764 3
   765 3
   766 3
   767 3
   768 3
   769 3
   770 3
   771 3
   772 3
   773 3
   774 3
   775 3
   776 3
   777 3
   778 3
   779 3
   780 3
   781 3
   782 3
   783 3
   784 3
   785 3
   786 3
   787 3
   788 3
   789 3
   790 3
   791 3
   792 3
   793 3
   794 3
   795 3
   796 3
   797 3
   798 3
   799 3
   800 3
   801 3
   802 3
   803 3
   804 3
   805 3
   806 3
   807 3
   808 3
   809 3
   810 3
   811 3
   812 3
   813 3
   814 3
   815 3
   816 3
   817 3
   818 3
   819 3
   820 3
   821 3
   822 3
   823 3
   824 3
   825 3
   826 3
   827 3
   828 3
   829 3
   830 3
   831 3
   832 3
   833 3
   834 3
   835 3
   836 3
   837 3
   838 3
   839 3
   840 3
   841 3
   842 3
   843 3
   844 3
   845 3
   846 3
   847 3
   848 3
   849 3
   850 3
   851 3
   852 3
   853 3
   854 3
   855 3
   856 3
   857 3
   858 3
   859 3
   860 3
   861 3
   862 3
   863 3
   864 3
   865 3
   866 3
   867 3
   868 3
   869 3
   870 3
   871 3
   872 3
   873 3
   874 3
   875 3
   876 3
   877 3
   878 3
   879 3
   880 3
   881 3
   882 3
   883 3
   884 3
   885 3
   886 3
   887 3
   888 3
   889 3
   890 3
   891 3
   892 3
   893 3
   894 3
   895 3
   896 3
   897 3
   898 3
   899 3
   900 3
   901 3
   902 3
   903 3
   904 3
   905 3
   906 3
   907 3
   908 3
   909 3
   910 3
   911 3
   912 3
   913 3
   914 3
   915 3
   916 3
   917 3
   918 3
   919 3
   920 3
   921 3
   922 3
   923 3
   924 3
   925 3
   926 3
   927 3
   928 3
   929 3
   930 3
   931 3
   932 3
   933 3
   934 3
   935 3
   936 3
   937 3
   938 3
   939 3
   940 3
   941 3
   942 3
   943 3
   944 3
   945 3
   946 3
   947 3
   948 3
   949 3
   950 3
   951 3
   952 3
   953 3
   954 3
   955 3
   956 3
   957 3
   958 3
   959 3
   960 3
   961 3
   962 3
   963 3
   964 3
   965 3
   966 3
   967 3
   968 3
   969 3
   970 3
   971 3
   972 3
   973 3
   974 3
   975 3
   976 3
   977 3
   978 3
   979 3
   980 3
   981 3
   982 3
   983 3
   984 3
   985 3
   986 3
   987 3
   988 3
   989 3
   990 3
   991 3
   992 3
   993 3
   994 3
   995 3
   996 3
   997 3
   998 3
   999 3
   1000 3
   1001 3
   1002 3
   1003 3
   1004 3
   1005 3
   1006 3
   1007 3
   1008 3
   1009 3
   1010 3
   1011 3
   1012 3
   1013 3
   1014 3
   1015 3
   1016 3
   1017 3
   1018 3
   1019 3
   1020 3
   1021 3
   1022 3
   1023 3
   1024 3
   1025 3
   1026 3
   1027 3
   1028 3
   1029 3
   1030 3
   1031 3
   1032 3
   1033 3
   1034 3
   1035 3
   1036 3
   1037 3
   1038 3
   1039 3
   1040 3
   1041 3
   1042 3
   1043 3
   1044 3
   1045 3
   1046 3
   1047 3
   1048 3
   1049 3
   1050 3
   1051 3
   1052 3
   1053 3
   1054 3
   1055 3
   1056 3
   1057 3
   1058 3
   1059 3
   1060 3
   1061 3
   1062 3
   1063 3
   1064 3
   1065 3
   1066 3
   1067 3
   1068 3
   1069 3
   1070 3
   1071 3
   1072 3
   1073 3
   1074 3
   1075 3
   1076 3
   1077 3
   1078 3
   1079 3
   1080 3
   1081 3
   1082 3
   1083 3
   1084 3
   1085 3
   1086 3
   1087 3
   1088 3
   1089 3
   1090 3
   1091 3
   1092 3
   1093 3
   1094 3
   1095 3
   1096 3
   1097 3
   1098 3
   1099 3
   1100 3
   1101 3
   1102 3
   1103 3
   1104 3
   1105 3
   1106 3
   1107 3
   1108 3
   1109 3
   1110 3
   1111 3
   1112 3
   1113 3
   1114 3
   1115 3
   1116 3
   1117 3
   1118 3
   1119 3
   1120 3
   1121 3
   1122 3
   1123 3
   1124 3
   1125 3
   1126 3
   1127 3
   1128 3
   1129 3
   1130 3
   1131 3
   1132 3
   1133 3
   1134 3
   1135 3
   1136 3
   1137 3
   1138 3
   1139 3
   1140 3
   1141 3
   1142 3
   1143 3
   1144 3
   1145 3
   1146 3
   1147 3
   1148 3
   1149 3
   1150 3
   1151 3
   1152 3
   1153 3
   1154 3
   1155 3
   1156 3
   1157 3
   1158 3
   1159 3
   1160 3
   1161 3
   1162 3
   1163 3
   1164 3
   1165 3
   1166 3
   1167 3
   1168 3
   1169 3
   1170 3
   1171 3
   1172 3
   1173 3
   1174 3
   1175 3
   1176 3
   1177 3
   1178 3
   1179 3
   1180 3
   1181 3
   1182 3
   1183 3
   1184 3
   1185 3
   1186 3
   1187 3
   1188 3
   1189 3
   1190 3
   1191 3
   1192 3
   1193 3
   1194 3
   1195 3
   1196 3
   1197 3
   1198 3
   1199 3
   1200 3
   1201 3
   1202 3
   1203 3
   1204 3
   1205 3
   1206 3
   1207 3
   1208 3
   1209 3
   1210 3
   1211 3
   1212 3
   1213 3
   1214 3
   1215 3
   1216 3
   1217 3
   1218 3
   1219 3
   1220 3
   1221 3
   1222 3
   1223 3
   1224 3
   1225 3
   1226 3
   1227 3
   1228 3
   1229 3
   1230 3
   1231 3
   1232 3
   1233 3
   1234 3
   1235 3
   1236 3
   1237 3
   1238 3
   1239 3
   1240 3
   1241 3
   1242 3
   1243 3
   1244 3
   1245 3
   1246 3
   1247 3
   1248 3
   1249 3
   1250 3
   1251 3
   1252 3
   1253 3
   1254 3
   1255 3
   1256 3
   1257 3
   1258 3
   1259 3
   1260 3
   1261 3
   1262 3
   1263 3
   1264 3
   1265 3
   1266 3
   1267 3
   1268 3
   1269 3
   1270 3
   1271 3
   1272 3
   1273 3
   1274 3
   1275 3
   1276 3
   1277 3
   1278 3
   1279 3
   1280 3
   1281 3
   1282 3
   1283 3
   1284 3
   1285 3
   1286 3
   1287 3
   1288 3
   1289 3
   1290 3
   1291 3
   1292 3
   1293 3
   1294 3
   1295 3
   1296 3
   1297 3
   1298 3
   1299 3
   1300 3
   1301 3
   1302 3
   1303 3
   1304 3
   1305 3
   1306 3
   1307 3
   1308 3
   1309 3
   1310 3
   1311 3
   1312 3
   1313 3
   1314 3
   1315 3
   1316 3
   1317 3
   1318 3
   1319 3
   1320 3
   1321 3
   1322 3
   1323 3
   1324 3
   1325 3
   1326 3
   1327 3
   1328 3
   1329 3
   1330 3
   1331 3
   1332 3
   1333 3
   1334 3
   1335 3
   1336 3
   1337 3
   1338 3
   1339 3
   1340 3
   1341 3
   1342 3
   1343 3
   1344 3
   1345 3
   1346 3
   1347 3
   1348 3
   1349 3
   1350 3
   1351 3
   1352 3
   1353 3
   1354 3
   1355 3
   1356 3
   1357 3
   1358 3
   1359 3
   1360 3
   1361 3
   1362 3
   1363 3
   1364 3
   1365 3
   1366 3
   1367 3
   1368 3
   1369 3
   1370 3
   1371 3
   1372 3
   1373 3
   1374 3
   1375 3
   1376 3
   1377 3
   1378 3
   1379 3
   1380 3
   1381 3
   1382 3
   1383 3
   1384 3
   1385 3
   1386 3
   1387 3
   1388 3
   1389 3
   1390 3
   1391 3
   1392 3
   1393 3
   1394 3
   1395 3
   1396 3
   1397 3
   1398 3
   1399 3
   1400 3
   1401 3
   1402 3
   1403 3
   1404 3
   1405 3
   1406 3
   1407 3
   1408 3
   1409 3
   1410 3
   1411 3
   1412 3
   1413 3
   1414 3
   1415 3
   1416 3
   1417 3
   1418 3
   1419 3
   1420 3
   1421 3
   1422 3
   1423 3
   1424 3
   1425 3
   1426 3
   1427 3
   1428 3
   1429 3
   1430 3
   1431 3
   1432 3
   1433 3
   1434 3
   1435 3
   1436 3
   1437 3
   1438 3
   1439 3
   1440 3
   1441 3
   1442 3
   1443 3
   1444 3
   1445 3
   1446 3
   1447 3
   1448 3
   1449 3
   1450 3
   1451 3
   1452 3
   1453 3
   1454 3
   1455 3
   1456 3
   1457 3
   1458 3
   1459 3
   1460 3
   1461 3
   1462 3
   1463 3
   1464 3
   1465 3
   1466 3
   1467 3
   1468 3
   1469 3
   1470 3
   1471 3
   1472 3
   1473 3
   1474 3
   1475 3
   1476 3
   1477 3
   1478 3
   1479 3
   1480 3
   1481 3
   1482 3
   1483 3
   1484 3
   1485 3
   1486 3
   1487 3
   1488 3
   1489 3
   1490 3
   1491 3
   1492 3
   1493 3
   1494 3
   1495 3
   1496 3
   1497 3
   1498 3
   1499 3
   1500 3
   1501 3
   1502 3
   1503 3
   1504 3
   1505 3
   1506 3
   1507 3
   1508 3
   1509 3
   1510 3
   1511 3
   1512 3
   1513 3
   1514 3
   1515 3
   1516 3
   1517 3
   1518 3
   1519 3
   1520 3
   1521 3
   1522 3
   1523 3
   1524 3
   1525 3
   1526 3
   1527 3
   1528 3
   1529 3
   1530 3
   1531 3
   1532 3
   1533 3
   1534 3
   1535 3
   1536 3
   1537 3
   1538 3
   1539 3
   1540 3
   1541 3
   1542 3
   1543 3
   1544 3
   1545 3
   1546 3
   1547 3
   1548 3
   1549 3
   1550 3
   1551 3
   1552 3
   1553 3
   1554 3
   1555 3
   1556 3
   1557 3
   1558 3
   1559 3
   1560 3
   1561 3
   1562 3
   1563 3
   1564 3
   1565 3
   1566 3
   1567 3
   1568 3
   1569 3
   1570 3
   1571 3
   1572 3
   1573 3
   1574 3
   1575 3
   1576 3
   1577 3
   1578 3
   1579 3
   1580 3
   1581 3
   1582 3
   1583 3
   1584 3
   1585 3
   1586 3
   1587 3
   1588 3
   1589 3
   1590 3
   1591 3
   1592 3
   1593 3
   1594 3
   1595 3
   1596 3
   1597 3
   1598 3
   1599 3
   1600 3
   1601 3
   1602 3
   1603 3
   1604 3
   1605 3
   1606 3
   1607 3
   1608 3
   1609 3
   1610 3
   1611 3
   1612 3
   1613 3
   1614 3
   1615 3
   1616 3
   1617 3
   1618 3
   1619 3
   1620 3
   1621 3
   1622 3
   1623 3
   1624 3
   1625 3
   1626 3
   1627 3
   1628 3
   1629 3
   1630 3
   1631 3
   1632 3
   1633 3
   1634 3
   1635 3
   1636 3
   1637 3
   1638 3
   1639 3
   1640 3
   1641 3
   1642 3
   1643 3
  END_NODES_PER_ELEMENT
  ELEMENTS
  1 147 143 144  
  2 144 143 135  
  3 147 144 156  
  4 144 135 140  
  5 140 135 129  
  6 144 140 150  
  7 36 33 41  
  8 28 25 30  
  9 25 21 26  
  10 18 14 16  
  11 39 36 45  
  12 33 28 35  
  13 21 18 20  
  14 129 135 124  
  15 129 124 122  
  16 140 129 138  
  17 150 140 138  
  18 144 150 156  
  19 156 150 162  
  20 13 19 15  
  21 62 68 77  
  22 30 25 26  
  23 28 30 35  
  24 16 14 12  
  25 18 16 20  
  26 41 33 35  
  27 26 21 20  
  28 45 36 41  
  29 39 45 50  
  30 30 26 34  
  31 20 16 22  
  32 45 41 53  
  33 35 30 40  
  34 41 35 47  
  35 138 129 122  
  36 26 20 27  
  37 87 80 79  
  38 124 116 122  
  39 107 99 102  
  40 93 87 85  
  41 116 107 111  
  42 99 93 94  
  43 80 78 71  
  44 59 62 77  
  45 14 10 12  
  46 15 19 23  
  47 13 15 11  
  48 122 116 111  
  49 16 12 17  
  50 50 45 58  
  51 39 50 43  
  52 79 80 71  
  53 87 79 85  
  54 111 107 102  
  55 102 99 94  
  56 94 93 85  
  57 71 78 66  
  58 162 150 159  
  59 12 10 8  
  60 122 111 121  
  61 79 71 60  
  62 94 85 86  
  63 85 79 75  
  64 111 102 110  
  65 102 94 97  
  66 173 162 159  
  67 24 32 29  
  68 32 37 42  
  69 51 59 65  
  70 9 13 11  
  71 19 24 23  
  72 37 46 49  
  73 46 51 56  
  74 10 7 8  
  75 9 11 8  
  76 23 24 29  
  77 15 23 17  
  78 11 15 17  
  79 17 23 22  
  80 17 22 16  
  81 34 26 27  
  82 34 27 38  
  83 40 30 34  
  84 40 34 48  
  85 20 22 27  
  86 27 22 31  
  87 35 40 47  
  88 47 48 60  
  89 53 41 47  
  90 53 47 60  
  91 45 53 58  
  92 58 53 66  
  93 58 66 72  
  94 72 66 78  
  95 17 12 11  
  96 11 12 8  
  97 50 58 70  
  98 71 66 53  
  99 150 138 159  
  100 7 5 4  
  101 65 59 77  
  102 51 65 56  
  103 29 32 42  
  104 42 37 49  
  105 49 46 56  
  106 63 52 69  
  107 52 43 55  
  108 138 122 132  
  109 23 29 31  
  110 29 42 44  
  111 132 122 121  
  112 132 121 134  
  113 138 132 151  
  114 56 65 73  
  115 42 49 54  
  116 49 56 64  
  117 187 173 171  
  118 60 71 53  
  119 75 79 60  
  120 75 60 61  
  121 110 102 97  
  122 110 97 104  
  123 97 94 86  
  124 97 86 90  
  125 85 75 86  
  126 86 75 76  
  127 111 110 121  
  128 121 110 118  
  129 72 70 58  
  130 173 159 171  
  131 159 138 151  
  132 159 151 171  
  133 4 5 2  
  134 7 4 8  
  135 9 8 6  
  136 70 69 55  
  137 55 69 52  
  138 55 43 50  
  139 55 50 70  
  140 151 132 134  
  141 8 4 6  
  142 6 4 3  
  143 889 887 883  
  144 887 884 880  
  145 884 881 875  
  146 881 878 871  
  147 134 121 118  
  148 134 118 133  
  149 238 220 223  
  150 220 204 205  
  151 204 187 186  
  152 184 203 194  
  153 225 244 232  
  154 266 286 274  
  155 203 225 214  
  156 244 266 254  
  157 286 309 297  
  158 38 27 31  
  159 38 31 44  
  160 34 38 48  
  161 48 38 57  
  162 40 48 47  
  163 31 22 23  
  164 796 805 783  
  165 815 823 803  
  166 834 842 824  
  167 805 815 794  
  168 823 834 814  
  169 842 851 835  
  170 187 171 186  
  171 186 171 172  
  172 44 42 54  
  173 44 54 67  
  174 29 44 31  
  175 73 65 83  
  176 64 56 73  
  177 90 86 76  
  178 54 49 64  
  179 61 60 48  
  180 61 48 57  
  181 76 75 61  
  182 97 90 104  
  183 110 104 118  
  184 57 38 44  
  185 64 73 81  
  186 76 61 57  
  187 90 76 82  
  188 54 64 74  
  189 104 90 98  
  190 133 118 117  
  191 134 133 154  
  192 118 104 117  
  193 172 171 151  
  194 186 172 190  
  195 878 867 871  
  196 867 855 859  
  197 855 843 845  
  198 843 826 828  
  199 883 887 880  
  200 883 880 874  
  201 880 884 875  
  202 880 875 869  
  203 875 881 871  
  204 875 871 864  
  205 874 880 869  
  206 874 869 862  
  207 883 874 879  
  208 875 864 869  
  209 869 864 857  
  210 862 869 857  
  211 862 857 849  
  212 874 862 868  
  213 857 864 847  
  214 849 857 840  
  215 889 883 888  
  216 864 871 859  
  217 862 849 854  
  218 223 220 205  
  219 223 205 207  
  220 232 244 254  
  221 232 254 245  
  222 297 309 321  
  223 223 207 227  
  224 232 245 222  
  225 214 225 232  
  226 214 232 222  
  227 214 222 200  
  228 207 205 190  
  229 207 190 191  
  230 190 205 186  
  231 191 190 175  
  232 207 191 210  
  233 186 205 204  
  234 194 203 214  
  235 194 214 200  
  236 194 200 181  
  237 181 200 192  
  238 194 181 164  
  239 274 286 297  
  240 274 297 287  
  241 287 297 313  
  242 274 287 262  
  243 254 266 274  
  244 254 274 262  
  245 254 262 245  
  246 245 262 256  
  247 256 262 278  
  248 245 256 234  
  249 238 223 242  
  250 184 194 164  
  251 200 222 212  
  252 783 805 794  
  253 783 794 773  
  254 824 842 835  
  255 824 835 817  
  256 814 834 824  
  257 814 824 804  
  258 773 794 784  
  259 817 835 827  
  260 804 824 817  
  261 804 817 795  
  262 795 817 808  
  263 804 795 781  
  264 803 823 814  
  265 803 814 793  
  266 793 814 804  
  267 793 804 781  
  268 793 781 772  
  269 803 793 784  
  270 784 793 772  
  271 784 772 761  
  272 803 784 794  
  273 761 772 750  
  274 784 761 773  
  275 773 761 753  
  276 803 794 815  
  277 753 761 739  
  278 773 753 767  
  279 835 851 844  
  280 796 783 777  
  281 783 773 767  
  282 783 767 777  
  283 777 767 758  
  284 758 767 744  
  285 777 758 780  
  286 67 54 74  
  287 44 67 57  
  288 772 781 760  
  289 83 65 77  
  290 83 77 91  
  291 73 83 89  
  292 739 761 750  
  293 739 750 728  
  294 728 750 741  
  295 739 728 716  
  296 753 739 730  
  297 81 73 89  
  298 64 81 74  
  299 98 90 82  
  300 104 98 117  
  301 82 76 57  
  302 175 190 172  
  303 175 172 154  
  304 191 175 176  
  305 210 191 196  
  306 207 210 227  
  307 227 210 231  
  308 192 200 212  
  309 192 212 202  
  310 234 256 247  
  311 716 728 705  
  312 278 262 287  
  313 278 287 302  
  314 302 287 313  
  315 278 302 293  
  316 302 313 327  
  317 327 313 337  
  318 302 327 317  
  319 741 750 760  
  320 741 760 754  
  321 754 760 775  
  322 741 754 731  
  323 181 192 170  
  324 245 234 222  
  325 222 234 212  
  326 739 716 730  
  327 730 716 707  
  328 707 716 693  
  329 730 707 722  
  330 256 278 271  
  331 728 741 718  
  332 133 117 128  
  333 154 133 153  
  334 134 154 151  
  335 293 302 317  
  336 693 716 705  
  337 693 705 682  
  338 682 705 694  
  339 693 682 668  
  340 722 707 698  
  341 293 317 307  
  342 278 293 271  
  343 271 293 284  
  344 284 293 307  
  345 284 307 300  
  346 271 284 261  
  347 300 307 325  
  348 284 300 277  
  349 707 693 683  
  350 730 722 744  
  351 859 855 845  
  352 859 845 847  
  353 845 843 828  
  354 845 828 831  
  355 828 826 810  
  356 750 772 760  
  357 845 831 847  
  358 867 859 871  
  359 831 828 811  
  360 202 212 226  
  361 694 705 718  
  362 694 718 708  
  363 668 682 657  
  364 261 284 277  
  365 261 277 255  
  366 255 277 272  
  367 261 255 239  
  368 192 202 183  
  369 682 694 669  
  370 693 668 683  
  371 683 668 658  
  372 658 668 644  
  373 683 658 674  
  374 271 261 247  
  375 247 261 239  
  376 247 239 226  
  377 226 239 218  
  378 218 239 237  
  379 226 218 202  
  380 879 874 868  
  381 879 868 876  
  382 847 864 859  
  383 854 849 839  
  384 775 760 781  
  385 775 781 795  
  386 775 795 787  
  387 876 868 863  
  388 868 862 854  
  389 868 854 863  
  390 863 854 850  
  391 850 854 839  
  392 850 839 833  
  393 833 839 820  
  394 850 833 841  
  395 863 850 856  
  396 840 857 847  
  397 840 847 836  
  398 836 847 831  
  399 836 831 818  
  400 818 831 811  
  401 836 818 821  
  402 821 818 802  
  403 836 821 840  
  404 818 811 799  
  405 231 210 216  
  406 731 754 740  
  407 883 879 888  
  408 754 775 766  
  409 849 840 832  
  410 227 231 248  
  411 741 731 718  
  412 718 731 708  
  413 708 731 723  
  414 879 876 886  
  415 325 307 332  
  416 277 300 294  
  417 658 644 634  
  418 683 674 698  
  419 698 674 687  
  420 300 325 318  
  421 644 668 657  
  422 644 657 633  
  423 633 657 645  
  424 644 633 620  
  425 674 658 650  
  426 321 309 333  
  427 321 333 345  
  428 345 333 357  
  429 345 357 363  
  430 321 345 337  
  431 337 345 363  
  432 363 357 382  
  433 363 382 392  
  434 321 337 313  
  435 392 382 406  
  436 363 392 378  
  437 392 406 420  
  438 321 313 297  
  439 420 406 432  
  440 420 432 456  
  441 392 420 401  
  442 378 392 401  
  443 378 401 386  
  444 363 350 337  
  445 242 223 227  
  446 242 227 248  
  447 242 248 264  
  448 787 795 808  
  449 633 645 621  
  450 242 264 259  
  451 259 264 282  
  452 242 259 238  
  453 282 264 283  
  454 283 264 269  
  455 282 283 305  
  456 327 337 350  
  457 775 787 766  
  458 766 787 778  
  459 778 787 800  
  460 766 778 757  
  461 644 620 634  
  462 634 620 609  
  463 609 620 595  
  464 634 609 624  
  465 620 633 608  
  466 264 248 269  
  467 269 248 250  
  468 250 248 231  
  469 250 231 236  
  470 269 250 273  
  471 236 231 216  
  472 250 236 258  
  473 236 216 224  
  474 224 216 201  
  475 236 224 246  
  476 273 250 258  
  477 273 258 281  
  478 281 258 268  
  479 273 281 296  
  480 269 273 292  
  481 258 236 246  
  482 258 246 268  
  483 268 246 253  
  484 253 246 230  
  485 268 253 276  
  486 317 327 342  
  487 645 657 669  
  488 645 669 659  
  489 212 234 226  
  490 283 269 292  
  491 283 292 308  
  492 308 292 315  
  493 283 308 305  
  494 305 308 329  
  495 315 292 296  
  496 315 296 320  
  497 296 292 273  
  498 320 296 301  
  499 315 320 339  
  500 301 296 281  
  501 301 281 288  
  502 288 281 268  
  503 288 268 276  
  504 288 276 299  
  505 301 288 312  
  506 299 276 289  
  507 288 299 312  
  508 312 299 323  
  509 323 299 310  
  510 312 323 336  
  511 301 312 322  
  512 310 299 289  
  513 310 289 298  
  514 298 289 275  
  515 310 298 324  
  516 323 310 335  
  517 336 323 348  
  518 312 336 322  
  519 322 336 344  
  520 344 336 361  
  521 322 344 320  
  522 320 301 322  
  523 320 344 339  
  524 315 339 331  
  525 308 315 331  
  526 308 331 329  
  527 329 331 354  
  528 361 336 348  
  529 361 348 372  
  530 372 348 360  
  531 361 372 385  
  532 344 361 373  
  533 289 276 265  
  534 298 275 290  
  535 310 324 335  
  536 335 324 349  
  537 349 324 340  
  538 335 349 360  
  539 275 289 265  
  540 275 265 252  
  541 252 265 240  
  542 275 252 267  
  543 324 298 316  
  544 360 348 335  
  545 372 360 384  
  546 385 372 395  
  547 361 385 373  
  548 373 385 397  
  549 397 385 410  
  550 373 397 389  
  551 224 201 209  
  552 252 240 229  
  553 410 385 395  
  554 410 395 421  
  555 421 395 409  
  556 410 421 433  
  557 240 265 253  
  558 240 253 230  
  559 267 252 243  
  560 389 397 415  
  561 401 420 422  
  562 246 224 230  
  563 230 224 209  
  564 397 410 423  
  565 201 216 196  
  566 201 196 182  
  567 182 196 176  
  568 201 182 189  
  569 275 267 290  
  570 290 267 279  
  571 279 267 257  
  572 290 279 303  
  573 373 389 364  
  574 723 731 740  
  575 723 740 734  
  576 734 740 757  
  577 723 734 711  
  578 734 757 748  
  579 711 734 727  
  580 723 711 699  
  581 748 757 769  
  582 734 748 727  
  583 595 620 608  
  584 595 608 583  
  585 583 608 597  
  586 595 583 571  
  587 624 609 599  
  588 340 324 316  
  589 340 316 328  
  590 328 316 303  
  591 340 328 353  
  592 708 723 699  
  593 708 699 685  
  594 685 699 675  
  595 708 685 694  
  596 675 699 689  
  597 685 675 659  
  598 694 685 669  
  599 669 685 659  
  600 609 595 584  
  601 634 624 650  
  602 650 624 638  
  603 349 340 362  
  604 827 835 844  
  605 827 844 837  
  606 378 366 350  
  607 597 608 621  
  608 597 621 610  
  609 827 837 819  
  610 796 777 780  
  611 780 745 765  
  612 257 267 243  
  613 257 243 235  
  614 235 243 221  
  615 257 235 249  
  616 353 328 343  
  617 808 817 827  
  618 808 827 819  
  619 808 819 800  
  620 433 421 446  
  621 571 583 558  
  622 303 279 295  
  623 837 844 853  
  624 421 409 434  
  625 583 597 572  
  626 844 851 858  
  627 844 858 853  
  628 853 858 865  
  629 853 865 860  
  630 860 865 872  
  631 853 860 846  
  632 860 872 866  
  633 866 872 877  
  634 860 866 852  
  635 866 877 873  
  636 846 860 852  
  637 853 846 837  
  638 837 846 829  
  639 829 846 838  
  640 837 829 819  
  641 819 829 809  
  642 809 829 822  
  643 819 809 800  
  644 800 809 790  
  645 838 846 852  
  646 838 852 848  
  647 848 852 861  
  648 838 848 830  
  649 829 838 822  
  650 822 838 830  
  651 822 830 816  
  652 816 830 825  
  653 822 816 809  
  654 790 809 798  
  655 800 790 778  
  656 825 830 841  
  657 825 841 833  
  658 825 833 812  
  659 812 833 820  
  660 812 820 801  
  661 825 812 806  
  662 801 820 813  
  663 812 801 792  
  664 816 825 806  
  665 816 806 798  
  666 798 806 785  
  667 816 798 809  
  668 806 812 792  
  669 785 806 792  
  670 785 792 774  
  671 774 792 788  
  672 785 774 762  
  673 798 785 771  
  674 788 792 801  
  675 788 801 797  
  676 797 801 813  
  677 797 813 802  
  678 788 797 776  
  679 774 788 763  
  680 762 774 751  
  681 785 762 771  
  682 771 762 752  
  683 752 762 738  
  684 771 752 769  
  685 776 797 786  
  686 788 776 763  
  687 763 776 756  
  688 756 776 768  
  689 763 756 742  
  690 738 762 751  
  691 738 751 729  
  692 729 751 742  
  693 738 729 717  
  694 729 742 720  
  695 742 751 763  
  696 752 738 727  
  697 717 729 706  
  698 738 717 727  
  699 768 776 786  
  700 768 786 779  
  701 779 786 799  
  702 779 799 782  
  703 768 779 759  
  704 782 799 811  
  705 779 782 759  
  706 756 768 746  
  707 742 756 732  
  708 861 852 866  
  709 861 866 873  
  710 861 873 870  
  711 870 873 885  
  712 861 870 856  
  713 856 870 863  
  714 848 861 856  
  715 830 848 841  
  716 841 848 856  
  717 841 856 850  
  718 768 759 746  
  719 746 759 736  
  720 736 759 755  
  721 746 736 724  
  722 755 759 782  
  723 736 755 726  
  724 724 736 713  
  725 746 724 732  
  726 732 724 709  
  727 813 820 832  
  728 813 832 821  
  729 720 742 732  
  730 720 732 709  
  731 720 709 696  
  732 729 720 706  
  733 709 724 701  
  734 873 877 882  
  735 798 771 790  
  736 696 709 686  
  737 720 696 706  
  738 706 696 681  
  739 681 696 671  
  740 706 681 691  
  741 279 257 270  
  742 340 353 362  
  743 362 353 377  
  744 377 353 368  
  745 362 377 387  
  746 386 401 411  
  747 410 433 423  
  748 423 433 448  
  749 448 433 460  
  750 423 448 438  
  751 595 571 584  
  752 584 571 559  
  753 559 571 544  
  754 584 559 576  
  755 409 395 384  
  756 409 384 398  
  757 290 303 316  
  758 89 83 96  
  759 249 235 228  
  760 362 387 371  
  761 584 576 599  
  762 599 576 589  
  763 687 674 662  
  764 751 774 763  
  765 423 438 415  
  766 415 438 428  
  767 802 818 799  
  768 786 797 802  
  769 786 802 799  
  770 448 460 474  
  771 221 243 229  
  772 221 229 208  
  773 377 368 391  
  774 559 544 533  
  775 753 730 744  
  776 753 744 767  
  777 758 744 733  
  778 733 744 722  
  779 733 722 710  
  780 758 733 745  
  781 710 722 698  
  782 710 698 687  
  783 733 710 725  
  784 710 687 702  
  785 725 710 702  
  786 725 702 715  
  787 733 725 745  
  788 745 725 737  
  789 737 725 715  
  790 737 715 735  
  791 745 737 765  
  792 715 702 692  
  793 758 745 780  
  794 702 687 678  
  795 692 702 678  
  796 692 678 670  
  797 670 678 654  
  798 692 670 688  
  799 715 692 712  
  800 257 249 270  
  801 270 249 263  
  802 263 249 241  
  803 270 263 285  
  804 460 433 446  
  805 460 446 471  
  806 471 446 459  
  807 460 471 485  
  808 368 353 343  
  809 368 343 358  
  810 358 343 334  
  811 368 358 383  
  812 544 571 558  
  813 544 558 532  
  814 532 558 546  
  815 544 532 520  
  816 821 802 813  
  817 438 448 464  
  818 235 221 213  
  819 387 377 402  
  820 576 559 549  
  821 176 175 153  
  822 241 249 228  
  823 241 228 219  
  824 219 228 206  
  825 241 219 233  
  826 334 343 319  
  827 170 192 183  
  828 170 183 163  
  829 285 263 280  
  830 247 256 271  
  831 201 189 209  
  832 209 189 198  
  833 198 189 179  
  834 209 198 217  
  835 546 558 572  
  836 546 572 560  
  837 800 787 808  
  838 459 446 434  
  839 459 434 449  
  840 196 191 176  
  841 757 778 769  
  842 769 778 790  
  843 383 358 375  
  844 272 277 294  
  845 272 294 291  
  846 291 294 314  
  847 272 291 260  
  848 756 746 732  
  849 705 728 718  
  850 276 253 265  
  851 520 532 508  
  852 239 255 237  
  853 237 255 251  
  854 251 255 272  
  855 251 272 260  
  856 237 251 233  
  857 251 260 233  
  858 485 471 496  
  859 645 659 635  
  860 358 334 352  
  861 181 170 160  
  862 717 706 691  
  863 234 247 226  
  864 263 241 260  
  865 532 546 521  
  866 471 459 486  
  867 210 196 216  
  868 766 757 740  
  869 368 383 391  
  870 391 383 408  
  871 408 383 399  
  872 391 408 416  
  873 270 285 295  
  874 295 285 311  
  875 544 520 533  
  876 533 520 509  
  877 509 520 494  
  878 533 509 523  
  879 189 182 169  
  880 460 485 474  
  881 474 485 499  
  882 499 485 514  
  883 474 499 489  
  884 128 117 113  
  885 820 839 832  
  886 724 713 701  
  887 701 713 690  
  888 690 713 704  
  889 701 690 676  
  890 704 713 726  
  891 704 726 719  
  892 690 704 680  
  893 701 676 686  
  894 704 719 695  
  895 676 690 665  
  896 719 726 747  
  897 533 523 549  
  898 549 523 535  
  899 707 683 698  
  900 726 755 747  
  901 198 179 185  
  902 206 228 213  
  903 206 213 193  
  904 179 189 169  
  905 179 169 158  
  906 158 169 149  
  907 179 158 166  
  908 474 489 464  
  909 464 489 478  
  910 828 810 811  
  911 811 810 782  
  912 638 624 613  
  913 391 416 402  
  914 402 416 426  
  915 153 133 128  
  916 331 339 355  
  917 409 398 424  
  918 499 514 526  
  919 610 621 635  
  920 635 621 645  
  921 610 635 626  
  922 626 635 651  
  923 610 626 601  
  924 688 670 666  
  925 209 217 230  
  926 307 317 332  
  927 332 317 342  
  928 332 342 356  
  929 356 342 366  
  930 332 356 346  
  931 366 342 350  
  932 356 366 380  
  933 346 356 370  
  934 332 346 325  
  935 325 346 341  
  936 341 346 365  
  937 325 341 318  
  938 318 341 338  
  939 338 341 359  
  940 318 338 314  
  941 365 346 370  
  942 365 370 388  
  943 388 370 394  
  944 365 388 379  
  945 341 365 359  
  946 359 365 379  
  947 359 379 374  
  948 374 379 396  
  949 359 374 351  
  950 396 379 404  
  951 374 396 393  
  952 351 374 369  
  953 359 351 338  
  954 338 351 330  
  955 330 351 347  
  956 338 330 314  
  957 314 330 306  
  958 306 330 326  
  959 314 306 291  
  960 291 306 280  
  961 347 351 369  
  962 347 369 367  
  963 367 369 390  
  964 347 367 352  
  965 352 367 375  
  966 375 367 390  
  967 330 347 326  
  968 326 347 352  
  969 390 369 393  
  970 390 393 413  
  971 413 393 417  
  972 390 413 407  
  973 388 394 412  
  974 394 370 380  
  975 394 380 405  
  976 405 380 386  
  977 394 405 418  
  978 379 388 404  
  979 404 388 412  
  980 404 412 429  
  981 306 326 304  
  982 418 405 430  
  983 394 418 412  
  984 412 418 436  
  985 436 418 443  
  986 412 436 429  
  987 429 436 452  
  988 443 418 430  
  989 443 430 455  
  990 455 430 439  
  991 443 455 467  
  992 436 443 461  
  993 452 436 461  
  994 429 452 445  
  995 439 430 411  
  996 455 439 465  
  997 467 455 480  
  998 443 467 461  
  999 461 467 487  
  1000 487 467 492  
  1001 461 487 476  
  1002 492 467 480  
  1003 492 480 505  
  1004 505 480 490  
  1005 492 505 518  
  1006 487 492 512  
  1007 476 487 503  
  1008 461 476 452  
  1009 452 476 469  
  1010 469 476 493  
  1011 452 469 445  
  1012 490 480 465  
  1013 490 465 481  
  1014 505 490 511  
  1015 518 505 530  
  1016 492 518 512  
  1017 512 518 536  
  1018 536 518 542  
  1019 512 536 528  
  1020 417 393 396  
  1021 542 518 530  
  1022 542 530 557  
  1023 557 530 554  
  1024 557 554 577  
  1025 557 577 570  
  1026 570 577 594  
  1027 557 570 542  
  1028 512 528 503  
  1029 503 528 519  
  1030 407 413 431  
  1031 536 542 561  
  1032 413 417 435  
  1033 390 407 375  
  1034 404 429 419  
  1035 528 536 553  
  1036 369 374 393  
  1037 493 476 503  
  1038 493 503 519  
  1039 493 519 515  
  1040 515 519 539  
  1041 493 515 488  
  1042 396 404 419  
  1043 396 419 417  
  1044 417 419 441  
  1045 441 419 445  
  1046 441 445 466  
  1047 466 445 469  
  1048 466 469 488  
  1049 488 469 493  
  1050 466 488 482  
  1051 441 466 458  
  1052 482 488 507  
  1053 466 482 458  
  1054 458 482 477  
  1055 477 482 502  
  1056 458 477 453  
  1057 441 458 435  
  1058 435 458 453  
  1059 435 453 431  
  1060 507 488 515  
  1061 507 515 535  
  1062 482 507 502  
  1063 502 507 523  
  1064 502 523 509  
  1065 502 509 477  
  1066 417 441 435  
  1067 453 477 470  
  1068 748 769 752  
  1069 748 752 727  
  1070 233 219 211  
  1071 348 323 335  
  1072 736 726 713  
  1073 509 494 477  
  1074 711 727 703  
  1075 398 384 371  
  1076 514 485 496  
  1077 514 496 522  
  1078 522 496 513  
  1079 514 522 537  
  1080 513 496 486  
  1081 513 486 500  
  1082 522 513 538  
  1083 537 522 548  
  1084 514 537 526  
  1085 526 537 551  
  1086 551 537 563  
  1087 526 551 540  
  1088 650 638 662  
  1089 650 662 674  
  1090 662 638 654  
  1091 670 654 646  
  1092 217 198 208  
  1093 219 206 199  
  1094 408 399 427  
  1095 218 237 215  
  1096 654 678 662  
  1097 494 520 508  
  1098 494 508 483  
  1099 483 508 495  
  1100 494 483 470  
  1101 494 470 477  
  1102 495 508 521  
  1103 495 521 510  
  1104 483 495 468  
  1105 154 153 175  
  1106 183 202 195  
  1107 692 688 712  
  1108 712 688 714  
  1109 712 714 735  
  1110 489 499 516  
  1111 810 826 807  
  1112 810 807 791  
  1113 791 807 789  
  1114 791 789 770  
  1115 810 791 782  
  1116 770 789 764  
  1117 770 764 747  
  1118 791 770 782  
  1119 699 711 689  
  1120 689 711 703  
  1121 689 703 677  
  1122 677 703 691  
  1123 689 677 664  
  1124 664 677 653  
  1125 689 664 675  
  1126 675 664 651  
  1127 651 664 639  
  1128 416 408 440  
  1129 597 610 585  
  1130 241 233 260  
  1131 399 383 375  
  1132 399 375 407  
  1133 399 407 427  
  1134 657 682 669  
  1135 295 311 319  
  1136 551 563 579  
  1137 449 434 424  
  1138 424 434 409  
  1139 449 424 437  
  1140 437 424 414  
  1141 449 437 463  
  1142 429 445 419  
  1143 342 327 350  
  1144 428 438 454  
  1145 311 285 304  
  1146 311 304 326  
  1147 304 285 280  
  1148 676 665 652  
  1149 839 849 832  
  1150 350 363 378  
  1151 691 681 667  
  1152 690 680 665  
  1153 294 300 318  
  1154 163 183 177  
  1155 166 158 145  
  1156 653 677 667  
  1157 306 304 280  
  1158 526 540 516  
  1159 516 540 524  
  1160 681 671 656  
  1161 519 528 543  
  1162 740 754 766  
  1163 208 229 217  
  1164 719 747 743  
  1165 608 633 621  
  1166 372 384 395  
  1167 589 576 565  
  1168 704 695 680  
  1169 680 695 673  
  1170 673 695 697  
  1171 680 673 655  
  1172 655 673 648  
  1173 680 655 665  
  1174 665 655 640  
  1175 640 655 632  
  1176 665 640 652  
  1177 648 673 672  
  1178 655 648 632  
  1179 632 648 625  
  1180 625 648 647  
  1181 632 625 607  
  1182 607 625 600  
  1183 632 607 615  
  1184 640 632 615  
  1185 640 615 627  
  1186 627 615 603  
  1187 640 627 652  
  1188 652 627 637  
  1189 603 615 592  
  1190 627 603 612  
  1191 637 627 612  
  1192 637 612 619  
  1193 652 637 660  
  1194 619 612 596  
  1195 637 619 643  
  1196 832 840 821  
  1197 671 696 686  
  1198 671 686 660  
  1199 660 686 676  
  1200 671 660 643  
  1201 643 660 637  
  1202 560 572 585  
  1203 585 572 597  
  1204 560 585 578  
  1205 578 585 601  
  1206 560 578 550  
  1207 578 601 590  
  1208 455 465 480  
  1209 459 449 475  
  1210 540 551 568  
  1211 316 298 290  
  1212 650 658 634  
  1213 415 428 403  
  1214 149 169 165  
  1215 465 439 444  
  1216 876 863 870  
  1217 384 360 371  
  1218 314 294 318  
  1219 695 719 721  
  1220 170 163 152  
  1221 179 166 185  
  1222 185 166 178  
  1223 178 166 157  
  1224 185 178 197  
  1225 157 166 145  
  1226 157 145 136  
  1227 136 145 123  
  1228 157 136 146  
  1229 178 157 167  
  1230 197 178 193  
  1231 185 197 208  
  1232 208 197 221  
  1233 260 291 280  
  1234 563 537 548  
  1235 563 548 575  
  1236 575 548 562  
  1237 563 575 592  
  1238 562 548 538  
  1239 562 538 552  
  1240 575 562 587  
  1241 158 149 130  
  1242 599 589 613  
  1243 599 613 624  
  1244 613 589 604  
  1245 604 589 582  
  1246 613 604 628  
  1247 344 373 364  
  1248 344 364 339  
  1249 546 560 534  
  1250 609 584 599  
  1251 559 533 549  
  1252 370 356 380  
  1253 643 619 631  
  1254 583 572 558  
  1255 193 213 197  
  1256 553 536 561  
  1257 422 420 444  
  1258 438 464 454  
  1259 454 464 478  
  1260 454 478 473  
  1261 473 478 497  
  1262 530 505 511  
  1263 613 628 638  
  1264 638 628 654  
  1265 362 371 349  
  1266 349 371 360  
  1267 426 416 442  
  1268 615 607 592  
  1269 592 607 579  
  1270 243 252 229  
  1271 386 411 405  
  1272 503 487 512  
  1273 146 136 125  
  1274 446 421 434  
  1275 402 377 391  
  1276 513 500 527  
  1277 448 474 464  
  1278 453 470 447  
  1279 686 709 701  
  1280 601 626 614  
  1281 590 601 614  
  1282 229 240 217  
  1283 431 413 435  
  1284 437 414 426  
  1285 123 145 130  
  1286 123 130 114  
  1287 213 221 197  
  1288 515 539 535  
  1289 397 423 415  
  1290 687 662 678  
  1291 561 542 570  
  1292 303 295 319  
  1293 651 635 659  
  1294 651 659 675  
  1295 603 592 575  
  1296 511 490 504  
  1297 604 582 591  
  1298 478 489 501  
  1299 449 463 475  
  1300 600 625 622  
  1301 582 589 565  
  1302 380 366 386  
  1303 386 366 378  
  1304 596 612 587  
  1305 596 587 573  
  1306 573 587 562  
  1307 573 562 552  
  1308 573 552 566  
  1309 596 573 586  
  1310 587 612 603  
  1311 566 552 541  
  1312 573 566 586  
  1313 586 566 581  
  1314 581 566 555  
  1315 586 581 605  
  1316 555 566 541  
  1317 555 541 531  
  1318 531 541 517  
  1319 555 531 545  
  1320 581 555 567  
  1321 605 581 606  
  1322 586 605 596  
  1323 596 605 619  
  1324 517 541 527  
  1325 517 527 500  
  1326 531 517 506  
  1327 545 531 525  
  1328 555 545 567  
  1329 567 545 550  
  1330 550 545 525  
  1331 541 552 527  
  1332 581 567 590  
  1333 590 567 578  
  1334 527 552 538  
  1335 527 538 513  
  1336 506 517 491  
  1337 531 506 525  
  1338 343 328 319  
  1339 319 328 303  
  1340 96 83 91  
  1341 430 405 411  
  1342 528 553 543  
  1343 543 553 569  
  1344 569 553 580  
  1345 543 569 564  
  1346 580 553 561  
  1347 580 561 588  
  1348 569 580 593  
  1349 564 569 591  
  1350 543 564 539  
  1351 588 561 570  
  1352 580 588 602  
  1353 550 578 567  
  1354 295 279 270  
  1355 407 431 427  
  1356 510 521 534  
  1357 534 521 546  
  1358 510 534 525  
  1359 411 401 422  
  1360 402 426 414  
  1361 235 213 228  
  1362 539 519 543  
  1363 157 146 167  
  1364 167 146 161  
  1365 161 146 137  
  1366 167 161 180  
  1367 137 146 125  
  1368 137 125 119  
  1369 119 125 109  
  1370 137 119 131  
  1371 161 137 155  
  1372 167 180 193  
  1373 119 109 103  
  1374 137 131 155  
  1375 155 131 148  
  1376 148 131 127  
  1377 155 148 168  
  1378 180 161 174  
  1379 109 125 115  
  1380 131 119 112  
  1381 387 402 414  
  1382 463 437 451  
  1383 206 193 180  
  1384 610 601 585  
  1385 414 424 398  
  1386 414 398 387  
  1387 652 660 676  
  1388 715 712 735  
  1389 136 123 115  
  1390 136 115 125  
  1391 115 123 106  
  1392 549 535 565  
  1393 549 565 576  
  1394 565 535 556  
  1395 556 535 539  
  1396 556 539 564  
  1397 556 564 582  
  1398 556 582 565  
  1399 500 486 475  
  1400 475 486 459  
  1401 500 475 491  
  1402 500 491 517  
  1403 364 389 381  
  1404 535 523 507  
  1405 626 651 639  
  1406 389 415 403  
  1407 371 387 398  
  1408 628 604 618  
  1409 607 600 579  
  1410 560 550 534  
  1411 495 510 484  
  1412 89 96 103  
  1413 169 182 165  
  1414 165 182 176  
  1415 165 176 153  
  1416 165 153 149  
  1417 468 495 484  
  1418 468 484 462  
  1419 462 484 472  
  1420 468 462 440  
  1421 472 484 498  
  1422 462 472 442  
  1423 462 442 440  
  1424 440 442 416  
  1425 656 671 643  
  1426 656 643 631  
  1427 123 114 106  
  1428 106 114 101  
  1429 101 114 113  
  1430 113 114 130  
  1431 106 101 92  
  1432 498 484 510  
  1433 498 510 525  
  1434 472 498 479  
  1435 92 101 84  
  1436 106 92 100  
  1437 499 526 516  
  1438 483 468 457  
  1439 168 148 177  
  1440 181 160 164  
  1441 403 428 425  
  1442 451 437 426  
  1443 428 454 450  
  1444 119 103 112  
  1445 364 355 339  
  1446 331 355 354  
  1447 354 355 376  
  1448 489 516 501  
  1449 501 516 524  
  1450 501 524 497  
  1451 501 497 478  
  1452 626 639 614  
  1453 703 727 717  
  1454 158 130 145  
  1455 471 486 496  
  1456 579 563 592  
  1457 444 439 422  
  1458 444 420 456  
  1459 422 439 411  
  1460 666 670 646  
  1461 177 183 195  
  1462 447 470 457  
  1463 447 457 427  
  1464 334 319 311  
  1465 211 219 199  
  1466 604 591 618  
  1467 174 161 155  
  1468 532 521 508  
  1469 575 587 603  
  1470 199 206 180  
  1471 667 681 656  
  1472 506 491 479  
  1473 479 491 463  
  1474 479 463 451  
  1475 506 479 498  
  1476 602 588 617  
  1477 113 117 98  
  1478 568 551 579  
  1479 115 106 100  
  1480 115 100 109  
  1481 109 100 95  
  1482 95 100 88  
  1483 109 95 103  
  1484 103 95 89  
  1485 88 100 92  
  1486 88 92 74  
  1487 88 74 81  
  1488 88 81 95  
  1489 95 81 89  
  1490 522 538 548  
  1491 631 619 605  
  1492 358 352 375  
  1493 152 163 141  
  1494 426 442 451  
  1495 215 237 233  
  1496 688 666 684  
  1497 593 580 602  
  1498 593 602 616  
  1499 616 602 630  
  1500 593 616 611  
  1501 630 602 617  
  1502 616 630 649  
  1503 611 616 636  
  1504 593 611 591  
  1505 649 630 663  
  1506 616 649 636  
  1507 611 636 618  
  1508 155 168 174  
  1509 174 168 188  
  1510 188 168 177  
  1511 177 148 163  
  1512 174 188 199  
  1513 195 202 218  
  1514 569 593 591  
  1515 127 131 112  
  1516 127 112 108  
  1517 108 112 96  
  1518 127 108 126  
  1519 126 108 105  
  1520 127 126 141  
  1521 141 126 152  
  1522 127 141 148  
  1523 148 141 163  
  1524 198 185 208  
  1525 440 408 427  
  1526 352 334 326  
  1527 465 444 481  
  1528 453 447 431  
  1529 431 447 427  
  1530 639 664 653  
  1531 639 653 629  
  1532 629 653 642  
  1533 639 629 614  
  1534 614 629 606  
  1535 642 653 667  
  1536 642 667 656  
  1537 629 642 623  
  1538 606 629 623  
  1539 614 606 590  
  1540 623 642 631  
  1541 623 631 605  
  1542 623 605 606  
  1543 606 581 590  
  1544 280 263 260  
  1545 233 211 215  
  1546 215 211 188  
  1547 180 174 199  
  1548 130 149 128  
  1549 381 389 403  
  1550 591 582 564  
  1551 355 364 381  
  1552 691 667 677  
  1553 540 568 547  
  1554 128 113 130  
  1555 628 618 646  
  1556 160 170 152  
  1557 218 215 195  
  1558 646 654 628  
  1559 178 167 193  
  1560 491 475 463  
  1561 483 457 470  
  1562 688 684 714  
  1563 92 84 74  
  1564 84 101 98  
  1565 457 468 440  
  1566 684 666 661  
  1567 661 666 636  
  1568 684 661 679  
  1569 177 195 188  
  1570 160 152 139  
  1571 139 152 126  
  1572 160 139 142  
  1573 142 139 120  
  1574 120 139 126  
  1575 2 1 3  
  1576 2 3 4  
  1577 873 882 885  
  1578 112 103 96  
  1579 618 591 611  
  1580 334 311 326  
  1581 568 579 600  
  1582 743 721 719  
  1583 764 743 747  
  1584 636 649 661  
  1585 661 649 679  
  1586 721 697 695  
  1587 622 598 600  
  1588 672 647 648  
  1589 666 646 636  
  1590 697 672 673  
  1591 230 217 240  
  1592 647 622 625  
  1593 440 427 457  
  1594 574 568 598  
  1595 568 600 598  
  1596 400 376 381  
  1597 547 524 540  
  1598 450 425 428  
  1599 574 547 568  
  1600 473 450 454  
  1601 425 400 403  
  1602 211 199 188  
  1603 498 525 506  
  1604 530 529 554  
  1605 534 550 525  
  1606 656 631 642  
  1607 769 790 771  
  1608 588 570 594  
  1609 511 504 529  
  1610 511 529 530  
  1611 381 403 400  
  1612 885 886 876  
  1613 886 888 879  
  1614 376 355 381  
  1615 472 479 451  
  1616 747 755 770  
  1617 594 617 588  
  1618 641 663 630  
  1619 641 630 617  
  1620 481 504 490  
  1621 456 481 444  
  1622 153 128 149  
  1623 105 120 126  
  1624 142 164 160  
  1625 91 108 96  
  1626 105 108 91  
  1627 663 679 649  
  1628 700 714 684  
  1629 700 684 679  
  1630 717 691 703  
  1631 735 749 737  
  1632 737 749 765  
  1633 646 618 636  
  1634 67 74 84  
  1635 98 82 84  
  1636 472 451 442  
  1637 101 113 98  
  1638 84 82 67  
  1639 67 82 57  
  1640 154 172 151  
  1641 188 195 215  
  1642 782 770 755  
  1643 876 870 885  
  END_ELEMENTS  
  COORDINATES  
   1   5.556600e+00 -4.545000e+00   
   2   5.414450e+00 -4.402900e+00   
   3   5.559329e+00 -4.321816e+00   
   4   5.420214e+00 -4.176240e+00   
   5   5.272300e+00 -4.260800e+00   
   6   5.561960e+00 -4.106656e+00   
   7   5.261866e+00 -4.113352e+00   
   8   5.408096e+00 -3.997768e+00   
   9   5.564200e+00 -3.923500e+00   
   10   5.252600e+00 -3.982400e+00   
   11   5.448878e+00 -3.856794e+00   
   12   5.311398e+00 -3.875030e+00   
   13   5.569200e+00 -3.793300e+00   
   14   5.192900e+00 -3.883600e+00   
   15   5.486047e+00 -3.741240e+00   
   16   5.228167e+00 -3.790249e+00   
   17   5.362051e+00 -3.742056e+00   
   18   5.133200e+00 -3.820900e+00   
   19   5.589200e+00 -3.696200e+00   
   20   5.150654e+00 -3.722437e+00   
   21   5.062800e+00 -3.770200e+00   
   22   5.274548e+00 -3.659027e+00   
   23   5.460907e+00 -3.617848e+00   
   24   5.637300e+00 -3.575100e+00   
   25   4.984300e+00 -3.733500e+00   
   26   5.061664e+00 -3.670325e+00   
   27   5.171558e+00 -3.584701e+00   
   28   4.900400e+00 -3.712000e+00   
   29   5.534600e+00 -3.461218e+00   
   30   4.964679e+00 -3.635617e+00   
   31   5.324413e+00 -3.481414e+00   
   32   5.708400e+00 -3.466900e+00   
   33   4.813900e+00 -3.706400e+00   
   34   5.056757e+00 -3.531181e+00   
   35   4.862966e+00 -3.619366e+00   
   36   4.727900e+00 -3.716900e+00   
   37   5.799500e+00 -3.374800e+00   
   38   5.187342e+00 -3.400957e+00   
   39   4.645300e+00 -3.743200e+00   
   40   4.934230e+00 -3.499758e+00   
   41   4.759995e+00 -3.622336e+00   
   42   5.658300e+00 -3.326239e+00   
   43   4.491500e+00 -3.906500e+00   
   44   5.418282e+00 -3.299804e+00   
   45   4.659286e+00 -3.644267e+00   
   46   5.907600e+00 -3.302700e+00   
   47   4.829971e+00 -3.476508e+00   
   48   4.980151e+00 -3.367209e+00   
   49   5.778671e+00 -3.226484e+00   
   50   4.515914e+00 -3.691599e+00   
   51   6.027800e+00 -3.253600e+00   
   52   4.339850e+00 -3.894550e+00   
   53   4.670143e+00 -3.462434e+00   
   54   5.607966e+00 -3.143000e+00   
   55   4.395771e+00 -3.753565e+00   
   56   5.916708e+00 -3.153318e+00   
   57   5.135191e+00 -3.169089e+00   
   58   4.525377e+00 -3.536482e+00   
   59   6.154900e+00 -3.229600e+00   
   60   4.776923e+00 -3.291732e+00   
   61   4.943295e+00 -3.192233e+00   
   62   6.265100e+00 -3.228600e+00   
   63   4.188200e+00 -3.882600e+00   
   64   5.766572e+00 -3.036865e+00   
   65   6.066425e+00 -3.109602e+00   
   66   4.545327e+00 -3.399881e+00   
   67   5.361448e+00 -3.027591e+00   
   68   6.363200e+00 -3.244600e+00   
   69   4.263437e+00 -3.723585e+00   
   70   4.338674e+00 -3.564570e+00   
   71   4.594123e+00 -3.265833e+00   
   72   4.410968e+00 -3.411777e+00   
   73   5.943020e+00 -2.965197e+00   
   74   5.576500e+00 -2.899915e+00   
   75   4.783661e+00 -3.089240e+00   
   76   4.945087e+00 -3.013134e+00   
   77   6.266100e+00 -3.043400e+00   
   78   4.474500e+00 -3.277500e+00   
   79   4.625169e+00 -3.144301e+00   
   80   4.510400e+00 -3.179600e+00   
   81   5.789617e+00 -2.840558e+00   
   82   5.109239e+00 -2.881526e+00   
   83   6.151421e+00 -2.919204e+00   
   84   5.315861e+00 -2.783623e+00   
   85   4.631362e+00 -3.018838e+00   
   86   4.775639e+00 -2.933048e+00   
   87   4.526000e+00 -3.076600e+00   
   88   5.667399e+00 -2.725587e+00   
   89   6.004351e+00 -2.775477e+00   
   90   4.923500e+00 -2.813668e+00   
   91   6.435483e+00 -2.911900e+00   
   92   5.484759e+00 -2.663541e+00   
   93   4.520500e+00 -2.972500e+00   
   94   4.612189e+00 -2.894840e+00   
   95   5.829203e+00 -2.662150e+00   
   96   6.193147e+00 -2.709646e+00   
   97   4.736166e+00 -2.781722e+00   
   98   5.052580e+00 -2.663932e+00   
   99   4.494300e+00 -2.871600e+00   
   100   5.656916e+00 -2.561770e+00   
   101   5.310640e+00 -2.565234e+00   
   102   4.568403e+00 -2.777077e+00   
   103   6.000948e+00 -2.562946e+00   
   104   4.857010e+00 -2.635032e+00   
   105   6.604867e+00 -2.780400e+00   
   106   5.482682e+00 -2.463597e+00   
   107   4.448300e+00 -2.778100e+00   
   108   6.390654e+00 -2.622159e+00   
   109   5.827892e+00 -2.462758e+00   
   110   4.667059e+00 -2.641334e+00   
   111   4.501821e+00 -2.670587e+00   
   112   6.174854e+00 -2.461887e+00   
   113   5.145814e+00 -2.402784e+00   
   114   5.345598e+00 -2.372161e+00   
   115   5.655019e+00 -2.362254e+00   
   116   4.384400e+00 -2.695800e+00   
   117   4.949318e+00 -2.439527e+00   
   118   4.753467e+00 -2.471404e+00   
   119   6.001063e+00 -2.362981e+00   
   120   6.774250e+00 -2.648900e+00   
   121   4.568223e+00 -2.516430e+00   
   122   4.413500e+00 -2.581504e+00   
   123   5.481340e+00 -2.263675e+00   
   124   4.305300e+00 -2.627900e+00   
   125   5.828555e+00 -2.262900e+00   
   126   6.582144e+00 -2.481135e+00   
   127   6.346425e+00 -2.362164e+00   
   128   5.015488e+00 -2.251206e+00   
   129   4.297436e+00 -2.548790e+00   
   130   5.273474e+00 -2.197684e+00   
   131   6.173492e+00 -2.261927e+00   
   132   4.477678e+00 -2.440416e+00   
   133   4.819568e+00 -2.289399e+00   
   134   4.613313e+00 -2.359563e+00   
   135   4.214100e+00 -2.577400e+00   
   136   5.654638e+00 -2.164247e+00   
   137   5.999522e+00 -2.163550e+00   
   138   4.323460e+00 -2.455949e+00   
   139   6.780132e+00 -2.441408e+00   
   140   4.230821e+00 -2.501196e+00   
   141   6.500196e+00 -2.281269e+00   
   142   6.943633e+00 -2.517400e+00   
   143   4.114600e+00 -2.546200e+00   
   144   4.158083e+00 -2.498753e+00   
   145   5.482590e+00 -2.063883e+00   
   146   5.826856e+00 -2.062958e+00   
   147   4.105300e+00 -2.503700e+00   
   148   6.346362e+00 -2.162281e+00   
   149   5.134995e+00 -2.064484e+00   
   150   4.195273e+00 -2.421056e+00   
   151   4.438014e+00 -2.268120e+00   
   152   6.700179e+00 -2.280435e+00   
   153   4.868084e+00 -2.095776e+00   
   154   4.676522e+00 -2.151879e+00   
   155   6.172824e+00 -2.063803e+00   
   156   4.105300e+00 -2.432412e+00   
   157   5.652680e+00 -1.965074e+00   
   158   5.308493e+00 -1.965595e+00   
   159   4.248674e+00 -2.302209e+00   
   160   6.889347e+00 -2.308824e+00   
   161   5.999716e+00 -1.963720e+00   
   162   4.105300e+00 -2.335817e+00   
   163   6.599509e+00 -2.107686e+00   
   164   7.113017e+00 -2.385900e+00   
   165   4.977333e+00 -1.934880e+00   
   166   5.480403e+00 -1.863969e+00   
   167   5.826168e+00 -1.865689e+00   
   168   6.307190e+00 -1.957121e+00   
   169   5.137139e+00 -1.864794e+00   
   170   6.799273e+00 -2.106777e+00   
   171   4.276006e+00 -2.125721e+00   
   172   4.450443e+00 -2.041101e+00   
   173   4.105300e+00 -2.207907e+00   
   174   6.172122e+00 -1.862431e+00   
   175   4.601421e+00 -1.963659e+00   
   176   4.783632e+00 -1.882343e+00   
   177   6.499364e+00 -1.934632e+00   
   178   5.653247e+00 -1.765321e+00   
   179   5.305932e+00 -1.766807e+00   
   180   5.998128e+00 -1.763895e+00   
   181   6.999848e+00 -2.121026e+00   
   182   4.962817e+00 -1.767000e+00   
   183   6.699306e+00 -1.934634e+00   
   184   7.282400e+00 -2.254400e+00   
   185   5.479683e+00 -1.667946e+00   
   186   4.278505e+00 -1.951513e+00   
   187   4.105300e+00 -2.043535e+00   
   188   6.345277e+00 -1.762460e+00   
   189   5.134251e+00 -1.664936e+00   
   190   4.444510e+00 -1.842703e+00   
   191   4.621155e+00 -1.766524e+00   
   192   6.898969e+00 -1.933901e+00   
   193   5.850272e+00 -1.621595e+00   
   194   7.190228e+00 -2.081204e+00   
   195   6.599596e+00 -1.761358e+00   
   196   4.792984e+00 -1.665096e+00   
   197   5.651213e+00 -1.565578e+00   
   198   5.307029e+00 -1.567180e+00   
   199   6.192843e+00 -1.598904e+00   
   200   7.097145e+00 -1.939205e+00   
   201   4.959329e+00 -1.568972e+00   
   202   6.799511e+00 -1.761935e+00   
   203   7.385367e+00 -2.101533e+00   
   204   4.105300e+00 -1.859490e+00   
   205   4.278505e+00 -1.767468e+00   
   206   6.014732e+00 -1.508157e+00   
   207   4.451710e+00 -1.675445e+00   
   208   5.493766e+00 -1.445136e+00   
   209   5.133400e+00 -1.470945e+00   
   210   4.618437e+00 -1.568422e+00   
   211   6.328129e+00 -1.519753e+00   
   212   6.998115e+00 -1.766487e+00   
   213   5.834992e+00 -1.422392e+00   
   214   7.293194e+00 -1.928338e+00   
   215   6.503757e+00 -1.549692e+00   
   216   4.789399e+00 -1.465220e+00   
   217   5.304181e+00 -1.367571e+00   
   218   6.706952e+00 -1.558214e+00   
   219   6.182019e+00 -1.399301e+00   
   220   4.105300e+00 -1.675445e+00   
   221   5.657433e+00 -1.330664e+00   
   222   7.197174e+00 -1.770245e+00   
   223   4.278505e+00 -1.583423e+00   
   224   4.961075e+00 -1.369880e+00   
   225   7.488333e+00 -1.948667e+00   
   226   6.902783e+00 -1.591051e+00   
   227   4.446373e+00 -1.476476e+00   
   228   6.005544e+00 -1.308783e+00   
   229   5.477408e+00 -1.246080e+00   
   230   5.126569e+00 -1.269074e+00   
   231   4.614036e+00 -1.369687e+00   
   232   7.396161e+00 -1.775471e+00   
   233   6.401323e+00 -1.326677e+00   
   234   7.105772e+00 -1.599008e+00   
   235   5.825142e+00 -1.222782e+00   
   236   4.786387e+00 -1.280177e+00   
   237   6.641266e+00 -1.369687e+00   
   238   4.105300e+00 -1.491400e+00   
   239   6.837141e+00 -1.408285e+00   
   240   5.300702e+00 -1.152851e+00   
   241   6.190962e+00 -1.202362e+00   
   242   4.273168e+00 -1.384454e+00   
   243   5.649907e+00 -1.131395e+00   
   244   7.591300e+00 -1.795800e+00   
   245   7.303988e+00 -1.602275e+00   
   246   4.952851e+00 -1.170950e+00   
   247   7.013653e+00 -1.421980e+00   
   248   4.437156e+00 -1.276993e+00   
   249   5.989314e+00 -1.109591e+00   
   250   4.612344e+00 -1.194002e+00   
   251   6.553183e+00 -1.197729e+00   
   252   5.469068e+00 -1.046463e+00   
   253   5.123004e+00 -1.069591e+00   
   254   7.499127e+00 -1.622604e+00   
   255   6.743289e+00 -1.232193e+00   
   256   7.212951e+00 -1.432236e+00   
   257   5.808331e+00 -1.025866e+00   
   258   4.776220e+00 -1.081869e+00   
   259   4.105300e+00 -1.288340e+00   
   260   6.403157e+00 -1.076971e+00   
   261   6.941359e+00 -1.238122e+00   
   262   7.403107e+00 -1.464511e+00   
   263   6.155780e+00 -1.002361e+00   
   264   4.260228e+00 -1.185852e+00   
   265   5.295671e+00 -9.537531e-01   
   266   7.694267e+00 -1.642933e+00   
   267   5.632318e+00 -9.323804e-01   
   268   4.946913e+00 -9.789378e-01   
   269   4.441216e+00 -1.102933e+00   
   270   5.976597e+00 -9.180851e-01   
   271   7.139886e+00 -1.246531e+00   
   272   6.653810e+00 -1.053840e+00   
   273   4.608150e+00 -9.955660e-01   
   274   7.602094e+00 -1.469738e+00   
   275   5.450677e+00 -8.506989e-01   
   276   5.114237e+00 -8.702677e-01   
   277   6.852909e+00 -1.067117e+00   
   278   7.337013e+00 -1.277611e+00   
   279   5.798845e+00 -8.267928e-01   
   280   6.320499e+00 -8.891441e-01   
   281   4.771304e+00 -8.846389e-01   
   282   4.105300e+00 -1.085280e+00   
   283   4.277072e+00 -9.902873e-01   
   284   7.051700e+00 -1.072870e+00   
   285   6.139906e+00 -8.034889e-01   
   286   7.797233e+00 -1.490067e+00   
   287   7.509921e+00 -1.296542e+00   
   288   4.945811e+00 -8.035448e-01   
   289   5.276284e+00 -7.549769e-01   
   290   5.619734e+00 -7.443346e-01   
   291   6.562529e+00 -8.769721e-01   
   292   4.430989e+00 -9.035741e-01   
   293   7.244256e+00 -1.102148e+00   
   294   6.761153e+00 -8.897224e-01   
   295   5.962848e+00 -7.126307e-01   
   296   4.592343e+00 -7.968674e-01   
   297   7.705061e+00 -1.316871e+00   
   298   5.442663e+00 -6.519247e-01   
   299   5.093817e+00 -6.758768e-01   
   300   6.960612e+00 -8.999304e-01   
   301   4.773952e+00 -7.169809e-01   
   302   7.442318e+00 -1.114900e+00   
   303   5.781722e+00 -6.282310e-01   
   304   6.279849e+00 -6.757024e-01   
   305   4.105300e+00 -8.822200e-01   
   306   6.477979e+00 -7.007238e-01   
   307   7.154613e+00 -9.237739e-01   
   308   4.269014e+00 -7.960261e-01   
   309   7.900200e+00 -1.337200e+00   
   310   5.263487e+00 -5.732005e-01   
   311   6.130151e+00 -6.032880e-01   
   312   4.937797e+00 -6.055725e-01   
   313   7.625438e+00 -1.134434e+00   
   314   6.672937e+00 -7.104979e-01   
   315   4.445810e+00 -7.055061e-01   
   316   5.605040e+00 -5.356168e-01   
   317   7.353833e+00 -9.366019e-01   
   318   6.880337e+00 -7.170538e-01   
   319   5.944672e+00 -5.124235e-01   
   320   4.610715e+00 -6.042093e-01   
   321   7.820577e+00 -1.154763e+00   
   322   4.790287e+00 -5.325542e-01   
   323   5.086965e+00 -4.828113e-01   
   324   5.422747e+00 -4.539885e-01   
   325   7.078741e+00 -7.399406e-01   
   326   6.341789e+00 -5.126395e-01   
   327   7.552249e+00 -9.524388e-01   
   328   5.770619e+00 -4.282488e-01   
   329   4.105300e+00 -6.791600e-01   
   330   6.598007e+00 -5.467843e-01   
   331   4.268650e+00 -6.135524e-01   
   332   7.276782e+00 -7.657783e-01   
   333   7.981300e+00 -1.153760e+00   
   334   6.111842e+00 -4.028427e-01   
   335   5.254169e+00 -3.738372e-01   
   336   4.902317e+00 -4.104534e-01   
   337   7.749541e+00 -9.788120e-01   
   338   6.791105e+00 -5.432670e-01   
   339   4.473208e+00 -4.945344e-01   
   340   5.590774e+00 -3.470084e-01   
   341   6.984690e+00 -5.695156e-01   
   342   7.466822e+00 -7.718644e-01   
   343   5.933757e+00 -3.128372e-01   
   344   4.699163e+00 -3.779114e-01   
   345   7.899858e+00 -9.810597e-01   
   346   7.177973e+00 -5.925840e-01   
   347   6.516043e+00 -3.662110e-01   
   348   5.057836e+00 -2.853674e-01   
   349   5.412831e+00 -2.574881e-01   
   350   7.673845e+00 -7.939474e-01   
   351   6.712738e+00 -3.914267e-01   
   352   6.278347e+00 -2.922524e-01   
   353   5.752000e+00 -2.297812e-01   
   354   4.105300e+00 -4.761000e-01   
   355   4.312347e+00 -3.815148e-01   
   356   7.377346e+00 -5.957050e-01   
   357   8.062400e+00 -9.703200e-01   
   358   6.099143e+00 -2.037095e-01   
   359   6.911170e+00 -3.847568e-01   
   360   5.223196e+00 -1.746628e-01   
   361   4.889853e+00 -2.120568e-01   
   362   5.579643e+00 -1.475202e-01   
   363   7.916278e+00 -8.260860e-01   
   364   4.554004e+00 -2.522254e-01   
   365   7.101858e+00 -4.090653e-01   
   366   7.576511e+00 -6.053474e-01   
   367   6.418172e+00 -1.987416e-01   
   368   5.919121e+00 -1.209234e-01   
   369   6.611013e+00 -2.196512e-01   
   370   7.280371e+00 -4.209607e-01   
   371   5.397115e+00 -6.610708e-02   
   372   5.043124e+00 -8.996597e-02   
   373   4.709361e+00 -1.266073e-01   
   374   6.810648e+00 -2.187032e-01   
   375   6.262847e+00 -8.901536e-02   
   376   4.105300e+00 -2.728400e-01   
   377   5.740426e+00 -3.233642e-02   
   378   7.844057e+00 -6.491894e-01   
   379   7.003977e+00 -2.360921e-01   
   380   7.485304e+00 -4.275237e-01   
   381   4.322256e+00 -1.674003e-01   
   382   8.143500e+00 -7.868800e-01   
   383   6.081498e+00 -4.953345e-03   
   384   5.206880e+00  2.441923e-02   
   385   4.858572e+00 -1.553452e-02   
   386   7.719988e+00 -4.931879e-01   
   387   5.559165e+00  5.087392e-02   
   388   7.202630e+00 -2.421912e-01   
   389   4.523617e+00 -5.476070e-02   
   390   6.533264e+00 -3.700061e-02   
   391   5.906705e+00  7.855276e-02   
   392   8.040744e+00 -6.223935e-01   
   393   6.723830e+00 -3.893207e-02   
   394   7.400337e+00 -2.625039e-01   
   395   5.015633e+00  1.078827e-01   
   396   6.922828e+00 -5.488896e-02   
   397   4.680542e+00  6.786570e-02   
   398   5.364800e+00  1.465825e-01   
   399   6.247980e+00  1.051792e-01   
   400   4.105300e+00 -6.958000e-02   
   401   7.917458e+00 -4.660740e-01   
   402   5.722057e+00  1.666799e-01   
   403   4.332968e+00  2.651930e-02   
   404   7.121480e+00 -7.469853e-02   
   405   7.596812e+00 -2.657251e-01   
   406   8.224600e+00 -6.034400e-01   
   407   6.430881e+00  1.341362e-01   
   408   6.068766e+00  1.930856e-01   
   409   5.179594e+00  2.211579e-01   
   410   4.843034e+00  1.830131e-01   
   411   7.795162e+00 -3.080358e-01   
   412   7.319186e+00 -8.004947e-02   
   413   6.630302e+00  1.352298e-01   
   414   5.517288e+00  2.585421e-01   
   415   4.495431e+00  1.430301e-01   
   416   5.887771e+00  2.772659e-01   
   417   6.829660e+00  1.300944e-01   
   418   7.501414e+00 -9.093272e-02   
   419   7.025212e+00  1.004507e-01   
   420   8.126625e+00 -3.973979e-01   
   421   4.998462e+00  3.042597e-01   
   422   7.964996e+00 -2.928670e-01   
   423   4.661644e+00  2.667589e-01   
   424   5.336893e+00  3.445391e-01   
   425   4.105300e+00  1.336800e-01   
   426   5.708771e+00  3.660440e-01   
   427   6.307571e+00  3.137751e-01   
   428   4.313565e+00  2.254983e-01   
   429   7.225019e+00  9.576768e-02   
   430   7.701148e+00 -9.535120e-02   
   431   6.535695e+00  3.015991e-01   
   432   8.305700e+00 -4.200000e-01   
   433   4.814215e+00  3.802037e-01   
   434   5.161255e+00  4.201361e-01   
   435   6.734441e+00  3.058098e-01   
   436   7.420626e+00  8.740591e-02   
   437   5.501031e+00  4.577250e-01   
   438   4.476540e+00  3.408914e-01   
   439   7.899152e+00 -1.158732e-01   
   440   6.087256e+00  4.426496e-01   
   441   6.953396e+00  2.865212e-01   
   442   5.875230e+00  4.768238e-01   
   443   7.618792e+00  6.970760e-02   
   444   8.109553e+00 -1.680912e-01   
   445   7.130609e+00  2.717860e-01   
   446   4.972344e+00  5.023669e-01   
   447   6.458515e+00  4.649596e-01   
   448   4.634581e+00  4.624741e-01   
   449   5.320025e+00  5.413271e-01   
   450   4.105300e+00  3.369400e-01   
   451   5.664604e+00  5.727406e-01   
   452   7.330220e+00  2.646338e-01   
   453   6.658457e+00  4.619898e-01   
   454   4.294964e+00  4.245539e-01   
   455   7.814954e+00  6.450800e-02   
   456   8.323320e+00 -2.089200e-01   
   457   6.323908e+00  5.548163e-01   
   458   6.857871e+00  4.607377e-01   
   459   5.135337e+00  6.173910e-01   
   460   4.796520e+00  5.788141e-01   
   461   7.535116e+00  2.510752e-01   
   462   5.995446e+00  6.277078e-01   
   463   5.483155e+00  6.567691e-01   
   464   4.449948e+00  5.389638e-01   
   465   8.014002e+00  4.757761e-02   
   466   7.056355e+00  4.517630e-01   
   467   7.721462e+00  2.402521e-01   
   468   6.169160e+00  6.814837e-01   
   469   7.241321e+00  4.422698e-01   
   470   6.561166e+00  6.365647e-01   
   471   4.953494e+00  6.994311e-01   
   472   5.829342e+00  7.335477e-01   
   473   4.105300e+00  5.402000e-01   
   474   4.614492e+00  6.613114e-01   
   475   5.293641e+00  7.395131e-01   
   476   7.439267e+00  4.256904e-01   
   477   6.760989e+00  6.330300e-01   
   478   4.267581e+00  6.205406e-01   
   479   5.625893e+00  7.852697e-01   
   480   7.921122e+00  2.337268e-01   
   481   8.340940e+00  2.160007e-03   
   482   6.958374e+00  6.225467e-01   
   483   6.356159e+00  7.521775e-01   
   484   6.016243e+00  8.040344e-01   
   485   4.769475e+00  7.764653e-01   
   486   5.115645e+00  8.162919e-01   
   487   7.638332e+00  4.185773e-01   
   488   7.154929e+00  6.109869e-01   
   489   4.429856e+00  7.370711e-01   
   490   8.145759e+00  2.091150e-01   
   491   5.444952e+00  8.704135e-01   
   492   7.836883e+00  4.025966e-01   
   493   7.354750e+00  6.065808e-01   
   494   6.540521e+00  8.261519e-01   
   495   6.201724e+00  8.787294e-01   
   496   4.928368e+00  8.977188e-01   
   497   4.105300e+00  7.434800e-01   
   498   5.861673e+00  9.308540e-01   
   499   4.588684e+00  8.579175e-01   
   500   5.274990e+00  9.368592e-01   
   501   4.259032e+00  7.946232e-01   
   502   6.868868e+00  8.007496e-01   
   503   7.544985e+00  5.952285e-01   
   504   8.358560e+00  2.132400e-01   
   505   8.033993e+00  3.954779e-01   
   506   5.609067e+00  9.845338e-01   
   507   7.066820e+00  7.896731e-01   
   508   6.388948e+00  9.481018e-01   
   509   6.727291e+00  8.965506e-01   
   510   6.044443e+00  1.001993e+00   
   511   8.205937e+00  3.625079e-01   
   512   7.751503e+00  5.832337e-01   
   513   5.090659e+00  1.013991e+00   
   514   4.750226e+00  9.751094e-01   
   515   7.259039e+00  7.816007e-01   
   516   4.387121e+00  9.252641e-01   
   517   5.428548e+00  1.069632e+00   
   518   7.941689e+00  5.721295e-01   
   519   7.458416e+00  7.751736e-01   
   520   6.574319e+00  1.022867e+00   
   521   6.230054e+00  1.076018e+00   
   522   4.908312e+00  1.095276e+00   
   523   6.912499e+00  9.709604e-01   
   524   4.105300e+00  9.467600e-01   
   525   5.834794e+00  1.134006e+00   
   526   4.567747e+00  1.056712e+00   
   527   5.249684e+00  1.135206e+00   
   528   7.657453e+00  7.590827e-01   
   529   8.376180e+00  4.243200e-01   
   530   8.141353e+00  5.640167e-01   
   531   5.591022e+00  1.183288e+00   
   532   6.417298e+00  1.145961e+00   
   533   6.754594e+00  1.093046e+00   
   534   6.078464e+00  1.197371e+00   
   535   7.136844e+00  1.002039e+00   
   536   7.856692e+00  7.505922e-01   
   537   4.724454e+00  1.173083e+00   
   538   5.070005e+00  1.212832e+00   
   539   7.361941e+00  9.570200e-01   
   540   4.334127e+00  1.115268e+00   
   541   5.417375e+00  1.267598e+00   
   542   8.055565e+00  7.358384e-01   
   543   7.571892e+00  9.397699e-01   
   544   6.600756e+00  1.220627e+00   
   545   5.741033e+00  1.312948e+00   
   546   6.263514e+00  1.273078e+00   
   547   4.105300e+00  1.150040e+00   
   548   4.883886e+00  1.293689e+00   
   549   6.945393e+00  1.167396e+00   
   550   5.917857e+00  1.327051e+00   
   551   4.542837e+00  1.253953e+00   
   552   5.229753e+00  1.332961e+00   
   553   7.764447e+00  9.278855e-01   
   554   8.393800e+00  6.354000e-01   
   555   5.551844e+00  1.372302e+00   
   556   7.284365e+00  1.116245e+00   
   557   8.229434e+00  7.376002e-01   
   558   6.451068e+00  1.341132e+00   
   559   6.787675e+00  1.290147e+00   
   560   6.105639e+00  1.395453e+00   
   561   7.968943e+00  9.159457e-01   
   562   5.045676e+00  1.410843e+00   
   563   4.704101e+00  1.371746e+00   
   564   7.461091e+00  1.127292e+00   
   565   7.125480e+00  1.236893e+00   
   566   5.375651e+00  1.461850e+00   
   567   5.714842e+00  1.487182e+00   
   568   4.296456e+00  1.358881e+00   
   569   7.678839e+00  1.106704e+00   
   570   8.187472e+00  9.074860e-01   
   571   6.635969e+00  1.416922e+00   
   572   6.290882e+00  1.470188e+00   
   573   5.185864e+00  1.505205e+00   
   574   4.105300e+00  1.353320e+00   
   575   4.862973e+00  1.491594e+00   
   576   6.972349e+00  1.365427e+00   
   577   8.368980e+00  8.452600e-01   
   578   5.953015e+00  1.523786e+00   
   579   4.521306e+00  1.452716e+00   
   580   7.877868e+00  1.092086e+00   
   581   5.533006e+00  1.569046e+00   
   582   7.318856e+00  1.312634e+00   
   583   6.478464e+00  1.539075e+00   
   584   6.813605e+00  1.486142e+00   
   585   6.141159e+00  1.589856e+00   
   586   5.348932e+00  1.617712e+00   
   587   5.024343e+00  1.609640e+00   
   588   8.113790e+00  1.082749e+00   
   589   7.159972e+00  1.433820e+00   
   590   5.794009e+00  1.644801e+00   
   591   7.548286e+00  1.336898e+00   
   592   4.645521e+00  1.617431e+00   
   593   7.781103e+00  1.280847e+00   
   594   8.344160e+00  1.055120e+00   
   595   6.660664e+00  1.614708e+00   
   596   5.188054e+00  1.702747e+00   
   597   6.325593e+00  1.666981e+00   
   598   4.105300e+00  1.556600e+00   
   599   7.006264e+00  1.561312e+00   
   600   4.303733e+00  1.608857e+00   
   601   5.978556e+00  1.721415e+00   
   602   7.984956e+00  1.260874e+00   
   603   4.822635e+00  1.709928e+00   
   604   7.343764e+00  1.510901e+00   
   605   5.394919e+00  1.783484e+00   
   606   5.642056e+00  1.786284e+00   
   607   4.483696e+00  1.713576e+00   
   608   6.513595e+00  1.733197e+00   
   609   6.847793e+00  1.682996e+00   
   610   6.166893e+00  1.788103e+00   
   611   7.698629e+00  1.449104e+00   
   612   4.998827e+00  1.804170e+00   
   613   7.183651e+00  1.629580e+00   
   614   5.826923e+00  1.851749e+00   
   615   4.654625e+00  1.817036e+00   
   616   7.898039e+00  1.439418e+00   
   617   8.319340e+00  1.264980e+00   
   618   7.527351e+00  1.590136e+00   
   619   5.186800e+00  1.896332e+00   
   620   6.697835e+00  1.810409e+00   
   621   6.351615e+00  1.863828e+00   
   622   4.105300e+00  1.759660e+00   
   623   5.546166e+00  1.927586e+00   
   624   7.031722e+00  1.759483e+00   
   625   4.310339e+00  1.811707e+00   
   626   6.015670e+00  1.917732e+00   
   627   4.828772e+00  1.909081e+00   
   628   7.366847e+00  1.709389e+00   
   629   5.691346e+00  1.976105e+00   
   630   8.129311e+00  1.455052e+00   
   631   5.351608e+00  1.990848e+00   
   632   4.479230e+00  1.912730e+00   
   633   6.539656e+00  1.931254e+00   
   634   6.871837e+00  1.878299e+00   
   635   6.204475e+00  1.981171e+00   
   636   7.806738e+00  1.617262e+00   
   637   5.005869e+00  2.000771e+00   
   638   7.219822e+00  1.826173e+00   
   639   5.865456e+00  2.049699e+00   
   640   4.656527e+00  2.004639e+00   
   641   8.294520e+00  1.474840e+00   
   642   5.534383e+00  2.089593e+00   
   643   5.181525e+00  2.095974e+00   
   644   6.720139e+00  2.008213e+00   
   645   6.388045e+00  2.060243e+00   
   646   7.600265e+00  1.800193e+00   
   647   4.105300e+00  1.962720e+00   
   648   4.318665e+00  2.008330e+00   
   649   8.038262e+00  1.645336e+00   
   650   7.067056e+00  1.954593e+00   
   651   6.054907e+00  2.113637e+00   
   652   4.836845e+00  2.106607e+00   
   653   5.717118e+00  2.168453e+00   
   654   7.433915e+00  1.911052e+00   
   655   4.489313e+00  2.112179e+00   
   656   5.341339e+00  2.197490e+00   
   657   6.576635e+00  2.123944e+00   
   658   6.907558e+00  2.074803e+00   
   659   6.228211e+00  2.179632e+00   
   660   5.013278e+00  2.200490e+00   
   661   7.946962e+00  1.795884e+00   
   662   7.240765e+00  2.021202e+00   
   663   8.269700e+00  1.684700e+00   
   664   5.930648e+00  2.250102e+00   
   665   4.661895e+00  2.203376e+00   
   666   7.781322e+00  1.892222e+00   
   667   5.520243e+00  2.291652e+00   
   668   6.759962e+00  2.203083e+00   
   669   6.412200e+00  2.256758e+00   
   670   7.612771e+00  1.999707e+00   
   671   5.173051e+00  2.305437e+00   
   672   4.105300e+00  2.165780e+00   
   673   4.314876e+00  2.208057e+00   
   674   7.090464e+00  2.152942e+00   
   675   6.078527e+00  2.313652e+00   
   676   4.832932e+00  2.306498e+00   
   677   5.760633e+00  2.353568e+00   
   678   7.447873e+00  2.110186e+00   
   679   8.178825e+00  1.879700e+00   
   680   4.481812e+00  2.311087e+00   
   681   5.350449e+00  2.397216e+00   
   682   6.600869e+00  2.322147e+00   
   683   6.929060e+00  2.269169e+00   
   684   7.958612e+00  1.984736e+00   
   685   6.267029e+00  2.376473e+00   
   686   5.016719e+00  2.394362e+00   
   687   7.279242e+00  2.217327e+00   
   688   7.789804e+00  2.091948e+00   
   689   5.931837e+00  2.449121e+00   
   690   4.659084e+00  2.403075e+00   
   691   5.526536e+00  2.491487e+00   
   692   7.620704e+00  2.198035e+00   
   693   6.779050e+00  2.400877e+00   
   694   6.451001e+00  2.452631e+00   
   695   4.322799e+00  2.404067e+00   
   696   5.183190e+00  2.504913e+00   
   697   4.105300e+00  2.368840e+00   
   698   7.127855e+00  2.347191e+00   
   699   6.122834e+00  2.507344e+00   
   700   8.087950e+00  2.074700e+00   
   701   4.825706e+00  2.505239e+00   
   702   7.455613e+00  2.309825e+00   
   703   5.743569e+00  2.569789e+00   
   704   4.491759e+00  2.510557e+00   
   705   6.640352e+00  2.512903e+00   
   706   5.356366e+00  2.596061e+00   
   707   6.966836e+00  2.465186e+00   
   708   6.289459e+00  2.569906e+00   
   709   5.004784e+00  2.593841e+00   
   710   7.285765e+00  2.413817e+00   
   711   5.962087e+00  2.625759e+00   
   712   7.799645e+00  2.287019e+00   
   713   4.670276e+00  2.598203e+00   
   714   7.997075e+00  2.269700e+00   
   715   7.648561e+00  2.387882e+00   
   716   6.822419e+00  2.594574e+00   
   717   5.522322e+00  2.706804e+00   
   718   6.472322e+00  2.649970e+00   
   719   4.316028e+00  2.603671e+00   
   720   5.168711e+00  2.703728e+00   
   721   4.105300e+00  2.571900e+00   
   722   7.148234e+00  2.545772e+00   
   723   6.143816e+00  2.705893e+00   
   724   4.839214e+00  2.704579e+00   
   725   7.463941e+00  2.499463e+00   
   726   4.486586e+00  2.705954e+00   
   727   5.757996e+00  2.791998e+00   
   728   6.662227e+00  2.711246e+00   
   729   5.345126e+00  2.795257e+00   
   730   6.984694e+00  2.658263e+00   
   731   6.335143e+00  2.761554e+00   
   732   5.015083e+00  2.792764e+00   
   733   7.296229e+00  2.604126e+00   
   734   5.988374e+00  2.822624e+00   
   735   7.906200e+00  2.464700e+00   
   736   4.663874e+00  2.797740e+00   
   737   7.645265e+00  2.568252e+00   
   738   5.531441e+00  2.895655e+00   
   739   6.836984e+00  2.792214e+00   
   740   6.174178e+00  2.879769e+00   
   741   6.515751e+00  2.844733e+00   
   742   5.182031e+00  2.902026e+00   
   743   4.109300e+00  2.774560e+00   
   744   7.164624e+00  2.744723e+00   
   745   7.482049e+00  2.672994e+00   
   746   4.827157e+00  2.902765e+00   
   747   4.295057e+00  2.842002e+00   
   748   5.871753e+00  2.943608e+00   
   749   7.780025e+00  2.643425e+00   
   750   6.706436e+00  2.898706e+00   
   751   5.359600e+00  2.986780e+00   
   752   5.680422e+00  2.992333e+00   
   753   7.024811e+00  2.853588e+00   
   754   6.357439e+00  2.959141e+00   
   755   4.477919e+00  2.928669e+00   
   756   5.005583e+00  2.992063e+00   
   757   6.019369e+00  3.013494e+00   
   758   7.334368e+00  2.828545e+00   
   759   4.675863e+00  2.991512e+00   
   760   6.541889e+00  3.023408e+00   
   761   6.885995e+00  2.983640e+00   
   762   5.523181e+00  3.100757e+00   
   763   5.165089e+00  3.099393e+00   
   764   4.113300e+00  2.977220e+00   
   765   7.653850e+00  2.822150e+00   
   766   6.204593e+00  3.087682e+00   
   767   7.201180e+00  2.942693e+00   
   768   4.840685e+00  3.101830e+00   
   769   5.867049e+00  3.142473e+00   
   770   4.267207e+00  3.061935e+00   
   771   5.661930e+00  3.182434e+00   
   772   6.727424e+00  3.096228e+00   
   773   7.031344e+00  3.043695e+00   
   774   5.344858e+00  3.185607e+00   
   775   6.392675e+00  3.154836e+00   
   776   5.021071e+00  3.183693e+00   
   777   7.334451e+00  3.005858e+00   
   778   6.049352e+00  3.210758e+00   
   779   4.668574e+00  3.189712e+00   
   780   7.527675e+00  3.000875e+00   
   781   6.573952e+00  3.220126e+00   
   782   4.461758e+00  3.211515e+00   
   783   7.216422e+00  3.111648e+00   
   784   6.884200e+00  3.178107e+00   
   785   5.498649e+00  3.296708e+00   
   786   4.842846e+00  3.273227e+00   
   787   6.235901e+00  3.277443e+00   
   788   5.182484e+00  3.298006e+00   
   789   4.117300e+00  3.179880e+00   
   790   5.897790e+00  3.347365e+00   
   791   4.259619e+00  3.252528e+00   
   792   5.364633e+00  3.374297e+00   
   793   6.748311e+00  3.292362e+00   
   794   7.074905e+00  3.235981e+00   
   795   6.421716e+00  3.348743e+00   
   796   7.401500e+00  3.179600e+00   
   797   5.010539e+00  3.381204e+00   
   798   5.692699e+00  3.405884e+00   
   799   4.604016e+00  3.356926e+00   
   800   6.084324e+00  3.407198e+00   
   801   5.184964e+00  3.459070e+00   
   802   4.811099e+00  3.440499e+00   
   803   6.933389e+00  3.360314e+00   
   804   6.606794e+00  3.416695e+00   
   805   7.259984e+00  3.303933e+00   
   806   5.524538e+00  3.492174e+00   
   807   4.121300e+00  3.382540e+00   
   808   6.274572e+00  3.483154e+00   
   809   5.893147e+00  3.530146e+00   
   810   4.264727e+00  3.442289e+00   
   811   4.467081e+00  3.481268e+00   
   812   5.343558e+00  3.571840e+00   
   813   5.012348e+00  3.557411e+00   
   814   6.791872e+00  3.484648e+00   
   815   7.118467e+00  3.428267e+00   
   816   5.680140e+00  3.586477e+00   
   817   6.465277e+00  3.541028e+00   
   818   4.645838e+00  3.552025e+00   
   819   6.127745e+00  3.614764e+00   
   820   5.186136e+00  3.653666e+00   
   821   4.822872e+00  3.639523e+00   
   822   5.810614e+00  3.672170e+00   
   823   6.976950e+00  3.552600e+00   
   824   6.650355e+00  3.608981e+00   
   825   5.495132e+00  3.687714e+00   
   826   4.125300e+00  3.585200e+00   
   827   6.318134e+00  3.675440e+00   
   828   4.317636e+00  3.634810e+00   
   829   6.002587e+00  3.720360e+00   
   830   5.680598e+00  3.755482e+00   
   831   4.508511e+00  3.690041e+00   
   832   4.998678e+00  3.741461e+00   
   833   5.353597e+00  3.762367e+00   
   834   6.835433e+00  3.676933e+00   
   835   6.508839e+00  3.733314e+00   
   836   4.653802e+00  3.741563e+00   
   837   6.170990e+00  3.809852e+00   
   838   5.854212e+00  3.851039e+00   
   839   5.176954e+00  3.853102e+00   
   840   4.825757e+00  3.841363e+00   
   841   5.518982e+00  3.874201e+00   
   842   6.693917e+00  3.801267e+00   
   843   4.175125e+00  3.773175e+00   
   844   6.361695e+00  3.867726e+00   
   845   4.367461e+00  3.822785e+00   
   846   6.043986e+00  3.906517e+00   
   847   4.609267e+00  3.897167e+00   
   848   5.691064e+00  3.953379e+00   
   849   4.997713e+00  3.941164e+00   
   850   5.338906e+00  3.960407e+00   
   851   6.552400e+00  3.925600e+00   
   852   5.872318e+00  4.018477e+00   
   853   6.216044e+00  4.004530e+00   
   854   5.162576e+00  4.052289e+00   
   855   4.224950e+00  3.961150e+00   
   856   5.505426e+00  4.070656e+00   
   857   4.829435e+00  4.040148e+00   
   858   6.392600e+00  4.047360e+00   
   859   4.438415e+00  4.034579e+00   
   860   6.052108e+00  4.104367e+00   
   861   5.723145e+00  4.148938e+00   
   862   4.982135e+00  4.135773e+00   
   863   5.326239e+00  4.158836e+00   
   864   4.661156e+00  4.139132e+00   
   865   6.232800e+00  4.169120e+00   
   866   5.890425e+00  4.216905e+00   
   867   4.274775e+00  4.149125e+00   
   868   5.146998e+00  4.246898e+00   
   869   4.813856e+00  4.234757e+00   
   870   5.524223e+00  4.275324e+00   
   871   4.492878e+00  4.238116e+00   
   872   6.073000e+00  4.290880e+00   
   873   5.729768e+00  4.334790e+00   
   874   4.966556e+00  4.330382e+00   
   875   4.645578e+00  4.333741e+00   
   876   5.337030e+00  4.388378e+00   
   877   5.913200e+00  4.412640e+00   
   878   4.324600e+00  4.337100e+00   
   879   5.131420e+00  4.441507e+00   
   880   4.798278e+00  4.429366e+00   
   881   4.477300e+00  4.432725e+00   
   882   5.753400e+00  4.534400e+00   
   883   4.950978e+00  4.524991e+00   
   884   4.630000e+00  4.528350e+00   
   885   5.548900e+00  4.580700e+00   
   886   5.344400e+00  4.627000e+00   
   887   4.782700e+00  4.623975e+00   
   888   5.139900e+00  4.673300e+00   
   889   4.935400e+00  4.719600e+00   
  END_COORDINATES
  BOUNDARIES, ELEMENT
    1         147     143         1     
    2         143     135         2     
    3         156     147         3     
    4         36     33         7     
    5         28     25         8     
    6         25     21         9     
    7         18     14         10     
    8         39     36         11     
    9         33     28         12     
    10         21     18         13     
    11         135     124         14     
    12         162     156         19     
    13         13     19         20     
    14         62     68         21     
    15         68     77         21     
    16         87     80         37     
    17         124     116         38     
    18         107     99         39     
    19         93     87         40     
    20         116     107         41     
    21         99     93         42     
    22         80     78         43     
    23         59     62         44     
    24         14     10         45     
    25         43     39         51     
    26         173     162         66     
    27         24     32         67     
    28         32     37         68     
    29         51     59         69     
    30         9     13         70     
    31         19     24         71     
    32         37     46         72     
    33         46     51         73     
    34         10     7         74     
    35         78     72         94     
    36         7     5         100     
    37         63     52         106     
    38         69     63         106     
    39         52     43         107     
    40         187     173         117     
    41         72     70         129     
    42         5     2         133     
    43         6     9         135     
    44         70     69         136     
    45         3     6         142     
    46         889     887         143     
    47         887     884         144     
    48         884     881         145     
    49         881     878         146     
    50         238     220         149     
    51         220     204         150     
    52         204     187         151     
    53         184     203         152     
    54         225     244         153     
    55         266     286         154     
    56         203     225         155     
    57         244     266         156     
    58         286     309         157     
    59         796     805         164     
    60         815     823         165     
    61         834     842         166     
    62         805     815         167     
    63         823     834         168     
    64         842     851         169     
    65         878     867         195     
    66         867     855         196     
    67         855     843         197     
    68         843     826         198     
    69         888     889         215     
    70         164     184         250     
    71         77     91         290     
    72         309     333         426     
    73         333     357         428     
    74         357     382         432     
    75         382     406         435     
    76         406     432         439     
    77         432     456         440     
    78         282     259         451     
    79         259     238         452     
    80         305     282         455     
    81         329     305         494     
    82         354     329         527     
    83         780     796         610     
    84         765     780         611     
    85         851     858         626     
    86         858     865         628     
    87         865     872         630     
    88         872     877         633     
    89         877     882         734     
    90         554     577         1024     
    91         577     594         1026     
    92         714     735         1109     
    93         826     807         1111     
    94         807     789         1113     
    95         789     764         1116     
    96         497     473         1261     
    97         376     354         1447     
    98         524     497         1450     
    99         120     142         1573     
    100         2     1         1575     
    101         1     3         1575     
    102         882     885         1577     
    103         743     721         1582     
    104         764     743         1583     
    105         721     697         1586     
    106         622     598         1587     
    107         672     647         1588     
    108         697     672         1590     
    109         647     622         1592     
    110         598     574         1594     
    111         400     376         1596     
    112         547     524         1597     
    113         450     425         1598     
    114         574     547         1599     
    115         473     450         1600     
    116         425     400         1601     
    117         529     554         1604     
    118         504     529         1609     
    119         885     886         1612     
    120         886     888         1613     
    121         594     617         1617     
    122         641     663         1618     
    123         617     641         1619     
    124         481     504         1620     
    125         456     481         1621     
    126         105     120         1623     
    127         142     164         1624     
    128         91     105         1626     
    129         663     679         1627     
    130         700     714         1628     
    131         679     700         1629     
    132         735     749         1631     
    133         749     765         1632     
  END_BOUNDARIES
  MATERIALS, NUMBER= 1, DEFAULT=1
  END_MATERIALS
  SUBDOMAINS
  END_SUBDOMAINS
  CHARACTERISTICS
  END_CHARACTERISTICS
