  NODES_PER_ELEMENT
   1 6
   2 6
   3 6
   4 6
   5 6
   6 6
   7 6
   8 6
   9 6
   10 6
   11 6
   12 6
   13 6
   14 6
   15 6
   16 6
   17 6
   18 6
   19 6
   20 6
   21 6
   22 6
   23 6
   24 6
   25 6
   26 6
   27 6
   28 6
   29 6
   30 6
   31 6
   32 6
   33 6
   34 6
   35 6
   36 6
   37 6
   38 6
   39 6
   40 6
   41 6
   42 6
   43 6
   44 6
   45 6
   46 6
   47 6
   48 6
   49 6
   50 6
   51 6
   52 6
   53 6
   54 6
   55 6
   56 6
   57 6
   58 6
   59 6
   60 6
   61 6
   62 6
   63 6
   64 6
   65 6
   66 6
   67 6
   68 6
   69 6
   70 6
   71 6
   72 6
   73 6
   74 6
   75 6
   76 6
   77 6
   78 6
   79 6
   80 6
   81 6
   82 6
   83 6
   84 6
   85 6
   86 6
   87 6
   88 6
   89 6
   90 6
   91 6
   92 6
   93 6
   94 6
   95 6
   96 6
   97 6
   98 6
   99 6
   100 6
   101 6
   102 6
   103 6
   104 6
   105 6
   106 6
   107 6
   108 6
   109 6
   110 6
   111 6
   112 6
   113 6
   114 6
   115 6
   116 6
   117 6
   118 6
   119 6
   120 6
   121 6
   122 6
   123 6
   124 6
   125 6
   126 6
   127 6
   128 6
   129 6
   130 6
   131 6
   132 6
   133 6
   134 6
   135 6
   136 6
   137 6
   138 6
   139 6
   140 6
   141 6
   142 6
   143 6
   144 6
   145 6
   146 6
   147 6
   148 6
   149 6
   150 6
   151 6
   152 6
   153 6
   154 6
   155 6
   156 6
   157 6
   158 6
   159 6
   160 6
   161 6
   162 6
   163 6
   164 6
   165 6
   166 6
   167 6
   168 6
   169 6
   170 6
   171 6
   172 6
   173 6
   174 6
   175 6
   176 6
   177 6
   178 6
   179 6
   180 6
   181 6
   182 6
   183 6
   184 6
   185 6
   186 6
   187 6
   188 6
   189 6
   190 6
   191 6
   192 6
   193 6
   194 6
   195 6
   196 6
   197 6
   198 6
   199 6
   200 6
   201 6
   202 6
   203 6
   204 6
   205 6
   206 6
   207 6
   208 6
   209 6
   210 6
   211 6
   212 6
   213 6
   214 6
   215 6
   216 6
   217 6
   218 6
   219 6
   220 6
   221 6
   222 6
   223 6
   224 6
   225 6
   226 6
   227 6
   228 6
   229 6
   230 6
   231 6
   232 6
   233 6
   234 6
   235 6
   236 6
   237 6
   238 6
   239 6
   240 6
   241 6
   242 6
   243 6
   244 6
   245 6
   246 6
   247 6
   248 6
   249 6
   250 6
   251 6
   252 6
   253 6
   254 6
   255 6
   256 6
   257 6
   258 6
   259 6
   260 6
   261 6
   262 6
   263 6
   264 6
   265 6
   266 6
   267 6
   268 6
   269 6
   270 6
   271 6
   272 6
   273 6
   274 6
   275 6
   276 6
   277 6
   278 6
   279 6
   280 6
   281 6
   282 6
   283 6
   284 6
   285 6
   286 6
   287 6
   288 6
   289 6
   290 6
   291 6
   292 6
   293 6
   294 6
   295 6
   296 6
   297 6
   298 6
   299 6
   300 6
   301 6
   302 6
   303 6
   304 6
   305 6
   306 6
   307 6
   308 6
   309 6
   310 6
   311 6
   312 6
   313 6
   314 6
   315 6
   316 6
   317 6
   318 6
   319 6
   320 6
   321 6
   322 6
   323 6
   324 6
   325 6
   326 6
   327 6
   328 6
   329 6
   330 6
   331 6
   332 6
   333 6
   334 6
   335 6
   336 6
   337 6
   338 6
   339 6
   340 6
   341 6
   342 6
   343 6
   344 6
   345 6
   346 6
   347 6
   348 6
   349 6
   350 6
   351 6
   352 6
   353 6
   354 6
   355 6
   356 6
   357 6
   358 6
   359 6
   360 6
   361 6
   362 6
   363 6
   364 6
   365 6
   366 6
   367 6
   368 6
   369 6
   370 6
   371 6
   372 6
   373 6
   374 6
   375 6
   376 6
   377 6
   378 6
   379 6
   380 6
   381 6
   382 6
   383 6
   384 6
   385 6
   386 6
   387 6
   388 6
   389 6
   390 6
   391 6
   392 6
   393 6
   394 6
  END_NODES_PER_ELEMENT
  ELEMENTS
  1 731 698 700 713 699 714  
  2 698 663 664 680 662 679  
  3 462 497 443 481 469 453  
  4 497 540 514 519 522 502  
  5 523 482 488 501 484 505  
  6 482 437 442 460 438 463  
  7 437 393 401 415 394 417  
  8 393 353 358 369 354 373  
  9 353 307 313 330 312 333  
  10 307 271 276 289 272 290  
  11 540 574 514 557 542 522  
  12 574 607 563 592 586 569  
  13 604 567 578 585 572 593  
  14 567 523 530 547 527 549  
  15 382 420 374 403 395 377  
  16 420 462 443 440 453 434  
  17 271 233 241 251 236 254  
  18 233 197 201 217 199 219  
  19 700 698 664 699 679 682  
  20 700 664 666 682 665 684  
  21 731 700 741 714 721 735  
  22 664 663 623 662 643 644  
  23 443 497 514 469 502 477  
  24 443 514 450 477 480 445  
  25 401 393 358 394 373 379  
  26 401 358 365 379 360 384  
  27 358 353 313 354 333 335  
  28 358 313 320 335 315 339  
  29 437 401 442 417 421 438  
  30 442 401 409 421 406 427  
  31 488 482 442 484 463 465  
  32 488 442 452 465 447 467  
  33 523 488 530 505 508 527  
  34 530 488 492 508 490 512  
  35 313 307 276 312 290 292  
  36 313 276 282 292 278 296  
  37 276 271 241 272 254 256  
  38 276 241 248 256 245 259  
  39 578 567 530 572 549 556  
  40 578 530 537 556 532 559  
  41 604 578 623 593 602 613  
  42 563 607 610 586 609 588  
  43 574 563 514 569 539 542  
  44 374 420 443 395 434 411  
  45 382 374 329 377 352 357  
  46 241 233 201 236 219 220  
  47 241 201 208 220 203 224  
  48 201 197 156 199 177 178  
  49 248 241 208 245 224 227  
  50 248 208 238 227 222 244  
  51 276 248 282 259 265 278  
  52 282 248 238 265 244 258  
  53 320 313 282 315 296 301  
  54 320 282 288 301 285 304  
  55 358 320 365 339 342 360  
  56 365 320 334 342 328 345  
  57 334 320 288 328 304 310  
  58 334 288 309 310 297 319  
  59 309 288 261 297 273 284  
  60 334 309 366 319 338 347  
  61 365 334 390 345 362 376  
  62 492 488 452 490 467 468  
  63 492 452 461 468 456 476  
  64 461 452 390 456 419 428  
  65 492 461 517 476 489 503  
  66 530 492 537 512 516 532  
  67 537 492 517 516 503 526  
  68 537 517 571 526 544 552  
  69 409 401 365 406 384 386  
  70 409 365 390 386 376 398  
  71 409 390 452 398 419 432  
  72 409 452 442 432 447 427  
  73 238 208 176 222 192 206  
  74 288 282 238 285 258 262  
  75 666 664 619 665 640 641  
  76 700 666 711 684 689 705  
  77 571 517 548 544 533 560  
  78 537 571 578 552 575 559  
  79 450 514 500 480 506 474  
  80 443 450 402 445 426 422  
  81 208 201 163 203 181 186  
  82 60 38 40 49 39 51  
  83 741 700 711 721 705 726  
  84 741 711 752 726 733 746  
  85 731 741 774 735 758 755  
  86 774 741 752 758 746 764  
  87 623 663 604 643 634 613  
  88 664 623 619 644 621 640  
  89 619 623 578 621 602 598  
  90 752 711 723 733 717 736  
  91 610 607 653 609 630 631  
  92 610 653 642 631 650 626  
  93 563 610 566 588 589 564  
  94 329 374 324 352 349 326  
  95 382 329 316 357 321 346  
  96 316 329 279 321 302 295  
  97 642 653 701 650 675 672  
  98 610 603 566 605 583 589  
  99 156 197 142 177 169 148  
  100 156 142 114 148 125 133  
  101 261 288 238 273 262 249  
  102 366 309 340 338 325 356  
  103 201 156 163 178 158 181  
  104 163 156 114 158 133 136  
  105 309 261 281 284 269 293  
  106 334 366 390 347 380 362  
  107 390 366 423 380 392 408  
  108 423 366 404 392 385 413  
  109 390 423 461 408 441 428  
  110 461 423 473 441 448 466  
  111 473 423 404 448 413 436  
  112 461 473 517 466 493 489  
  113 279 329 274 302 299 277  
  114 316 279 260 295 268 287  
  115 176 208 163 192 186 166  
  116 176 163 128 166 143 151  
  117 128 163 114 143 136 120  
  118 176 128 147 151 137 162  
  119 238 176 195 206 185 215  
  120 548 517 473 533 493 513  
  121 571 548 617 560 581 594  
  122 666 619 617 641 618 639  
  123 711 666 677 689 673 694  
  124 500 514 563 506 539 535  
  125 450 500 458 474 479 454  
  126 402 450 396 426 425 397  
  127 443 402 374 422 388 411  
  128 114 142 97 125 119 106  
  129 40 38 21 39 29 31  
  130 60 40 71 51 56 65  
  131 723 711 677 717 694 702  
  132 723 677 691 702 687 708  
  133 691 677 638 687 657 667  
  134 723 691 737 708 715 730  
  135 752 723 765 736 744 756  
  136 404 366 340 385 356 368  
  137 404 340 381 368 361 389  
  138 381 340 322 361 332 351  
  139 404 381 435 389 410 416  
  140 147 128 108 137 117 124  
  141 176 147 195 162 172 185  
  142 195 147 173 172 160 184  
  143 173 147 127 160 138 150  
  144 195 173 221 184 196 207  
  145 563 566 500 564 536 535  
  146 324 374 402 349 388 363  
  147 340 309 281 325 293 311  
  148 281 261 221 269 242 250  
  149 238 195 261 215 226 249  
  150 617 548 584 581 568 601  
  151 571 617 619 594 618 596  
  152 677 666 617 673 639 649  
  153 638 677 617 657 649 629  
  154 691 638 661 667 652 676  
  155 737 691 710 715 703 724  
  156 723 737 765 730 751 744  
  157 765 737 776 751 757 770  
  158 776 737 754 757 745 766  
  159 765 776 801 770 789 783  
  160 458 500 515 479 507 487  
  161 396 450 458 425 454 431  
  162 127 147 108 138 124 118  
  163 127 108 92 118 100 109  
  164 92 108 75 100 90 80  
  165 127 92 116 109 103 122  
  166 221 173 205 196 188 213  
  167 402 396 344 397 370 372  
  168 173 127 157 150 141 164  
  169 195 221 261 207 242 226  
  170 322 340 281 332 311 300  
  171 381 322 364 351 341 367  
  172 435 381 418 410 399 430  
  173 404 435 473 416 455 436  
  174 21 38 13 29 25 18  
  175 21 13 7 18 9 14  
  176 7 13 1 9 5 2  
  177 7 1 8 2 3 6  
  178 21 7 23 14 15 20  
  179 8 1 12 3 4 10  
  180 8 12 27 10 19 17  
  181 7 8 23 6 11 15  
  182 27 12 41 19 28 32  
  183 8 27 26 17 24 16  
  184 21 23 40 20 30 31  
  185 26 27 47 24 36 35  
  186 8 26 23 16 22 11  
  187 47 27 41 36 32 43  
  188 26 47 46 35 45 37  
  189 754 737 710 745 724 734  
  190 754 710 729 734 720 742  
  191 729 710 685 720 697 707  
  192 754 729 771 742 750 763  
  193 75 108 89 90 94 79  
  194 71 40 58 56 50 62  
  195 801 776 808 789 793 804  
  196 116 92 85 103 88 101  
  197 776 754 791 766 773 784  
  198 92 75 61 80 69 76  
  199 60 71 97 65 84 78  
  200 765 801 788 783 795 775  
  201 127 116 157 122 135 141  
  202 157 116 149 135 132 153  
  203 149 116 110 132 113 130  
  204 157 149 194 153 171 175  
  205 752 765 788 756 775 772  
  206 752 788 774 772 782 764  
  207 754 771 791 763 781 773  
  208 791 771 802 781 786 797  
  209 802 771 787 786 780 794  
  210 791 802 819 797 811 806  
  211 157 194 205 175 198 180  
  212 729 685 704 707 693 718  
  213 149 110 146 130 129 145  
  214 685 710 661 697 688 674  
  215 771 729 748 750 739 760  
  216 110 116 85 113 101 96  
  217 110 85 83 96 81 95  
  218 83 85 46 81 66 64  
  219 110 83 115 95 98 112  
  220 194 149 189 171 168 191  
  221 108 128 89 117 107 94  
  222 89 128 114 107 120 102  
  223 802 787 826 794 810 818  
  224 791 819 808 806 813 800  
  225 110 115 146 112 131 129  
  226 146 115 154 131 134 152  
  227 154 115 123 134 121 140  
  228 146 154 193 152 174 170  
  229 787 771 748 780 760 768  
  230 787 748 769 768 759 778  
  231 769 748 728 759 738 749  
  232 787 769 815 778 796 803  
  233 819 802 826 811 818 822  
  234 115 83 87 98 82 99  
  235 123 115 87 121 99 105  
  236 123 87 104 105 93 111  
  237 193 154 210 174 182 200  
  238 728 748 704 738 727 716  
  239 728 704 683 716 692 706  
  240 154 123 165 140 144 161  
  241 146 193 189 170 190 167  
  242 189 193 231 190 212 209  
  243 769 728 753 749 740 762  
  244 584 548 529 568 538 558  
  245 617 584 638 601 612 629  
  246 808 819 837 813 829 824  
  247 661 638 615 652 627 636  
  248 515 500 566 507 536 541  
  249 515 566 553 541 561 534  
  250 553 566 603 561 583 579  
  251 515 553 496 534 528 504  
  252 603 610 642 605 626 624  
  253 553 603 595 579 597 576  
  254 496 553 543 528 550 520  
  255 515 496 458 504 478 487  
  256 344 396 348 370 371 343  
  257 364 322 308 341 314 336  
  258 710 691 661 703 676 688  
  259 205 173 157 188 164 180  
  260 418 381 364 399 367 391  
  261 402 344 324 372 337 363  
  262 324 344 291 337 318 306  
  263 291 344 348 318 343 317  
  264 324 291 274 306 283 298  
  265 274 291 231 283 264 253  
  266 324 274 329 298 299 326  
  267 221 205 252 213 228 239  
  268 435 418 475 430 449 457  
  269 46 47 83 45 63 64  
  270 85 92 61 88 76 72  
  271 231 193 240 212 216 234  
  272 58 40 48 50 42 52  
  273 61 75 48 69 59 53  
  274 194 189 232 191 211 214  
  275 788 801 825 795 814 809  
  276 748 729 704 739 718 727  
  277 683 704 654 692 678 668  
  278 808 776 791 793 784 800  
  279 704 685 654 693 669 678  
  280 26 46 23 37 33 22  
  281 149 146 189 145 167 168  
  282 71 58 89 62 73 77  
  283 189 231 232 209 230 211  
  284 75 89 58 79 73 68  
  285 728 683 709 706 696 719  
  286 801 808 821 804 816 812  
  287 87 83 47 82 63 67  
  288 584 529 562 558 546 577  
  289 252 205 243 228 223 247  
  290 154 165 210 161 187 182  
  291 553 595 543 576 570 550  
  292 475 418 470 449 446 472  
  293 193 210 240 200 225 216  
  294 240 210 279 225 246 257  
  295 240 279 274 257 277 255  
  296 240 274 231 255 253 234  
  297 661 615 632 636 625 648  
  298 364 308 355 336 331 359  
  299 769 753 799 762 777 785  
  300 496 543 470 520 509 486  
  301 615 638 584 627 612 600  
  302 615 584 562 600 577 590  
  303 308 322 252 314 286 280  
  304 753 728 709 740 719 732  
  305 753 709 743 732 725 747  
  306 435 475 491 457 485 464  
  307 165 123 155 144 139 159  
  308 165 155 202 159 179 183  
  309 165 202 210 183 204 187  
  310 595 603 635 597 622 616  
  311 221 252 281 239 266 250  
  312 529 548 473 538 513 498  
  313 348 396 405 371 400 375  
  314 709 683 659 696 671 686  
  315 243 205 194 223 198 218  
  316 355 308 303 331 305 327  
  317 659 683 633 671 655 647  
  318 303 308 243 305 275 270  
  319 355 303 348 327 323 350  
  320 633 683 654 655 668 646  
  321 821 808 837 816 824 831  
  322 632 615 562 625 590 599  
  323 405 396 458 400 431 433  
  324 48 75 58 59 68 52  
  325 48 40 23 42 30 34  
  326 470 418 412 446 414 439  
  327 412 418 364 414 391 387  
  328 470 412 444 439 429 459  
  329 444 412 405 429 407 424  
  330 470 444 496 459 471 486  
  331 496 444 458 471 451 478  
  332 635 603 642 622 624 637  
  333 562 529 525 546 524 545  
  334 491 529 473 511 498 483  
  335 491 475 525 485 499 510  
  336 525 475 518 499 495 521  
  337 491 525 529 510 524 511  
  338 562 525 580 545 555 573  
  339 580 525 518 555 521 551  
  340 562 580 632 573 608 599  
  341 518 475 470 495 472 494  
  342 709 659 681 686 670 695  
  343 681 659 635 670 651 658  
  344 635 659 595 651 628 616  
  345 709 681 743 695 712 725  
  346 194 232 243 214 237 218  
  347 252 243 308 247 275 280  
  348 364 355 412 359 383 387  
  349 801 821 825 812 823 814  
  350 661 632 685 648 656 674  
  351 348 405 355 375 378 350  
  352 61 48 46 53 44 54  
  353 61 46 85 54 66 72  
  354 435 491 473 464 483 455  
  355 659 633 595 647 614 628  
  356 518 470 543 494 509 531  
  357 633 654 580 646 620 606  
  358 779 799 753 790 777 767  
  359 779 753 743 767 747 761  
  360 543 595 587 570 591 565  
  361 587 595 633 591 614 611  
  362 587 633 580 611 606 582  
  363 543 587 518 565 554 531  
  364 243 232 303 237 267 270  
  365 654 685 632 669 656 645  
  366 232 231 291 230 264 263  
  367 97 71 114 84 91 106  
  368 654 632 580 645 608 620  
  369 41 70 47 55 57 43  
  370 47 70 87 57 74 67  
  371 87 70 104 74 86 93  
  372 412 355 405 383 378 407  
  373 833 825 821 830 823 828  
  374 833 821 837 828 831 835  
  375 23 46 48 33 44 34  
  376 681 635 642 658 637 660  
  377 799 815 769 807 796 785  
  378 571 619 578 596 598 575  
  379 805 774 788 792 782 798  
  380 348 303 291 323 294 317  
  381 405 458 444 433 451 424  
  382 805 788 825 798 809 817  
  383 322 281 252 300 266 286  
  384 587 580 518 582 551 554  
  385 642 701 681 672 690 660  
  386 155 123 104 139 111 126  
  387 260 279 210 268 246 235  
  388 743 681 701 712 690 722  
  389 826 834 819 832 827 822  
  390 819 834 837 827 836 829  
  391 815 826 787 820 810 803  
  392 89 114 71 102 91 77  
  393 202 260 210 229 235 204  
  394 303 232 291 267 263 294  
  END_ELEMENTS  
  COORDINATES  
   1   5.406780e+00 -4.134105e+00   
   2   5.330975e+00 -3.966850e+00   
   3   5.537782e+00 -3.994281e+00   
   4   5.661017e+00 -4.113053e+00   
   5   5.164304e+00 -4.046851e+00   
   6   5.461977e+00 -3.827026e+00   
   7   5.255170e+00 -3.799594e+00   
   8   5.668784e+00 -3.854457e+00   
   9   5.088499e+00 -3.879595e+00   
   10   5.792019e+00 -3.973229e+00   
   11   5.492065e+00 -3.643992e+00   
   12   5.915254e+00 -4.092001e+00   
   13   4.921828e+00 -3.959596e+00   
   14   5.109139e+00 -3.707941e+00   
   15   5.285258e+00 -3.616560e+00   
   16   5.701123e+00 -3.658791e+00   
   17   5.850597e+00 -3.789131e+00   
   18   4.942468e+00 -3.787941e+00   
   19   5.973832e+00 -3.907903e+00   
   20   5.139228e+00 -3.524907e+00   
   21   4.963109e+00 -3.616287e+00   
   22   5.524405e+00 -3.448326e+00   
   23   5.315347e+00 -3.433527e+00   
   24   5.882937e+00 -3.593465e+00   
   25   4.743067e+00 -3.797980e+00   
   26   5.733463e+00 -3.463126e+00   
   27   6.032410e+00 -3.723805e+00   
   28   6.169492e+00 -3.980310e+00   
   29   4.763708e+00 -3.626325e+00   
   30   5.078950e+00 -3.350859e+00   
   31   4.902831e+00 -3.442239e+00   
   32   6.228069e+00 -3.796212e+00   
   33   5.561955e+00 -3.251989e+00   
   34   5.292365e+00 -3.218528e+00   
   35   5.988936e+00 -3.412979e+00   
   36   6.138409e+00 -3.543319e+00   
   37   5.771013e+00 -3.266789e+00   
   38   4.564307e+00 -3.636364e+00   
   39   4.703429e+00 -3.452278e+00   
   40   4.842552e+00 -3.268191e+00   
   41   6.423729e+00 -3.868619e+00   
   42   5.055967e+00 -3.135861e+00   
   43   6.334069e+00 -3.615725e+00   
   44   5.538973e+00 -3.036991e+00   
   45   6.026486e+00 -3.216642e+00   
   46   5.808564e+00 -3.070452e+00   
   47   6.244409e+00 -3.362832e+00   
   48   5.269382e+00 -3.003530e+00   
   49   4.456295e+00 -3.474747e+00   
   50   4.880308e+00 -3.095179e+00   
   51   4.595418e+00 -3.290661e+00   
   52   5.093722e+00 -2.962848e+00   
   53   5.437985e+00 -2.895993e+00   
   54   5.707575e+00 -2.929454e+00   
   55   6.593220e+00 -3.746506e+00   
   56   4.680964e+00 -3.110263e+00   
   57   6.503560e+00 -3.493613e+00   
   58   4.918063e+00 -2.922167e+00   
   59   5.260631e+00 -2.803744e+00   
   60   4.348283e+00 -3.313131e+00   
   61   5.606587e+00 -2.788455e+00   
   62   4.718719e+00 -2.937251e+00   
   63   6.272394e+00 -3.056073e+00   
   64   6.054472e+00 -2.909883e+00   
   65   4.433829e+00 -3.132733e+00   
   66   5.877563e+00 -2.818592e+00   
   67   6.458155e+00 -3.204010e+00   
   68   5.084971e+00 -2.763062e+00   
   69   5.429233e+00 -2.696207e+00   
   70   6.762712e+00 -3.624394e+00   
   71   4.519375e+00 -2.952335e+00   
   72   5.776574e+00 -2.677593e+00   
   73   4.897069e+00 -2.716142e+00   
   74   6.717307e+00 -3.334791e+00   
   75   5.251879e+00 -2.603958e+00   
   76   5.597489e+00 -2.588752e+00   
   77   4.697725e+00 -2.731226e+00   
   78   4.238776e+00 -3.070707e+00   
   79   5.063977e+00 -2.557038e+00   
   80   5.420135e+00 -2.496503e+00   
   81   6.123471e+00 -2.658023e+00   
   82   6.486141e+00 -2.897252e+00   
   83   6.300380e+00 -2.749315e+00   
   84   4.324322e+00 -2.890309e+00   
   85   5.946562e+00 -2.566731e+00   
   86   6.932203e+00 -3.459302e+00   
   87   6.671902e+00 -3.045189e+00   
   88   5.767477e+00 -2.477890e+00   
   89   4.876075e+00 -2.510118e+00   
   90   5.244192e+00 -2.404465e+00   
   91   4.482963e+00 -2.659482e+00   
   92   5.588392e+00 -2.389048e+00   
   93   6.886799e+00 -3.169700e+00   
   94   5.056290e+00 -2.357544e+00   
   95   6.287767e+00 -2.550639e+00   
   96   6.110858e+00 -2.459347e+00   
   97   4.129268e+00 -2.828283e+00   
   98   6.466931e+00 -2.639003e+00   
   99   6.652692e+00 -2.786940e+00   
   100   5.412448e+00 -2.297010e+00   
   101   5.933648e+00 -2.367238e+00   
   102   4.661313e+00 -2.438374e+00   
   103   5.754564e+00 -2.278397e+00   
   104   7.101695e+00 -3.294210e+00   
   105   6.830319e+00 -2.878440e+00   
   106   4.287909e+00 -2.597456e+00   
   107   4.868072e+00 -2.283484e+00   
   108   5.236505e+00 -2.204971e+00   
   109   5.575102e+00 -2.190931e+00   
   110   6.275154e+00 -2.351964e+00   
   111   7.045216e+00 -3.002950e+00   
   112   6.454318e+00 -2.440327e+00   
   113   6.097945e+00 -2.259854e+00   
   114   4.446550e+00 -2.366629e+00   
   115   6.633481e+00 -2.528691e+00   
   116   5.920735e+00 -2.167745e+00   
   117   5.048287e+00 -2.130910e+00   
   118   5.399158e+00 -2.098892e+00   
   119   4.054616e+00 -2.585859e+00   
   120   4.653309e+00 -2.211739e+00   
   121   6.811109e+00 -2.620191e+00   
   122   5.741273e+00 -2.080279e+00   
   123   6.988736e+00 -2.711691e+00   
   124   5.222787e+00 -2.005680e+00   
   125   4.213257e+00 -2.355032e+00   
   126   7.271186e+00 -3.075778e+00   
   127   5.561812e+00 -1.992813e+00   
   128   4.860068e+00 -2.056849e+00   
   129   6.443243e+00 -2.243714e+00   
   130   6.265340e+00 -2.152487e+00   
   131   6.622407e+00 -2.332078e+00   
   132   6.088131e+00 -2.060378e+00   
   133   4.335059e+00 -2.204220e+00   
   134   6.800875e+00 -2.420644e+00   
   135   5.909672e+00 -1.972619e+00   
   136   4.492040e+00 -2.100103e+00   
   137   5.034569e+00 -1.931619e+00   
   138   5.385440e+00 -1.899601e+00   
   139   7.214707e+00 -2.784518e+00   
   140   6.978502e+00 -2.512144e+00   
   141   5.730210e+00 -1.885153e+00   
   142   3.979964e+00 -2.343434e+00   
   143   4.698799e+00 -1.945213e+00   
   144   7.129621e+00 -2.603708e+00   
   145   6.433429e+00 -2.044238e+00   
   146   6.611332e+00 -2.135465e+00   
   147   5.209069e+00 -1.806389e+00   
   148   4.101767e+00 -2.192622e+00   
   149   6.255527e+00 -1.953010e+00   
   150   5.552571e+00 -1.793540e+00   
   151   4.854501e+00 -1.846787e+00   
   152   6.789800e+00 -2.224031e+00   
   153   6.077068e+00 -1.865251e+00   
   154   6.968269e+00 -2.312597e+00   
   155   7.440678e+00 -2.857346e+00   
   156   4.223569e+00 -2.041810e+00   
   157   5.898609e+00 -1.777493e+00   
   158   4.380550e+00 -1.937693e+00   
   159   7.355592e+00 -2.676536e+00   
   160   5.376199e+00 -1.700327e+00   
   161   7.119387e+00 -2.404161e+00   
   162   5.029002e+00 -1.721557e+00   
   163   4.537531e+00 -1.833577e+00   
   164   5.720969e+00 -1.685879e+00   
   165   7.270505e+00 -2.495725e+00   
   166   4.693232e+00 -1.735151e+00   
   167   6.599881e+00 -1.933486e+00   
   168   6.421978e+00 -1.842259e+00   
   169   3.927245e+00 -2.101010e+00   
   170   6.777561e+00 -2.024597e+00   
   171   6.242731e+00 -1.753702e+00   
   172   5.197546e+00 -1.615094e+00   
   173   5.543330e+00 -1.594266e+00   
   174   6.956029e+00 -2.113163e+00   
   175   6.064272e+00 -1.665944e+00   
   176   4.848934e+00 -1.636725e+00   
   177   4.049047e+00 -1.950198e+00   
   178   4.205411e+00 -1.845543e+00   
   179   7.546867e+00 -2.681198e+00   
   180   5.886328e+00 -1.573605e+00   
   181   4.362391e+00 -1.741426e+00   
   182   7.174494e+00 -2.194839e+00   
   183   7.461780e+00 -2.500388e+00   
   184   5.364677e+00 -1.509033e+00   
   185   5.017479e+00 -1.530263e+00   
   186   4.522393e+00 -1.636254e+00   
   187   7.325612e+00 -2.286403e+00   
   188   5.708688e+00 -1.481992e+00   
   189   6.588429e+00 -1.731507e+00   
   190   6.766109e+00 -1.822618e+00   
   191   6.409182e+00 -1.642951e+00   
   192   4.678095e+00 -1.537828e+00   
   193   6.943789e+00 -1.913729e+00   
   194   6.229934e+00 -1.554395e+00   
   195   5.186024e+00 -1.423800e+00   
   196   5.528584e+00 -1.395324e+00   
   197   3.874526e+00 -1.858586e+00   
   198   6.051991e+00 -1.462056e+00   
   199   4.030889e+00 -1.753931e+00   
   200   7.162254e+00 -1.995405e+00   
   201   4.187252e+00 -1.649276e+00   
   202   7.653055e+00 -2.505051e+00   
   203   4.347254e+00 -1.544103e+00   
   204   7.516887e+00 -2.291065e+00   
   205   5.874047e+00 -1.369718e+00   
   206   4.804431e+00 -1.391591e+00   
   207   5.349931e+00 -1.310091e+00   
   208   4.507256e+00 -1.438931e+00   
   209   6.756300e+00 -1.622939e+00   
   210   7.380719e+00 -2.077080e+00   
   211   6.575524e+00 -1.531942e+00   
   212   6.933981e+00 -1.714050e+00   
   213   5.693943e+00 -1.283050e+00   
   214   6.396277e+00 -1.443385e+00   
   215   4.972976e+00 -1.285128e+00   
   216   7.111882e+00 -1.805391e+00   
   217   3.851564e+00 -1.696970e+00   
   218   6.217237e+00 -1.349405e+00   
   219   4.007927e+00 -1.592315e+00   
   220   4.164290e+00 -1.487659e+00   
   221   5.513839e+00 -1.196382e+00   
   222   4.633592e+00 -1.292694e+00   
   223   6.039294e+00 -1.257067e+00   
   224   4.324292e+00 -1.382487e+00   
   225   7.330346e+00 -1.887067e+00   
   226   5.140756e+00 -1.157727e+00   
   227   4.487493e+00 -1.287026e+00   
   228   5.859100e+00 -1.170309e+00   
   229   7.768481e+00 -2.262626e+00   
   230   6.743396e+00 -1.423374e+00   
   231   6.924172e+00 -1.514371e+00   
   232   6.562620e+00 -1.332376e+00   
   233   3.828601e+00 -1.535354e+00   
   234   7.102073e+00 -1.605713e+00   
   235   7.632313e+00 -2.048641e+00   
   236   3.984965e+00 -1.430698e+00   
   237   6.383580e+00 -1.238396e+00   
   238   4.759928e+00 -1.146457e+00   
   239   5.678995e+00 -1.083641e+00   
   240   7.279974e+00 -1.697054e+00   
   241   4.141328e+00 -1.326043e+00   
   242   5.304664e+00 -1.044018e+00   
   243   6.204541e+00 -1.144416e+00   
   244   4.613829e+00 -1.140789e+00   
   245   4.304529e+00 -1.230582e+00   
   246   7.523125e+00 -1.836143e+00   
   247   6.024346e+00 -1.057658e+00   
   248   4.467729e+00 -1.135121e+00   
   249   4.927708e+00 -1.019055e+00   
   250   5.482225e+00 -9.535426e-01   
   251   3.805639e+00 -1.373737e+00   
   252   5.844152e+00 -9.709008e-01   
   253   7.128148e+00 -1.443175e+00   
   254   3.962003e+00 -1.269082e+00   
   255   7.306049e+00 -1.534517e+00   
   256   4.123675e+00 -1.175454e+00   
   257   7.472752e+00 -1.646130e+00   
   258   4.599505e+00 -9.916617e-01   
   259   4.286875e+00 -1.079993e+00   
   260   7.883907e+00 -2.020202e+00   
   261   5.095489e+00 -8.916534e-01   
   262   4.762296e+00 -9.292746e-01   
   263   6.832391e+00 -1.188720e+00   
   264   7.013167e+00 -1.279717e+00   
   265   4.453405e+00 -9.859940e-01   
   266   5.647382e+00 -8.408022e-01   
   267   6.546571e+00 -1.027951e+00   
   268   7.774719e+00 -1.807704e+00   
   269   5.273050e+00 -8.011784e-01   
   270   6.367531e+00 -9.339711e-01   
   271   3.782677e+00 -1.212121e+00   
   272   3.944349e+00 -1.118493e+00   
   273   4.930077e+00 -8.018730e-01   
   274   7.332125e+00 -1.371980e+00   
   275   6.183417e+00 -8.558595e-01   
   276   4.106022e+00 -1.024865e+00   
   277   7.498828e+00 -1.483592e+00   
   278   4.272551e+00 -9.308658e-01   
   279   7.665531e+00 -1.595205e+00   
   280   6.003223e+00 -7.691019e-01   
   281   5.450611e+00 -7.107035e-01   
   282   4.439081e+00 -8.368666e-01   
   283   7.217143e+00 -1.208522e+00   
   284   5.104569e+00 -6.947467e-01   
   285   4.601873e+00 -7.744796e-01   
   286   5.819164e+00 -6.909272e-01   
   287   7.969590e+00 -1.777778e+00   
   288   4.764664e+00 -7.120926e-01   
   289   3.770333e+00 -1.050505e+00   
   290   3.932005e+00 -9.568769e-01   
   291   7.102161e+00 -1.045063e+00   
   292   4.093677e+00 -8.632488e-01   
   293   5.282130e+00 -6.042717e-01   
   294   6.816341e+00 -8.842948e-01   
   295   7.860402e+00 -1.565279e+00   
   296   4.260207e+00 -7.692496e-01   
   297   4.939156e+00 -6.049663e-01   
   298   7.415715e+00 -1.190453e+00   
   299   7.579639e+00 -1.303759e+00   
   300   5.622393e+00 -5.608285e-01   
   301   4.429285e+00 -6.842953e-01   
   302   7.746342e+00 -1.415372e+00   
   303   6.530521e+00 -7.235260e-01   
   304   4.592077e+00 -6.219083e-01   
   305   6.346407e+00 -6.454145e-01   
   306   7.300733e+00 -1.026995e+00   
   307   3.757988e+00 -8.888889e-01   
   308   6.162294e+00 -5.673029e-01   
   309   5.113648e+00 -4.978400e-01   
   310   4.762507e+00 -5.400536e-01   
   311   5.439212e+00 -4.816392e-01   
   312   3.919661e+00 -7.952608e-01   
   313   4.081333e+00 -7.016326e-01   
   314   5.978234e+00 -4.891282e-01   
   315   4.250411e+00 -6.166783e-01   
   316   8.055274e+00 -1.535354e+00   
   317   7.009225e+00 -7.748016e-01   
   318   7.187714e+00 -8.649578e-01   
   319   4.936999e+00 -4.329273e-01   
   320   4.419489e+00 -5.317240e-01   
   321   7.941214e+00 -1.385446e+00   
   322   5.794175e+00 -4.109535e-01   
   323   6.723405e+00 -6.140329e-01   
   324   7.499305e+00 -1.008926e+00   
   325   5.270731e+00 -3.752074e-01   
   326   7.663230e+00 -1.122233e+00   
   327   6.506105e+00 -5.250237e-01   
   328   4.589919e+00 -4.498693e-01   
   329   7.827154e+00 -1.235539e+00   
   330   3.745644e+00 -7.272727e-01   
   331   6.321991e+00 -4.469122e-01   
   332   5.610994e+00 -3.317642e-01   
   333   3.907316e+00 -6.336446e-01   
   334   4.760349e+00 -3.680146e-01   
   335   4.073533e+00 -5.494559e-01   
   336   6.137872e+00 -3.688270e-01   
   337   7.386286e+00 -8.468891e-01   
   338   5.085065e+00 -3.028076e-01   
   339   4.242611e+00 -4.645015e-01   
   340   5.427813e+00 -2.525748e-01   
   341   5.953812e+00 -2.906523e-01   
   342   4.414154e+00 -3.802055e-01   
   343   7.094778e+00 -5.946959e-01   
   344   7.273267e+00 -6.848522e-01   
   345   4.584584e+00 -2.983509e-01   
   346   8.115222e+00 -1.292929e+00   
   347   4.908415e+00 -2.378949e-01   
   348   6.916289e+00 -5.045397e-01   
   349   7.680464e+00 -9.259134e-01   
   350   6.698989e+00 -4.155305e-01   
   351   5.769663e+00 -2.128998e-01   
   352   7.844388e+00 -1.039220e+00   
   353   3.733300e+00 -5.656566e-01   
   354   3.899516e+00 -4.814678e-01   
   355   6.481689e+00 -3.265214e-01   
   356   5.242147e+00 -1.801750e-01   
   357   8.001162e+00 -1.143022e+00   
   358   4.065733e+00 -3.972791e-01   
   359   6.297569e+00 -2.484362e-01   
   360   4.237276e+00 -3.129831e-01   
   361   5.586482e+00 -1.337104e-01   
   362   4.736285e+00 -1.721637e-01   
   363   7.553298e+00 -7.371030e-01   
   364   6.113450e+00 -1.703510e-01   
   365   4.408818e+00 -2.286871e-01   
   366   5.056481e+00 -1.077751e-01   
   367   5.929300e+00 -9.259854e-02   
   368   5.392165e+00 -4.866840e-02   
   369   3.730044e+00 -4.040404e-01   
   370   7.262164e+00 -4.852963e-01   
   371   7.083675e+00 -3.951401e-01   
   372   7.440278e+00 -5.750660e-01   
   373   3.896261e+00 -3.198517e-01   
   374   7.861623e+00 -8.429006e-01   
   375   6.905223e+00 -3.048545e-01   
   376   4.560520e+00 -1.024999e-01   
   377   8.018397e+00 -9.467028e-01   
   378   6.687923e+00 -2.158454e-01   
   379   4.062478e+00 -2.356629e-01   
   380   4.884351e+00 -4.204395e-02   
   381   5.745151e+00 -1.484606e-02   
   382   8.175171e+00 -1.050505e+00   
   383   6.456197e+00 -1.202158e-01   
   384   4.234021e+00 -1.513669e-01   
   385   5.206499e+00  2.373148e-02   
   386   4.407770e+00 -7.632636e-02   
   387   6.272077e+00 -4.213062e-02   
   388   7.734456e+00 -6.540902e-01   
   389   5.550834e+00  7.019599e-02   
   390   4.712222e+00  2.368719e-02   
   391   6.086085e+00  3.139748e-02   
   392   5.032206e+00  8.689906e-02   
   393   3.726789e+00 -2.424242e-01   
   394   3.893006e+00 -1.582355e-01   
   395   8.040538e+00 -7.850867e-01   
   396   7.251062e+00 -2.857405e-01   
   397   7.429176e+00 -3.755102e-01   
   398   4.559472e+00  4.986078e-02   
   399   5.901936e+00  1.091500e-01   
   400   7.072610e+00 -1.954549e-01   
   401   4.059223e+00 -7.404676e-02   
   402   7.607290e+00 -4.652799e-01   
   403   8.197312e+00 -8.888889e-01   
   404   5.356516e+00  1.552380e-01   
   405   6.894158e+00 -1.051694e-01   
   406   4.232973e+00  9.937984e-04   
   407   6.662431e+00 -9.539795e-03   
   408   4.860076e+00  1.526302e-01   
   409   4.406722e+00  7.603436e-02   
   410   5.716021e+00  1.825813e-01   
   411   7.915072e+00 -5.918398e-01   
   412   6.430704e+00  8.608978e-02   
   413   5.182224e+00  2.184056e-01   
   414   6.244712e+00  1.596179e-01   
   415   3.723534e+00 -8.080808e-02   
   416   5.521704e+00  2.676233e-01   
   417   3.889751e+00  3.380659e-03   
   418   6.058721e+00  2.331460e-01   
   419   4.562653e+00  2.023635e-01   
   420   8.219452e+00 -7.272727e-01   
   421   4.060321e+00  7.852735e-02   
   422   7.787906e+00 -4.030294e-01   
   423   5.007931e+00  2.815732e-01   
   424   6.832119e+00  6.908137e-02   
   425   7.418889e+00 -1.779575e-01   
   426   7.597003e+00 -2.677272e-01   
   427   4.234071e+00  1.535679e-01   
   428   4.739397e+00  2.693094e-01   
   429   6.600393e+00  1.647109e-01   
   430   5.872806e+00  3.065773e-01   
   431   7.254503e+00 -6.499516e-02   
   432   4.409903e+00  2.285371e-01   
   433   7.076051e+00  2.529038e-02   
   434   8.093987e+00 -5.340258e-01   
   435   5.686891e+00  3.800087e-01   
   436   5.285674e+00  4.001402e-01   
   437   3.720279e+00  8.080808e-02   
   438   3.890849e+00  1.559548e-01   
   439   6.444282e+00  3.024914e-01   
   440   8.241593e+00 -5.656566e-01   
   441   4.887251e+00  3.982524e-01   
   442   4.061419e+00  2.311015e-01   
   443   7.968522e+00 -3.407789e-01   
   444   6.770081e+00  2.433321e-01   
   445   7.777619e+00 -2.054767e-01   
   446   6.258290e+00  3.760195e-01   
   447   4.237251e+00  3.060707e-01   
   448   5.111381e+00  4.633078e-01   
   449   6.029391e+00  4.309563e-01   
   450   7.586717e+00 -7.017452e-02   
   451   7.014013e+00  1.995411e-01   
   452   4.413084e+00  3.810399e-01   
   453   8.116128e+00 -3.724097e-01   
   454   7.422331e+00  4.278781e-02   
   455   5.450861e+00  5.125255e-01   
   456   4.589827e+00  4.479857e-01   
   457   5.843476e+00  5.043876e-01   
   458   7.257945e+00  1.557501e-01   
   459   6.613970e+00  3.811126e-01   
   460   3.725730e+00  2.424242e-01   
   461   4.766571e+00  5.149315e-01   
   462   8.263734e+00 -4.040404e-01   
   463   3.896300e+00  3.175709e-01   
   464   5.657453e+00  5.778235e-01   
   465   4.066870e+00  3.927176e-01   
   466   4.990702e+00  5.799869e-01   
   467   4.242703e+00  4.676868e-01   
   468   4.420588e+00  5.321168e-01   
   469   8.118648e+00 -2.107935e-01   
   470   6.457859e+00  5.188930e-01   
   471   6.832813e+00  4.207794e-01   
   472   6.228960e+00  5.738298e-01   
   473   5.214832e+00  6.450424e-01   
   474   7.603157e+00  1.269615e-01   
   475   6.000062e+00  6.287666e-01   
   476   4.597332e+00  5.990626e-01   
   477   7.970295e+00 -6.787758e-02   
   478   7.076745e+00  3.769884e-01   
   479   7.438771e+00  2.399238e-01   
   480   7.779392e+00  6.742462e-02   
   481   8.266254e+00 -2.424242e-01   
   482   3.731181e+00  4.040404e-01   
   483   5.421424e+00  7.103404e-01   
   484   3.901752e+00  4.791871e-01   
   485   5.814039e+00  7.022025e-01   
   486   6.676702e+00  5.585598e-01   
   487   7.275263e+00  3.548629e-01   
   488   4.072322e+00  5.543338e-01   
   489   4.759053e+00  7.120952e-01   
   490   4.250207e+00  6.187638e-01   
   491   5.628016e+00  7.756384e-01   
   492   4.428092e+00  6.831937e-01   
   493   4.983183e+00  7.771506e-01   
   494   6.385576e+00  6.982133e-01   
   495   6.156678e+00  7.531501e-01   
   496   6.895545e+00  5.982266e-01   
   497   8.268774e+00 -8.080808e-02   
   498   5.326910e+00  8.309049e-01   
   499   5.936705e+00  8.091627e-01   
   500   7.619596e+00  3.240975e-01   
   501   3.736633e+00  5.656566e-01   
   502   8.120421e+00  6.210784e-02   
   503   4.589813e+00  7.962263e-01   
   504   7.094063e+00  5.761011e-01   
   505   3.907203e+00  6.408033e-01   
   506   7.795832e+00  2.645606e-01   
   507   7.456089e+00  4.390366e-01   
   508   4.082449e+00  7.062375e-01   
   509   6.597233e+00  7.420249e-01   
   510   5.750682e+00  8.825987e-01   
   511   5.533502e+00  8.962029e-01   
   512   4.260334e+00  7.706675e-01   
   513   5.138800e+00  8.987202e-01   
   514   7.972068e+00  2.050238e-01   
   515   7.292581e+00  5.539756e-01   
   516   4.440219e+00  8.356769e-01   
   517   4.751534e+00  9.092588e-01   
   518   6.313294e+00  8.775336e-01   
   519   8.271293e+00  8.080808e-02   
   520   6.816076e+00  7.816916e-01   
   521   6.093321e+00  9.335462e-01   
   522   8.122940e+00  2.237240e-01   
   523   3.742084e+00  7.272727e-01   
   524   5.656168e+00  1.003163e+00   
   525   5.873348e+00  9.895589e-01   
   526   4.601940e+00  9.487094e-01   
   527   3.917330e+00  7.927070e-01   
   528   7.014670e+00  7.585639e-01   
   529   5.438989e+00  1.016767e+00   
   530   4.092576e+00  8.581412e-01   
   531   6.524950e+00  9.213451e-01   
   532   4.272461e+00  9.231506e-01   
   533   4.907151e+00  1.030828e+00   
   534   7.213188e+00  7.364384e-01   
   535   7.752782e+00  5.076294e-01   
   536   7.573979e+00  5.955135e-01   
   537   4.452346e+00  9.881600e-01   
   538   5.250879e+00  1.084583e+00   
   539   7.929017e+00  4.480925e-01   
   540   8.273813e+00  2.424242e-01   
   541   7.410471e+00  7.104525e-01   
   542   8.105555e+00  3.853402e-01   
   543   6.736607e+00  9.651567e-01   
   544   4.720904e+00  1.096463e+00   
   545   5.808899e+00  1.132273e+00   
   546   5.591719e+00  1.145878e+00   
   547   3.756887e+00  8.888889e-01   
   548   5.062768e+00  1.152398e+00   
   549   3.932134e+00  9.543231e-01   
   550   6.935201e+00  9.420289e-01   
   551   6.214287e+00  1.120597e+00   
   552   4.571310e+00  1.135914e+00   
   553   7.133796e+00  9.189011e-01   
   554   6.447406e+00  1.106261e+00   
   555   5.994314e+00  1.176609e+00   
   556   4.148349e+00  1.059120e+00   
   557   8.256427e+00  4.040404e-01   
   558   5.391673e+00  1.230712e+00   
   559   4.328234e+00  1.124129e+00   
   560   4.876521e+00  1.218033e+00   
   561   7.331079e+00  8.929153e-01   
   562   5.744450e+00  1.274988e+00   
   563   7.885967e+00  6.911613e-01   
   564   7.707164e+00  7.790454e-01   
   565   6.659063e+00  1.150073e+00   
   566   7.528362e+00  8.669294e-01   
   567   3.771691e+00  1.050505e+00   
   568   5.203563e+00  1.298527e+00   
   569   8.062504e+00  6.284089e-01   
   570   6.858194e+00  1.126541e+00   
   571   4.690274e+00  1.283668e+00   
   572   3.987906e+00  1.155302e+00   
   573   5.929865e+00  1.319324e+00   
   574   8.239041e+00  5.656566e-01   
   575   4.447198e+00  1.271883e+00   
   576   7.056789e+00  1.103413e+00   
   577   5.544404e+00  1.359822e+00   
   578   4.204122e+00  1.260098e+00   
   579   7.255056e+00  1.077630e+00   
   580   6.115281e+00  1.363660e+00   
   581   4.993873e+00  1.410664e+00   
   582   6.348400e+00  1.349324e+00   
   583   7.452339e+00  1.051644e+00   
   584   5.344358e+00  1.444657e+00   
   585   3.786494e+00  1.212121e+00   
   586   8.045118e+00  7.900251e-01   
   587   6.581519e+00  1.334989e+00   
   588   7.874147e+00  8.877221e-01   
   589   7.695345e+00  9.756061e-01   
   590   5.664223e+00  1.471622e+00   
   591   6.780651e+00  1.311457e+00   
   592   8.221656e+00  7.272727e-01   
   593   4.002710e+00  1.316918e+00   
   594   4.807626e+00  1.476299e+00   
   595   6.979782e+00  1.287925e+00   
   596   4.577894e+00  1.460942e+00   
   597   7.178049e+00  1.262142e+00   
   598   4.334818e+00  1.449158e+00   
   599   5.852770e+00  1.538304e+00   
   600   5.464177e+00  1.556457e+00   
   601   5.134668e+00  1.556794e+00   
   602   4.168576e+00  1.428033e+00   
   603   7.376317e+00  1.236359e+00   
   604   3.801297e+00  1.373737e+00   
   605   7.619322e+00  1.160321e+00   
   606   6.385026e+00  1.531031e+00   
   607   8.204270e+00  8.888889e-01   
   608   6.038186e+00  1.582640e+00   
   609   8.033299e+00  9.865858e-01   
   610   7.862328e+00  1.084283e+00   
   611   6.618146e+00  1.516696e+00   
   612   5.327663e+00  1.665629e+00   
   613   3.967164e+00  1.484853e+00   
   614   6.817277e+00  1.493164e+00   
   615   5.583996e+00  1.668256e+00   
   616   7.139992e+00  1.424211e+00   
   617   4.924978e+00  1.668931e+00   
   618   4.695245e+00  1.653574e+00   
   619   4.465513e+00  1.638217e+00   
   620   6.229405e+00  1.656916e+00   
   621   4.299272e+00  1.617093e+00   
   622   7.338259e+00  1.398428e+00   
   623   4.133030e+00  1.595968e+00   
   624   7.545944e+00  1.343212e+00   
   625   5.772543e+00  1.734938e+00   
   626   7.788949e+00  1.267174e+00   
   627   5.447482e+00  1.777429e+00   
   628   7.003911e+00  1.565048e+00   
   629   5.117973e+00  1.777766e+00   
   630   8.153252e+00  1.131313e+00   
   631   7.982281e+00  1.229010e+00   
   632   5.961091e+00  1.801620e+00   
   633   6.654772e+00  1.698402e+00   
   634   3.841327e+00  1.634244e+00   
   635   7.300201e+00  1.560497e+00   
   636   5.620502e+00  1.864861e+00   
   637   7.507886e+00  1.505281e+00   
   638   5.310968e+00  1.886601e+00   
   639   4.765895e+00  1.858091e+00   
   640   4.349688e+00  1.805801e+00   
   641   4.536162e+00  1.842734e+00   
   642   7.715570e+00  1.450066e+00   
   643   4.007193e+00  1.745360e+00   
   644   4.183447e+00  1.784677e+00   
   645   6.152310e+00  1.875896e+00   
   646   6.499151e+00  1.824287e+00   
   647   6.841406e+00  1.770287e+00   
   648   5.809050e+00  1.931543e+00   
   649   4.952065e+00  1.929499e+00   
   650   7.908902e+00  1.411901e+00   
   651   7.164121e+00  1.701334e+00   
   652   5.483988e+00  1.974034e+00   
   653   8.102234e+00  1.373737e+00   
   654   6.343529e+00  1.950172e+00   
   655   6.685840e+00  1.895973e+00   
   656   5.995939e+00  2.004571e+00   
   657   5.145060e+00  2.038334e+00   
   658   7.389000e+00  1.720805e+00   
   659   7.028040e+00  1.842171e+00   
   660   7.596684e+00  1.665590e+00   
   661   5.657008e+00  2.061467e+00   
   662   4.057610e+00  1.934069e+00   
   663   3.881356e+00  1.894751e+00   
   664   4.233864e+00  1.973386e+00   
   665   4.420338e+00  2.010319e+00   
   666   4.606812e+00  2.047251e+00   
   667   5.331784e+00  2.103567e+00   
   668   6.530219e+00  2.021858e+00   
   669   6.187158e+00  2.078847e+00   
   670   7.252919e+00  1.861642e+00   
   671   6.872474e+00  1.967857e+00   
   672   7.832362e+00  1.655201e+00   
   673   4.792982e+00  2.118659e+00   
   674   5.843898e+00  2.134495e+00   
   675   8.025693e+00  1.617036e+00   
   676   5.504804e+00  2.191000e+00   
   677   4.979153e+00  2.190066e+00   
   678   6.374861e+00  2.147682e+00   
   679   4.093208e+00  2.086643e+00   
   680   3.916954e+00  2.047326e+00   
   681   7.477798e+00  1.881114e+00   
   682   4.269462e+00  2.125961e+00   
   683   6.716908e+00  2.093544e+00   
   684   4.455936e+00  2.162893e+00   
   685   6.030787e+00  2.207523e+00   
   686   7.082087e+00  2.036176e+00   
   687   5.165877e+00  2.255300e+00   
   688   5.691179e+00  2.263177e+00   
   689   4.636740e+00  2.242542e+00   
   690   7.713475e+00  1.870725e+00   
   691   5.352600e+00  2.320534e+00   
   692   6.561550e+00  2.219368e+00   
   693   6.218490e+00  2.276357e+00   
   694   4.822911e+00  2.313949e+00   
   695   7.306966e+00  2.055648e+00   
   696   6.926521e+00  2.161863e+00   
   697   5.878069e+00  2.336205e+00   
   698   3.952552e+00  2.199901e+00   
   699   4.128806e+00  2.239218e+00   
   700   4.305060e+00  2.278535e+00   
   701   7.949153e+00  1.860336e+00   
   702   5.011056e+00  2.378393e+00   
   703   5.538975e+00  2.392711e+00   
   704   6.406193e+00  2.345192e+00   
   705   4.485865e+00  2.358184e+00   
   706   6.747918e+00  2.291044e+00   
   707   6.064863e+00  2.404299e+00   
   708   5.197780e+00  2.443627e+00   
   709   7.136133e+00  2.230181e+00   
   710   5.725350e+00  2.464888e+00   
   711   4.666669e+00  2.437832e+00   
   712   7.607744e+00  2.112274e+00   
   713   3.988151e+00  2.352476e+00   
   714   4.164405e+00  2.391793e+00   
   715   5.382982e+00  2.517656e+00   
   716   6.592560e+00  2.416867e+00   
   717   4.854814e+00  2.502276e+00   
   718   6.252566e+00  2.473134e+00   
   719   6.957530e+00  2.359362e+00   
   720   5.912144e+00  2.532982e+00   
   721   4.343361e+00  2.470071e+00   
   722   7.843421e+00  2.101885e+00   
   723   5.042960e+00  2.566720e+00   
   724   5.569357e+00  2.589833e+00   
   725   7.436912e+00  2.286808e+00   
   726   4.524165e+00  2.549719e+00   
   727   6.439169e+00  2.544897e+00   
   728   6.778928e+00  2.488543e+00   
   729   6.098938e+00  2.601076e+00   
   730   5.228162e+00  2.640749e+00   
   731   4.023749e+00  2.505051e+00   
   732   7.145034e+00  2.428807e+00   
   733   4.682952e+00  2.620864e+00   
   734   5.757156e+00  2.657512e+00   
   735   4.202705e+00  2.583328e+00   
   736   4.871097e+00  2.685307e+00   
   737   5.413364e+00  2.714779e+00   
   738   6.625536e+00  2.616572e+00   
   739   6.285541e+00  2.672839e+00   
   740   6.966431e+00  2.557987e+00   
   741   4.381662e+00  2.661606e+00   
   742   5.943951e+00  2.725606e+00   
   743   7.737690e+00  2.343434e+00   
   744   5.077986e+00  2.763344e+00   
   745   5.601164e+00  2.782457e+00   
   746   4.540448e+00  2.732751e+00   
   747   7.445813e+00  2.485433e+00   
   748   6.472144e+00  2.744601e+00   
   749   6.812429e+00  2.685515e+00   
   750   6.129931e+00  2.798362e+00   
   751   5.263189e+00  2.837373e+00   
   752   4.699234e+00  2.803895e+00   
   753   7.153935e+00  2.627432e+00   
   754   5.788963e+00  2.850136e+00   
   755   4.107966e+00  2.747475e+00   
   756   4.906123e+00  2.881931e+00   
   757   5.447808e+00  2.910250e+00   
   758   4.286923e+00  2.825753e+00   
   759   6.659037e+00  2.813545e+00   
   760   6.316534e+00  2.870125e+00   
   761   7.598471e+00  2.585859e+00   
   762   6.999932e+00  2.754960e+00   
   763   5.974943e+00  2.922892e+00   
   764   4.445709e+00  2.896897e+00   
   765   5.113013e+00  2.959968e+00   
   766   5.635608e+00  2.977929e+00   
   767   7.306594e+00  2.727857e+00   
   768   6.504124e+00  2.938781e+00   
   769   6.845930e+00  2.882488e+00   
   770   5.297633e+00  3.032845e+00   
   771   6.160924e+00  2.995648e+00   
   772   4.749077e+00  3.005619e+00   
   773   5.823167e+00  3.047093e+00   
   774   4.192183e+00  2.989899e+00   
   775   4.955966e+00  3.083655e+00   
   776   5.482252e+00  3.105722e+00   
   777   7.187343e+00  2.889474e+00   
   778   6.691017e+00  3.007724e+00   
   779   7.459252e+00  2.828283e+00   
   780   6.348514e+00  3.064304e+00   
   781   6.009148e+00  3.119849e+00   
   782   4.495551e+00  3.098621e+00   
   783   5.129951e+00  3.173524e+00   
   784   5.669812e+00  3.174886e+00   
   785   7.033341e+00  3.017002e+00   
   786   6.180670e+00  3.178786e+00   
   787   6.536105e+00  3.132961e+00   
   788   4.798919e+00  3.207343e+00   
   789   5.314571e+00  3.246401e+00   
   790   7.340002e+00  2.989899e+00   
   791   5.857371e+00  3.244051e+00   
   792   4.291007e+00  3.187647e+00   
   793   5.512471e+00  3.303330e+00   
   794   6.368261e+00  3.247443e+00   
   795   4.972904e+00  3.297211e+00   
   796   6.887054e+00  3.178618e+00   
   797   6.028894e+00  3.302988e+00   
   798   4.594375e+00  3.296369e+00   
   799   7.220752e+00  3.151515e+00   
   800   5.700030e+00  3.372495e+00   
   801   5.146889e+00  3.387080e+00   
   802   6.200417e+00  3.361924e+00   
   803   6.732141e+00  3.303854e+00   
   804   5.344789e+00  3.444009e+00   
   805   4.389831e+00  3.385396e+00   
   806   5.911306e+00  3.462308e+00   
   807   7.074465e+00  3.313131e+00   
   808   5.542689e+00  3.500939e+00   
   809   4.756605e+00  3.502661e+00   
   810   6.533026e+00  3.465470e+00   
   811   6.082829e+00  3.521245e+00   
   812   5.188530e+00  3.568804e+00   
   813   5.753964e+00  3.590752e+00   
   814   4.930590e+00  3.592530e+00   
   815   6.928178e+00  3.474747e+00   
   816   5.386430e+00  3.625733e+00   
   817   4.552061e+00  3.591688e+00   
   818   6.365182e+00  3.579952e+00   
   819   5.965240e+00  3.680565e+00   
   820   6.729063e+00  3.636364e+00   
   821   5.230170e+00  3.750527e+00   
   822   6.247594e+00  3.739272e+00   
   823   4.972231e+00  3.774254e+00   
   824   5.559480e+00  3.821518e+00   
   825   4.714291e+00  3.797980e+00   
   826   6.529948e+00  3.797980e+00   
   827   6.024993e+00  3.858482e+00   
   828   5.148983e+00  3.894764e+00   
   829   5.770756e+00  3.911331e+00   
   830   4.891044e+00  3.918490e+00   
   831   5.403221e+00  3.946312e+00   
   832   6.307347e+00  3.917189e+00   
   833   5.067797e+00  4.039001e+00   
   834   6.084746e+00  4.036399e+00   
   835   5.322034e+00  4.090549e+00   
   836   5.830508e+00  4.089248e+00   
   837   5.576271e+00  4.142097e+00   
  END_COORDINATES
  BOUNDARIES, ELEMENT
    1         731     698     713         1     
    2         698     663     680         2     
    3         462     497     481         3     
    4         497     540     519         4     
    5         523     482     501         5     
    6         482     437     460         6     
    7         437     393     415         7     
    8         393     353     369         8     
    9         353     307     330         9     
    10         307     271     289         10     
    11         540     574     557         11     
    12         574     607     592         12     
    13         604     567     585         13     
    14         567     523     547         14     
    15         382     420     403         15     
    16         420     462     440         16     
    17         271     233     251         17     
    18         233     197     217         18     
    19         60     38     49         82     
    20         774     731     755         85     
    21         663     604     634         87     
    22         607     653     630         91     
    23         316     382     346         95     
    24         653     701     675         97     
    25         197     142     169         99     
    26         260     316     287         114     
    27         142     97     119         128     
    28         38     13     25         174     
    29         13     1     5         176     
    30         1     12     4         179     
    31         12     41     28         182     
    32         97     60     78         199     
    33         155     202     179         308     
    34         779     799     790         358     
    35         743     779     761         359     
    36         41     70     55         369     
    37         70     104     86         371     
    38         833     825     830         373     
    39         837     833     835         374     
    40         799     815     807         377     
    41         805     774     792         379     
    42         825     805     817         382     
    43         104     155     126         386     
    44         701     743     722         388     
    45         826     834     832         389     
    46         834     837     836         390     
    47         815     826     820         391     
    48         202     260     229         393     
  END_BOUNDARIES
  MATERIALS, NUMBER= 1, DEFAULT=1
  END_MATERIALS
  SUBDOMAINS
  END_SUBDOMAINS
  CHARACTERISTICS
  END_CHARACTERISTICS
