  NODES_PER_ELEMENT
   1 4
   2 4
   3 4
   4 4
   5 4
   6 4
   7 4
   8 4
   9 4
   10 4
   11 4
   12 4
   13 4
   14 4
   15 4
   16 4
   17 4
   18 4
   19 4
   20 4
   21 4
   22 4
   23 4
   24 4
   25 4
   26 4
   27 4
   28 4
   29 4
   30 4
   31 4
   32 4
   33 4
   34 4
   35 4
   36 4
   37 4
   38 4
   39 4
   40 4
   41 4
   42 4
   43 4
   44 4
   45 4
   46 4
   47 4
   48 4
   49 4
   50 4
   51 4
   52 4
   53 4
   54 4
   55 4
   56 4
   57 4
   58 4
   59 4
   60 4
   61 4
   62 4
   63 4
   64 4
   65 4
   66 4
   67 4
   68 4
   69 4
   70 4
   71 4
   72 4
   73 4
   74 4
   75 4
   76 4
   77 4
   78 4
   79 4
   80 4
   81 4
   82 4
   83 4
   84 4
   85 4
   86 4
   87 4
   88 4
   89 4
   90 4
   91 4
   92 4
   93 4
   94 4
   95 4
   96 4
   97 4
   98 4
   99 4
   100 4
   101 4
   102 4
   103 4
   104 4
   105 4
   106 4
   107 4
   108 4
   109 4
   110 4
   111 4
   112 4
   113 4
   114 4
   115 4
   116 4
   117 4
   118 4
   119 4
   120 4
   121 4
   122 4
   123 4
   124 4
   125 4
   126 4
   127 4
   128 4
   129 4
   130 4
   131 4
   132 4
   133 4
   134 4
   135 4
   136 4
   137 4
   138 4
   139 4
   140 4
   141 4
   142 4
   143 4
   144 4
   145 4
   146 4
   147 4
   148 4
   149 4
   150 4
   151 4
   152 4
   153 4
   154 4
   155 4
   156 4
   157 4
   158 4
   159 4
   160 4
   161 4
   162 4
   163 4
   164 4
   165 4
   166 4
   167 4
   168 4
   169 4
   170 4
   171 4
   172 4
   173 4
   174 4
   175 4
   176 4
   177 4
   178 4
   179 4
   180 4
   181 4
   182 4
   183 4
   184 4
   185 4
   186 4
   187 4
   188 4
   189 4
   190 4
   191 4
   192 4
   193 4
   194 4
   195 4
   196 4
   197 4
   198 4
   199 4
   200 4
   201 4
   202 4
   203 4
   204 4
   205 4
   206 4
   207 4
   208 4
   209 4
   210 4
   211 4
   212 4
   213 4
   214 4
   215 4
   216 4
   217 4
   218 4
   219 4
   220 4
   221 4
   222 4
   223 4
   224 4
   225 4
   226 4
   227 4
   228 4
   229 4
   230 4
   231 4
   232 4
   233 4
   234 4
   235 4
   236 4
   237 4
   238 4
   239 4
   240 4
   241 4
   242 4
   243 4
   244 4
   245 4
   246 4
   247 4
   248 4
   249 4
   250 4
   251 4
   252 4
   253 4
   254 4
   255 4
   256 4
   257 4
   258 4
   259 4
   260 4
   261 4
   262 4
   263 4
   264 4
   265 4
   266 4
   267 4
   268 4
   269 4
   270 4
   271 4
   272 4
   273 4
   274 4
   275 4
  END_NODES_PER_ELEMENT
  ELEMENTS
  1 3 1 2 5  
  2 1 4 6 2  
  3 4 8 10 6  
  4 11 3 5 9  
  5 19 11 9 15  
  6 29 19 15 27  
  7 8 20 16 10  
  8 20 32 26 16  
  9 32 43 37 26  
  10 43 52 47 37  
  11 52 61 57 47  
  12 61 74 67 57  
  13 74 89 81 67  
  14 89 106 95 81  
  15 106 114 108 95  
  16 114 126 118 108  
  17 126 145 132 118  
  18 145 161 147 132  
  19 161 175 162 147  
  20 175 190 179 162  
  21 190 201 192 179  
  22 201 209 203 192  
  23 209 219 213 203  
  24 219 235 222 213  
  25 235 246 233 222  
  26 246 253 243 233  
  27 253 265 256 243  
  28 265 276 263 256  
  29 276 285 272 263  
  30 285 292 279 272  
  31 292 295 286 279  
  32 295 299 290 286  
  33 299 301 294 290  
  34 301 304 297 294  
  35 304 303 298 297  
  36 303 302 296 298  
  37 302 300 289 296  
  38 300 291 281 289  
  39 291 278 271 281  
  40 278 266 257 271  
  41 266 250 239 257  
  42 250 229 224 239  
  43 48 29 27 44  
  44 64 48 44 58  
  45 76 64 58 70  
  46 88 76 70 83  
  47 100 88 83 96  
  48 112 100 96 109  
  49 124 112 109 121  
  50 137 124 121 133  
  51 152 137 133 148  
  52 168 152 148 164  
  53 186 168 164 180  
  54 198 186 180 196  
  55 210 198 196 208  
  56 229 210 208 224  
  57 26 37 35 23  
  58 37 47 45 35  
  59 47 57 53 45  
  60 16 26 23 17  
  61 57 67 63 53  
  62 67 81 75 63  
  63 81 95 87 75  
  64 95 108 99 87  
  65 108 118 111 99  
  66 118 132 125 111  
  67 132 147 138 125  
  68 147 162 153 138  
  69 162 179 171 153  
  70 179 192 183 171  
  71 192 203 195 183  
  72 203 213 205 195  
  73 213 222 215 205  
  74 222 233 221 215  
  75 233 243 231 221  
  76 10 16 17 12  
  77 6 10 12 7  
  78 2 6 7 5  
  79 9 5 7 13  
  80 15 9 13 18  
  81 27 15 18 28  
  82 243 256 244 231  
  83 256 263 254 244  
  84 263 272 261 254  
  85 272 279 268 261  
  86 279 286 277 268  
  87 286 290 280 277  
  88 290 294 284 280  
  89 294 297 288 284  
  90 297 298 293 288  
  91 298 296 287 293  
  92 296 289 282 287  
  93 289 281 274 282  
  94 281 271 264 274  
  95 271 257 251 264  
  96 44 27 28 40  
  97 58 44 40 55  
  98 257 239 237 251  
  99 239 224 218 237  
  100 224 208 206 218  
  101 208 196 194 206  
  102 196 180 176 194  
  103 180 164 160 176  
  104 164 148 144 160  
  105 148 133 130 144  
  106 133 121 119 130  
  107 121 109 105 119  
  108 109 96 92 105  
  109 96 83 79 92  
  110 83 70 66 79  
  111 70 58 55 66  
  112 288 293 287 283  
  113 284 288 283 275  
  114 287 282 273 283  
  115 280 284 275 269  
  116 13 7 12 14  
  117 277 280 269 267  
  118 268 277 267 259  
  119 18 13 14 22  
  120 28 18 22 30  
  121 12 17 21 14  
  122 17 23 25 21  
  123 23 35 34 25  
  124 35 45 41 34  
  125 45 53 51 41  
  126 53 63 60 51  
  127 282 274 270 273  
  128 274 264 260 270  
  129 63 75 71 60  
  130 75 87 82 71  
  131 87 99 90 82  
  132 99 111 102 90  
  133 111 125 117 102  
  134 125 138 135 117  
  135 138 153 149 135  
  136 153 171 166 149  
  137 171 183 177 166  
  138 183 195 184 177  
  139 40 28 30 42  
  140 195 205 193 184  
  141 205 215 202 193  
  142 215 221 212 202  
  143 221 231 220 212  
  144 261 268 259 252  
  145 254 261 252 242  
  146 231 244 232 220  
  147 244 254 242 232  
  148 264 251 248 260  
  149 55 40 42 54  
  150 66 55 54 65  
  151 79 66 65 78  
  152 92 79 78 91  
  153 105 92 91 103  
  154 119 105 103 116  
  155 130 119 116 128  
  156 144 130 128 141  
  157 160 144 141 157  
  158 176 160 157 173  
  159 194 176 173 188  
  160 206 194 188 204  
  161 251 237 230 248  
  162 218 206 204 216  
  163 237 218 216 230  
  164 25 34 36 31  
  165 34 41 39 36  
  166 41 51 50 39  
  167 51 60 59 50  
  168 283 273 262 275  
  169 273 270 260 262  
  170 14 21 24 22  
  171 60 71 69 59  
  172 71 82 77 69  
  173 82 90 85 77  
  174 90 102 98 85  
  175 102 117 115 98  
  176 117 135 134 115  
  177 135 149 151 134  
  178 149 166 170 151  
  179 166 177 184 170  
  180 184 193 178 170  
  181 193 202 189 178  
  182 202 212 199 189  
  183 212 220 211 199  
  184 220 232 223 211  
  185 232 242 234 223  
  186 242 252 241 234  
  187 252 259 249 241  
  188 259 267 255 249  
  189 267 269 258 255  
  190 269 275 262 258  
  191 30 22 24 33  
  192 42 30 33 46  
  193 54 42 46 56  
  194 65 54 56 68  
  195 78 65 68 80  
  196 91 78 80 94  
  197 103 91 94 107  
  198 116 103 107 120  
  199 128 116 120 131  
  200 141 128 131 142  
  201 157 141 142 156  
  202 173 157 156 169  
  203 188 173 169 182  
  204 204 188 182 197  
  205 216 204 197 214  
  206 230 216 214 227  
  207 248 230 227 247  
  208 260 248 247 262  
  209 24 21 25 31  
  210 36 39 38 31  
  211 39 50 49 38  
  212 50 59 62 49  
  213 59 69 73 62  
  214 258 262 247 245  
  215 255 258 245 238  
  216 249 255 238 240  
  217 241 249 240 236  
  218 234 241 236 226  
  219 223 234 226 217  
  220 211 223 217 200  
  221 199 211 200 187  
  222 189 199 187 172  
  223 170 178 159 151  
  224 178 189 172 159  
  225 33 24 31 38  
  226 33 38 49 46  
  227 46 49 62 56  
  228 68 56 62 72  
  229 80 68 72 86  
  230 94 80 86 97  
  231 107 94 97 110  
  232 120 107 110 123  
  233 131 120 123 136  
  234 142 131 136 146  
  235 156 142 146 155  
  236 169 156 155 163  
  237 182 169 163 174  
  238 197 182 174 191  
  239 214 197 191 207  
  240 227 214 207 225  
  241 247 227 225 245  
  242 238 245 225 228  
  243 240 238 228 236  
  244 226 236 228 217  
  245 134 151 159 139  
  246 115 134 139 122  
  247 62 73 84 72  
  248 73 85 98 84  
  249 73 69 77 85  
  250 159 172 150 139  
  251 172 187 165 150  
  252 187 200 185 165  
  253 200 217 207 185  
  254 98 115 122 104  
  255 122 139 150 129  
  256 86 72 84 93  
  257 84 98 104 93  
  258 97 86 93 101  
  259 110 97 101 113  
  260 123 110 113 127  
  261 101 93 104 113  
  262 104 122 129 113  
  263 136 123 127 140  
  264 163 155 146 154  
  265 140 154 146 136  
  266 174 163 154 167  
  267 191 174 167 181  
  268 207 191 181 185  
  269 154 140 158 167  
  270 140 127 143 158  
  271 127 113 129 143  
  272 129 150 165 143  
  273 143 165 185 158  
  274 167 158 185 181  
  275 207 217 228 225  
  END_ELEMENTS  
  COORDINATES  
   1   5.406780e+00 -3.275178e+00   
   2   5.460046e+00 -3.119855e+00   
   3   5.237288e+00 -3.212419e+00   
   4   5.654211e+00 -3.281890e+00   
   5   5.347892e+00 -3.008485e+00   
   6   5.625465e+00 -3.075903e+00   
   7   5.531221e+00 -2.890202e+00   
   8   5.915254e+00 -3.288971e+00   
   9   5.165836e+00 -2.817898e+00   
   10   5.857007e+00 -3.018515e+00   
   11   4.919072e+00 -2.989899e+00   
   12   5.750541e+00 -2.794504e+00   
   13   5.396470e+00 -2.683908e+00   
   14   5.626908e+00 -2.579000e+00   
   15   4.999909e+00 -2.589299e+00   
   16   6.129153e+00 -2.908656e+00   
   17   5.979361e+00 -2.692190e+00   
   18   5.262754e+00 -2.453214e+00   
   19   4.728814e+00 -2.769673e+00   
   20   6.300682e+00 -3.151515e+00   
   21   5.849256e+00 -2.487538e+00   
   22   5.511731e+00 -2.355937e+00   
   23   6.188486e+00 -2.582146e+00   
   24   5.745735e+00 -2.284155e+00   
   25   6.046020e+00 -2.402870e+00   
   26   6.365697e+00 -2.774915e+00   
   27   4.853003e+00 -2.319520e+00   
   28   5.140028e+00 -2.198499e+00   
   29   4.559322e+00 -2.493052e+00   
   30   5.414246e+00 -2.115809e+00   
   31   5.949525e+00 -2.234864e+00   
   32   6.593220e+00 -2.973166e+00   
   33   5.675318e+00 -2.060442e+00   
   34   6.201934e+00 -2.312413e+00   
   35   6.360001e+00 -2.461133e+00   
   36   6.089696e+00 -2.208875e+00   
   37   6.551203e+00 -2.633166e+00   
   38   5.916648e+00 -2.043555e+00   
   39   6.126003e+00 -2.078601e+00   
   40   5.030801e+00 -1.916835e+00   
   41   6.312018e+00 -2.176772e+00   
   42   5.329906e+00 -1.848359e+00   
   43   6.762712e+00 -2.822150e+00   
   44   4.719496e+00 -2.000030e+00   
   45   6.508896e+00 -2.310466e+00   
   46   5.627363e+00 -1.806678e+00   
   47   6.716403e+00 -2.474465e+00   
   48   4.389831e+00 -2.096940e+00   
   49   5.923102e+00 -1.806020e+00   
   50   6.185648e+00 -1.885200e+00   
   51   6.417800e+00 -1.997818e+00   
   52   6.932203e+00 -2.671135e+00   
   53   6.647162e+00 -2.129495e+00   
   54   5.249905e+00 -1.568242e+00   
   55   4.933775e+00 -1.620453e+00   
   56   5.581313e+00 -1.521426e+00   
   57   6.876238e+00 -2.279938e+00   
   58   4.611961e+00 -1.670675e+00   
   59   6.285063e+00 -1.653485e+00   
   60   6.535614e+00 -1.784963e+00   
   61   7.101695e+00 -2.474714e+00   
   62   5.971900e+00 -1.482078e+00   
   63   6.782834e+00 -1.908772e+00   
   64   4.270535e+00 -1.696970e+00   
   65   5.159111e+00 -1.282236e+00   
   66   4.847026e+00 -1.331493e+00   
   67   7.039293e+00 -2.038305e+00   
   68   5.479998e+00 -1.225892e+00   
   69   6.447089e+00 -1.461698e+00   
   70   4.528843e+00 -1.367748e+00   
   71   6.662889e+00 -1.577043e+00   
   72   5.807776e+00 -1.148181e+00   
   73   6.268376e+00 -1.278543e+00   
   74   7.307473e+00 -2.181818e+00   
   75   6.913541e+00 -1.677407e+00   
   76   4.200051e+00 -1.373737e+00   
   77   6.586468e+00 -1.334199e+00   
   78   5.072810e+00 -1.008929e+00   
   79   4.771181e+00 -1.058039e+00   
   80   5.376275e+00 -9.512307e-01   
   81   7.189069e+00 -1.771709e+00   
   82   6.772777e+00 -1.381488e+00   
   83   4.467867e+00 -1.099205e+00   
   84   6.118893e+00 -1.008170e+00   
   85   6.539537e+00 -1.159410e+00   
   86   5.669005e+00 -8.736809e-01   
   87   7.029376e+00 -1.446105e+00   
   88   4.164390e+00 -1.131313e+00   
   89   7.489057e+00 -1.858586e+00   
   90   6.828156e+00 -1.170470e+00   
   91   5.000662e+00 -7.518140e-01   
   92   4.708848e+00 -7.994796e-01   
   93   5.934593e+00 -7.572111e-01   
   94   5.288064e+00 -6.963329e-01   
   95   7.313884e+00 -1.507626e+00   
   96   4.418946e+00 -8.447644e-01   
   97   5.563209e+00 -6.348738e-01   
   98   6.468986e+00 -8.349478e-01   
   99   7.117185e+00 -1.215910e+00   
   100   4.128729e+00 -8.888889e-01   
   101   5.786562e+00 -5.719078e-01   
   102   6.864016e+00 -9.131589e-01   
   103   4.937150e+00 -5.029775e-01   
   104   6.163528e+00 -5.551176e-01   
   105   4.657404e+00 -5.509297e-01   
   106   7.633419e+00 -1.535354e+00   
   107   5.222991e+00 -4.494152e-01   
   108   7.408517e+00 -1.267391e+00   
   109   4.381777e+00 -5.978953e-01   
   110   5.517732e+00 -3.852974e-01   
   111   7.179230e+00 -9.676101e-01   
   112   4.109402e+00 -6.464646e-01   
   113   5.861886e+00 -3.236385e-01   
   114   7.706540e+00 -1.311727e+00   
   115   6.654905e+00 -5.047035e-01   
   116   4.887803e+00 -2.670915e-01   
   117   6.956112e+00 -6.315744e-01   
   118   7.480539e+00 -1.019119e+00   
   119   4.617706e+00 -3.124361e-01   
   120   5.156671e+00 -2.105514e-01   
   121   4.353144e+00 -3.573290e-01   
   122   6.388649e+00 -3.046728e-01   
   123   5.422843e+00 -1.332619e-01   
   124   4.090074e+00 -4.040404e-01   
   125   7.250126e+00 -7.043312e-01   
   126   7.779661e+00 -1.088101e+00   
   127   5.697544e+00 -1.614066e-02   
   128   4.844742e+00 -4.261843e-02   
   129   6.145234e+00 -6.739548e-02   
   130   4.588664e+00 -8.234074e-02   
   131   5.093047e+00  7.563161e-03   
   132   7.544081e+00 -7.328505e-01   
   133   4.336275e+00 -1.215354e-01   
   134   6.805873e+00 -2.476191e-01   
   135   7.053722e+00 -3.681459e-01   
   136   5.329831e+00  8.397527e-02   
   137   4.085355e+00 -1.616162e-01   
   138   7.315208e+00 -4.407449e-01   
   139   6.585045e+00 -5.073066e-02   
   140   5.553916e+00  2.119628e-01   
   141   4.821985e+00  1.687574e-01   
   142   5.048755e+00  2.017618e-01   
   143   5.946095e+00  1.907990e-01   
   144   4.579920e+00  1.399447e-01   
   145   7.855381e+00 -7.272727e-01   
   146   5.247188e+00  2.565442e-01   
   147   7.590277e+00 -4.806794e-01   
   148   4.331641e+00  1.103749e-01   
   149   7.140973e+00 -1.377625e-01   
   150   6.380871e+00  1.751894e-01   
   151   6.938038e+00 -1.166926e-02   
   152   4.080636e+00  8.080808e-02   
   153   7.366707e+00 -2.098232e-01   
   154   5.414830e+00  3.717516e-01   
   155   5.190197e+00  3.718557e-01   
   156   5.041287e+00  3.728041e-01   
   157   4.828317e+00  3.715259e-01   
   158   5.759056e+00  4.137782e-01   
   159   6.764786e+00  1.741799e-01   
   160   4.590778e+00  3.601875e-01   
   161   7.883286e+00 -4.848485e-01   
   162   7.620567e+00 -2.410218e-01   
   163   5.280456e+00  4.844421e-01   
   164   4.342016e+00  3.423653e-01   
   165   6.182544e+00  4.329539e-01   
   166   7.222473e+00  6.388338e-02   
   167   5.577759e+00  5.340574e-01   
   168   4.090119e+00  3.232323e-01   
   169   5.097881e+00  5.460728e-01   
   170   7.070557e+00  1.851208e-01   
   171   7.404202e+00  1.001126e-02   
   172   6.602137e+00  3.980300e-01   
   173   4.873890e+00  5.751398e-01   
   174   5.403606e+00  6.556974e-01   
   175   7.911190e+00 -2.424242e-01   
   176   4.624740e+00  5.843445e-01   
   177   7.274158e+00  1.981640e-01   
   178   6.943650e+00  3.645635e-01   
   179   7.640204e+00 -3.339927e-03   
   180   4.366466e+00  5.789700e-01   
   181   5.694964e+00  7.066922e-01   
   182   5.191543e+00  7.430583e-01   
   183   7.427527e+00  2.095800e-01   
   184   7.214587e+00  3.256116e-01   
   185   5.954297e+00  7.207544e-01   
   186   4.099601e+00  5.656566e-01   
   187   6.444755e+00  6.475332e-01   
   188   4.944622e+00  7.986161e-01   
   189   6.816015e+00  5.842106e-01   
   190   7.911190e+00  8.881784e-16   
   191   5.552835e+00  8.652648e-01   
   192   7.641354e+00  2.257260e-01   
   193   7.123239e+00  5.147427e-01   
   194   4.678517e+00  8.219618e-01   
   195   7.390394e+00  4.044188e-01   
   196   4.404174e+00  8.245521e-01   
   197   5.309893e+00  9.762886e-01   
   198   4.124108e+00  8.080808e-01   
   199   6.694751e+00  8.244984e-01   
   200   6.292834e+00  9.331541e-01   
   201   7.911190e+00  2.424242e-01   
   202   7.028235e+00  7.385886e-01   
   203   7.618569e+00  4.549535e-01   
   204   5.036380e+00  1.047253e+00   
   205   7.328408e+00  6.256847e-01   
   206   4.750555e+00  1.083768e+00   
   207   5.788870e+00  1.124116e+00   
   208   4.459721e+00  1.096158e+00   
   209   7.883286e+00  4.848485e-01   
   210   4.148615e+00  1.050505e+00   
   211   6.575709e+00  1.080042e+00   
   212   6.931383e+00  9.711867e-01   
   213   7.577468e+00  6.944180e-01   
   214   5.435716e+00  1.249113e+00   
   215   7.257405e+00  8.618764e-01   
   216   5.132982e+00  1.326884e+00   
   217   6.179930e+00  1.286559e+00   
   218   4.836523e+00  1.378139e+00   
   219   7.855381e+00  7.272727e-01   
   220   6.830922e+00  1.217993e+00   
   221   7.171625e+00  1.103667e+00   
   222   7.507512e+00  9.697611e-01   
   223   6.484329e+00  1.344522e+00   
   224   4.535541e+00  1.425808e+00   
   225   5.797795e+00  1.515114e+00   
   226   6.278854e+00  1.488216e+00   
   227   5.511118e+00  1.569164e+00   
   228   6.057938e+00  1.552366e+00   
   229   4.220339e+00  1.476441e+00   
   230   5.220737e+00  1.628119e+00   
   231   7.076413e+00  1.345710e+00   
   232   6.730953e+00  1.459074e+00   
   233   7.429522e+00  1.213358e+00   
   234   6.439865e+00  1.558868e+00   
   235   7.779661e+00  1.088101e+00   
   236   6.212238e+00  1.628270e+00   
   237   4.929215e+00  1.686439e+00   
   238   6.041790e+00  1.779522e+00   
   239   4.629057e+00  1.759626e+00   
   240   6.169726e+00  1.766024e+00   
   241   6.352910e+00  1.737549e+00   
   242   6.633985e+00  1.684738e+00   
   243   7.338303e+00  1.455772e+00   
   244   6.967029e+00  1.593328e+00   
   245   5.836431e+00  1.824387e+00   
   246   7.706540e+00  1.311727e+00   
   247   5.582807e+00  1.887453e+00   
   248   5.304750e+00  1.923113e+00   
   249   6.255151e+00  1.890281e+00   
   250   4.313993e+00  1.858586e+00   
   251   5.026532e+00  1.981469e+00   
   252   6.522930e+00  1.886751e+00   
   253   7.633419e+00  1.535354e+00   
   254   6.843020e+00  1.834742e+00   
   255   6.115372e+00  1.991115e+00   
   256   7.213860e+00  1.728665e+00   
   257   4.736573e+00  2.070937e+00   
   258   5.922947e+00  2.096301e+00   
   259   6.398931e+00  2.057794e+00   
   260   5.377429e+00  2.194007e+00   
   261   6.707609e+00  2.058051e+00   
   262   5.670037e+00  2.227974e+00   
   263   7.067298e+00  1.998314e+00   
   264   5.134686e+00  2.248652e+00   
   265   7.489057e+00  1.858586e+00   
   266   4.421183e+00  2.181818e+00   
   267   6.251371e+00  2.206591e+00   
   268   6.566273e+00  2.247551e+00   
   269   6.075434e+00  2.335736e+00   
   270   5.400243e+00  2.376288e+00   
   271   4.869521e+00  2.360836e+00   
   272   6.904837e+00  2.248031e+00   
   273   5.562298e+00  2.467375e+00   
   274   5.254158e+00  2.468356e+00   
   275   5.886202e+00  2.473199e+00   
   276   7.307473e+00  2.181818e+00   
   277   6.413226e+00  2.415343e+00   
   278   4.565617e+00  2.505051e+00   
   279   6.747042e+00  2.450144e+00   
   280   6.235297e+00  2.552815e+00   
   281   5.040302e+00  2.621971e+00   
   282   5.424747e+00  2.635247e+00   
   283   5.724782e+00  2.628726e+00   
   284   6.044277e+00  2.684091e+00   
   285   7.101695e+00  2.474714e+00   
   286   6.580378e+00  2.613054e+00   
   287   5.593659e+00  2.778065e+00   
   288   5.856969e+00  2.796265e+00   
   289   5.261304e+00  2.835572e+00   
   290   6.398532e+00  2.764579e+00   
   291   4.773956e+00  2.828283e+00   
   292   6.932203e+00  2.671135e+00   
   293   5.720927e+00  2.868529e+00   
   294   6.167560e+00  2.902771e+00   
   295   6.762712e+00  2.822150e+00   
   296   5.493474e+00  2.980018e+00   
   297   5.916279e+00  3.005449e+00   
   298   5.702372e+00  3.033101e+00   
   299   6.593220e+00  2.973166e+00   
   300   5.067797e+00  3.113563e+00   
   301   6.300682e+00  3.151515e+00   
   302   5.406780e+00  3.275178e+00   
   303   5.661017e+00  3.282075e+00   
   304   5.915254e+00  3.288971e+00   
  END_COORDINATES
  BOUNDARIES, ELEMENT
    1         3     1         1     
    2         1     4         2     
    3         4     8         3     
    4         11     3         4     
    5         19     11         5     
    6         29     19         6     
    7         8     20         7     
    8         20     32         8     
    9         32     43         9     
    10         43     52         10     
    11         52     61         11     
    12         61     74         12     
    13         74     89         13     
    14         89     106         14     
    15         106     114         15     
    16         114     126         16     
    17         126     145         17     
    18         145     161         18     
    19         161     175         19     
    20         175     190         20     
    21         190     201         21     
    22         201     209         22     
    23         209     219         23     
    24         219     235         24     
    25         235     246         25     
    26         246     253         26     
    27         253     265         27     
    28         265     276         28     
    29         276     285         29     
    30         285     292         30     
    31         292     295         31     
    32         295     299         32     
    33         299     301         33     
    34         301     304         34     
    35         304     303         35     
    36         303     302         36     
    37         302     300         37     
    38         300     291         38     
    39         291     278         39     
    40         278     266         40     
    41         266     250         41     
    42         250     229         42     
    43         48     29         43     
    44         64     48         44     
    45         76     64         45     
    46         88     76         46     
    47         100     88         47     
    48         112     100         48     
    49         124     112         49     
    50         137     124         50     
    51         152     137         51     
    52         168     152         52     
    53         186     168         53     
    54         198     186         54     
    55         210     198         55     
    56         229     210         56     
  END_BOUNDARIES
  MATERIALS, NUMBER= 1, DEFAULT=1
  END_MATERIALS
  SUBDOMAINS
  END_SUBDOMAINS
  CHARACTERISTICS
  END_CHARACTERISTICS
