  NODES_PER_ELEMENT
   1 6
   2 6
   3 6
   4 6
   5 6
   6 6
   7 6
   8 6
   9 6
   10 6
   11 6
   12 6
   13 6
   14 6
   15 6
   16 6
   17 6
   18 6
   19 6
   20 6
   21 6
   22 6
   23 6
   24 6
   25 6
   26 6
   27 6
   28 6
   29 6
   30 6
   31 6
   32 6
   33 6
   34 6
   35 6
   36 6
   37 6
   38 6
   39 6
   40 6
   41 6
   42 6
   43 6
   44 6
   45 6
   46 6
   47 6
   48 6
   49 6
   50 6
   51 6
   52 6
   53 6
   54 6
   55 6
   56 6
   57 6
   58 6
   59 6
   60 6
   61 6
   62 6
   63 6
   64 6
   65 6
   66 6
   67 6
   68 6
   69 6
   70 6
   71 6
   72 6
   73 6
   74 6
   75 6
   76 6
   77 6
   78 6
   79 6
   80 6
   81 6
   82 6
   83 6
   84 6
   85 6
   86 6
   87 6
   88 6
   89 6
   90 6
   91 6
   92 6
   93 6
   94 6
   95 6
   96 6
   97 6
   98 6
   99 6
   100 6
   101 6
   102 6
   103 6
   104 6
   105 6
   106 6
   107 6
   108 6
   109 6
   110 6
   111 6
   112 6
   113 6
   114 6
   115 6
   116 6
   117 6
   118 6
   119 6
   120 6
   121 6
   122 6
   123 6
   124 6
   125 6
   126 6
   127 6
   128 6
   129 6
   130 6
   131 6
   132 6
   133 6
   134 6
   135 6
   136 6
   137 6
   138 6
   139 6
   140 6
   141 6
   142 6
   143 6
   144 6
   145 6
   146 6
   147 6
   148 6
   149 6
   150 6
   151 6
   152 6
   153 6
   154 6
   155 6
   156 6
   157 6
   158 6
   159 6
   160 6
   161 6
   162 6
   163 6
   164 6
   165 6
   166 6
   167 6
   168 6
   169 6
  END_NODES_PER_ELEMENT
  ELEMENTS
  1 341 354 328 348 342 333  
  2 356 338 336 349 337 347  
  3 6 1 9 2 3 7  
  4 30 50 35 40 43 32  
  5 41 22 27 29 24 33  
  6 354 363 339 358 353 346  
  7 328 354 339 342 346 332  
  8 328 339 308 332 324 316  
  9 341 328 309 333 317 327  
  10 336 338 306 337 323 322  
  11 356 336 366 347 355 361  
  12 105 131 104 116 115 102  
  13 308 339 331 324 334 319  
  14 328 308 293 316 300 312  
  15 9 1 12 3 5 8  
  16 6 9 22 7 14 13  
  17 50 79 54 64 65 51  
  18 35 50 54 43 51 45  
  19 35 54 44 45 48 37  
  20 44 54 73 48 61 59  
  21 35 44 23 37 31 25  
  22 30 35 12 32 21 19  
  23 27 22 9 24 14 17  
  24 41 27 55 33 39 47  
  25 339 363 352 353 357 345  
  26 309 328 293 317 312 301  
  27 309 293 281 301 284 296  
  28 281 293 254 284 274 267  
  29 309 281 318 296 299 314  
  30 341 309 318 327 314 330  
  31 318 281 295 299 286 305  
  32 306 338 311 323 325 307  
  33 306 311 278 307 294 292  
  34 278 311 271 294 291 273  
  35 278 271 244 273 257 262  
  36 306 278 272 292 276 290  
  37 244 271 235 257 252 237  
  38 278 244 272 262 259 276  
  39 244 235 207 237 220 225  
  40 336 306 302 322 304 320  
  41 100 74 82 86 80 95  
  42 207 235 190 220 211 201  
  43 244 207 213 225 208 228  
  44 331 339 352 334 345 343  
  45 331 352 350 343 351 340  
  46 350 368 370 360 369 364  
  47 331 350 321 340 335 326  
  48 308 331 297 319 315 303  
  49 293 308 269 300 289 282  
  50 306 272 302 290 287 304  
  51 302 272 277 287 275 288  
  52 277 272 241 275 256 258  
  53 302 277 321 288 298 313  
  54 302 321 336 313 329 320  
  55 241 272 244 256 259 242  
  56 277 241 246 258 243 261  
  57 104 131 136 115 133 118  
  58 105 104 81 102 92 94  
  59 73 54 81 61 66 76  
  60 81 54 79 66 65 77  
  61 73 81 104 76 92 89  
  62 81 79 105 77 91 94  
  63 44 73 69 59 70 56  
  64 23 44 34 31 36 26  
  65 35 23 12 25 16 21  
  66 12 23 9 16 15 8  
  67 254 293 269 274 282 264  
  68 254 269 236 264 253 247  
  69 236 269 246 253 255 240  
  70 236 246 212 240 229 223  
  71 254 236 221 247 231 239  
  72 212 246 241 229 243 224  
  73 236 212 221 223 217 231  
  74 281 254 238 267 249 260  
  75 254 221 238 239 232 249  
  76 238 221 206 232 215 222  
  77 206 221 181 215 205 192  
  78 238 206 226 222 218 233  
  79 181 221 212 205 217 195  
  80 206 181 170 192 174 188  
  81 226 206 193 218 203 209  
  82 238 226 263 233 245 251  
  83 30 12 11 19 10 20  
  84 11 12 1 10 5 4  
  85 321 350 336 335 344 329  
  86 331 321 297 326 310 315  
  87 297 321 277 310 298 285  
  88 297 277 246 285 261 268  
  89 55 27 53 39 38 52  
  90 41 55 74 47 62 58  
  91 74 55 82 62 68 80  
  92 82 55 53 68 52 67  
  93 352 363 368 357 365 362  
  94 352 368 350 362 360 351  
  95 266 295 263 280 279 265  
  96 263 295 281 279 286 270  
  97 263 281 238 270 260 251  
  98 100 82 113 95 97 106  
  99 213 207 189 208 198 204  
  100 244 213 241 228 227 242  
  101 241 213 212 227 210 224  
  102 269 308 297 289 303 283  
  103 136 131 161 133 147 149  
  104 136 161 171 149 164 153  
  105 171 161 196 164 179 183  
  106 171 196 202 183 197 185  
  107 136 171 140 153 155 139  
  108 202 196 234 197 216 219  
  109 171 202 169 185 184 166  
  110 202 234 226 219 230 214  
  111 169 202 193 184 194 177  
  112 193 202 226 194 214 209  
  113 169 193 170 177 180 167  
  114 169 170 135 167 152 150  
  115 171 169 140 166 154 155  
  116 140 169 135 154 150 137  
  117 140 135 108 137 120 124  
  118 108 135 109 120 121 107  
  119 140 108 136 124 119 139  
  120 109 135 142 121 138 125  
  121 108 109 69 107 88 87  
  122 135 170 142 152 156 138  
  123 142 170 181 156 174 159  
  124 104 136 108 118 119 103  
  125 69 73 108 70 90 87  
  126 34 44 69 36 56 49  
  127 23 34 9 26 18 15  
  128 109 142 114 125 127 112  
  129 193 206 170 203 188 180  
  130 263 226 266 245 248 265  
  131 53 27 34 38 28 42  
  132 113 82 93 97 83 99  
  133 100 113 143 106 126 122  
  134 189 207 173 198 191 176  
  135 213 186 212 200 199 210  
  136 114 142 151 127 145 132  
  137 109 114 84 112 98 96  
  138 93 82 53 83 67 71  
  139 173 207 190 191 201 178  
  140 173 190 143 178 165 158  
  141 151 142 181 145 159 163  
  142 84 114 93 98 101 85  
  143 113 93 128 99 110 117  
  144 189 173 160 176 162 175  
  145 114 151 130 132 141 123  
  146 109 84 69 96 78 88  
  147 128 93 130 110 111 129  
  148 128 130 160 129 146 144  
  149 160 130 151 146 141 157  
  150 128 160 173 144 162 148  
  151 189 160 186 175 172 187  
  152 186 160 151 172 157 168  
  153 189 186 213 187 200 204  
  154 186 151 181 168 163 182  
  155 186 181 212 182 195 199  
  156 114 130 93 123 111 101  
  157 128 173 143 148 158 134  
  158 128 143 113 134 126 117  
  159 269 297 246 283 268 255  
  160 34 69 60 49 63 46  
  161 60 69 84 63 78 72  
  162 34 60 53 46 57 42  
  163 53 60 93 57 75 71  
  164 84 93 60 85 75 72  
  165 73 104 108 89 103 90  
  166 350 370 366 364 367 359  
  167 266 226 234 248 230 250  
  168 366 336 350 355 344 359  
  169 27 9 34 17 18 28  
  END_ELEMENTS  
  COORDINATES  
   1   5.237288e+00 -3.212419e+00   
   2   5.067797e+00 -3.091404e+00   
   3   5.266738e+00 -2.913224e+00   
   4   5.576271e+00 -3.250695e+00   
   5   5.540700e+00 -3.050619e+00   
   6   4.898305e+00 -2.970389e+00   
   7   5.097247e+00 -2.792209e+00   
   8   5.570150e+00 -2.751424e+00   
   9   5.296188e+00 -2.614029e+00   
   10   5.879683e+00 -3.088896e+00   
   11   5.915254e+00 -3.288971e+00   
   12   5.844111e+00 -2.888820e+00   
   13   4.731961e+00 -2.737720e+00   
   14   4.930903e+00 -2.559540e+00   
   15   5.585353e+00 -2.539031e+00   
   16   5.859315e+00 -2.676427e+00   
   17   5.131431e+00 -2.372741e+00   
   18   5.500179e+00 -2.330438e+00   
   19   6.133920e+00 -2.987292e+00   
   20   6.169492e+00 -3.187367e+00   
   21   6.091498e+00 -2.749110e+00   
   22   4.565617e+00 -2.505051e+00   
   23   5.874518e+00 -2.464034e+00   
   24   4.766145e+00 -2.318252e+00   
   25   6.106701e+00 -2.536717e+00   
   26   5.789344e+00 -2.255440e+00   
   27   4.966673e+00 -2.131454e+00   
   28   5.335422e+00 -2.089150e+00   
   29   4.477724e+00 -2.300995e+00   
   30   6.423729e+00 -3.085763e+00   
   31   6.031878e+00 -2.312553e+00   
   32   6.381306e+00 -2.847582e+00   
   33   4.678252e+00 -2.114197e+00   
   34   5.704171e+00 -2.046847e+00   
   35   6.338884e+00 -2.609401e+00   
   36   5.946704e+00 -2.103960e+00   
   37   6.264060e+00 -2.385237e+00   
   38   5.049541e+00 -1.864212e+00   
   39   4.814220e+00 -1.906371e+00   
   40   6.597067e+00 -2.957023e+00   
   41   4.389831e+00 -2.096940e+00   
   42   5.418289e+00 -1.821908e+00   
   43   6.554645e+00 -2.718842e+00   
   44   6.189237e+00 -2.161073e+00   
   45   6.479477e+00 -2.482415e+00   
   46   5.664210e+00 -1.791194e+00   
   47   4.525798e+00 -1.889114e+00   
   48   6.404654e+00 -2.258251e+00   
   49   5.903960e+00 -1.792821e+00   
   50   6.770405e+00 -2.828283e+00   
   51   6.695238e+00 -2.591856e+00   
   52   4.897087e+00 -1.639129e+00   
   53   5.132408e+00 -1.596970e+00   
   54   6.620070e+00 -2.355429e+00   
   55   4.661766e+00 -1.681288e+00   
   56   6.146493e+00 -1.849934e+00   
   57   5.378329e+00 -1.566256e+00   
   58   4.311173e+00 -1.816147e+00   
   59   6.393012e+00 -1.987359e+00   
   60   5.624249e+00 -1.535542e+00   
   61   6.608429e+00 -2.084538e+00   
   62   4.447141e+00 -1.608321e+00   
   63   5.863999e+00 -1.537169e+00   
   64   6.936050e+00 -2.651498e+00   
   65   6.860883e+00 -2.415072e+00   
   66   6.764137e+00 -2.213164e+00   
   67   4.874823e+00 -1.408033e+00   
   68   4.639502e+00 -1.450192e+00   
   69   6.103749e+00 -1.538796e+00   
   70   6.350268e+00 -1.676221e+00   
   71   5.176379e+00 -1.282283e+00   
   72   5.698122e+00 -1.334007e+00   
   73   6.596787e+00 -1.813646e+00   
   74   4.232516e+00 -1.535354e+00   
   75   5.422300e+00 -1.251568e+00   
   76   6.752496e+00 -1.942272e+00   
   77   7.004949e+00 -2.272806e+00   
   78   5.937872e+00 -1.335634e+00   
   79   7.101695e+00 -2.474714e+00   
   80   4.424877e+00 -1.377225e+00   
   81   6.908204e+00 -2.070899e+00   
   82   4.617237e+00 -1.219096e+00   
   83   4.918794e+00 -1.093345e+00   
   84   5.771995e+00 -1.132473e+00   
   85   5.496173e+00 -1.050034e+00   
   86   4.190566e+00 -1.292929e+00   
   87   6.372845e+00 -1.337894e+00   
   88   6.157845e+00 -1.216948e+00   
   89   6.857154e+00 -1.716166e+00   
   90   6.619364e+00 -1.475319e+00   
   91   7.252811e+00 -2.247458e+00   
   92   7.012863e+00 -1.844792e+00   
   93   5.220351e+00 -9.675949e-01   
   94   7.156065e+00 -2.045551e+00   
   95   4.382926e+00 -1.134800e+00   
   96   5.991967e+00 -1.013787e+00   
   97   4.573373e+00 -9.732242e-01   
   98   5.779374e+00 -8.826329e-01   
   99   4.874930e+00 -8.474738e-01   
   100   4.148615e+00 -1.050505e+00   
   101   5.503552e+00 -8.001941e-01   
   102   7.260724e+00 -1.819444e+00   
   103   6.879731e+00 -1.377839e+00   
   104   7.117522e+00 -1.618686e+00   
   105   7.403926e+00 -2.020202e+00   
   106   4.339062e+00 -8.889289e-01   
   107   6.426941e+00 -1.016046e+00   
   108   6.641941e+00 -1.136992e+00   
   109   6.211940e+00 -8.951007e-01   
   110   5.066019e+00 -6.862997e-01   
   111   5.291112e+00 -6.684259e-01   
   112   5.999347e+00 -7.639471e-01   
   113   4.529509e+00 -7.273527e-01   
   114   5.786754e+00 -6.327934e-01   
   115   7.363846e+00 -1.607055e+00   
   116   7.507048e+00 -1.807813e+00   
   117   4.720598e+00 -5.661786e-01   
   118   7.230472e+00 -1.396605e+00   
   119   6.992682e+00 -1.155758e+00   
   120   6.644918e+00 -9.005526e-01   
   121   6.429918e+00 -7.796070e-01   
   122   4.119345e+00 -7.272727e-01   
   123   5.574314e+00 -5.010252e-01   
   124   6.818030e+00 -9.791779e-01   
   125   6.219564e+00 -6.460422e-01   
   126   4.309792e+00 -5.656966e-01   
   127   6.006971e+00 -5.148885e-01   
   128   4.911688e+00 -4.050045e-01   
   129   5.136781e+00 -3.871307e-01   
   130   5.361874e+00 -3.692570e-01   
   131   7.610169e+00 -1.595424e+00   
   132   5.794670e+00 -3.829702e-01   
   133   7.476796e+00 -1.384974e+00   
   134   4.500881e+00 -4.045224e-01   
   135   6.647895e+00 -6.641133e-01   
   136   7.343423e+00 -1.174524e+00   
   137   6.821007e+00 -7.427387e-01   
   138   6.437542e+00 -5.305485e-01   
   139   7.168770e+00 -9.979440e-01   
   140   6.994118e+00 -8.213640e-01   
   141   5.582230e+00 -2.512020e-01   
   142   6.227188e+00 -3.969837e-01   
   143   4.090074e+00 -4.040404e-01   
   144   5.007096e+00 -1.802406e-01   
   145   6.014887e+00 -2.650654e-01   
   146   5.232190e+00 -1.623669e-01   
   147   7.694915e+00 -1.341763e+00   
   148   4.737006e+00 -1.354363e-01   
   149   7.561542e+00 -1.131313e+00   
   150   6.862287e+00 -5.394118e-01   
   151   5.802585e+00 -1.331471e-01   
   152   6.654038e+00 -4.161691e-01   
   153   7.410408e+00 -9.405395e-01   
   154   7.035398e+00 -6.180371e-01   
   155   7.235756e+00 -7.639595e-01   
   156   6.443684e+00 -2.826043e-01   
   157   5.452545e+00 -4.431192e-02   
   158   4.326199e+00 -1.349543e-01   
   159   6.202371e+00 -1.036396e-01   
   160   5.102505e+00  4.452324e-02   
   161   7.779661e+00 -1.088101e+00   
   162   4.832415e+00  8.932752e-02   
   163   5.990070e+00  2.827867e-02   
   164   7.628527e+00 -8.973279e-01   
   165   4.086923e+00 -8.080808e-02   
   166   7.277035e+00 -5.606326e-01   
   167   6.868429e+00 -2.914676e-01   
   168   5.630062e+00  1.100957e-01   
   169   7.076678e+00 -4.147102e-01   
   170   6.660181e+00 -1.682249e-01   
   171   7.477393e+00 -7.065550e-01   
   172   5.280022e+00  1.989308e-01   
   173   4.562324e+00  1.341318e-01   
   174   6.418868e+00  1.073974e-02   
   175   5.045666e+00  2.196937e-01   
   176   4.775575e+00  2.644979e-01   
   177   7.076507e+00 -2.126029e-01   
   178   4.323048e+00  1.882780e-01   
   179   7.829826e+00 -8.268787e-01   
   180   6.868258e+00 -8.936032e-02   
   181   6.177555e+00  1.897044e-01   
   182   5.817547e+00  2.715214e-01   
   183   7.678692e+00 -6.361058e-01   
   184   7.306167e+00 -3.210549e-01   
   185   7.506524e+00 -4.669773e-01   
   186   5.457538e+00  3.533385e-01   
   187   5.223182e+00  3.741013e-01   
   188   6.739114e+00  6.841014e-02   
   189   4.988826e+00  3.948641e-01   
   190   4.083772e+00  2.424242e-01   
   191   4.556248e+00  3.840005e-01   
   192   6.497802e+00  2.473748e-01   
   193   7.076336e+00 -1.049571e-02   
   194   7.305996e+00 -1.189477e-01   
   195   5.974823e+00  4.427946e-01   
   196   7.879991e+00 -5.656566e-01   
   197   7.707823e+00 -3.965281e-01   
   198   4.769499e+00  5.143666e-01   
   199   5.614815e+00  5.246116e-01   
   200   5.275173e+00  5.445144e-01   
   201   4.316972e+00  4.381467e-01   
   202   7.535656e+00 -2.273997e-01   
   203   6.947192e+00  1.472748e-01   
   204   5.040817e+00  5.652772e-01   
   205   6.341404e+00  4.308613e-01   
   206   6.818048e+00  3.050452e-01   
   207   4.550172e+00  6.338692e-01   
   208   4.821490e+00  6.847798e-01   
   209   7.217191e+00  1.800911e-01   
   210   5.432449e+00  7.157876e-01   
   211   4.106251e+00  5.656566e-01   
   212   5.772091e+00  6.958848e-01   
   213   5.092807e+00  7.356904e-01   
   214   7.446851e+00  7.163914e-02   
   215   6.661651e+00  4.885317e-01   
   216   7.898740e+00 -2.424242e-01   
   217   6.138672e+00  6.839514e-01   
   218   7.088047e+00  3.378616e-01   
   219   7.726573e+00 -7.329579e-02   
   220   4.339451e+00  7.613791e-01   
   221   6.505254e+00  6.720181e-01   
   222   6.867195e+00  5.410791e-01   
   223   5.956469e+00  8.514030e-01   
   224   5.539225e+00  9.318376e-01   
   225   4.622862e+00  9.027408e-01   
   226   7.358046e+00  3.706780e-01   
   227   5.199584e+00  9.517404e-01   
   228   4.894179e+00  9.536514e-01   
   229   5.761736e+00  9.368707e-01   
   230   7.637768e+00  2.257430e-01   
   231   6.323051e+00  8.394696e-01   
   232   6.710798e+00  7.245655e-01   
   233   7.137194e+00  5.738955e-01   
   234   7.917490e+00  8.080808e-02   
   235   4.128729e+00  8.888889e-01   
   236   6.140848e+00  1.006921e+00   
   237   4.412140e+00  1.030251e+00   
   238   6.916341e+00  7.771130e-01   
   239   6.550422e+00  9.153239e-01   
   240   5.946115e+00  1.092389e+00   
   241   5.306360e+00  1.167790e+00   
   242   5.000956e+00  1.169701e+00   
   243   5.528871e+00  1.172823e+00   
   244   4.695552e+00  1.171612e+00   
   245   7.372559e+00  6.565400e-01   
   246   5.751382e+00  1.177857e+00   
   247   6.368219e+00  1.082775e+00   
   248   7.606714e+00  5.489753e-01   
   249   6.755966e+00  9.678713e-01   
   250   7.886435e+00  4.040404e-01   
   251   7.151706e+00  8.597575e-01   
   252   4.174534e+00  1.182665e+00   
   253   6.225708e+00  1.231087e+00   
   254   6.595590e+00  1.158630e+00   
   255   6.030975e+00  1.316555e+00   
   256   5.153767e+00  1.385851e+00   
   257   4.457945e+00  1.324027e+00   
   258   5.415756e+00  1.394788e+00   
   259   4.848363e+00  1.387763e+00   
   260   7.040047e+00  1.039896e+00   
   261   5.638267e+00  1.399821e+00   
   262   4.631304e+00  1.383423e+00   
   263   7.387071e+00  9.424020e-01   
   264   6.453079e+00  1.306941e+00   
   265   7.621226e+00  8.348374e-01   
   266   7.855381e+00  7.272727e-01   
   267   6.879671e+00  1.230655e+00   
   268   5.835695e+00  1.526292e+00   
   269   6.310567e+00  1.455253e+00   
   270   7.275411e+00  1.122541e+00   
   271   4.220339e+00  1.476441e+00   
   272   5.001175e+00  1.603913e+00   
   273   4.393698e+00  1.535837e+00   
   274   6.688914e+00  1.387162e+00   
   275   5.263164e+00  1.612849e+00   
   276   4.784116e+00  1.599573e+00   
   277   5.525152e+00  1.621785e+00   
   278   4.567057e+00  1.595233e+00   
   279   7.565298e+00  1.077262e+00   
   280   7.799454e+00  9.696970e-01   
   281   7.163752e+00  1.302680e+00   
   282   6.546402e+00  1.535473e+00   
   283   6.115287e+00  1.664990e+00   
   284   6.972995e+00  1.459187e+00   
   285   5.722580e+00  1.748256e+00   
   286   7.453639e+00  1.257401e+00   
   287   5.115710e+00  1.796611e+00   
   288   5.377699e+00  1.805547e+00   
   289   6.362063e+00  1.698978e+00   
   290   4.868024e+00  1.819731e+00   
   291   4.291910e+00  1.748322e+00   
   292   4.650965e+00  1.815391e+00   
   293   6.782238e+00  1.615694e+00   
   294   4.465269e+00  1.807717e+00   
   295   7.743526e+00  1.212121e+00   
   296   7.160003e+00  1.509255e+00   
   297   5.920007e+00  1.874727e+00   
   298   5.576978e+00  1.924401e+00   
   299   7.364496e+00  1.499825e+00   
   300   6.597899e+00  1.779198e+00   
   301   6.969246e+00  1.665762e+00   
   302   5.230246e+00  1.989309e+00   
   303   6.166783e+00  1.908715e+00   
   304   4.982560e+00  2.012430e+00   
   305   7.654383e+00  1.454545e+00   
   306   4.734874e+00  2.035550e+00   
   307   4.549178e+00  2.027876e+00   
   308   6.413560e+00  1.942703e+00   
   309   7.156255e+00  1.715831e+00   
   310   5.774405e+00  2.050872e+00   
   311   4.363482e+00  2.020202e+00   
   312   6.819121e+00  1.859321e+00   
   313   5.429524e+00  2.108163e+00   
   314   7.360747e+00  1.706400e+00   
   315   6.016838e+00  2.104242e+00   
   316   6.634781e+00  2.022826e+00   
   317   7.006129e+00  1.909390e+00   
   318   7.565240e+00  1.696970e+00   
   319   6.263614e+00  2.138230e+00   
   320   5.175548e+00  2.239022e+00   
   321   5.628803e+00  2.227017e+00   
   322   4.927862e+00  2.262143e+00   
   323   4.647098e+00  2.264301e+00   
   324   6.509251e+00  2.157649e+00   
   325   4.461402e+00  2.256627e+00   
   326   5.871236e+00  2.280388e+00   
   327   7.231864e+00  1.948824e+00   
   328   6.856003e+00  2.102949e+00   
   329   5.374827e+00  2.357876e+00   
   330   7.436357e+00  1.939394e+00   
   331   6.113669e+00  2.333758e+00   
   332   6.730473e+00  2.237772e+00   
   333   7.081738e+00  2.142383e+00   
   334   6.359306e+00  2.353177e+00   
   335   5.709658e+00  2.461718e+00   
   336   5.120851e+00  2.488735e+00   
   337   4.840086e+00  2.490894e+00   
   338   4.559322e+00  2.493052e+00   
   339   6.604943e+00  2.372595e+00   
   340   5.952091e+00  2.515088e+00   
   341   7.307473e+00  2.181818e+00   
   342   6.965957e+00  2.304000e+00   
   343   6.214086e+00  2.505878e+00   
   344   5.455682e+00  2.592577e+00   
   345   6.459723e+00  2.525296e+00   
   346   6.840427e+00  2.438823e+00   
   347   4.947403e+00  2.658509e+00   
   348   7.191692e+00  2.343434e+00   
   349   4.666639e+00  2.660668e+00   
   350   5.790513e+00  2.696419e+00   
   351   6.052508e+00  2.687208e+00   
   352   6.314504e+00  2.677997e+00   
   353   6.683827e+00  2.604147e+00   
   354   7.075911e+00  2.505051e+00   
   355   5.124546e+00  2.820125e+00   
   356   4.773956e+00  2.828283e+00   
   357   6.538608e+00  2.756848e+00   
   358   6.919312e+00  2.670374e+00   
   359   5.459377e+00  2.923967e+00   
   360   6.045597e+00  2.923967e+00   
   361   4.951099e+00  2.989899e+00   
   362   6.307593e+00  2.914756e+00   
   363   6.762712e+00  2.835698e+00   
   364   5.768138e+00  3.003625e+00   
   365   6.531697e+00  2.993607e+00   
   366   5.128241e+00  3.151515e+00   
   367   5.437002e+00  3.231173e+00   
   368   6.300682e+00  3.151515e+00   
   369   6.023222e+00  3.231173e+00   
   370   5.745763e+00  3.310832e+00   
  END_COORDINATES
  BOUNDARIES, ELEMENT
    1         341     354     348         1     
    2         356     338     349         2     
    3         6     1     2         3     
    4         30     50     40         4     
    5         41     22     29         5     
    6         354     363     358         6     
    7         366     356     361         11     
    8         105     131     116         12     
    9         22     6     13         16     
    10         50     79     64         17     
    11         318     341     330         30     
    12         295     318     305         31     
    13         338     311     325         32     
    14         311     271     291         34     
    15         271     235     252         37     
    16         100     74     86         41     
    17         235     190     211         42     
    18         368     370     369         46     
    19         79     105     91         62     
    20         11     30     20         83     
    21         1     11     4         84     
    22         74     41     58         90     
    23         363     368     365         93     
    24         266     295     280         95     
    25         131     161     147         103     
    26         161     196     179         105     
    27         196     234     216         108     
    28         143     100     122         133     
    29         190     143     165         140     
    30         370     366     367         166     
    31         234     266     250         167     
  END_BOUNDARIES
  MATERIALS, NUMBER= 1, DEFAULT=1
  END_MATERIALS
  SUBDOMAINS
  END_SUBDOMAINS
  CHARACTERISTICS
  END_CHARACTERISTICS
