  NODES_PER_ELEMENT
   1 9
   2 9
   3 9
   4 9
   5 9
   6 9
   7 9
   8 9
   9 9
   10 9
   11 9
   12 9
   13 9
   14 9
   15 9
   16 9
   17 9
   18 9
   19 9
   20 9
   21 9
   22 9
   23 9
   24 9
   25 9
   26 9
   27 9
   28 9
   29 9
   30 9
   31 9
   32 9
   33 9
   34 9
   35 9
   36 9
   37 9
   38 9
   39 9
   40 9
   41 9
   42 9
   43 9
   44 9
   45 9
   46 9
   47 9
   48 9
   49 9
   50 9
   51 9
   52 9
   53 9
   54 9
   55 9
   56 9
   57 9
   58 9
   59 9
   60 9
   61 9
   62 9
   63 9
   64 9
   65 9
   66 9
   67 9
   68 9
   69 9
   70 9
   71 9
   72 9
   73 9
   74 9
   75 9
   76 9
   77 9
   78 9
   79 9
   80 9
   81 9
   82 9
   83 9
   84 9
   85 9
   86 9
   87 9
   88 9
   89 9
   90 9
   91 9
   92 9
   93 9
   94 9
   95 9
   96 9
   97 9
   98 9
   99 9
   100 9
   101 9
   102 9
   103 9
   104 9
   105 9
   106 9
   107 9
   108 9
   109 9
   110 9
   111 9
   112 9
   113 9
   114 9
   115 9
   116 9
   117 9
   118 9
   119 9
   120 9
   121 9
   122 9
   123 9
   124 9
   125 9
   126 9
   127 9
   128 9
   129 9
   130 9
   131 9
   132 9
   133 9
   134 9
   135 9
   136 9
   137 9
   138 9
   139 9
   140 9
   141 9
   142 9
   143 9
   144 9
   145 9
   146 9
   147 9
   148 9
   149 9
   150 9
   151 9
   152 9
   153 9
   154 9
   155 9
   156 9
   157 9
   158 9
   159 9
   160 9
   161 9
   162 9
   163 9
   164 9
   165 9
   166 9
   167 9
   168 9
   169 9
   170 9
   171 9
   172 9
   173 9
   174 9
   175 9
   176 9
   177 9
   178 9
   179 9
   180 9
   181 9
   182 9
   183 9
   184 9
   185 9
   186 9
   187 9
   188 9
   189 9
   190 9
   191 9
   192 9
   193 9
   194 9
   195 9
   196 9
   197 9
   198 9
   199 9
   200 9
   201 9
   202 9
   203 9
   204 9
   205 9
   206 9
   207 9
   208 9
   209 9
   210 9
   211 9
   212 9
   213 9
   214 9
   215 9
   216 9
   217 9
   218 9
   219 9
   220 9
   221 9
   222 9
   223 9
   224 9
   225 9
   226 9
   227 9
   228 9
   229 9
   230 9
   231 9
   232 9
   233 9
   234 9
   235 9
   236 9
   237 9
   238 9
   239 9
   240 9
   241 9
   242 9
   243 9
   244 9
   245 9
   246 9
   247 9
   248 9
   249 9
   250 9
   251 9
   252 9
   253 9
   254 9
   255 9
   256 9
   257 9
   258 9
   259 9
   260 9
   261 9
   262 9
   263 9
   264 9
   265 9
   266 9
   267 9
   268 9
   269 9
   270 9
   271 9
   272 9
   273 9
   274 9
   275 9
   276 9
   277 9
   278 9
   279 9
   280 9
   281 9
   282 9
   283 9
   284 9
   285 9
   286 9
   287 9
   288 9
   289 9
   290 9
   291 9
   292 9
   293 9
   294 9
   295 9
   296 9
   297 9
   298 9
   299 9
   300 9
   301 9
   302 9
   303 9
   304 9
   305 9
   306 9
   307 9
   308 9
   309 9
   310 9
   311 9
   312 9
   313 9
   314 9
   315 9
   316 9
   317 9
   318 9
   319 9
   320 9
   321 9
   322 9
   323 9
   324 9
   325 9
   326 9
   327 9
   328 9
   329 9
   330 9
   331 9
   332 9
   333 9
   334 9
   335 9
   336 9
   337 9
   338 9
   339 9
   340 9
   341 9
   342 9
   343 9
   344 9
   345 9
   346 9
   347 9
   348 9
   349 9
   350 9
   351 9
   352 9
   353 9
   354 9
   355 9
   356 9
   357 9
   358 9
   359 9
   360 9
   361 9
   362 9
   363 9
   364 9
   365 9
   366 9
   367 9
   368 9
   369 9
   370 9
   371 9
   372 9
   373 9
   374 9
   375 9
   376 9
   377 9
   378 9
   379 9
   380 9
   381 9
   382 9
   383 9
   384 9
   385 9
   386 9
   387 9
  END_NODES_PER_ELEMENT
  ELEMENTS
  1 1594 1603 1586 1569 1597 1596 1578 1581 1589  
  2 1603 1612 1588 1586 1609 1602 1587 1596 1599  
  3 1568 1594 1569 1542 1580 1581 1557 1555 1566  
  4 1612 1617 1592 1588 1614 1607 1590 1602 1604  
  5 1617 1615 1584 1592 1616 1605 1585 1607 1606  
  6 1615 1611 1577 1584 1613 1598 1583 1605 1601  
  7 1611 1608 1565 1577 1610 1591 1573 1598 1595  
  8 1608 1593 1550 1565 1600 1570 1558 1591 1579  
  9 1593 1572 1528 1550 1582 1551 1541 1570 1561  
  10 1527 1568 1542 1502 1547 1555 1523 1515 1537  
  11 1480 1527 1502 1452 1504 1515 1479 1465 1491  
  12 1407 1480 1452 1385 1445 1465 1420 1396 1431  
  13 1315 1407 1385 1311 1364 1396 1346 1313 1354  
  14 1249 1315 1311 1246 1284 1313 1275 1247 1277  
  15 1193 1249 1246 1181 1223 1247 1212 1187 1215  
  16 1139 1193 1181 1117 1168 1187 1149 1128 1156  
  17 1078 1139 1117 1056 1106 1128 1086 1066 1098  
  18 1021 1078 1056 993 1051 1066 1024 1007 1035  
  19 965 1021 993 937 992 1007 966 950 978  
  20 910 965 937 878 939 950 909 894 924  
  21 849 910 878 818 880 894 848 835 863  
  22 785 849 818 759 816 835 786 769 798  
  23 719 785 759 697 752 769 726 710 740  
  24 664 719 697 640 690 710 670 647 678  
  25 600 664 640 582 631 647 611 590 619  
  26 548 600 582 525 577 590 552 535 561  
  27 496 548 525 475 521 535 500 481 507  
  28 453 496 475 428 473 481 451 440 459  
  29 396 453 428 382 423 440 404 388 413  
  30 360 396 382 336 376 388 361 345 366  
  31 322 360 336 290 338 345 311 307 330  
  32 266 322 290 237 295 307 263 250 278  
  33 207 266 237 189 234 250 212 192 221  
  34 158 207 189 148 182 192 167 152 171  
  35 121 158 148 114 141 152 132 117 136  
  36 85 121 114 72 101 117 95 76 97  
  37 45 85 72 35 64 76 54 38 57  
  38 8 45 35 14 21 38 22 11 20  
  39 1 8 14 7 3 11 9 2 5  
  40 10 1 7 17 4 2 12 13 6  
  41 48 10 17 53 23 13 31 46 24  
  42 116 48 53 107 81 46 79 110 78  
  43 170 116 107 153 145 110 134 162 137  
  44 208 170 153 193 188 162 172 200 181  
  45 267 208 193 249 236 200 220 258 225  
  46 334 267 249 310 304 258 282 323 289  
  47 394 334 310 372 364 323 340 385 357  
  48 452 394 372 429 422 385 402 441 411  
  49 517 452 429 494 479 441 457 503 471  
  50 604 517 494 574 556 503 529 585 546  
  51 705 604 574 657 648 585 614 679 633  
  52 765 705 657 724 736 679 688 744 713  
  53 824 765 724 791 795 744 760 809 775  
  54 883 824 791 847 854 809 820 864 838  
  55 936 883 847 899 911 864 874 919 891  
  56 987 936 899 947 961 919 925 968 943  
  57 1037 987 947 997 1012 968 973 1018 991  
  58 1091 1037 997 1049 1063 1018 1023 1067 1042  
  59 1142 1091 1049 1102 1113 1067 1075 1122 1096  
  60 1207 1142 1102 1161 1176 1122 1133 1184 1152  
  61 1251 1207 1161 1213 1228 1184 1186 1231 1209  
  62 1296 1251 1213 1261 1274 1231 1236 1280 1254  
  63 1362 1296 1261 1314 1332 1280 1288 1339 1310  
  64 1418 1362 1314 1372 1391 1339 1344 1395 1369  
  65 1471 1418 1372 1425 1446 1395 1400 1448 1424  
  66 1507 1471 1425 1461 1488 1448 1443 1486 1466  
  67 1536 1507 1461 1496 1522 1486 1481 1517 1501  
  68 1572 1536 1496 1528 1554 1517 1512 1551 1533  
  69 35 72 74 47 54 71 62 41 55  
  70 72 114 106 74 95 108 93 71 91  
  71 114 148 143 106 132 146 125 108 127  
  72 14 35 47 29 22 41 34 19 28  
  73 148 189 177 143 167 184 160 146 163  
  74 7 14 29 25 9 19 27 15 16  
  75 17 7 25 36 12 15 30 26 18  
  76 53 17 36 68 31 26 52 60 40  
  77 189 237 222 177 212 230 198 184 206  
  78 237 290 274 222 263 281 246 230 252  
  79 290 336 324 274 311 331 301 281 306  
  80 336 382 370 324 361 373 346 331 355  
  81 382 428 418 370 404 424 395 373 399  
  82 428 475 462 418 451 469 439 424 444  
  83 475 525 513 462 500 519 485 469 491  
  84 525 582 570 513 552 576 542 519 547  
  85 582 640 625 570 611 634 597 576 602  
  86 640 697 682 625 670 689 655 634 665  
  87 697 759 738 682 726 747 712 689 716  
  88 759 818 789 738 786 800 763 747 774  
  89 818 878 845 789 848 861 815 800 834  
  90 878 937 906 845 909 921 876 861 892  
  91 937 993 964 906 966 979 935 921 949  
  92 993 1056 1028 964 1024 1040 995 979 1009  
  93 1056 1117 1099 1028 1086 1105 1061 1040 1071  
  94 1117 1181 1170 1099 1149 1174 1134 1105 1141  
  95 1181 1246 1234 1170 1212 1238 1203 1174 1206  
  96 1246 1311 1301 1234 1275 1309 1268 1238 1272  
  97 1311 1385 1371 1301 1346 1379 1335 1309 1341  
  98 1385 1452 1435 1371 1420 1442 1405 1379 1413  
  99 1452 1502 1483 1435 1479 1494 1460 1442 1469  
  100 1502 1542 1525 1483 1523 1534 1505 1494 1514  
  101 1542 1569 1560 1525 1557 1563 1544 1534 1548  
  102 1569 1586 1588 1560 1578 1587 1575 1563 1576  
  103 1588 1592 1553 1560 1590 1571 1556 1575 1574  
  104 1592 1584 1545 1553 1585 1564 1549 1571 1567  
  105 1584 1577 1538 1545 1583 1559 1543 1564 1562  
  106 1577 1565 1526 1538 1573 1546 1532 1559 1552  
  107 1565 1550 1510 1526 1558 1530 1518 1546 1540  
  108 1550 1528 1485 1510 1541 1508 1497 1530 1519  
  109 1528 1496 1454 1485 1512 1474 1470 1508 1492  
  110 1496 1461 1417 1454 1481 1439 1437 1474 1458  
  111 1461 1425 1376 1417 1443 1402 1397 1439 1421  
  112 1425 1372 1323 1376 1400 1347 1350 1402 1375  
  113 1372 1314 1273 1323 1344 1291 1297 1347 1320  
  114 1314 1261 1224 1273 1288 1245 1250 1291 1269  
  115 1261 1213 1173 1224 1236 1190 1200 1245 1218  
  116 1213 1161 1121 1173 1186 1140 1146 1190 1169  
  117 1161 1102 1065 1121 1133 1082 1095 1140 1109  
  118 1102 1049 1010 1065 1075 1029 1036 1082 1058  
  119 1049 997 960 1010 1023 977 984 1029 1002  
  120 997 947 914 960 973 929 938 977 954  
  121 947 899 867 914 925 884 889 929 908  
  122 899 847 822 867 874 836 842 884 859  
  123 847 791 766 822 820 777 794 836 808  
  124 791 724 701 766 760 714 737 777 745  
  125 724 657 628 701 688 642 667 714 676  
  126 657 574 551 628 614 557 586 642 598  
  127 574 494 478 551 529 484 514 557 523  
  128 494 429 419 478 457 425 447 484 454  
  129 429 372 362 419 402 365 390 425 397  
  130 372 310 302 362 340 305 332 365 335  
  131 310 249 238 302 282 242 268 305 275  
  132 249 193 190 238 220 191 213 242 215  
  133 193 153 149 190 172 150 168 191 169  
  134 107 53 68 112 79 60 90 109 86  
  135 153 107 112 149 134 109 130 150 131  
  136 1560 1553 1516 1525 1556 1535 1521 1544 1539  
  137 1553 1545 1509 1516 1549 1529 1511 1535 1531  
  138 1545 1538 1499 1509 1543 1520 1503 1529 1524  
  139 1538 1526 1484 1499 1532 1506 1493 1520 1513  
  140 1526 1510 1467 1484 1518 1489 1475 1506 1498  
  141 1510 1485 1441 1467 1497 1464 1457 1489 1476  
  142 1483 1525 1516 1473 1505 1521 1495 1478 1500  
  143 1485 1454 1410 1441 1470 1433 1428 1464 1451  
  144 1454 1417 1373 1410 1437 1394 1392 1433 1415  
  145 1417 1376 1328 1373 1397 1352 1351 1394 1374  
  146 1435 1483 1473 1423 1460 1478 1449 1429 1453  
  147 1371 1435 1423 1363 1405 1429 1393 1368 1398  
  148 1301 1371 1363 1293 1335 1368 1331 1295 1334  
  149 1234 1301 1293 1227 1268 1295 1264 1230 1266  
  150 1170 1234 1227 1157 1203 1230 1195 1163 1198  
  151 1099 1170 1157 1079 1134 1163 1119 1089 1127  
  152 1028 1099 1079 1001 1061 1089 1039 1015 1052  
  153 964 1028 1001 932 995 1015 969 946 981  
  154 906 964 932 869 935 946 900 887 918  
  155 845 906 869 806 876 887 839 825 857  
  156 789 845 806 756 815 825 782 770 796  
  157 738 789 756 723 763 770 741 732 749  
  158 682 738 723 684 712 732 707 683 708  
  159 625 682 684 629 655 683 659 627 658  
  160 570 625 629 564 597 627 596 566 595  
  161 513 570 564 509 542 566 538 510 540  
  162 462 513 509 461 485 510 482 460 483  
  163 418 462 461 416 439 460 438 417 437  
  164 370 418 416 368 395 417 393 367 392  
  165 324 370 368 317 346 367 341 319 342  
  166 274 324 317 269 301 319 294 270 297  
  167 222 274 269 217 246 270 241 218 243  
  168 177 222 217 175 198 218 194 174 196  
  169 143 177 175 138 160 174 156 139 157  
  170 106 143 138 104 125 139 123 105 124  
  171 74 106 104 82 93 105 96 77 92  
  172 47 74 82 67 62 77 73 56 66  
  173 29 47 67 51 34 56 59 37 43  
  174 25 29 51 42 27 37 44 32 33  
  175 36 25 42 61 30 32 50 49 39  
  176 68 36 61 94 52 49 75 80 63  
  177 112 68 94 118 90 80 102 115 98  
  178 149 112 118 142 130 115 128 147 129  
  179 190 149 142 183 168 147 161 185 165  
  180 238 190 183 231 213 185 204 233 209  
  181 302 238 231 288 268 233 259 293 262  
  182 1376 1323 1282 1328 1350 1303 1306 1352 1325  
  183 1323 1273 1233 1282 1297 1252 1255 1303 1276  
  184 1273 1224 1185 1233 1250 1205 1210 1252 1225  
  185 1224 1173 1132 1185 1200 1151 1158 1205 1179  
  186 1173 1121 1077 1132 1146 1100 1103 1151 1126  
  187 1121 1065 1025 1077 1095 1044 1053 1100 1069  
  188 1065 1010 972 1025 1036 989 998 1044 1019  
  189 1010 960 923 972 984 942 945 989 967  
  190 960 914 875 923 938 893 897 942 917  
  191 914 867 833 875 889 851 853 893 873  
  192 867 822 802 833 842 814 819 851 831  
  193 822 766 761 802 794 764 784 814 788  
  194 766 701 691 761 737 695 725 764 731  
  195 701 628 616 691 667 621 650 695 660  
  196 628 551 537 616 586 545 578 621 583  
  197 551 478 467 537 514 472 502 545 505  
  198 478 419 409 467 447 412 436 472 442  
  199 419 362 353 409 390 358 381 412 387  
  200 362 302 288 353 332 293 320 358 328  
  201 61 42 51 83 50 44 65 69 58  
  202 51 67 99 83 59 84 88 65 70  
  203 67 82 104 99 73 96 100 84 87  
  204 104 138 144 99 123 140 122 100 120  
  205 94 61 83 126 75 69 103 111 89  
  206 138 175 186 144 156 178 164 140 159  
  207 1473 1516 1509 1462 1495 1511 1487 1468 1490  
  208 1509 1499 1456 1462 1503 1477 1459 1487 1482  
  209 1499 1484 1440 1456 1493 1463 1450 1477 1472  
  210 1484 1467 1426 1440 1475 1447 1432 1463 1455  
  211 1467 1441 1401 1426 1457 1422 1411 1447 1434  
  212 1441 1410 1366 1401 1428 1388 1381 1422 1406  
  213 1410 1373 1324 1366 1392 1348 1345 1388 1370  
  214 1373 1328 1287 1324 1351 1308 1307 1348 1326  
  215 1328 1282 1242 1287 1306 1258 1260 1308 1285  
  216 1282 1233 1194 1242 1255 1214 1217 1258 1237  
  217 1233 1185 1145 1194 1210 1164 1171 1214 1188  
  218 1185 1132 1092 1145 1158 1108 1116 1164 1138  
  219 1132 1077 1034 1092 1103 1059 1062 1108 1083  
  220 1077 1025 985 1034 1053 1004 1011 1059 1031  
  221 1025 972 933 985 998 952 958 1004 976  
  222 972 923 881 933 945 902 907 952 926  
  223 923 875 827 881 897 852 855 902 877  
  224 875 833 779 827 853 807 804 852 829  
  225 833 802 761 779 819 784 767 807 793  
  226 761 691 703 779 725 694 742 767 735  
  227 691 616 612 703 650 613 654 694 651  
  228 1423 1473 1462 1414 1449 1468 1438 1416 1444  
  229 1363 1423 1414 1356 1393 1416 1387 1360 1390  
  230 1293 1363 1356 1294 1331 1360 1327 1292 1329  
  231 175 217 223 186 194 219 205 178 199  
  232 616 537 528 612 578 532 571 613 572  
  233 537 467 463 528 502 464 495 532 499  
  234 467 409 403 463 436 406 431 464 433  
  235 1227 1293 1294 1229 1264 1292 1265 1226 1263  
  236 142 126 173 183 133 151 176 161 154  
  237 409 353 344 403 381 349 374 406 378  
  238 353 288 284 344 320 285 313 349 315  
  239 231 183 173 224 204 176 201 226 202  
  240 288 231 224 284 259 226 254 285 255  
  241 217 269 277 223 241 272 248 219 245  
  242 269 317 329 277 294 321 303 272 299  
  243 317 368 377 329 341 371 354 321 348  
  244 368 416 427 377 393 421 401 371 398  
  245 416 461 474 427 438 468 449 421 443  
  246 461 509 516 474 482 512 493 468 489  
  247 509 564 568 516 538 565 543 512 541  
  248 564 629 646 568 596 639 609 565 599  
  249 629 684 711 646 659 696 677 639 669  
  250 684 723 756 711 707 741 734 696 717  
  251 1157 1227 1229 1154 1195 1226 1192 1155 1191  
  252 1079 1157 1154 1070 1119 1155 1111 1072 1114  
  253 1001 1079 1070 982 1039 1072 1026 990 1032  
  254 932 1001 982 895 969 990 941 913 951  
  255 869 932 895 821 900 913 858 841 879  
  256 756 806 755 711 782 780 733 734 757  
  257 806 869 821 755 839 841 787 780 813  
  258 1462 1456 1408 1414 1459 1430 1412 1438 1436  
  259 83 99 144 126 88 122 135 103 113  
  260 1456 1440 1399 1408 1450 1419 1404 1430 1427  
  261 1440 1426 1377 1399 1432 1403 1386 1419 1409  
  262 474 516 568 504 493 543 536 488 515  
  263 1426 1401 1353 1377 1411 1378 1367 1403 1389  
  264 1401 1366 1318 1353 1381 1342 1338 1378 1358  
  265 1366 1324 1281 1318 1345 1304 1299 1342 1321  
  266 1324 1287 1243 1281 1307 1262 1259 1304 1283  
  267 1287 1242 1201 1243 1260 1221 1222 1262 1244  
  268 427 474 504 448 449 488 476 434 458  
  269 1242 1194 1153 1201 1217 1177 1178 1221 1197  
  270 1194 1145 1101 1153 1171 1123 1130 1177 1147  
  271 1145 1092 1048 1101 1116 1068 1074 1123 1097  
  272 1092 1034 996 1048 1062 1016 1022 1068 1041  
  273 1034 985 944 996 1011 963 970 1016 988  
  274 377 427 448 391 401 434 420 386 410  
  275 985 933 888 944 958 912 916 963 940  
  276 933 881 832 888 907 856 860 912 886  
  277 881 827 772 832 855 797 799 856 828  
  278 827 779 703 772 804 742 739 797 768  
  279 329 377 391 337 354 386 363 333 359  
  280 277 329 337 286 303 333 309 280 308  
  281 646 711 755 693 677 733 722 672 700  
  282 568 646 693 623 609 672 662 594 635  
  283 223 277 286 244 248 280 265 235 257  
  284 1356 1414 1408 1357 1387 1412 1383 1355 1384  
  285 1294 1356 1357 1305 1327 1355 1333 1298 1330  
  286 1229 1294 1305 1239 1265 1298 1271 1232 1267  
  287 144 186 211 187 164 195 197 166 179  
  288 126 144 187 173 135 166 180 151 155  
  289 186 223 244 211 205 235 227 195 214  
  290 703 612 605 673 654 608 638 685 644  
  291 1154 1229 1239 1165 1192 1232 1204 1159 1196  
  292 1070 1154 1165 1084 1111 1159 1124 1076 1118  
  293 982 1070 1084 1020 1026 1076 1055 999 1038  
  294 755 821 762 693 787 790 728 722 758  
  295 821 895 844 762 858 871 801 790 830  
  296 612 528 533 605 571 531 567 608 569  
  297 528 463 470 533 495 465 501 531 498  
  298 463 403 407 470 431 405 435 465 432  
  299 403 344 347 407 374 343 379 405 375  
  300 344 284 287 347 313 283 316 343 312  
  301 224 173 187 232 201 180 210 228 203  
  302 284 224 232 287 254 228 260 283 256  
  303 1408 1399 1361 1357 1404 1380 1359 1383 1382  
  304 1399 1377 1322 1361 1386 1349 1340 1380 1365  
  305 1377 1353 1317 1322 1367 1337 1319 1349 1343  
  306 1353 1318 1286 1317 1338 1302 1300 1337 1316  
  307 1357 1361 1322 1305 1359 1340 1312 1333 1336  
  308 1318 1281 1235 1286 1299 1256 1257 1302 1279  
  309 1281 1243 1199 1235 1259 1220 1216 1256 1241  
  310 1243 1201 1167 1199 1222 1183 1182 1220 1202  
  311 1201 1153 1120 1167 1178 1137 1143 1183 1160  
  312 1153 1101 1064 1120 1130 1081 1093 1137 1107  
  313 1101 1048 1005 1064 1074 1027 1033 1081 1057  
  314 1048 996 953 1005 1022 975 980 1027 1000  
  315 996 944 901 953 970 922 927 975 948  
  316 944 888 840 901 916 865 872 922 896  
  317 888 832 781 840 860 805 810 865 837  
  318 832 772 727 781 799 748 753 805 776  
  319 772 703 673 727 739 685 699 748 715  
  320 1239 1305 1322 1253 1271 1312 1289 1248 1278  
  321 504 568 623 554 536 594 589 526 559  
  322 187 211 247 232 197 229 239 210 216  
  323 1165 1239 1253 1180 1204 1248 1219 1172 1211  
  324 1084 1165 1180 1090 1124 1172 1135 1087 1131  
  325 895 982 934 844 941 957 890 871 915  
  326 693 762 698 623 728 730 663 662 692  
  327 1020 1084 1090 1008 1055 1087 1047 1014 1050  
  328 982 1020 1008 934 999 1014 971 957 986  
  329 211 244 261 247 227 251 253 229 240  
  330 244 286 300 261 265 292 279 251 273  
  331 448 504 554 487 476 526 522 466 497  
  332 391 448 487 408 420 466 446 400 430  
  333 286 337 350 300 309 339 326 292 314  
  334 337 391 408 350 363 400 380 339 369  
  335 287 232 247 296 260 239 271 291 264  
  336 347 287 296 356 316 291 327 351 318  
  337 407 347 356 426 379 351 389 414 383  
  338 470 407 426 486 435 414 455 477 445  
  339 533 470 486 549 501 477 518 544 506  
  340 605 533 549 610 567 544 581 607 573  
  341 673 605 610 652 638 607 632 666 637  
  342 1322 1317 1286 1253 1319 1300 1270 1289 1290  
  343 1253 1286 1235 1180 1270 1257 1208 1219 1240  
  344 1235 1199 1148 1180 1216 1175 1166 1208 1189  
  345 1199 1167 1136 1148 1182 1150 1144 1175 1162  
  346 1167 1120 1094 1136 1143 1104 1110 1150 1129  
  347 1120 1064 1030 1094 1093 1046 1060 1104 1073  
  348 1064 1005 959 1030 1033 983 994 1046 1013  
  349 1005 953 903 959 980 928 930 983 956  
  350 953 901 862 903 927 882 885 928 905  
  351 901 840 783 862 872 811 823 882 846  
  352 840 781 721 783 810 750 751 811 778  
  353 781 727 680 721 753 706 704 750 729  
  354 727 673 652 680 699 666 671 706 681  
  355 652 610 630 680 632 618 656 671 643  
  356 610 549 579 630 581 560 601 618 588  
  357 549 486 530 579 518 508 553 560 534  
  358 934 1008 1003 904 971 1006 955 920 962  
  359 247 261 300 296 253 279 298 271 276  
  360 623 698 636 554 663 668 593 589 624  
  361 698 762 844 792 730 801 817 743 771  
  362 844 934 904 792 890 920 850 817 870  
  363 486 426 492 530 455 456 511 508 480  
  364 300 350 356 296 326 352 327 298 325  
  365 356 350 408 426 352 380 415 389 384  
  366 487 554 636 580 522 593 606 527 558  
  367 426 408 487 492 415 446 490 456 450  
  368 1090 1180 1148 1080 1135 1166 1115 1085 1125  
  369 1094 1080 1148 1136 1088 1115 1144 1110 1112  
  370 1008 1090 1080 1003 1047 1085 1043 1006 1045  
  371 1080 1094 1030 1003 1088 1060 1017 1043 1054  
  372 1003 1030 959 904 1017 994 931 955 974  
  373 904 959 903 826 931 930 866 868 898  
  374 903 862 783 826 885 823 803 866 843  
  375 721 680 630 649 704 656 641 686 674  
  376 783 721 649 661 751 686 653 718 702  
  377 630 579 603 649 601 587 626 641 615  
  378 579 530 584 603 553 555 592 587 575  
  379 530 492 550 584 511 520 563 555 539  
  380 487 580 550 492 527 562 520 490 524  
  381 636 698 792 720 668 743 754 675 709  
  382 826 783 661 720 803 718 687 773 746  
  383 636 720 661 580 675 687 617 606 645  
  384 550 580 661 584 562 617 620 563 591  
  385 661 649 603 584 653 626 592 620 622  
  386 826 720 792 904 773 754 850 868 812  
  387 126 142 118 94 133 128 102 111 119  
  END_ELEMENTS  
  COORDINATES  
   1   5.576271e+00  4.142097e+00   
   2   5.588603e+00  3.985869e+00   
   3   5.406780e+00  4.121481e+00   
   4   5.745763e+00  4.117049e+00   
   5   5.439241e+00  3.968943e+00   
   6   5.740633e+00  3.961875e+00   
   7   5.600936e+00  3.829640e+00   
   8   5.237288e+00  4.100865e+00   
   9   5.471702e+00  3.816405e+00   
   10   5.915254e+00  4.092001e+00   
   11   5.289878e+00  3.952017e+00   
   12   5.735502e+00  3.806700e+00   
   13   5.892662e+00  3.937880e+00   
   14   5.342467e+00  3.803170e+00   
   15   5.610473e+00  3.716314e+00   
   16   5.497910e+00  3.704324e+00   
   17   5.870069e+00  3.783760e+00   
   18   5.728764e+00  3.691537e+00   
   19   5.385347e+00  3.692333e+00   
   20   5.144313e+00  3.890454e+00   
   21   5.067797e+00  4.023097e+00   
   22   5.220829e+00  3.757811e+00   
   23   6.087531e+00  4.025799e+00   
   24   6.047395e+00  3.876510e+00   
   25   5.620011e+00  3.602988e+00   
   26   5.847055e+00  3.666759e+00   
   27   5.524119e+00  3.592242e+00   
   28   5.277533e+00  3.654179e+00   
   29   5.428227e+00  3.581496e+00   
   30   5.722026e+00  3.576373e+00   
   31   6.007259e+00  3.727222e+00   
   32   5.627471e+00  3.533420e+00   
   33   5.549623e+00  3.514903e+00   
   34   5.334237e+00  3.550547e+00   
   35   5.099191e+00  3.712453e+00   
   36   5.824041e+00  3.549758e+00   
   37   5.471775e+00  3.496385e+00   
   38   4.998748e+00  3.828891e+00   
   39   5.711341e+00  3.499049e+00   
   40   5.970520e+00  3.612868e+00   
   41   5.169718e+00  3.616025e+00   
   42   5.634931e+00  3.463852e+00   
   43   5.383035e+00  3.466804e+00   
   44   5.575127e+00  3.437563e+00   
   45   4.898305e+00  3.945328e+00   
   46   6.202129e+00  3.815140e+00   
   47   5.240246e+00  3.519598e+00   
   48   6.259808e+00  3.959596e+00   
   49   5.795211e+00  3.464677e+00   
   50   5.700656e+00  3.421724e+00   
   51   5.515322e+00  3.411274e+00   
   52   5.933781e+00  3.498513e+00   
   53   6.144449e+00  3.670684e+00   
   54   5.010655e+00  3.651109e+00   
   55   5.086517e+00  3.562389e+00   
   56   5.294294e+00  3.437222e+00   
   57   4.912730e+00  3.759598e+00   
   58   5.640748e+00  3.374584e+00   
   59   5.431833e+00  3.383061e+00   
   60   6.093985e+00  3.558976e+00   
   61   5.766381e+00  3.379596e+00   
   62   5.162380e+00  3.473669e+00   
   63   5.897022e+00  3.408187e+00   
   64   4.814805e+00  3.868087e+00   
   65   5.580841e+00  3.327444e+00   
   66   5.220659e+00  3.406066e+00   
   67   5.348343e+00  3.354847e+00   
   68   6.043521e+00  3.447268e+00   
   69   5.706370e+00  3.311606e+00   
   70   5.484574e+00  3.294043e+00   
   71   5.003316e+00  3.508753e+00   
   72   4.922118e+00  3.589765e+00   
   73   5.278937e+00  3.338463e+00   
   74   5.084513e+00  3.427741e+00   
   75   5.860262e+00  3.317861e+00   
   76   4.826712e+00  3.690305e+00   
   77   5.147023e+00  3.374911e+00   
   78   6.351467e+00  3.721603e+00   
   79   6.276420e+00  3.585258e+00   
   80   5.998832e+00  3.351697e+00   
   81   6.426514e+00  3.857948e+00   
   82   5.209532e+00  3.322080e+00   
   83   5.646359e+00  3.243615e+00   
   84   5.388307e+00  3.260641e+00   
   85   4.731306e+00  3.790846e+00   
   86   6.211953e+00  3.482572e+00   
   87   5.295294e+00  3.256290e+00   
   88   5.537315e+00  3.205025e+00   
   89   5.809928e+00  3.222695e+00   
   90   6.147485e+00  3.379887e+00   
   91   4.941140e+00  3.431025e+00   
   92   5.118385e+00  3.302549e+00   
   93   5.034488e+00  3.353159e+00   
   94   5.954144e+00  3.256125e+00   
   95   4.847791e+00  3.508891e+00   
   96   5.202281e+00  3.251940e+00   
   97   4.747798e+00  3.611248e+00   
   98   6.095621e+00  3.303293e+00   
   99   5.428271e+00  3.166436e+00   
   100   5.311650e+00  3.174117e+00   
   101   4.647806e+00  3.713605e+00   
   102   6.043757e+00  3.226698e+00   
   103   5.759594e+00  3.127529e+00   
   104   5.195030e+00  3.181799e+00   
   105   5.089747e+00  3.230188e+00   
   106   4.984464e+00  3.278576e+00   
   107   6.408392e+00  3.499831e+00   
   108   4.878963e+00  3.353297e+00   
   109   6.329920e+00  3.406168e+00   
   110   6.500806e+00  3.628066e+00   
   111   5.913487e+00  3.133784e+00   
   112   6.251449e+00  3.312506e+00   
   113   5.615368e+00  3.068598e+00   
   114   4.773463e+00  3.428018e+00   
   115   6.192410e+00  3.254889e+00   
   116   6.593220e+00  3.756300e+00   
   117   4.668885e+00  3.532191e+00   
   118   6.133371e+00  3.197272e+00   
   119   6.038716e+00  3.122006e+00   
   120   5.324853e+00  3.040145e+00   
   121   4.564307e+00  3.636364e+00   
   122   5.471142e+00  3.009667e+00   
   123   5.178564e+00  3.070623e+00   
   124   5.057822e+00  3.120546e+00   
   125   4.937080e+00  3.170469e+00   
   126   5.872829e+00  3.011444e+00   
   127   4.821258e+00  3.242709e+00   
   128   6.163946e+00  3.110228e+00   
   129   6.251273e+00  3.163275e+00   
   130   6.338600e+00  3.216322e+00   
   131   6.434735e+00  3.302916e+00   
   132   4.705436e+00  3.314949e+00   
   133   6.033675e+00  3.017314e+00   
   134   6.530869e+00  3.389510e+00   
   135   5.693421e+00  2.932171e+00   
   136   4.591252e+00  3.412915e+00   
   137   6.645784e+00  3.502517e+00   
   138   5.162099e+00  2.959446e+00   
   139   5.025898e+00  3.010904e+00   
   140   5.338056e+00  2.906172e+00   
   141   4.477069e+00  3.510880e+00   
   142   6.194521e+00  3.023185e+00   
   143   4.889697e+00  3.062362e+00   
   144   5.514013e+00  2.852898e+00   
   145   6.760699e+00  3.615524e+00   
   146   4.763553e+00  3.132121e+00   
   147   6.310136e+00  3.071661e+00   
   148   4.637409e+00  3.201881e+00   
   149   6.425752e+00  3.120138e+00   
   150   6.539549e+00  3.199663e+00   
   151   5.963970e+00  2.846420e+00   
   152   4.513620e+00  3.293638e+00   
   153   6.653346e+00  3.279189e+00   
   154   6.116086e+00  2.871142e+00   
   155   5.803585e+00  2.771876e+00   
   156   5.107125e+00  2.825668e+00   
   157   4.969690e+00  2.880810e+00   
   158   4.389831e+00  3.385396e+00   
   159   5.265113e+00  2.767369e+00   
   160   4.832256e+00  2.935952e+00   
   161   6.268202e+00  2.895865e+00   
   162   6.790762e+00  3.376968e+00   
   163   4.701141e+00  2.998599e+00   
   164   5.423102e+00  2.709069e+00   
   165   6.391823e+00  2.948380e+00   
   166   5.643201e+00  2.697332e+00   
   167   4.570026e+00  3.061245e+00   
   168   6.515444e+00  3.000895e+00   
   169   6.635013e+00  3.085134e+00   
   170   6.928178e+00  3.474747e+00   
   171   4.437555e+00  3.140852e+00   
   172   6.754581e+00  3.169373e+00   
   173   6.055111e+00  2.681396e+00   
   174   4.913483e+00  2.750716e+00   
   175   5.052152e+00  2.691890e+00   
   176   6.198498e+00  2.724970e+00   
   177   4.774815e+00  2.809543e+00   
   178   5.192171e+00  2.628565e+00   
   179   5.545501e+00  2.580148e+00   
   180   5.913750e+00  2.611581e+00   
   181   6.884759e+00  3.276926e+00   
   182   4.305085e+00  3.220458e+00   
   183   6.341884e+00  2.768544e+00   
   184   4.638728e+00  2.865077e+00   
   185   6.473510e+00  2.825098e+00   
   186   5.332191e+00  2.565240e+00   
   187   5.772389e+00  2.541767e+00   
   188   7.014937e+00  3.384479e+00   
   189   4.502642e+00  2.920610e+00   
   190   6.605135e+00  2.881652e+00   
   191   6.730476e+00  2.970605e+00   
   192   4.361490e+00  2.988065e+00   
   193   6.855817e+00  3.059558e+00   
   194   4.995827e+00  2.562609e+00   
   195   5.447802e+00  2.462964e+00   
   196   4.857302e+00  2.617804e+00   
   197   5.667901e+00  2.451227e+00   
   198   4.718778e+00  2.672999e+00   
   199   5.130866e+00  2.499493e+00   
   200   6.978756e+00  3.176884e+00   
   201   6.141789e+00  2.532005e+00   
   202   6.283728e+00  2.581373e+00   
   203   6.003246e+00  2.469465e+00   
   204   6.425666e+00  2.630741e+00   
   205   5.265906e+00  2.436377e+00   
   206   4.579551e+00  2.720526e+00   
   207   4.220339e+00  3.055520e+00   
   208   7.101695e+00  3.294210e+00   
   209   6.561063e+00  2.690701e+00   
   210   5.864703e+00  2.406926e+00   
   211   5.563414e+00  2.360687e+00   
   212   4.440323e+00  2.768054e+00   
   213   6.696460e+00  2.750661e+00   
   214   5.379146e+00  2.350150e+00   
   215   6.827958e+00  2.836015e+00   
   216   5.756348e+00  2.330983e+00   
   217   4.939502e+00  2.433329e+00   
   218   4.801121e+00  2.484892e+00   
   219   5.069561e+00  2.370421e+00   
   220   6.959455e+00  2.921370e+00   
   221   4.293540e+00  2.814574e+00   
   222   4.662741e+00  2.536454e+00   
   223   5.199621e+00  2.307513e+00   
   224   6.228467e+00  2.382613e+00   
   225   7.091347e+00  3.031712e+00   
   226   6.368957e+00  2.437776e+00   
   227   5.492386e+00  2.263923e+00   
   228   6.092742e+00  2.327350e+00   
   229   5.647992e+00  2.255041e+00   
   230   4.520373e+00  2.575976e+00   
   231   6.509448e+00  2.492938e+00   
   232   5.957018e+00  2.272086e+00   
   233   6.648616e+00  2.556304e+00   
   234   4.146757e+00  2.861094e+00   
   235   5.310489e+00  2.237336e+00   
   236   7.223238e+00  3.142055e+00   
   237   4.378005e+00  2.615498e+00   
   238   6.787784e+00  2.619669e+00   
   239   5.844794e+00  2.210740e+00   
   240   5.573934e+00  2.185158e+00   
   241   4.893870e+00  2.294443e+00   
   242   6.925439e+00  2.701426e+00   
   243   4.756099e+00  2.344720e+00   
   244   5.421358e+00  2.167160e+00   
   245   5.023848e+00  2.235148e+00   
   246   4.618329e+00  2.394997e+00   
   247   5.732571e+00  2.149394e+00   
   248   5.153826e+00  2.175854e+00   
   249   7.063094e+00  2.783182e+00   
   250   4.225590e+00  2.641082e+00   
   251   5.499876e+00  2.115276e+00   
   252   4.475502e+00  2.431657e+00   
   253   5.655483e+00  2.106393e+00   
   254   6.308716e+00  2.235821e+00   
   255   6.450378e+00  2.292697e+00   
   256   6.169126e+00  2.182630e+00   
   257   5.271121e+00  2.113954e+00   
   258   7.203938e+00  2.886541e+00   
   259   6.592039e+00  2.349573e+00   
   260   6.029535e+00  2.129438e+00   
   261   5.578394e+00  2.063392e+00   
   262   6.733839e+00  2.413638e+00   
   263   4.332676e+00  2.468317e+00   
   264   5.905775e+00  2.077421e+00   
   265   5.388417e+00  2.052055e+00   
   266   4.073176e+00  2.666667e+00   
   267   7.344781e+00  2.989899e+00   
   268   6.875639e+00  2.477703e+00   
   269   4.848238e+00  2.155557e+00   
   270   4.711077e+00  2.204548e+00   
   271   5.782015e+00  2.025404e+00   
   272   4.978134e+00  2.099875e+00   
   273   5.486495e+00  2.010337e+00   
   274   4.573916e+00  2.253539e+00   
   275   7.016802e+00  2.557760e+00   
   276   5.683294e+00  1.997012e+00   
   277   5.108031e+00  2.044194e+00   
   278   4.179623e+00  2.486684e+00   
   279   5.584573e+00  1.968619e+00   
   280   5.231753e+00  1.990573e+00   
   281   4.430631e+00  2.287338e+00   
   282   7.157965e+00  2.637818e+00   
   283   6.245510e+00  2.037909e+00   
   284   6.388966e+00  2.089028e+00   
   285   6.531798e+00  2.147618e+00   
   286   5.355476e+00  1.936951e+00   
   287   6.102053e+00  1.986791e+00   
   288   6.674630e+00  2.206208e+00   
   289   7.305170e+00  2.733050e+00   
   290   4.287346e+00  2.321137e+00   
   291   5.966756e+00  1.944102e+00   
   292   5.473113e+00  1.905399e+00   
   293   6.819062e+00  2.270972e+00   
   294   4.809871e+00  2.023360e+00   
   295   4.026570e+00  2.505051e+00   
   296   5.831459e+00  1.901413e+00   
   297   4.673734e+00  2.072221e+00   
   298   5.711105e+00  1.887630e+00   
   299   4.941686e+00  1.966830e+00   
   300   5.590751e+00  1.873847e+00   
   301   4.537597e+00  2.121082e+00   
   302   6.963495e+00  2.335737e+00   
   303   5.073500e+00  1.910300e+00   
   304   7.452374e+00  2.828283e+00   
   305   7.108166e+00  2.414095e+00   
   306   4.395776e+00  2.156318e+00   
   307   4.133655e+00  2.332286e+00   
   308   5.203534e+00  1.856703e+00   
   309   5.333568e+00  1.803107e+00   
   310   7.252837e+00  2.492453e+00   
   311   4.253955e+00  2.191555e+00   
   312   6.315104e+00  1.887988e+00   
   313   6.463798e+00  1.940262e+00   
   314   5.465171e+00  1.768570e+00   
   315   6.609709e+00  1.998465e+00   
   316   6.166410e+00  1.835714e+00   
   317   4.771504e+00  1.891164e+00   
   318   6.020047e+00  1.790908e+00   
   319   4.636391e+00  1.939894e+00   
   320   6.755619e+00  2.056667e+00   
   321   4.905237e+00  1.833785e+00   
   322   3.979964e+00  2.343434e+00   
   323   7.406401e+00  2.579560e+00   
   324   4.501278e+00  1.988624e+00   
   325   5.735230e+00  1.740067e+00   
   326   5.596775e+00  1.734033e+00   
   327   5.873684e+00  1.746102e+00   
   328   6.901067e+00  2.121318e+00   
   329   5.038970e+00  1.776407e+00   
   330   4.104634e+00  2.211409e+00   
   331   4.360921e+00  2.025298e+00   
   332   7.046514e+00  2.185969e+00   
   333   5.175315e+00  1.722834e+00   
   334   7.559966e+00  2.666667e+00   
   335   7.192665e+00  2.262155e+00   
   336   4.220564e+00  2.061972e+00   
   337   5.311659e+00  1.669262e+00   
   338   3.955312e+00  2.231264e+00   
   339   5.457229e+00  1.631740e+00   
   340   7.338815e+00  2.338340e+00   
   341   4.736865e+00  1.754397e+00   
   342   4.603111e+00  1.804080e+00   
   343   6.384698e+00  1.738066e+00   
   344   6.538629e+00  1.791496e+00   
   345   4.075612e+00  2.090532e+00   
   346   4.469357e+00  1.853763e+00   
   347   6.230768e+00  1.684636e+00   
   348   4.870918e+00  1.695464e+00   
   349   6.687619e+00  1.849311e+00   
   350   5.602799e+00  1.594218e+00   
   351   6.073339e+00  1.637713e+00   
   352   5.759355e+00  1.592504e+00   
   353   6.836609e+00  1.907127e+00   
   354   5.004970e+00  1.636531e+00   
   355   4.330592e+00  1.892384e+00   
   356   5.915910e+00  1.590790e+00   
   357   7.493822e+00  2.421695e+00   
   358   6.983072e+00  1.971664e+00   
   359   5.145102e+00  1.577321e+00   
   360   3.930660e+00  2.119093e+00   
   361   4.191827e+00  1.931004e+00   
   362   7.129534e+00  2.036201e+00   
   363   5.285233e+00  1.518111e+00   
   364   7.648828e+00  2.505051e+00   
   365   7.277163e+00  2.110214e+00   
   366   4.048917e+00  1.968963e+00   
   367   4.569832e+00  1.668266e+00   
   368   4.702226e+00  1.617631e+00   
   369   5.441536e+00  1.468354e+00   
   370   4.437437e+00  1.718901e+00   
   371   4.836598e+00  1.557143e+00   
   372   7.424793e+00  2.184227e+00   
   373   4.300264e+00  1.759469e+00   
   374   6.609601e+00  1.640241e+00   
   375   6.453696e+00  1.580729e+00   
   376   3.906008e+00  2.006922e+00   
   377   4.970970e+00  1.496656e+00   
   378   6.761172e+00  1.699062e+00   
   379   6.297790e+00  1.521218e+00   
   380   5.597838e+00  1.418596e+00   
   381   6.912742e+00  1.757882e+00   
   382   4.163090e+00  1.800037e+00   
   383   6.128806e+00  1.454176e+00   
   384   5.778831e+00  1.402865e+00   
   385   7.581242e+00  2.263831e+00   
   386   5.114889e+00  1.431807e+00   
   387   7.059009e+00  1.821244e+00   
   388   4.022223e+00  1.847394e+00   
   389   5.959823e+00  1.387133e+00   
   390   7.205276e+00  1.884605e+00   
   391   5.258807e+00  1.366959e+00   
   392   4.536333e+00  1.536303e+00   
   393   4.666301e+00  1.487695e+00   
   394   7.737690e+00  2.343434e+00   
   395   4.406365e+00  1.584911e+00   
   396   3.881356e+00  1.894751e+00   
   397   7.352573e+00  1.956140e+00   
   398   4.796862e+00  1.424418e+00   
   399   4.270594e+00  1.620291e+00   
   400   5.425842e+00  1.304967e+00   
   401   4.927423e+00  1.361141e+00   
   402   7.499869e+00  2.027674e+00   
   403   6.680574e+00  1.488986e+00   
   404   4.134822e+00  1.655671e+00   
   405   6.522693e+00  1.423393e+00   
   406   6.834725e+00  1.548812e+00   
   407   6.364811e+00  1.357800e+00   
   408   5.592877e+00  1.242974e+00   
   409   6.988875e+00  1.608638e+00   
   410   5.068689e+00  1.285535e+00   
   411   7.655334e+00  2.104746e+00   
   412   7.134947e+00  1.670824e+00   
   413   3.993422e+00  1.685362e+00   
   414   6.184274e+00  1.270638e+00   
   415   5.798307e+00  1.213226e+00   
   416   4.630375e+00  1.357759e+00   
   417   4.502834e+00  1.404340e+00   
   418   4.375293e+00  1.450921e+00   
   419   7.281018e+00  1.733010e+00   
   420   5.209955e+00  1.209929e+00   
   421   4.757125e+00  1.291693e+00   
   422   7.810799e+00  2.181818e+00   
   423   3.852023e+00  1.715052e+00   
   424   4.240924e+00  1.481113e+00   
   425   7.427982e+00  1.802066e+00   
   426   6.003736e+00  1.183477e+00   
   427   4.883876e+00  1.225627e+00   
   428   4.106554e+00  1.511304e+00   
   429   7.574946e+00  1.871122e+00   
   430   5.383833e+00  1.120268e+00   
   431   6.755278e+00  1.343498e+00   
   432   6.604131e+00  1.277433e+00   
   433   6.904352e+00  1.402137e+00   
   434   5.022489e+00  1.139263e+00   
   435   6.452984e+00  1.211369e+00   
   436   7.053427e+00  1.460776e+00   
   437   4.470208e+00  1.280498e+00   
   438   4.592834e+00  1.234962e+00   
   439   4.347582e+00  1.326033e+00   
   440   3.964622e+00  1.523329e+00   
   441   7.729427e+00  1.945662e+00   
   442   7.200601e+00  1.520730e+00   
   443   4.710995e+00  1.171175e+00   
   444   4.216716e+00  1.355569e+00   
   445   6.298492e+00  1.125618e+00   
   446   5.557712e+00  1.030607e+00   
   447   7.347775e+00  1.580684e+00   
   448   5.161102e+00  1.052899e+00   
   449   4.829156e+00  1.107388e+00   
   450   5.750587e+00  1.014489e+00   
   451   4.085849e+00  1.385105e+00   
   452   7.883907e+00  2.020202e+00   
   453   3.822690e+00  1.535354e+00   
   454   7.493746e+00  1.646249e+00   
   455   6.143999e+00  1.039868e+00   
   456   5.943462e+00  9.983705e-01   
   457   7.639716e+00  1.711814e+00   
   458   4.950839e+00  1.014580e+00   
   459   3.947268e+00  1.399623e+00   
   460   4.437582e+00  1.156656e+00   
   461   4.555293e+00  1.112166e+00   
   462   4.319871e+00  1.201145e+00   
   463   6.829982e+00  1.198010e+00   
   464   6.973980e+00  1.255462e+00   
   465   6.685569e+00  1.131474e+00   
   466   5.341825e+00  9.355687e-01   
   467   7.117979e+00  1.312914e+00   
   468   4.664865e+00  1.050657e+00   
   469   4.192507e+00  1.230026e+00   
   470   6.541157e+00  1.064938e+00   
   471   7.791921e+00  1.785200e+00   
   472   7.266256e+00  1.370636e+00   
   473   3.808688e+00  1.414141e+00   
   474   4.774437e+00  9.891487e-01   
   475   4.065144e+00  1.258907e+00   
   476   5.072523e+00  9.217722e-01   
   477   6.412710e+00  9.805979e-01   
   478   7.414532e+00  1.428358e+00   
   479   7.944126e+00  1.858586e+00   
   480   6.076415e+00  8.903948e-01   
   481   3.929915e+00  1.275918e+00   
   482   4.526216e+00  1.002603e+00   
   483   4.411777e+00  1.042491e+00   
   484   7.559510e+00  1.490432e+00   
   485   4.297338e+00  1.082378e+00   
   486   6.284262e+00  8.962582e-01   
   487   5.522547e+00  8.182386e-01   
   488   4.879190e+00  8.898972e-01   
   489   4.625494e+00  9.538714e-01   
   490   5.702868e+00  8.157513e-01   
   491   4.172443e+00  1.109914e+00   
   492   5.883188e+00  8.132641e-01   
   493   4.724772e+00  9.051400e-01   
   494   7.704487e+00  1.552507e+00   
   495   6.892131e+00  1.052329e+00   
   496   3.794685e+00  1.292929e+00   
   497   5.229740e+00  7.989834e-01   
   498   6.753491e+00  9.912714e-01   
   499   7.035191e+00  1.108555e+00   
   500   4.047548e+00  1.137450e+00   
   501   6.614851e+00  9.302144e-01   
   502   7.178252e+00  1.164782e+00   
   503   7.854416e+00  1.624738e+00   
   504   4.983943e+00  7.906456e-01   
   505   7.324584e+00  1.219496e+00   
   506   6.494783e+00  8.555290e-01   
   507   3.914115e+00  1.154583e+00   
   508   6.209368e+00  7.824192e-01   
   509   4.497139e+00  8.930395e-01   
   510   4.385972e+00  9.283255e-01   
   511   6.008830e+00  7.409221e-01   
   512   4.586123e+00  8.570854e-01   
   513   4.274805e+00  9.636116e-01   
   514   7.470916e+00  1.274210e+00   
   515   4.796931e+00  7.923522e-01   
   516   4.675107e+00  8.211314e-01   
   517   8.004346e+00  1.696970e+00   
   518   6.374716e+00  7.808437e-01   
   519   4.152378e+00  9.898023e-01   
   520   5.887940e+00  6.903392e-01   
   521   3.780683e+00  1.171717e+00   
   522   5.386958e+00  6.761945e-01   
   523   7.615999e+00  1.329508e+00   
   524   5.756877e+00  6.604109e-01   
   525   4.029951e+00  1.015993e+00   
   526   5.117656e+00  6.623980e-01   
   527   5.625815e+00  6.304826e-01   
   528   6.954279e+00  9.066474e-01   
   529   7.761082e+00  1.384806e+00   
   530   6.134473e+00  6.685802e-01   
   531   6.821412e+00  8.510693e-01   
   532   7.096402e+00  9.616485e-01   
   533   6.688545e+00  7.954911e-01   
   534   6.298691e+00  6.864733e-01   
   535   3.898316e+00  1.033249e+00   
   536   4.869090e+00  6.795644e-01   
   537   7.238525e+00  1.016650e+00   
   538   4.487153e+00  7.725421e-01   
   539   5.994040e+00  6.238776e-01   
   540   4.372784e+00  8.086462e-01   
   541   4.600913e+00  7.336747e-01   
   542   4.258416e+00  8.447504e-01   
   543   4.714673e+00  6.948072e-01   
   544   6.576857e+00  7.304602e-01   
   545   7.382913e+00  1.068356e+00   
   546   7.911289e+00  1.444441e+00   
   547   4.137136e+00  8.704589e-01   
   548   3.766680e+00  1.050505e+00   
   549   6.465169e+00  6.654293e-01   
   550   5.892692e+00  5.674142e-01   
   551   7.527300e+00  1.120062e+00   
   552   4.015857e+00  8.961673e-01   
   553   6.222667e+00  5.921028e-01   
   554   5.251369e+00  5.341504e-01   
   555   6.100139e+00  5.574161e-01   
   556   8.061495e+00  1.504077e+00   
   557   7.672489e+00  1.168583e+00   
   558   5.499178e+00  5.041009e-01   
   559   5.001674e+00  5.466848e-01   
   560   6.388015e+00  5.905273e-01   
   561   3.887096e+00  9.127301e-01   
   562   5.810887e+00  5.050704e-01   
   563   5.979249e+00  5.068332e-01   
   564   4.477167e+00  6.520447e-01   
   565   4.615703e+00  6.102639e-01   
   566   4.359597e+00  6.889669e-01   
   567   6.742198e+00  6.659983e-01   
   568   4.754238e+00  5.684831e-01   
   569   6.874485e+00  7.121082e-01   
   570   4.242027e+00  7.258891e-01   
   571   7.006771e+00  7.582182e-01   
   572   7.147784e+00  8.130964e-01   
   573   6.634990e+00  6.127971e-01   
   574   7.817678e+00  1.217105e+00   
   575   6.182200e+00  5.057351e-01   
   576   4.121895e+00  7.511155e-01   
   577   3.758335e+00  9.292929e-01   
   578   7.288798e+00  8.679747e-01   
   579   6.310862e+00  5.156254e-01   
   580   5.729082e+00  4.427266e-01   
   581   6.527782e+00  5.595958e-01   
   582   4.001762e+00  7.763418e-01   
   583   7.431259e+00  9.182438e-01   
   584   6.065806e+00  4.462521e-01   
   585   7.968161e+00  1.264144e+00   
   586   7.573720e+00  9.685129e-01   
   587   6.264261e+00  4.540540e-01   
   588   6.452052e+00  4.926589e-01   
   589   5.134258e+00  4.138052e-01   
   590   3.875876e+00  7.922113e-01   
   591   5.928057e+00  4.016694e-01   
   592   6.141733e+00  4.193673e-01   
   593   5.372541e+00  3.777191e-01   
   594   4.885693e+00  4.309716e-01   
   595   4.334544e+00  5.721017e-01   
   596   4.446138e+00  5.338306e-01   
   597   4.222951e+00  6.103728e-01   
   598   7.717420e+00  1.009729e+00   
   599   4.566085e+00  4.803195e-01   
   600   3.749990e+00  8.080808e-01   
   601   6.376322e+00  4.257219e-01   
   602   4.106528e+00  6.347380e-01   
   603   6.217660e+00  3.924826e-01   
   604   8.118644e+00  1.311184e+00   
   605   6.795852e+00  5.365055e-01   
   606   5.611397e+00  3.320072e-01   
   607   6.693124e+00  4.951339e-01   
   608   6.927558e+00  5.731472e-01   
   609   4.686032e+00  4.268085e-01   
   610   6.590396e+00  4.537624e-01   
   611   3.990106e+00  6.591031e-01   
   612   7.059263e+00  6.097889e-01   
   613   7.199167e+00  6.645444e-01   
   614   7.861120e+00  1.050944e+00   
   615   6.313211e+00  3.641440e-01   
   616   7.339070e+00  7.192999e-01   
   617   5.876864e+00  2.965056e-01   
   618   6.516089e+00  3.947904e-01   
   619   3.865875e+00  6.729859e-01   
   620   6.045226e+00  2.982683e-01   
   621   7.479605e+00  7.681318e-01   
   622   6.147663e+00  3.004172e-01   
   623   5.017147e+00  2.934601e-01   
   624   5.253395e+00  2.607551e-01   
   625   4.203874e+00  4.948565e-01   
   626   6.250099e+00  3.025660e-01   
   627   4.309491e+00  4.552365e-01   
   628   7.620140e+00  8.169637e-01   
   629   4.415108e+00  4.156165e-01   
   630   6.441782e+00  3.358184e-01   
   631   3.741645e+00  6.868687e-01   
   632   6.632869e+00  3.742972e-01   
   633   8.011289e+00  1.075490e+00   
   634   4.091162e+00  5.183604e-01   
   635   4.801829e+00  3.031055e-01   
   636   5.493712e+00  2.212879e-01   
   637   6.728803e+00  3.933617e-01   
   638   6.824738e+00  4.124262e-01   
   639   4.516467e+00  3.503751e-01   
   640   3.978450e+00  5.418644e-01   
   641   6.362160e+00  2.742339e-01   
   642   7.762351e+00  8.508736e-01   
   643   6.574998e+00  3.123568e-01   
   644   6.965842e+00  4.278295e-01   
   645   5.750526e+00  1.784177e-01   
   646   4.617826e+00  2.851338e-01   
   647   3.855875e+00  5.537605e-01   
   648   8.161457e+00  1.100036e+00   
   649   6.282539e+00  2.126494e-01   
   650   7.386446e+00  5.802911e-01   
   651   7.246696e+00  5.117620e-01   
   652   6.675342e+00  2.948321e-01   
   653   6.153593e+00  1.814670e-01   
   654   7.106946e+00  4.432329e-01   
   655   4.185900e+00  3.881787e-01   
   656   6.517128e+00  2.504163e-01   
   657   7.904562e+00  8.847834e-01   
   658   4.281940e+00  3.525063e-01   
   659   4.377981e+00  3.168340e-01   
   660   7.522352e+00  6.310884e-01   
   661   6.024646e+00  1.502846e-01   
   662   4.917626e+00  1.794025e-01   
   663   5.134249e+00  1.437910e-01   
   664   3.733300e+00  5.656566e-01   
   665   4.077406e+00  4.071410e-01   
   666   6.764483e+00  2.915895e-01   
   667   7.658258e+00  6.818857e-01   
   668   5.372531e+00  1.077049e-01   
   669   4.464371e+00  2.511855e-01   
   670   3.968912e+00  4.261033e-01   
   671   6.633908e+00  2.299231e-01   
   672   4.717966e+00  1.752393e-01   
   673   6.853623e+00  2.883469e-01   
   674   6.446368e+00  1.753674e-01   
   675   5.624188e+00  6.032982e-02   
   676   7.795574e+00  7.154232e-01   
   677   4.550760e+00  1.855370e-01   
   678   3.849478e+00  4.352739e-01   
   679   8.054416e+00  8.868362e-01   
   680   6.592474e+00  1.650142e-01   
   681   6.728983e+00  2.010285e-01   
   682   4.167927e+00  2.815009e-01   
   683   4.254390e+00  2.497762e-01   
   684   4.340853e+00  2.180515e-01   
   685   7.004126e+00  2.825119e-01   
   686   6.375609e+00  1.003185e-01   
   687   5.889655e+00  2.482819e-02   
   688   7.932890e+00  7.489606e-01   
   689   4.063650e+00  2.959216e-01   
   690   3.730044e+00  4.444444e-01   
   691   7.433822e+00  4.412822e-01   
   692   5.023881e+00  3.683613e-02   
   693   4.818106e+00  6.534480e-02   
   694   7.294225e+00  3.589795e-01   
   695   7.565099e+00  4.940450e-01   
   696   4.412274e+00  1.519958e-01   
   697   3.959374e+00  3.103423e-01   
   698   5.251351e+00 -5.878148e-03   
   699   6.824058e+00  1.721338e-01   
   700   4.636365e+00  7.989774e-02   
   701   7.696376e+00  5.468077e-01   
   702   6.268308e+00  2.460599e-02   
   703   7.154629e+00  2.766769e-01   
   704   6.530576e+00  7.650094e-02   
   705   8.204270e+00  8.888889e-01   
   706   6.693483e+00  1.104675e-01   
   707   4.309413e+00  1.529668e-01   
   708   4.233770e+00  1.693643e-01   
   709   5.498409e+00 -5.647827e-02   
   710   3.843081e+00  3.167873e-01   
   711   4.483695e+00  8.594015e-02   
   712   4.158126e+00  1.857618e-01   
   713   8.076013e+00  7.583187e-01   
   714   7.828797e+00  5.799728e-01   
   715   6.960687e+00  1.467772e-01   
   716   4.057054e+00  1.923593e-01   
   717   4.361815e+00  8.686142e-02   
   718   6.161008e+00 -5.110655e-02   
   719   3.726789e+00  3.232323e-01   
   720   5.754663e+00 -1.006282e-01   
   721   6.468679e+00 -1.201233e-02   
   722   4.721971e+00 -2.574148e-02   
   723   4.277973e+00  8.788205e-02   
   724   7.961218e+00  6.131379e-01   
   725   7.494646e+00  3.392773e-01   
   726   3.955982e+00  1.989567e-01   
   727   6.794492e+00  5.592070e-02   
   728   4.913513e+00 -7.011873e-02   
   729   6.640405e+00  1.179366e-02   
   730   5.130136e+00 -1.057302e-01   
   731   7.612211e+00  3.865498e-01   
   732   4.213150e+00  8.895235e-02   
   733   4.554765e+00 -1.544381e-02   
   734   4.414218e+00  2.075608e-02   
   735   7.382589e+00  2.582584e-01   
   736   8.219136e+00  7.676768e-01   
   737   7.729776e+00  4.338223e-01   
   738   4.148326e+00  9.002265e-02   
   739   7.097316e+00  1.214206e-01   
   740   3.839758e+00  2.004885e-01   
   741   4.311357e+00  2.172704e-02   
   742   7.270532e+00  1.772396e-01   
   743   5.372631e+00 -1.732864e-01   
   744   8.097610e+00  6.298013e-01   
   745   7.855815e+00  4.631897e-01   
   746   6.023497e+00 -1.627542e-01   
   747   4.050459e+00  8.879689e-02   
   748   6.917247e+00  1.104246e-02   
   749   4.235599e+00  6.865192e-03   
   750   6.587328e+00 -8.688013e-02   
   751   6.383024e+00 -1.322550e-01   
   752   3.723534e+00  2.020202e-01   
   753   6.750234e+00 -5.291362e-02   
   754   5.624287e+00 -2.206614e-01   
   755   4.625835e+00 -1.168278e-01   
   756   4.344740e+00 -4.442798e-02   
   757   4.470374e+00 -8.052503e-02   
   758   4.804399e+00 -1.563758e-01   
   759   3.952591e+00  8.757112e-02   
   760   7.981854e+00  4.925571e-01   
   761   7.555471e+00  2.372724e-01   
   762   5.008921e+00 -2.055823e-01   
   763   4.159842e+00 -7.996652e-03   
   764   7.659323e+00  2.790546e-01   
   765   8.234002e+00  6.464646e-01   
   766   7.763175e+00  3.208368e-01   
   767   7.470953e+00  1.575373e-01   
   768   7.215485e+00  4.401928e-02   
   769   3.836435e+00  8.418960e-02   
   770   4.258049e+00 -7.522197e-02   
   771   5.238927e+00 -2.670525e-01   
   772   7.040002e+00 -3.383577e-02   
   773   5.885986e+00 -2.744018e-01   
   774   4.057755e+00 -1.692210e-02   
   775   8.115361e+00  5.089048e-01   
   776   6.874104e+00 -1.028332e-01   
   777   7.882833e+00  3.464066e-01   
   778   6.521330e+00 -2.054853e-01   
   779   7.386435e+00  7.780228e-02   
   780   4.526530e+00 -1.818061e-01   
   781   6.705977e+00 -1.617479e-01   
   782   4.385983e+00 -1.456062e-01   
   783   6.297369e+00 -2.524977e-01   
   784   7.596961e+00  1.732203e-01   
   785   3.720279e+00  8.080808e-02   
   786   3.955669e+00 -2.584755e-02   
   787   4.695284e+00 -2.426328e-01   
   788   7.689747e+00  1.991312e-01   
   789   4.171357e+00 -1.060160e-01   
   790   4.886827e+00 -2.870101e-01   
   791   8.002490e+00  3.719763e-01   
   792   5.493912e+00 -3.406946e-01   
   793   7.538676e+00  9.837041e-02   
   794   7.782533e+00  2.250422e-01   
   795   8.248868e+00  5.252525e-01   
   796   4.287702e+00 -1.814357e-01   
   797   7.160438e+00 -8.920103e-02   
   798   3.838785e+00 -3.312579e-02   
   799   6.997974e+00 -1.527528e-01   
   800   4.065052e+00 -1.226411e-01   
   801   5.105222e+00 -3.608186e-01   
   802   7.638451e+00  1.091682e-01   
   803   6.157339e+00 -3.503365e-01   
   804   7.333654e+00 -3.338200e-02   
   805   6.830962e+00 -2.167088e-01   
   806   4.427225e+00 -2.467845e-01   
   807   7.480392e+00  2.352053e-02   
   808   7.897347e+00  2.429876e-01   
   809   8.133112e+00  3.880083e-01   
   810   6.659636e+00 -2.787157e-01   
   811   6.455332e+00 -3.240906e-01   
   812   5.759153e+00 -4.087750e-01   
   813   4.583155e+00 -3.057568e-01   
   814   7.720171e+00  1.192078e-01   
   815   4.189422e+00 -2.172652e-01   
   816   3.721901e+00 -4.040404e-02   
   817   5.347717e+00 -4.283748e-01   
   818   3.958747e+00 -1.392662e-01   
   819   7.606400e+00  3.920350e-02   
   820   8.012161e+00  2.609331e-01   
   821   4.764733e+00 -3.684379e-01   
   822   7.801891e+00  1.292475e-01   
   823   6.337456e+00 -3.896080e-01   
   824   8.263734e+00  4.040404e-01   
   825   4.317356e+00 -2.876494e-01   
   826   6.017309e+00 -4.481753e-01   
   827   7.280873e+00 -1.445663e-01   
   828   7.119328e+00 -2.066902e-01   
   829   7.438325e+00 -8.080044e-02   
   830   4.971390e+00 -4.381390e-01   
   831   7.699699e+00  3.618736e-02   
   832   6.955946e+00 -2.716698e-01   
   833   7.574349e+00 -3.076121e-02   
   834   4.077698e+00 -2.370287e-01   
   835   3.841135e+00 -1.504412e-01   
   836   7.911861e+00  1.395687e-01   
   837   6.788134e+00 -3.358768e-01   
   838   8.139839e+00  2.718807e-01   
   839   4.471027e+00 -3.688807e-01   
   840   6.613295e+00 -3.956834e-01   
   841   4.639780e+00 -4.297074e-01   
   842   7.792998e+00  3.317123e-02   
   843   6.237563e+00 -4.809473e-01   
   844   5.201523e+00 -5.160550e-01   
   845   4.207487e+00 -3.285144e-01   
   846   6.466359e+00 -4.515395e-01   
   847   8.021831e+00  1.498900e-01   
   848   3.965973e+00 -2.567922e-01   
   849   3.723522e+00 -1.616162e-01   
   850   5.632320e+00 -5.431483e-01   
   851   7.679227e+00 -4.683313e-02   
   852   7.396258e+00 -1.851214e-01   
   853   7.542996e+00 -1.282189e-01   
   854   8.267518e+00  2.828283e-01   
   855   7.240681e+00 -2.606277e-01   
   856   7.078217e+00 -3.241794e-01   
   857   4.351114e+00 -4.097204e-01   
   858   4.837557e+00 -5.154594e-01   
   859   7.906664e+00  3.541015e-02   
   860   6.916631e+00 -3.930380e-01   
   861   4.090343e+00 -3.514163e-01   
   862   6.377543e+00 -5.267182e-01   
   863   3.845559e+00 -2.698102e-01   
   864   8.146567e+00  1.557531e-01   
   865   6.745306e+00 -4.550448e-01   
   866   6.137671e+00 -5.722867e-01   
   867   7.784105e+00 -6.290504e-02   
   868   5.894018e+00 -5.968887e-01   
   869   4.514828e+00 -4.909769e-01   
   870   5.465568e+00 -6.163243e-01   
   871   5.055952e+00 -5.892679e-01   
   872   6.595262e+00 -5.134711e-01   
   873   7.653415e+00 -1.490895e-01   
   874   8.020330e+00  3.764907e-02   
   875   7.511643e+00 -2.256766e-01   
   876   4.231202e+00 -4.505601e-01   
   877   7.360198e+00 -2.993238e-01   
   878   3.973199e+00 -3.743182e-01   
   879   4.698888e+00 -5.704516e-01   
   880   3.725144e+00 -2.828283e-01   
   881   7.200488e+00 -3.766890e-01   
   882   6.477386e+00 -5.789885e-01   
   883   8.271302e+00  1.616162e-01   
   884   7.901467e+00 -6.874843e-02   
   885   6.317788e+00 -6.115581e-01   
   886   7.041829e+00 -4.423231e-01   
   887   4.384872e+00 -5.317914e-01   
   888   6.877317e+00 -5.144063e-01   
   889   7.763834e+00 -1.699602e-01   
   890   5.298816e+00 -6.895002e-01   
   891   8.147708e+00  3.902656e-02   
   892   4.108247e+00 -4.733079e-01   
   893   7.627603e+00 -2.513459e-01   
   894   3.849983e+00 -3.891793e-01   
   895   4.910382e+00 -6.624808e-01   
   896   6.721533e+00 -5.715294e-01   
   897   7.479715e+00 -3.380200e-01   
   898   6.045770e+00 -7.061725e-01   
   899   8.018828e+00 -7.459182e-02   
   900   4.560219e+00 -6.254438e-01   
   901   6.577229e+00 -6.312588e-01   
   902   7.324138e+00 -4.135262e-01   
   903   6.258033e+00 -6.963981e-01   
   904   5.770728e+00 -7.456021e-01   
   905   6.428648e+00 -6.773106e-01   
   906   4.254916e+00 -5.726059e-01   
   907   7.167026e+00 -4.916082e-01   
   908   7.885476e+00 -1.796751e-01   
   909   3.985293e+00 -4.960556e-01   
   910   3.726766e+00 -4.040404e-01   
   911   8.275086e+00  4.040404e-02   
   912   7.005440e+00 -5.604668e-01   
   913   4.757996e+00 -7.111957e-01   
   914   7.743563e+00 -2.770153e-01   
   915   5.145427e+00 -7.677049e-01   
   916   6.847804e+00 -6.295878e-01   
   917   7.600674e+00 -3.645401e-01   
   918   4.421351e+00 -6.621880e-01   
   919   8.148849e+00 -7.769995e-02   
   920   5.583419e+00 -8.042738e-01   
   921   4.126152e+00 -5.951994e-01   
   922   6.697760e+00 -6.880141e-01   
   923   7.447787e+00 -4.503634e-01   
   924   3.859332e+00 -5.106540e-01   
   925   8.007119e+00 -1.893900e-01   
   926   7.292240e+00 -5.302317e-01   
   927   6.539508e+00 -7.430631e-01   
   928   6.379910e+00 -7.756327e-01   
   929   7.869486e+00 -2.906017e-01   
   930   6.197523e+00 -8.154563e-01   
   931   5.953870e+00 -8.400583e-01   
   932   4.605610e+00 -7.599106e-01   
   933   7.133564e+00 -6.065273e-01   
   934   5.396109e+00 -8.629455e-01   
   935   4.282484e+00 -6.989323e-01   
   936   8.278871e+00 -8.080808e-02   
   937   3.997387e+00 -6.177930e-01   
   938   7.721634e+00 -3.910602e-01   
   939   3.733370e+00 -5.252525e-01   
   940   6.974625e+00 -6.783424e-01   
   941   4.992037e+00 -8.459096e-01   
   942   7.573745e+00 -4.777343e-01   
   943   8.139224e+00 -1.957051e-01   
   944   6.818291e+00 -7.447693e-01   
   945   7.417454e+00 -5.688552e-01   
   946   4.457831e+00 -7.925847e-01   
   947   7.995409e+00 -3.041881e-01   
   948   6.661805e+00 -8.020871e-01   
   949   4.147344e+00 -7.209304e-01   
   950   3.868681e+00 -6.321288e-01   
   951   4.820112e+00 -8.775482e-01   
   952   7.260343e+00 -6.469372e-01   
   953   6.501787e+00 -8.548674e-01   
   954   7.850642e+00 -4.069155e-01   
   955   5.794964e+00 -9.416492e-01   
   956   6.328647e+00 -8.919974e-01   
   957   5.234901e+00 -9.461419e-01   
   958   7.101447e+00 -7.270970e-01   
   959   6.137013e+00 -9.345146e-01   
   960   7.699704e+00 -5.051051e-01   
   961   8.271330e+00 -2.020202e-01   
   962   5.631132e+00 -9.767576e-01   
   963   6.943810e+00 -7.962180e-01   
   964   4.310051e+00 -8.252587e-01   
   965   3.739975e+00 -6.464646e-01   
   966   4.012204e+00 -7.429285e-01   
   967   7.546085e+00 -5.967542e-01   
   968   8.129599e+00 -3.137102e-01   
   969   4.648188e+00 -9.091867e-01   
   970   6.784101e+00 -8.611112e-01   
   971   5.467301e+00 -1.011866e+00   
   972   7.387121e+00 -6.873470e-01   
   973   7.979651e+00 -4.227709e-01   
   974   5.957119e+00 -1.007915e+00   
   975   6.625850e+00 -9.161602e-01   
   976   7.229418e+00 -7.675570e-01   
   977   7.831798e+00 -5.232294e-01   
   978   3.879392e+00 -7.553026e-01   
   979   4.168536e+00 -8.466614e-01   
   980   6.459770e+00 -9.685385e-01   
   981   4.492483e+00 -9.348386e-01   
   982   5.073693e+00 -1.029338e+00   
   983   6.277383e+00 -1.008362e+00   
   984   7.674716e+00 -6.246532e-01   
   985   7.069330e+00 -8.476667e-01   
   986   5.331896e+00 -1.061827e+00   
   987   8.263789e+00 -3.232323e-01   
   988   6.910014e+00 -9.112029e-01   
   989   7.518424e+00 -7.157741e-01   
   990   4.882229e+00 -1.043901e+00   
   991   8.117949e+00 -4.336077e-01   
   992   3.746579e+00 -7.676768e-01   
   993   4.027021e+00 -8.680641e-01   
   994   6.119274e+00 -1.074182e+00   
   995   4.336778e+00 -9.604905e-01   
   996   6.749912e+00 -9.774530e-01   
   997   7.963892e+00 -5.413536e-01   
   998   7.357390e+00 -8.080170e-01   
   999   5.196492e+00 -1.111788e+00   
   1000   6.585805e+00 -1.028887e+00   
   1001   4.690765e+00 -1.058463e+00   
   1002   7.809194e+00 -6.435677e-01   
   1003   5.819199e+00 -1.137696e+00   
   1004   7.198494e+00 -8.881768e-01   
   1005   6.417754e+00 -1.082210e+00   
   1006   5.678846e+00 -1.149241e+00   
   1007   3.890102e+00 -8.784765e-01   
   1008   5.538493e+00 -1.160786e+00   
   1009   4.191190e+00 -9.773146e-01   
   1010   7.649727e+00 -7.442012e-01   
   1011   7.035926e+00 -9.612946e-01   
   1012   8.256248e+00 -4.444444e-01   
   1013   6.252681e+00 -1.136166e+00   
   1014   5.428892e+00 -1.177512e+00   
   1015   4.527135e+00 -1.077093e+00   
   1016   6.876217e+00 -1.026188e+00   
   1017   5.960368e+00 -1.175772e+00   
   1018   8.106300e+00 -5.535051e-01   
   1019   7.490178e+00 -8.374165e-01   
   1020   5.319291e+00 -1.194237e+00   
   1021   3.753183e+00 -8.888889e-01   
   1022   6.711839e+00 -1.089236e+00   
   1023   7.943673e+00 -6.624822e-01   
   1024   4.045602e+00 -9.941387e-01   
   1025   7.327659e+00 -9.286869e-01   
   1026   5.064419e+00 -1.202694e+00   
   1027   6.545760e+00 -1.141614e+00   
   1028   4.363505e+00 -1.095722e+00   
   1029   7.786590e+00 -7.639060e-01   
   1030   6.101536e+00 -1.213849e+00   
   1031   7.165475e+00 -1.003554e+00   
   1032   4.886699e+00 -1.207199e+00   
   1033   6.386087e+00 -1.198151e+00   
   1034   7.002521e+00 -1.074923e+00   
   1035   3.905407e+00 -1.002120e+00   
   1036   7.622967e+00 -8.668159e-01   
   1037   8.248707e+00 -5.656566e-01   
   1038   5.198629e+00 -1.260992e+00   
   1039   4.708978e+00 -1.211705e+00   
   1040   4.213844e+00 -1.107968e+00   
   1041   6.838023e+00 -1.139096e+00   
   1042   8.086998e+00 -6.746755e-01   
   1043   5.846753e+00 -1.285555e+00   
   1044   7.461932e+00 -9.590588e-01   
   1045   5.713397e+00 -1.298699e+00   
   1046   6.227978e+00 -1.263970e+00   
   1047   5.580042e+00 -1.311842e+00   
   1048   6.673766e+00 -1.201019e+00   
   1049   7.923453e+00 -7.836108e-01   
   1050   5.456440e+00 -1.315566e+00   
   1051   3.765212e+00 -1.010101e+00   
   1052   4.547206e+00 -1.223708e+00   
   1053   7.295025e+00 -1.045814e+00   
   1054   5.972164e+00 -1.309318e+00   
   1055   5.332839e+00 -1.319290e+00   
   1056   4.064182e+00 -1.120213e+00   
   1057   6.510814e+00 -1.255784e+00   
   1058   7.761657e+00 -8.871126e-01   
   1059   7.132456e+00 -1.118931e+00   
   1060   6.097576e+00 -1.333081e+00   
   1061   4.385434e+00 -1.235711e+00   
   1062   6.964208e+00 -1.188955e+00   
   1063   8.230323e+00 -6.868687e-01   
   1064   6.354420e+00 -1.314091e+00   
   1065   7.596206e+00 -9.894307e-01   
   1066   3.920711e+00 -1.125763e+00   
   1067   8.067696e+00 -7.958458e-01   
   1068   6.799830e+00 -1.252003e+00   
   1069   7.429837e+00 -1.079518e+00   
   1070   5.055146e+00 -1.376049e+00   
   1071   4.233703e+00 -1.243204e+00   
   1072   4.891169e+00 -1.370498e+00   
   1073   6.212662e+00 -1.378686e+00   
   1074   6.635541e+00 -1.313417e+00   
   1075   7.900348e+00 -9.074093e-01   
   1076   5.200767e+00 -1.410196e+00   
   1077   7.262391e+00 -1.162940e+00   
   1078   3.777240e+00 -1.131313e+00   
   1079   4.727191e+00 -1.364946e+00   
   1080   5.874307e+00 -1.433415e+00   
   1081   6.475868e+00 -1.369953e+00   
   1082   7.736724e+00 -1.010319e+00   
   1083   7.093987e+00 -1.235296e+00   
   1084   5.346387e+00 -1.444343e+00   
   1085   5.747949e+00 -1.448156e+00   
   1086   4.081971e+00 -1.250697e+00   
   1087   5.483989e+00 -1.453620e+00   
   1088   5.983961e+00 -1.442864e+00   
   1089   4.567278e+00 -1.370323e+00   
   1090   5.621591e+00 -1.462897e+00   
   1091   8.211939e+00 -8.080808e-01   
   1092   6.925894e+00 -1.302988e+00   
   1093   6.327748e+00 -1.424292e+00   
   1094   6.093615e+00 -1.452313e+00   
   1095   7.564648e+00 -1.113222e+00   
   1096   8.046951e+00 -9.183511e-01   
   1097   6.759781e+00 -1.366375e+00   
   1098   3.935620e+00 -1.251611e+00   
   1099   4.407364e+00 -1.375700e+00   
   1100   7.397741e+00 -1.199976e+00   
   1101   6.597316e+00 -1.425815e+00   
   1102   7.877242e+00 -1.031208e+00   
   1103   7.223767e+00 -1.281637e+00   
   1104   6.197345e+00 -1.493403e+00   
   1105   4.253562e+00 -1.378441e+00   
   1106   3.789269e+00 -1.252525e+00   
   1107   6.442687e+00 -1.478858e+00   
   1108   7.055519e+00 -1.351661e+00   
   1109   7.704950e+00 -1.139140e+00   
   1110   6.094575e+00 -1.535534e+00   
   1111   5.067010e+00 -1.538790e+00   
   1112   6.004777e+00 -1.547335e+00   
   1113   8.193555e+00 -9.292929e-01   
   1114   4.907320e+00 -1.529398e+00   
   1115   5.914980e+00 -1.559136e+00   
   1116   6.884020e+00 -1.419334e+00   
   1117   4.099759e+00 -1.381181e+00   
   1118   5.217229e+00 -1.568314e+00   
   1119   4.747631e+00 -1.520006e+00   
   1120   6.301076e+00 -1.534493e+00   
   1121   7.533090e+00 -1.237013e+00   
   1122   8.026207e+00 -1.040856e+00   
   1123   6.719731e+00 -1.480747e+00   
   1124   5.367448e+00 -1.597839e+00   
   1125   5.794682e+00 -1.598553e+00   
   1126   7.358847e+00 -1.320400e+00   
   1127   4.589200e+00 -1.519257e+00   
   1128   3.950528e+00 -1.377459e+00   
   1129   6.181890e+00 -1.581165e+00   
   1130   6.557625e+00 -1.533423e+00   
   1131   5.520916e+00 -1.617905e+00   
   1132   7.185143e+00 -1.400333e+00   
   1133   7.845252e+00 -1.165059e+00   
   1134   4.430770e+00 -1.518508e+00   
   1135   5.674383e+00 -1.637970e+00   
   1136   6.095534e+00 -1.618756e+00   
   1137   6.409505e+00 -1.587762e+00   
   1138   7.011879e+00 -1.469453e+00   
   1139   3.801297e+00 -1.373737e+00   
   1140   7.673176e+00 -1.267961e+00   
   1141   4.276374e+00 -1.515856e+00   
   1142   8.175171e+00 -1.050505e+00   
   1143   6.269205e+00 -1.626795e+00   
   1144   6.025594e+00 -1.651806e+00   
   1145   6.842146e+00 -1.535679e+00   
   1146   7.493927e+00 -1.359164e+00   
   1147   6.676062e+00 -1.590505e+00   
   1148   5.955653e+00 -1.684857e+00   
   1149   4.121979e+00 -1.513204e+00   
   1150   6.166434e+00 -1.668927e+00   
   1151   7.319953e+00 -1.440824e+00   
   1152   7.991977e+00 -1.188590e+00   
   1153   6.517934e+00 -1.641032e+00   
   1154   5.078873e+00 -1.701530e+00   
   1155   4.923472e+00 -1.688298e+00   
   1156   3.970792e+00 -1.504077e+00   
   1157   4.768071e+00 -1.675066e+00   
   1158   7.139737e+00 -1.519573e+00   
   1159   5.233691e+00 -1.726433e+00   
   1160   6.370926e+00 -1.683430e+00   
   1161   7.813262e+00 -1.298910e+00   
   1162   6.102991e+00 -1.721871e+00   
   1163   4.611123e+00 -1.668191e+00   
   1164   6.968239e+00 -1.587246e+00   
   1165   5.388509e+00 -1.751336e+00   
   1166   5.841414e+00 -1.748950e+00   
   1167   6.237334e+00 -1.719098e+00   
   1168   3.819604e+00 -1.494949e+00   
   1169   7.634361e+00 -1.392148e+00   
   1170   4.454175e+00 -1.661316e+00   
   1171   6.794499e+00 -1.647586e+00   
   1172   5.557842e+00 -1.782190e+00   
   1173   7.454763e+00 -1.481316e+00   
   1174   4.299187e+00 -1.653271e+00   
   1175   6.039549e+00 -1.774815e+00   
   1176   8.138702e+00 -1.212121e+00   
   1177   6.632393e+00 -1.700263e+00   
   1178   6.472646e+00 -1.740065e+00   
   1179   7.273281e+00 -1.562463e+00   
   1180   5.727175e+00 -1.813044e+00   
   1181   4.144199e+00 -1.645226e+00   
   1182   6.180389e+00 -1.791935e+00   
   1183   6.332346e+00 -1.779098e+00   
   1184   7.957748e+00 -1.336324e+00   
   1185   7.094332e+00 -1.638812e+00   
   1186   7.774795e+00 -1.425132e+00   
   1187   3.991055e+00 -1.630694e+00   
   1188   6.917324e+00 -1.702667e+00   
   1189   5.947979e+00 -1.848465e+00   
   1190   7.595545e+00 -1.516335e+00   
   1191   4.943752e+00 -1.838250e+00   
   1192   5.095023e+00 -1.852890e+00   
   1193   3.837912e+00 -1.616162e+00   
   1194   6.746852e+00 -1.759493e+00   
   1195   4.792482e+00 -1.823611e+00   
   1196   5.244826e+00 -1.877821e+00   
   1197   6.582791e+00 -1.802984e+00   
   1198   4.637764e+00 -1.814399e+00   
   1199   6.123444e+00 -1.864773e+00   
   1200   7.406824e+00 -1.605352e+00   
   1201   6.427359e+00 -1.839098e+00   
   1202   6.275821e+00 -1.861730e+00   
   1203   4.483046e+00 -1.805187e+00   
   1204   5.394629e+00 -1.902753e+00   
   1205   7.226609e+00 -1.684101e+00   
   1206   4.327330e+00 -1.793776e+00   
   1207   8.102234e+00 -1.373737e+00   
   1208   5.856409e+00 -1.922115e+00   
   1209   7.919459e+00 -1.460041e+00   
   1210   7.040150e+00 -1.757747e+00   
   1211   5.548365e+00 -1.937009e+00   
   1212   4.171615e+00 -1.782366e+00   
   1213   7.736328e+00 -1.551354e+00   
   1214   6.866409e+00 -1.818088e+00   
   1215   4.013917e+00 -1.759870e+00   
   1216   6.054543e+00 -1.947979e+00   
   1217   6.692936e+00 -1.865902e+00   
   1218   7.547973e+00 -1.642222e+00   
   1219   5.702101e+00 -1.971265e+00   
   1220   6.219296e+00 -1.944361e+00   
   1221   6.533189e+00 -1.905704e+00   
   1222   6.371253e+00 -1.931524e+00   
   1223   3.856219e+00 -1.737374e+00   
   1224   7.358885e+00 -1.729389e+00   
   1225   7.170681e+00 -1.807550e+00   
   1226   4.964033e+00 -1.988203e+00   
   1227   4.816892e+00 -1.972156e+00   
   1228   8.064123e+00 -1.494949e+00   
   1229   5.111173e+00 -2.004249e+00   
   1230   4.664405e+00 -1.960607e+00   
   1231   7.881169e+00 -1.583758e+00   
   1232   5.255961e+00 -2.029210e+00   
   1233   6.985967e+00 -1.876682e+00   
   1234   4.511918e+00 -1.949057e+00   
   1235   5.985643e+00 -2.031186e+00   
   1236   7.689123e+00 -1.679091e+00   
   1237   6.809395e+00 -1.928374e+00   
   1238   4.355474e+00 -1.934282e+00   
   1239   5.400749e+00 -2.054170e+00   
   1240   5.822164e+00 -2.052466e+00   
   1241   6.154148e+00 -2.031345e+00   
   1242   6.639020e+00 -1.972311e+00   
   1243   6.315148e+00 -2.023950e+00   
   1244   6.474761e+00 -2.002821e+00   
   1245   7.500402e+00 -1.768108e+00   
   1246   4.199030e+00 -1.919507e+00   
   1247   4.036778e+00 -1.889047e+00   
   1248   5.538888e+00 -2.091828e+00   
   1249   3.874526e+00 -1.858586e+00   
   1250   7.301213e+00 -1.857353e+00   
   1251   8.026011e+00 -1.616162e+00   
   1252   7.114754e+00 -1.931000e+00   
   1253   5.677026e+00 -2.129486e+00   
   1254   7.838511e+00 -1.708232e+00   
   1255   6.925855e+00 -1.990845e+00   
   1256   6.089001e+00 -2.118329e+00   
   1257   5.942227e+00 -2.133668e+00   
   1258   6.752381e+00 -2.038660e+00   
   1259   6.253753e+00 -2.114711e+00   
   1260   6.578268e+00 -2.074118e+00   
   1261   7.641918e+00 -1.806827e+00   
   1262   6.416332e+00 -2.099938e+00   
   1263   4.990133e+00 -2.130572e+00   
   1264   4.846649e+00 -2.116205e+00   
   1265   5.133617e+00 -2.144939e+00   
   1266   4.697643e+00 -2.106327e+00   
   1267   5.272161e+00 -2.167808e+00   
   1268   4.548637e+00 -2.096450e+00   
   1269   7.440948e+00 -1.902108e+00   
   1270   5.787919e+00 -2.182818e+00   
   1271   5.410705e+00 -2.190678e+00   
   1272   4.392306e+00 -2.084193e+00   
   1273   7.243540e+00 -1.985317e+00   
   1274   7.987900e+00 -1.737374e+00   
   1275   4.235975e+00 -2.071936e+00   
   1276   7.051180e+00 -2.051013e+00   
   1277   4.071809e+00 -2.046069e+00   
   1278   5.543205e+00 -2.229581e+00   
   1279   6.038723e+00 -2.212888e+00   
   1280   7.795853e+00 -1.832707e+00   
   1281   6.192359e+00 -2.205472e+00   
   1282   6.865743e+00 -2.105009e+00   
   1283   6.353170e+00 -2.194043e+00   
   1284   3.907643e+00 -2.020202e+00   
   1285   6.688620e+00 -2.144834e+00   
   1286   5.898812e+00 -2.236150e+00   
   1287   6.517517e+00 -2.175926e+00   
   1288   7.580683e+00 -1.946863e+00   
   1289   5.675704e+00 -2.268484e+00   
   1290   5.774270e+00 -2.290845e+00   
   1291   7.381494e+00 -2.036108e+00   
   1292   5.016234e+00 -2.272941e+00   
   1293   4.876406e+00 -2.260253e+00   
   1294   5.156061e+00 -2.285628e+00   
   1295   4.730881e+00 -2.252048e+00   
   1296   7.949788e+00 -1.858586e+00   
   1297   7.176506e+00 -2.111181e+00   
   1298   5.288361e+00 -2.306407e+00   
   1299   6.135219e+00 -2.292109e+00   
   1300   5.872835e+00 -2.313205e+00   
   1301   4.585356e+00 -2.243842e+00   
   1302   5.988446e+00 -2.307448e+00   
   1303   6.987607e+00 -2.171026e+00   
   1304   6.290008e+00 -2.288148e+00   
   1305   5.420662e+00 -2.327186e+00   
   1306   6.798971e+00 -2.215549e+00   
   1307   6.452587e+00 -2.273375e+00   
   1308   6.624858e+00 -2.251007e+00   
   1309   4.429138e+00 -2.234104e+00   
   1310   7.731499e+00 -1.983532e+00   
   1311   4.272920e+00 -2.224365e+00   
   1312   5.547521e+00 -2.367334e+00   
   1313   4.106840e+00 -2.203092e+00   
   1314   7.519448e+00 -2.086898e+00   
   1315   3.940760e+00 -2.181818e+00   
   1316   5.947784e+00 -2.383077e+00   
   1317   5.846859e+00 -2.390261e+00   
   1318   6.078080e+00 -2.378747e+00   
   1319   5.760620e+00 -2.398872e+00   
   1320   7.311053e+00 -2.169374e+00   
   1321   6.227966e+00 -2.375315e+00   
   1322   5.674381e+00 -2.407482e+00   
   1323   7.109471e+00 -2.237044e+00   
   1324   6.387656e+00 -2.370824e+00   
   1325   6.917008e+00 -2.287177e+00   
   1326   6.556363e+00 -2.352620e+00   
   1327   5.186320e+00 -2.415252e+00   
   1328   6.732199e+00 -2.326089e+00   
   1329   5.051277e+00 -2.407805e+00   
   1330   5.308570e+00 -2.427983e+00   
   1331   4.916234e+00 -2.400357e+00   
   1332   7.882314e+00 -2.020202e+00   
   1333   5.430821e+00 -2.440715e+00   
   1334   4.773699e+00 -2.397747e+00   
   1335   4.631163e+00 -2.395138e+00   
   1336   5.534669e+00 -2.463347e+00   
   1337   5.907122e+00 -2.458706e+00   
   1338   6.022732e+00 -2.452949e+00   
   1339   7.667144e+00 -2.134358e+00   
   1340   5.638517e+00 -2.485979e+00   
   1341   4.477437e+00 -2.395102e+00   
   1342   6.165924e+00 -2.462482e+00   
   1343   5.827465e+00 -2.486780e+00   
   1344   7.445601e+00 -2.227567e+00   
   1345   6.320712e+00 -2.458520e+00   
   1346   4.323711e+00 -2.395066e+00   
   1347   7.240612e+00 -2.302640e+00   
   1348   6.487869e+00 -2.454233e+00   
   1349   5.747808e+00 -2.514854e+00   
   1350   7.035045e+00 -2.358805e+00   
   1351   6.660140e+00 -2.431865e+00   
   1352   6.846409e+00 -2.403327e+00   
   1353   5.967384e+00 -2.527151e+00   
   1354   4.159757e+00 -2.391890e+00   
   1355   5.328779e+00 -2.549560e+00   
   1356   5.216578e+00 -2.544877e+00   
   1357   5.440979e+00 -2.554243e+00   
   1358   6.103084e+00 -2.538800e+00   
   1359   5.521816e+00 -2.559359e+00   
   1360   5.086320e+00 -2.542669e+00   
   1361   5.602654e+00 -2.564475e+00   
   1362   7.814840e+00 -2.181818e+00   
   1363   4.956062e+00 -2.540460e+00   
   1364   3.995804e+00 -2.388714e+00   
   1365   5.694950e+00 -2.579064e+00   
   1366   6.253767e+00 -2.546216e+00   
   1367   5.894310e+00 -2.574689e+00   
   1368   4.816517e+00 -2.543447e+00   
   1369   7.589774e+00 -2.285501e+00   
   1370   6.415897e+00 -2.545389e+00   
   1371   4.676971e+00 -2.546433e+00   
   1372   7.371753e+00 -2.368237e+00   
   1373   6.588082e+00 -2.537642e+00   
   1374   6.769852e+00 -2.513634e+00   
   1375   7.161721e+00 -2.432450e+00   
   1376   6.960619e+00 -2.480565e+00   
   1377   5.821236e+00 -2.622226e+00   
   1378   6.040244e+00 -2.615117e+00   
   1379   4.525736e+00 -2.556099e+00   
   1380   5.642092e+00 -2.643273e+00   
   1381   6.183435e+00 -2.624650e+00   
   1382   5.558509e+00 -2.652470e+00   
   1383   5.474925e+00 -2.661668e+00   
   1384   5.364953e+00 -2.664999e+00   
   1385   4.374501e+00 -2.565766e+00   
   1386   5.751384e+00 -2.672149e+00   
   1387   5.254980e+00 -2.668330e+00   
   1388   6.343926e+00 -2.636545e+00   
   1389   5.964867e+00 -2.670460e+00   
   1390   5.128047e+00 -2.672299e+00   
   1391   7.733948e+00 -2.343434e+00   
   1392   6.511083e+00 -2.632258e+00   
   1393   5.001114e+00 -2.676268e+00   
   1394   6.693295e+00 -2.623941e+00   
   1395   7.512404e+00 -2.436644e+00   
   1396   4.212674e+00 -2.580688e+00   
   1397   6.879564e+00 -2.595403e+00   
   1398   4.864650e+00 -2.685868e+00   
   1399   5.681531e+00 -2.722071e+00   
   1400   7.288396e+00 -2.506095e+00   
   1401   6.113104e+00 -2.703084e+00   
   1402   7.082829e+00 -2.562260e+00   
   1403   5.889489e+00 -2.725802e+00   
   1404   5.595201e+00 -2.745582e+00   
   1405   4.728186e+00 -2.695468e+00   
   1406   6.267433e+00 -2.718934e+00   
   1407   4.050847e+00 -2.595611e+00   
   1408   5.508871e+00 -2.769093e+00   
   1409   5.812307e+00 -2.775248e+00   
   1410   6.434084e+00 -2.726874e+00   
   1411   6.035423e+00 -2.766231e+00   
   1412   5.401127e+00 -2.780438e+00   
   1413   4.581221e+00 -2.714189e+00   
   1414   5.293382e+00 -2.791783e+00   
   1415   6.611265e+00 -2.723260e+00   
   1416   5.169774e+00 -2.801930e+00   
   1417   6.798508e+00 -2.710240e+00   
   1418   7.653055e+00 -2.505051e+00   
   1419   5.735125e+00 -2.824695e+00   
   1420   4.434255e+00 -2.732910e+00   
   1421   6.997788e+00 -2.681800e+00   
   1422   6.190941e+00 -2.801324e+00   
   1423   5.046165e+00 -2.812076e+00   
   1424   7.422275e+00 -2.586381e+00   
   1425   7.205038e+00 -2.643954e+00   
   1426   5.957743e+00 -2.829377e+00   
   1427   5.645634e+00 -2.854095e+00   
   1428   6.351431e+00 -2.813219e+00   
   1429   4.912783e+00 -2.828290e+00   
   1430   5.556142e+00 -2.883495e+00   
   1431   4.277885e+00 -2.762833e+00   
   1432   5.873231e+00 -2.878348e+00   
   1433   6.529234e+00 -2.822579e+00   
   1434   6.108434e+00 -2.869295e+00   
   1435   4.779401e+00 -2.844503e+00   
   1436   5.447244e+00 -2.899522e+00   
   1437   6.711446e+00 -2.814262e+00   
   1438   5.338347e+00 -2.915550e+00   
   1439   6.912748e+00 -2.801341e+00   
   1440   5.788719e+00 -2.927318e+00   
   1441   6.268778e+00 -2.899564e+00   
   1442   4.636705e+00 -2.872279e+00   
   1443   7.116013e+00 -2.768198e+00   
   1444   5.218085e+00 -2.929989e+00   
   1445   4.121515e+00 -2.792755e+00   
   1446   7.556154e+00 -2.666667e+00   
   1447   6.025928e+00 -2.937266e+00   
   1448   7.332145e+00 -2.736119e+00   
   1449   5.097823e+00 -2.944429e+00   
   1450   5.696066e+00 -2.962607e+00   
   1451   6.439772e+00 -2.914089e+00   
   1452   4.494009e+00 -2.900055e+00   
   1453   4.968062e+00 -2.964052e+00   
   1454   6.624384e+00 -2.918283e+00   
   1455   5.936400e+00 -2.988744e+00   
   1456   5.603413e+00 -2.997896e+00   
   1457   6.181446e+00 -2.972360e+00   
   1458   6.820740e+00 -2.909883e+00   
   1459   5.493362e+00 -3.018607e+00   
   1460   4.838301e+00 -2.983676e+00   
   1461   7.026987e+00 -2.892442e+00   
   1462   5.383311e+00 -3.039317e+00   
   1463   5.846873e+00 -3.040221e+00   
   1464   6.350310e+00 -3.005600e+00   
   1465   4.343096e+00 -2.944977e+00   
   1466   7.240616e+00 -2.863874e+00   
   1467   6.094113e+00 -3.045156e+00   
   1468   5.266396e+00 -3.058049e+00   
   1469   4.700140e+00 -3.016864e+00   
   1470   6.528113e+00 -3.014960e+00   
   1471   7.459252e+00 -2.828283e+00   
   1472   5.750847e+00 -3.078760e+00   
   1473   5.149480e+00 -3.076781e+00   
   1474   6.728732e+00 -3.018425e+00   
   1475   5.999569e+00 -3.099140e+00   
   1476   6.257236e+00 -3.082357e+00   
   1477   5.654822e+00 -3.117299e+00   
   1478   5.023341e+00 -3.099815e+00   
   1479   4.561980e+00 -3.050053e+00   
   1480   4.192183e+00 -2.989899e+00   
   1481   6.930033e+00 -3.005504e+00   
   1482   5.542493e+00 -3.140418e+00   
   1483   4.897201e+00 -3.122849e+00   
   1484   5.905026e+00 -3.153124e+00   
   1485   6.431842e+00 -3.111636e+00   
   1486   7.149087e+00 -2.991630e+00   
   1487   5.430164e+00 -3.163538e+00   
   1488   7.365219e+00 -2.959550e+00   
   1489   6.164162e+00 -3.159115e+00   
   1490   5.313200e+00 -3.184049e+00   
   1491   4.416107e+00 -3.100784e+00   
   1492   6.622766e+00 -3.123345e+00   
   1493   5.805628e+00 -3.194913e+00   
   1494   4.763576e+00 -3.161450e+00   
   1495   5.196237e+00 -3.204560e+00   
   1496   6.833079e+00 -3.118566e+00   
   1497   6.333027e+00 -3.192355e+00   
   1498   6.064297e+00 -3.216453e+00   
   1499   5.706230e+00 -3.236702e+00   
   1500   5.074427e+00 -3.228343e+00   
   1501   7.053707e+00 -3.103739e+00   
   1502   4.629950e+00 -3.200051e+00   
   1503   5.591624e+00 -3.262230e+00   
   1504   4.270233e+00 -3.151515e+00   
   1505   4.952617e+00 -3.252126e+00   
   1506   5.964431e+00 -3.273790e+00   
   1507   7.271186e+00 -3.090817e+00   
   1508   6.516801e+00 -3.228264e+00   
   1509   5.477017e+00 -3.287759e+00   
   1510   6.234212e+00 -3.273074e+00   
   1511   5.360005e+00 -3.310049e+00   
   1512   6.717419e+00 -3.231729e+00   
   1513   5.860091e+00 -3.316792e+00   
   1514   4.828058e+00 -3.292968e+00   
   1515   4.489117e+00 -3.256591e+00   
   1516   5.242993e+00 -3.332339e+00   
   1517   6.958327e+00 -3.215849e+00   
   1518   6.129024e+00 -3.333765e+00   
   1519   6.411712e+00 -3.312894e+00   
   1520   5.755751e+00 -3.359794e+00   
   1521   5.125513e+00 -3.356871e+00   
   1522   7.177381e+00 -3.201974e+00   
   1523   4.703500e+00 -3.333809e+00   
   1524   5.641013e+00 -3.387506e+00   
   1525   5.008033e+00 -3.381403e+00   
   1526   6.023836e+00 -3.394457e+00   
   1527   4.348283e+00 -3.313131e+00   
   1528   6.601759e+00 -3.344893e+00   
   1529   5.526274e+00 -3.415218e+00   
   1530   6.306624e+00 -3.397523e+00   
   1531   5.405758e+00 -3.435784e+00   
   1532   5.914554e+00 -3.438672e+00   
   1533   6.820281e+00 -3.350246e+00   
   1534   4.892541e+00 -3.424486e+00   
   1535   5.285242e+00 -3.456351e+00   
   1536   7.083575e+00 -3.313131e+00   
   1537   4.578651e+00 -3.402777e+00   
   1538   5.805272e+00 -3.482887e+00   
   1539   5.168625e+00 -3.476283e+00   
   1540   6.195397e+00 -3.462361e+00   
   1541   6.490397e+00 -3.433433e+00   
   1542   4.777049e+00 -3.467568e+00   
   1543   5.690402e+00 -3.512782e+00   
   1544   5.052008e+00 -3.496216e+00   
   1545   5.575532e+00 -3.542677e+00   
   1546   6.084170e+00 -3.527199e+00   
   1547   4.453803e+00 -3.471745e+00   
   1548   4.944002e+00 -3.533405e+00   
   1549   5.451511e+00 -3.561520e+00   
   1550   6.379035e+00 -3.521973e+00   
   1551   6.682235e+00 -3.484643e+00   
   1552   5.970884e+00 -3.572042e+00   
   1553   5.327491e+00 -3.580363e+00   
   1554   6.923143e+00 -3.468762e+00   
   1555   4.668186e+00 -3.548964e+00   
   1556   5.211737e+00 -3.595696e+00   
   1557   4.835996e+00 -3.570594e+00   
   1558   6.261770e+00 -3.590957e+00   
   1559   5.857597e+00 -3.616884e+00   
   1560   5.095984e+00 -3.611029e+00   
   1561   6.568363e+00 -3.572310e+00   
   1562   5.739362e+00 -3.647490e+00   
   1563   4.995463e+00 -3.642324e+00   
   1564   5.621127e+00 -3.678095e+00   
   1565   6.144504e+00 -3.659942e+00   
   1566   4.740032e+00 -3.645875e+00   
   1567   5.488888e+00 -3.693297e+00   
   1568   4.559322e+00 -3.630360e+00   
   1569   4.894942e+00 -3.673620e+00   
   1570   6.454491e+00 -3.659976e+00   
   1571   5.356649e+00 -3.708498e+00   
   1572   6.762712e+00 -3.624394e+00   
   1573   6.027213e+00 -3.705412e+00   
   1574   5.235913e+00 -3.712165e+00   
   1575   5.115177e+00 -3.715832e+00   
   1576   5.025805e+00 -3.727304e+00   
   1577   5.909922e+00 -3.750882e+00   
   1578   4.936432e+00 -3.738775e+00   
   1579   6.326931e+00 -3.735655e+00   
   1580   4.644068e+00 -3.721156e+00   
   1581   4.811878e+00 -3.742786e+00   
   1582   6.646330e+00 -3.711187e+00   
   1583   5.788322e+00 -3.782198e+00   
   1584   5.666723e+00 -3.813513e+00   
   1585   5.526265e+00 -3.825073e+00   
   1586   4.977922e+00 -3.803930e+00   
   1587   5.056146e+00 -3.812283e+00   
   1588   5.134370e+00 -3.820636e+00   
   1589   4.874996e+00 -3.803744e+00   
   1590   5.260089e+00 -3.828635e+00   
   1591   6.199371e+00 -3.811335e+00   
   1592   5.385807e+00 -3.836634e+00   
   1593   6.529948e+00 -3.797980e+00   
   1594   4.728814e+00 -3.811952e+00   
   1595   6.081010e+00 -3.853880e+00   
   1596   4.938113e+00 -3.864703e+00   
   1597   4.813559e+00 -3.868714e+00   
   1598   5.962649e+00 -3.896426e+00   
   1599   5.019598e+00 -3.897261e+00   
   1600   6.392092e+00 -3.880354e+00   
   1601   5.842134e+00 -3.931894e+00   
   1602   5.101084e+00 -3.929818e+00   
   1603   4.898305e+00 -3.925476e+00   
   1604   5.248688e+00 -3.957594e+00   
   1605   5.721619e+00 -3.967362e+00   
   1606   5.558956e+00 -3.976366e+00   
   1607   5.396293e+00 -3.985370e+00   
   1608   6.254237e+00 -3.962727e+00   
   1609   4.983051e+00 -3.982239e+00   
   1610   6.134807e+00 -4.002349e+00   
   1611   6.015376e+00 -4.041970e+00   
   1612   5.067797e+00 -4.039001e+00   
   1613   5.895946e+00 -4.081591e+00   
   1614   5.237288e+00 -4.086553e+00   
   1615   5.776515e+00 -4.121212e+00   
   1616   5.591648e+00 -4.127659e+00   
   1617   5.406780e+00 -4.134105e+00   
  END_COORDINATES
  BOUNDARIES, ELEMENT
    1         1594     1603     1597         1     
    2         1603     1612     1609         2     
    3         1568     1594     1580         3     
    4         1612     1617     1614         4     
    5         1617     1615     1616         5     
    6         1615     1611     1613         6     
    7         1611     1608     1610         7     
    8         1608     1593     1600         8     
    9         1593     1572     1582         9     
    10         1527     1568     1547         10     
    11         1480     1527     1504         11     
    12         1407     1480     1445         12     
    13         1315     1407     1364         13     
    14         1249     1315     1284         14     
    15         1193     1249     1223         15     
    16         1139     1193     1168         16     
    17         1078     1139     1106         17     
    18         1021     1078     1051         18     
    19         965     1021     992         19     
    20         910     965     939         20     
    21         849     910     880         21     
    22         785     849     816         22     
    23         719     785     752         23     
    24         664     719     690         24     
    25         600     664     631         25     
    26         548     600     577         26     
    27         496     548     521         27     
    28         453     496     473         28     
    29         396     453     423         29     
    30         360     396     376         30     
    31         322     360     338         31     
    32         266     322     295         32     
    33         207     266     234         33     
    34         158     207     182         34     
    35         121     158     141         35     
    36         85     121     101         36     
    37         45     85     64         37     
    38         8     45     21         38     
    39         1     8     3         39     
    40         10     1     4         40     
    41         48     10     23         41     
    42         116     48     81         42     
    43         170     116     145         43     
    44         208     170     188         44     
    45         267     208     236         45     
    46         334     267     304         46     
    47         394     334     364         47     
    48         452     394     422         48     
    49         517     452     479         49     
    50         604     517     556         50     
    51         705     604     648         51     
    52         765     705     736         52     
    53         824     765     795         53     
    54         883     824     854         54     
    55         936     883     911         55     
    56         987     936     961         56     
    57         1037     987     1012         57     
    58         1091     1037     1063         58     
    59         1142     1091     1113         59     
    60         1207     1142     1176         60     
    61         1251     1207     1228         61     
    62         1296     1251     1274         62     
    63         1362     1296     1332         63     
    64         1418     1362     1391         64     
    65         1471     1418     1446         65     
    66         1507     1471     1488         66     
    67         1536     1507     1522         67     
    68         1572     1536     1554         68     
  END_BOUNDARIES
  MATERIALS, NUMBER= 1, DEFAULT=1
  END_MATERIALS
  SUBDOMAINS
  END_SUBDOMAINS
  CHARACTERISTICS
  END_CHARACTERISTICS
