  NODES_PER_ELEMENT
   1 3
   2 3
   3 3
   4 3
   5 3
   6 3
   7 3
   8 3
   9 3
   10 3
   11 3
   12 3
   13 3
   14 3
   15 3
   16 3
   17 3
   18 3
   19 3
   20 3
   21 3
   22 3
   23 3
   24 3
   25 3
   26 3
   27 3
   28 3
   29 3
   30 3
   31 3
   32 3
   33 3
   34 3
   35 3
   36 3
   37 3
   38 3
   39 3
   40 3
   41 3
   42 3
   43 3
   44 3
   45 3
   46 3
   47 3
   48 3
   49 3
   50 3
   51 3
   52 3
   53 3
   54 3
   55 3
   56 3
   57 3
   58 3
   59 3
   60 3
   61 3
   62 3
   63 3
   64 3
   65 3
   66 3
   67 3
   68 3
   69 3
   70 3
   71 3
   72 3
   73 3
   74 3
   75 3
   76 3
   77 3
   78 3
   79 3
   80 3
   81 3
   82 3
   83 3
   84 3
   85 3
   86 3
   87 3
   88 3
   89 3
   90 3
   91 3
   92 3
   93 3
   94 3
   95 3
   96 3
   97 3
   98 3
   99 3
   100 3
   101 3
   102 3
   103 3
   104 3
   105 3
   106 3
   107 3
   108 3
   109 3
   110 3
   111 3
   112 3
   113 3
   114 3
   115 3
   116 3
   117 3
   118 3
   119 3
   120 3
   121 3
   122 3
   123 3
   124 3
   125 3
   126 3
   127 3
   128 3
   129 3
   130 3
   131 3
   132 3
   133 3
   134 3
   135 3
   136 3
   137 3
   138 3
   139 3
   140 3
   141 3
   142 3
   143 3
   144 3
   145 3
   146 3
   147 3
   148 3
   149 3
   150 3
   151 3
   152 3
   153 3
   154 3
   155 3
   156 3
   157 3
   158 3
   159 3
   160 3
   161 3
   162 3
   163 3
   164 3
   165 3
   166 3
   167 3
   168 3
   169 3
   170 3
   171 3
   172 3
   173 3
   174 3
   175 3
   176 3
   177 3
   178 3
   179 3
   180 3
   181 3
   182 3
   183 3
   184 3
   185 3
   186 3
   187 3
   188 3
   189 3
   190 3
   191 3
   192 3
   193 3
   194 3
   195 3
   196 3
   197 3
   198 3
   199 3
   200 3
   201 3
   202 3
   203 3
   204 3
   205 3
   206 3
   207 3
   208 3
   209 3
   210 3
   211 3
   212 3
   213 3
   214 3
   215 3
   216 3
   217 3
   218 3
   219 3
   220 3
   221 3
   222 3
   223 3
   224 3
   225 3
   226 3
   227 3
   228 3
   229 3
   230 3
   231 3
   232 3
   233 3
   234 3
   235 3
   236 3
   237 3
   238 3
   239 3
   240 3
   241 3
   242 3
   243 3
   244 3
   245 3
   246 3
   247 3
   248 3
   249 3
   250 3
   251 3
   252 3
   253 3
   254 3
   255 3
   256 3
   257 3
   258 3
   259 3
   260 3
   261 3
   262 3
   263 3
   264 3
   265 3
   266 3
   267 3
   268 3
   269 3
   270 3
   271 3
   272 3
   273 3
   274 3
   275 3
   276 3
   277 3
   278 3
   279 3
   280 3
   281 3
   282 3
   283 3
   284 3
   285 3
   286 3
   287 3
   288 3
   289 3
   290 3
   291 3
   292 3
   293 3
   294 3
   295 3
   296 3
   297 3
   298 3
   299 3
   300 3
   301 3
   302 3
   303 3
   304 3
   305 3
   306 3
   307 3
   308 3
   309 3
   310 3
   311 3
   312 3
   313 3
   314 3
   315 3
   316 3
   317 3
   318 3
   319 3
   320 3
   321 3
   322 3
   323 3
   324 3
   325 3
   326 3
   327 3
   328 3
   329 3
   330 3
   331 3
   332 3
   333 3
   334 3
   335 3
   336 3
   337 3
   338 3
   339 3
   340 3
   341 3
   342 3
   343 3
   344 3
   345 3
   346 3
   347 3
   348 3
   349 3
   350 3
   351 3
   352 3
   353 3
   354 3
   355 3
   356 3
   357 3
   358 3
   359 3
   360 3
   361 3
   362 3
   363 3
   364 3
   365 3
   366 3
   367 3
   368 3
   369 3
   370 3
   371 3
   372 3
   373 3
   374 3
   375 3
   376 3
   377 3
   378 3
   379 3
   380 3
   381 3
   382 3
   383 3
   384 3
   385 3
   386 3
   387 3
   388 3
   389 3
   390 3
   391 3
   392 3
   393 3
   394 3
   395 3
   396 3
   397 3
   398 3
   399 3
   400 3
   401 3
   402 3
   403 3
   404 3
   405 3
   406 3
   407 3
   408 3
   409 3
   410 3
   411 3
   412 3
   413 3
   414 3
   415 3
   416 3
   417 3
   418 3
   419 3
   420 3
   421 3
   422 3
   423 3
   424 3
   425 3
   426 3
   427 3
   428 3
   429 3
   430 3
   431 3
   432 3
   433 3
   434 3
   435 3
   436 3
   437 3
   438 3
   439 3
   440 3
   441 3
   442 3
   443 3
   444 3
   445 3
   446 3
   447 3
   448 3
   449 3
   450 3
   451 3
   452 3
   453 3
   454 3
   455 3
   456 3
   457 3
   458 3
   459 3
   460 3
   461 3
   462 3
   463 3
   464 3
   465 3
   466 3
   467 3
   468 3
   469 3
   470 3
   471 3
   472 3
   473 3
   474 3
   475 3
   476 3
   477 3
   478 3
   479 3
   480 3
   481 3
   482 3
   483 3
   484 3
   485 3
   486 3
   487 3
   488 3
   489 3
   490 3
   491 3
   492 3
   493 3
   494 3
   495 3
   496 3
   497 3
   498 3
   499 3
   500 3
   501 3
   502 3
   503 3
   504 3
   505 3
   506 3
   507 3
   508 3
   509 3
   510 3
   511 3
   512 3
   513 3
   514 3
   515 3
   516 3
   517 3
   518 3
   519 3
   520 3
   521 3
   522 3
   523 3
   524 3
   525 3
   526 3
   527 3
   528 3
   529 3
   530 3
   531 3
   532 3
   533 3
   534 3
   535 3
   536 3
   537 3
   538 3
   539 3
   540 3
   541 3
   542 3
   543 3
   544 3
   545 3
   546 3
   547 3
   548 3
   549 3
   550 3
   551 3
   552 3
   553 3
   554 3
   555 3
   556 3
   557 3
   558 3
   559 3
   560 3
   561 3
   562 3
   563 3
   564 3
   565 3
   566 3
   567 3
   568 3
   569 3
   570 3
   571 3
   572 3
   573 3
   574 3
   575 3
   576 3
   577 3
   578 3
   579 3
   580 3
   581 3
   582 3
   583 3
   584 3
   585 3
   586 3
   587 3
   588 3
   589 3
   590 3
   591 3
   592 3
   593 3
   594 3
   595 3
   596 3
   597 3
   598 3
   599 3
   600 3
   601 3
   602 3
   603 3
   604 3
   605 3
   606 3
   607 3
   608 3
   609 3
   610 3
   611 3
   612 3
   613 3
   614 3
   615 3
   616 3
   617 3
   618 3
   619 3
   620 3
   621 3
   622 3
   623 3
   624 3
   625 3
   626 3
   627 3
   628 3
   629 3
   630 3
   631 3
   632 3
   633 3
   634 3
   635 3
   636 3
   637 3
   638 3
   639 3
   640 3
   641 3
   642 3
   643 3
   644 3
   645 3
   646 3
   647 3
   648 3
   649 3
   650 3
   651 3
   652 3
   653 3
   654 3
   655 3
   656 3
   657 3
   658 3
   659 3
   660 3
   661 3
   662 3
   663 3
   664 3
   665 3
   666 3
   667 3
   668 3
   669 3
   670 3
   671 3
   672 3
   673 3
   674 3
   675 3
   676 3
   677 3
   678 3
   679 3
   680 3
   681 3
   682 3
   683 3
   684 3
   685 3
   686 3
   687 3
   688 3
   689 3
   690 3
   691 3
   692 3
   693 3
   694 3
   695 3
   696 3
   697 3
   698 3
   699 3
   700 3
   701 3
   702 3
   703 3
   704 3
   705 3
   706 3
   707 3
   708 3
   709 3
   710 3
   711 3
   712 3
   713 3
   714 3
   715 3
   716 3
   717 3
   718 3
   719 3
   720 3
   721 3
   722 3
   723 3
   724 3
   725 3
   726 3
   727 3
   728 3
   729 3
   730 3
   731 3
   732 3
   733 3
   734 3
   735 3
   736 3
   737 3
   738 3
   739 3
   740 3
   741 3
   742 3
   743 3
   744 3
   745 3
   746 3
   747 3
   748 3
   749 3
   750 3
   751 3
   752 3
   753 3
   754 3
   755 3
   756 3
   757 3
   758 3
   759 3
   760 3
   761 3
   762 3
   763 3
   764 3
   765 3
   766 3
   767 3
   768 3
   769 3
   770 3
   771 3
   772 3
   773 3
   774 3
   775 3
   776 3
   777 3
   778 3
   779 3
   780 3
   781 3
   782 3
   783 3
   784 3
   785 3
   786 3
   787 3
   788 3
   789 3
   790 3
   791 3
   792 3
   793 3
   794 3
   795 3
   796 3
  END_NODES_PER_ELEMENT
  ELEMENTS
  1 346 349 347  
  2 347 349 353  
  3 346 347 342  
  4 342 347 343  
  5 346 342 339  
  6 343 347 353  
  7 342 343 335  
  8 339 342 335  
  9 335 343 338  
  10 427 424 417  
  11 426 430 419  
  12 430 434 422  
  13 437 440 435  
  14 432 427 420  
  15 424 426 416  
  16 434 437 429  
  17 339 335 328  
  18 436 428 431  
  19 398 401 386  
  20 419 430 422  
  21 426 419 416  
  22 435 440 439  
  23 437 435 429  
  24 417 424 416  
  25 422 434 429  
  26 420 427 417  
  27 432 420 425  
  28 338 343 348  
  29 335 338 330  
  30 419 422 412  
  31 429 435 421  
  32 420 417 407  
  33 416 419 409  
  34 417 416 408  
  35 422 429 414  
  36 381 387 384  
  37 357 361 350  
  38 367 372 366  
  39 375 381 379  
  40 353 357 348  
  41 348 357 350  
  42 361 367 360  
  43 372 375 373  
  44 387 391 392  
  45 343 353 348  
  46 348 350 336  
  47 393 398 386  
  48 440 444 439  
  49 431 428 418  
  50 436 431 438  
  51 435 439 433  
  52 425 420 413  
  53 432 425 442  
  54 384 387 392  
  55 381 384 379  
  56 360 367 366  
  57 361 360 350  
  58 366 372 373  
  59 375 379 373  
  60 392 391 403  
  61 439 444 445  
  62 338 348 336  
  63 330 338 336  
  64 335 330 328  
  65 384 392 396  
  66 350 360 344  
  67 373 379 374  
  68 379 384 382  
  69 360 366 356  
  70 366 373 364  
  71 415 410 406  
  72 410 404 399  
  73 395 393 388  
  74 443 436 438  
  75 428 415 418  
  76 404 400 390  
  77 400 395 389  
  78 443 438 445  
  79 418 415 406  
  80 431 418 433  
  81 438 431 433  
  82 433 418 421  
  83 433 421 435  
  84 412 422 414  
  85 412 414 402  
  86 409 419 412  
  87 409 412 397  
  88 429 421 414  
  89 414 421 411  
  90 416 409 408  
  91 408 409 396  
  92 407 417 408  
  93 407 408 396  
  94 420 407 413  
  95 413 407 403  
  96 413 403 405  
  97 433 439 438  
  98 438 439 445  
  99 425 413 423  
  100 403 391 405  
  101 392 403 407  
  102 388 393 386  
  103 395 388 389  
  104 406 410 399  
  105 399 404 390  
  106 390 400 389  
  107 418 406 411  
  108 406 399 394  
  109 445 444 447  
  110 389 388 378  
  111 399 390 385  
  112 390 389 380  
  113 336 350 344  
  114 328 317 315  
  115 396 392 407  
  116 382 384 396  
  117 382 396 397  
  118 364 373 374  
  119 364 374 368  
  120 344 360 356  
  121 344 356 337  
  122 356 366 364  
  123 356 364 352  
  124 379 382 374  
  125 374 382 376  
  126 443 445 446  
  127 336 344 326  
  128 413 405 423  
  129 402 414 411  
  130 402 411 394  
  131 397 412 402  
  132 397 402 383  
  133 411 421 418  
  134 409 397 396  
  135 330 336 323  
  136 323 336 326  
  137 330 323 317  
  138 323 326 312  
  139 378 388 386  
  140 389 378 380  
  141 380 378 365  
  142 394 399 385  
  143 394 385 383  
  144 406 394 411  
  145 385 390 380  
  146 385 380 371  
  147 317 323 312  
  148 330 317 328  
  149 315 317 302  
  150 442 425 423  
  151 446 445 447  
  152 337 356 352  
  153 337 352 334  
  154 352 364 368  
  155 352 368 354  
  156 376 382 397  
  157 344 337 326  
  158 326 337 321  
  159 374 376 368  
  160 368 376 369  
  161 423 441 442  
  162 312 326 321  
  163 10 15 9  
  164 15 22 17  
  165 22 29 23  
  166 230 218 223  
  167 218 207 202  
  168 207 194 191  
  169 194 182 173  
  170 279 271 265  
  171 271 257 254  
  172 257 245 240  
  173 245 230 223  
  174 383 402 394  
  175 397 383 376  
  176 376 383 369  
  177 369 383 371  
  178 355 340 331  
  179 340 327 322  
  180 327 319 309  
  181 319 310 304  
  182 365 378 362  
  183 380 365 371  
  184 371 365 358  
  185 385 371 383  
  186 334 352 354  
  187 334 354 332  
  188 337 334 321  
  189 321 334 318  
  190 354 368 369  
  191 354 369 358  
  192 14 7 12  
  193 7 2 6  
  194 2 1 3  
  195 285 302 292  
  196 93 81 84  
  197 69 57 60  
  198 81 69 72  
  199 57 48 50  
  200 182 165 173  
  201 165 152 154  
  202 152 137 138  
  203 369 371 358  
  204 358 365 341  
  205 332 354 358  
  206 332 358 341  
  207 334 332 318  
  208 9 15 17  
  209 9 17 13  
  210 17 22 23  
  211 17 23 20  
  212 23 29 35  
  213 13 17 20  
  214 13 20 18  
  215 20 23 30  
  216 18 20 26  
  217 13 18 8  
  218 10 9 4  
  219 9 13 5  
  220 223 218 202  
  221 223 202 200  
  222 202 207 191  
  223 202 191 187  
  224 191 194 173  
  225 191 173 175  
  226 200 202 187  
  227 200 187 186  
  228 187 191 175  
  229 187 175 172  
  230 175 173 157  
  231 186 187 172  
  232 186 172 171  
  233 172 175 164  
  234 171 172 158  
  235 186 171 190  
  236 223 200 221  
  237 200 186 203  
  238 265 271 254  
  239 265 254 249  
  240 254 257 240  
  241 254 240 237  
  242 240 245 223  
  243 249 254 237  
  244 249 237 232  
  245 237 240 221  
  246 232 237 217  
  247 249 232 248  
  248 279 265 290  
  249 265 249 268  
  250 137 121 123  
  251 121 107 108  
  252 107 93 97  
  253 321 318 307  
  254 331 340 322  
  255 331 322 313  
  256 322 327 309  
  257 322 309 306  
  258 309 319 304  
  259 309 304 294  
  260 304 310 295  
  261 313 322 306  
  262 313 306 297  
  263 306 309 294  
  264 306 294 289  
  265 294 304 287  
  266 297 306 289  
  267 297 289 284  
  268 313 297 308  
  269 284 289 274  
  270 297 284 293  
  271 355 331 363  
  272 331 313 325  
  273 289 294 280  
  274 362 378 386  
  275 365 362 341  
  276 12 7 6  
  277 12 6 11  
  278 6 2 3  
  279 6 3 8  
  280 3 1 4  
  281 11 6 8  
  282 14 12 21  
  283 12 11 19  
  284 292 302 317  
  285 285 292 276  
  286 84 81 72  
  287 84 72 77  
  288 60 57 50  
  289 60 50 55  
  290 72 69 60  
  291 72 60 68  
  292 50 48 39  
  293 77 72 68  
  294 77 68 73  
  295 55 50 42  
  296 68 60 55  
  297 68 55 62  
  298 73 68 62  
  299 73 62 71  
  300 77 73 85  
  301 62 55 49  
  302 71 62 59  
  303 93 84 97  
  304 97 84 89  
  305 89 84 77  
  306 89 77 85  
  307 89 85 100  
  308 97 89 100  
  309 100 85 98  
  310 73 71 82  
  311 154 152 138  
  312 154 138 141  
  313 165 154 173  
  314 138 137 123  
  315 138 123 126  
  316 126 123 112  
  317 138 126 141  
  318 141 126 132  
  319 132 126 116  
  320 141 132 149  
  321 116 126 112  
  322 116 112 100  
  323 100 108 97  
  324 132 116 119  
  325 149 132 136  
  326 141 149 157  
  327 154 141 157  
  328 112 123 108  
  329 112 108 100  
  330 108 123 121  
  331 97 108 107  
  332 98 85 82  
  333 82 85 73  
  334 100 98 116  
  335 35 29 40  
  336 35 40 44  
  337 44 40 52  
  338 35 44 30  
  339 44 52 54  
  340 35 30 23  
  341 54 52 67  
  342 44 54 45  
  343 26 20 30  
  344 26 30 37  
  345 5 13 8  
  346 5 8 3  
  347 5 3 4  
  348 37 30 45  
  349 8 18 16  
  350 26 37 32  
  351 18 26 24  
  352 9 5 4  
  353 157 173 154  
  354 221 200 203  
  355 221 203 217  
  356 268 249 248  
  357 268 248 264  
  358 264 248 251  
  359 268 264 283  
  360 158 172 164  
  361 158 149 136  
  362 217 237 221  
  363 164 175 157  
  364 164 157 149  
  365 164 149 158  
  366 203 186 190  
  367 203 190 208  
  368 208 190 193  
  369 203 208 217  
  370 217 208 222  
  371 222 208 205  
  372 217 222 232  
  373 232 222 235  
  374 235 222 216  
  375 232 235 248  
  376 248 235 251  
  377 251 235 233  
  378 233 235 216  
  379 233 216 214  
  380 251 233 246  
  381 205 208 193  
  382 205 193 197  
  383 197 193 176  
  384 205 197 216  
  385 222 205 216  
  386 216 197 214  
  387 176 193 177  
  388 197 176 178  
  389 233 214 234  
  390 190 171 177  
  391 177 171 160  
  392 190 177 193  
  393 160 171 158  
  394 177 160 176  
  395 223 221 240  
  396 265 268 290  
  397 307 318 303  
  398 321 307 312  
  399 295 310 301  
  400 295 301 283  
  401 308 297 293  
  402 308 293 305  
  403 293 284 277  
  404 280 294 287  
  405 280 287 272  
  406 305 293 288  
  407 308 305 320  
  408 272 287 283  
  409 287 304 295  
  410 287 295 283  
  411 274 289 280  
  412 274 280 263  
  413 263 280 272  
  414 263 272 251  
  415 274 263 255  
  416 325 313 308  
  417 325 308 320  
  418 325 320 345  
  419 284 274 266  
  420 331 325 363  
  421 19 11 16  
  422 16 11 8  
  423 12 19 21  
  424 345 320 333  
  425 325 345 363  
  426 276 292 278  
  427 285 276 270  
  428 39 48 33  
  429 39 33 27  
  430 27 33 21  
  431 39 27 34  
  432 59 62 49  
  433 59 49 46  
  434 246 233 234  
  435 46 49 38  
  436 42 50 39  
  437 42 39 34  
  438 42 34 38  
  439 38 34 28  
  440 42 38 49  
  441 28 27 19  
  442 38 28 36  
  443 42 49 55  
  444 36 28 25  
  445 38 36 46  
  446 251 246 263  
  447 263 246 255  
  448 255 246 234  
  449 197 178 198  
  450 71 59 66  
  451 82 71 79  
  452 178 176 156  
  453 59 46 56  
  454 119 116 98  
  455 132 119 136  
  456 45 54 58  
  457 234 214 215  
  458 36 25 31  
  459 44 45 30  
  460 37 45 47  
  461 47 45 58  
  462 37 47 32  
  463 25 28 19  
  464 16 18 24  
  465 24 26 32  
  466 24 32 31  
  467 31 32 41  
  468 24 31 25  
  469 24 25 16  
  470 41 32 47  
  471 31 41 43  
  472 43 41 51  
  473 31 43 36  
  474 36 43 46  
  475 16 25 19  
  476 51 41 53  
  477 43 51 56  
  478 46 43 56  
  479 283 264 272  
  480 272 264 251  
  481 34 27 28  
  482 268 283 290  
  483 303 318 314  
  484 307 303 291  
  485 277 284 266  
  486 320 305 316  
  487 276 278 267  
  488 288 293 277  
  489 288 277 275  
  490 275 277 260  
  491 288 275 281  
  492 345 333 359  
  493 274 255 266  
  494 266 255 252  
  495 252 255 236  
  496 266 252 260  
  497 333 320 316  
  498 305 288 300  
  499 278 292 298  
  500 198 178 181  
  501 79 71 66  
  502 66 59 56  
  503 66 56 64  
  504 64 56 51  
  505 66 64 75  
  506 156 176 160  
  507 197 198 214  
  508 82 79 91  
  509 178 156 162  
  510 58 54 65  
  511 51 53 63  
  512 307 291 298  
  513 215 214 198  
  514 303 314 299  
  515 234 215 236  
  516 53 41 47  
  517 314 318 332  
  518 291 303 286  
  519 316 305 300  
  520 359 333 351  
  521 66 75 79  
  522 51 63 64  
  523 351 333 329  
  524 359 351 377  
  525 329 333 316  
  526 351 329 341  
  527 260 277 266  
  528 278 298 291  
  529 178 162 181  
  530 234 236 255  
  531 252 236 238  
  532 238 236 220  
  533 252 238 260  
  534 220 236 215  
  535 238 220 224  
  536 220 215 201  
  537 201 215 198  
  538 220 201 206  
  539 224 220 206  
  540 224 206 211  
  541 238 224 241  
  542 206 201 188  
  543 211 206 192  
  544 224 211 227  
  545 192 206 188  
  546 192 188 174  
  547 174 188 170  
  548 192 174 180  
  549 211 192 195  
  550 227 211 212  
  551 224 227 241  
  552 241 227 244  
  553 244 227 229  
  554 241 244 258  
  555 188 201 181  
  556 192 180 195  
  557 195 180 183  
  558 183 180 166  
  559 195 183 199  
  560 258 244 261  
  561 174 170 159  
  562 229 227 212  
  563 229 212 219  
  564 219 212 199  
  565 229 219 239  
  566 238 241 260  
  567 180 174 163  
  568 241 258 260  
  569 170 188 181  
  570 170 181 162  
  571 244 229 250  
  572 211 195 212  
  573 183 166 169  
  574 195 199 212  
  575 239 219 226  
  576 166 180 163  
  577 166 163 151  
  578 151 163 148  
  579 166 151 155  
  580 148 163 159  
  581 151 148 134  
  582 155 151 139  
  583 199 183 189  
  584 229 239 250  
  585 250 239 256  
  586 256 239 243  
  587 250 256 269  
  588 243 239 226  
  589 243 226 231  
  590 231 226 213  
  591 243 231 253  
  592 256 243 262  
  593 250 269 261  
  594 166 155 169  
  595 169 155 161  
  596 161 155 146  
  597 169 161 179  
  598 146 155 139  
  599 146 139 129  
  600 129 139 122  
  601 146 129 135  
  602 161 146 153  
  603 169 179 189  
  604 189 179 196  
  605 269 256 273  
  606 179 161 168  
  607 261 244 250  
  608 163 174 159  
  609 151 134 139  
  610 269 273 286  
  611 159 170 162  
  612 231 213 225  
  613 225 213 204  
  614 231 225 242  
  615 204 213 196  
  616 242 225 228  
  617 231 242 253  
  618 256 262 273  
  619 225 204 209  
  620 258 261 281  
  621 199 189 210  
  622 210 189 196  
  623 199 210 219  
  624 129 122 111  
  625 111 122 105  
  626 129 111 120  
  627 105 122 118  
  628 111 105 96  
  629 120 111 103  
  630 118 122 134  
  631 118 134 133  
  632 133 134 148  
  633 118 133 117  
  634 134 122 139  
  635 96 105 92  
  636 120 103 109  
  637 118 117 104  
  638 92 105 104  
  639 104 105 118  
  640 92 104 90  
  641 90 104 101  
  642 92 90 78  
  643 109 103 94  
  644 104 117 101  
  645 101 117 114  
  646 114 117 128  
  647 101 114 99  
  648 128 117 133  
  649 128 133 145  
  650 145 133 148  
  651 145 148 159  
  652 145 159 162  
  653 128 145 142  
  654 114 128 125  
  655 99 114 113  
  656 101 99 87  
  657 94 103 88  
  658 142 145 162  
  659 128 142 125  
  660 125 142 140  
  661 140 142 156  
  662 125 140 127  
  663 99 113 102  
  664 88 103 96  
  665 127 140 143  
  666 102 113 115  
  667 99 102 86  
  668 143 140 156  
  669 127 143 130  
  670 115 113 127  
  671 127 113 125  
  672 86 102 91  
  673 130 143 147  
  674 127 130 115  
  675 115 130 119  
  676 147 143 160  
  677 130 147 136  
  678 136 147 158  
  679 158 147 160  
  680 103 111 96  
  681 120 109 124  
  682 124 109 110  
  683 120 124 135  
  684 90 101 87  
  685 90 87 74  
  686 74 87 75  
  687 90 74 78  
  688 78 74 63  
  689 129 120 135  
  690 96 92 83  
  691 83 92 78  
  692 96 83 88  
  693 102 115 91  
  694 161 153 168  
  695 267 278 262  
  696 303 299 286  
  697 179 168 184  
  698 184 168 185  
  699 179 184 196  
  700 196 184 204  
  701 82 91 98  
  702 226 219 210  
  703 146 135 153  
  704 153 135 144  
  705 144 135 124  
  706 153 144 167  
  707 281 275 258  
  708 58 65 70  
  709 70 65 76  
  710 58 70 61  
  711 76 65 80  
  712 70 76 88  
  713 61 70 83  
  714 58 61 47  
  715 243 253 262  
  716 262 253 267  
  717 267 253 259  
  718 262 278 273  
  719 259 253 242  
  720 267 259 276  
  721 276 259 270  
  722 270 259 247  
  723 198 181 201  
  724 291 286 273  
  725 114 125 113  
  726 275 260 258  
  727 91 79 86  
  728 87 99 86  
  729 300 288 281  
  730 300 281 296  
  731 296 281 282  
  732 300 296 311  
  733 282 281 261  
  734 296 282 299  
  735 296 299 311  
  736 300 311 316  
  737 299 314 311  
  738 345 359 370  
  739 370 359 377  
  740 109 94 110  
  741 65 54 67  
  742 183 169 189  
  743 162 156 142  
  744 94 88 76  
  745 298 292 317  
  746 63 53 61  
  747 75 64 74  
  748 213 226 210  
  749 261 269 282  
  750 83 78 61  
  751 61 78 63  
  752 88 83 70  
  753 87 86 75  
  754 75 86 79  
  755 168 153 167  
  756 144 124 131  
  757 131 124 110  
  758 446 447 448  
  759 286 299 282  
  760 329 316 311  
  761 210 196 213  
  762 228 225 209  
  763 204 184 209  
  764 63 74 64  
  765 329 311 324  
  766 324 311 314  
  767 329 324 341  
  768 341 324 332  
  769 259 242 247  
  770 247 242 228  
  771 291 273 278  
  772 286 282 269  
  773 65 67 80  
  774 386 377 362  
  775 370 363 345  
  776 317 312 298  
  777 298 312 307  
  778 27 21 19  
  779 53 47 61  
  780 341 362 351  
  781 351 362 377  
  782 136 119 130  
  783 301 290 283  
  784 95 110 94  
  785 80 95 76  
  786 150 167 144  
  787 150 144 131  
  788 185 209 184  
  789 98 91 106  
  790 106 91 115  
  791 98 106 119  
  792 106 115 119  
  793 167 185 168  
  794 314 332 324  
  795 160 143 156  
  796 95 94 76  
  END_ELEMENTS  
  COORDINATES  
   1   4.935400e+00  4.719600e+00   
   2   5.208067e+00  4.657867e+00   
   3   5.014363e+00  4.435339e+00   
   4   4.630000e+00  4.528350e+00   
   5   4.823172e+00  4.244265e+00   
   6   5.287030e+00  4.373606e+00   
   7   5.480733e+00  4.596133e+00   
   8   5.041091e+00  4.052382e+00   
   9   4.542519e+00  4.145217e+00   
   10   4.324600e+00  4.337100e+00   
   11   5.362064e+00  4.124008e+00   
   12   5.559697e+00  4.311872e+00   
   13   4.760437e+00  3.953334e+00   
   14   5.753400e+00  4.534400e+00   
   15   4.258167e+00  4.086467e+00   
   16   5.263693e+00  3.852152e+00   
   17   4.476085e+00  3.894584e+00   
   18   4.978356e+00  3.761451e+00   
   19   5.622608e+00  3.984459e+00   
   20   4.694004e+00  3.702700e+00   
   21   6.019733e+00  4.331467e+00   
   22   4.191733e+00  3.835833e+00   
   23   4.409652e+00  3.643950e+00   
   24   5.181304e+00  3.541323e+00   
   25   5.422710e+00  3.599548e+00   
   26   4.888749e+00  3.477642e+00   
   27   6.016997e+00  4.001307e+00   
   28   5.713365e+00  3.670856e+00   
   29   4.125300e+00  3.585200e+00   
   30   4.582727e+00  3.344934e+00   
   31   5.341113e+00  3.311046e+00   
   32   5.091697e+00  3.257514e+00   
   33   6.286067e+00  4.128533e+00   
   34   6.022977e+00  3.705690e+00   
   35   4.320045e+00  3.360141e+00   
   36   5.631606e+00  3.385241e+00   
   37   4.799141e+00  3.193833e+00   
   38   5.917182e+00  3.467138e+00   
   39   6.266342e+00  3.838789e+00   
   40   4.118633e+00  3.247433e+00   
   41   5.270926e+00  3.030258e+00   
   42   6.201000e+00  3.550360e+00   
   43   5.558072e+00  3.107648e+00   
   44   4.346211e+00  3.077064e+00   
   45   4.613343e+00  2.996439e+00   
   46   5.849600e+00  3.175121e+00   
   47   4.917257e+00  2.919572e+00   
   48   6.552400e+00  3.925600e+00   
   49   6.135658e+00  3.261932e+00   
   50   6.487058e+00  3.637171e+00   
   51   5.482108e+00  2.818096e+00   
   52   4.111967e+00  2.909667e+00   
   53   5.192381e+00  2.740890e+00   
   54   4.380147e+00  2.781985e+00   
   55   6.421716e+00  3.348743e+00   
   56   5.784733e+00  2.882489e+00   
   57   6.764675e+00  3.739100e+00   
   58   4.654576e+00  2.661247e+00   
   59   6.070316e+00  2.973503e+00   
   60   6.699333e+00  3.450671e+00   
   61   4.929214e+00  2.540532e+00   
   62   6.356374e+00  3.060314e+00   
   63   5.404143e+00  2.528446e+00   
   64   5.719865e+00  2.589857e+00   
   65   4.412735e+00  2.483807e+00   
   66   6.005449e+00  2.680871e+00   
   67   4.105300e+00  2.571900e+00   
   68   6.633991e+00  3.162243e+00   
   69   6.976950e+00  3.552600e+00   
   70   4.687347e+00  2.363054e+00   
   71   6.291032e+00  2.771885e+00   
   72   6.911608e+00  3.264171e+00   
   73   6.568649e+00  2.873814e+00   
   74   5.572239e+00  2.266781e+00   
   75   5.941547e+00  2.387823e+00   
   76   4.445462e+00  2.185600e+00   
   77   6.846266e+00  2.975743e+00   
   78   5.294831e+00  2.155154e+00   
   79   6.237539e+00  2.476962e+00   
   80   4.105300e+00  2.233467e+00   
   81   7.189225e+00  3.366100e+00   
   82   6.519385e+00  2.578961e+00   
   83   5.016476e+00  2.043196e+00   
   84   7.123883e+00  3.077671e+00   
   85   6.797003e+00  2.680890e+00   
   86   6.086045e+00  2.194285e+00   
   87   5.807820e+00  2.081586e+00   
   88   4.738094e+00  1.931153e+00   
   89   7.005015e+00  2.820894e+00   
   90   5.530818e+00  1.969998e+00   
   91   6.466874e+00  2.283659e+00   
   92   5.252633e+00  1.858183e+00   
   93   7.401500e+00  3.179600e+00   
   94   4.459809e+00  1.819093e+00   
   95   4.105300e+00  1.895033e+00   
   96   4.974329e+00  1.746171e+00   
   97   7.275412e+00  2.881459e+00   
   98   6.790469e+00  2.383801e+00   
   99   6.044428e+00  1.897187e+00   
   100   7.111027e+00  2.592811e+00   
   101   5.766509e+00  1.784467e+00   
   102   6.287448e+00  1.982564e+00   
   103   4.695999e+00  1.634121e+00   
   104   5.487929e+00  1.673266e+00   
   105   5.210485e+00  1.561158e+00   
   106   6.705479e+00  2.085535e+00   
   107   7.569733e+00  2.941300e+00   
   108   7.441605e+00  2.672311e+00   
   109   4.417714e+00  1.522061e+00   
   110   4.105300e+00  1.556600e+00   
   111   4.932185e+00  1.449147e+00   
   112   7.314776e+00  2.465110e+00   
   113   6.280890e+00  1.712601e+00   
   114   6.002773e+00  1.600186e+00   
   115   6.559002e+00  1.825086e+00   
   116   7.152907e+00  2.245214e+00   
   117   5.724574e+00  1.488899e+00   
   118   5.446633e+00  1.376136e+00   
   119   6.973043e+00  2.006159e+00   
   120   4.653904e+00  1.337091e+00   
   121   7.737967e+00  2.703000e+00   
   122   5.168323e+00  1.264141e+00   
   123   7.609838e+00  2.434011e+00   
   124   4.375619e+00  1.225029e+00   
   125   6.238644e+00  1.414845e+00   
   126   7.445918e+00  2.198970e+00   
   127   6.516659e+00  1.527395e+00   
   128   5.960169e+00  1.303319e+00   
   129   4.890099e+00  1.152133e+00   
   130   6.794805e+00  1.639787e+00   
   131   4.105300e+00  1.217800e+00   
   132   7.270342e+00  1.972813e+00   
   133   5.683068e+00  1.191840e+00   
   134   5.404956e+00  1.079945e+00   
   135   4.612173e+00  1.039389e+00   
   136   7.125569e+00  1.711013e+00   
   137   7.906200e+00  2.464700e+00   
   138   7.731292e+00  2.224955e+00   
   139   5.125950e+00  9.672252e-01   
   140   6.460025e+00  1.277348e+00   
   141   7.556384e+00  1.985210e+00   
   142   6.196672e+00  1.118882e+00   
   143   6.753052e+00  1.342711e+00   
   144   4.334120e+00  9.274265e-01   
   145   5.933010e+00  9.959989e-01   
   146   4.848937e+00  8.552786e-01   
   147   7.031207e+00  1.455089e+00   
   148   5.640937e+00  8.947538e-01   
   149   7.424613e+00  1.719447e+00   
   150   4.105300e+00  8.790000e-01   
   151   5.362663e+00  7.829703e-01   
   152   8.027367e+00  2.204700e+00   
   153   4.570646e+00  7.432958e-01   
   154   7.852459e+00  1.964955e+00   
   155   5.084835e+00  6.700847e-01   
   156   6.595097e+00  9.829040e-01   
   157   7.700229e+00  1.683266e+00   
   158   7.276838e+00  1.334998e+00   
   159   5.878001e+00  7.106917e-01   
   160   6.996005e+00  1.104878e+00   
   161   4.806821e+00  5.583432e-01   
   162   6.239213e+00  7.565060e-01   
   163   5.598217e+00  5.979260e-01   
   164   7.558040e+00  1.454763e+00   
   165   8.148533e+00  1.944700e+00   
   166   5.321753e+00  4.862325e-01   
   167   4.105300e+00  5.402000e-01   
   168   4.473580e+00  4.088083e-01   
   169   5.043391e+00  3.744611e-01   
   170   6.072464e+00  5.123586e-01   
   171   7.299712e+00  1.037992e+00   
   172   7.542209e+00  1.199669e+00   
   173   8.025169e+00  1.613875e+00   
   174   5.835030e+00  4.138369e-01   
   175   7.784706e+00  1.361346e+00   
   176   6.872496e+00  7.272118e-01   
   177   7.143634e+00  8.532378e-01   
   178   6.606149e+00  5.913542e-01   
   179   4.765663e+00  2.612735e-01   
   180   5.557373e+00  3.007710e-01   
   181   6.340322e+00  4.524348e-01   
   182   8.269700e+00  1.684700e+00   
   183   5.279446e+00  1.893770e-01   
   184   4.487752e+00  1.483041e-01   
   185   4.105300e+00  2.014333e-01   
   186   7.573234e+00  9.373439e-01   
   187   7.815731e+00  1.099021e+00   
   188   6.069751e+00  2.283235e-01   
   189   5.001653e+00  7.619946e-02   
   190   7.346753e+00  7.438436e-01   
   191   8.058228e+00  1.260698e+00   
   192   5.794555e+00  1.174073e-01   
   193   7.113726e+00  5.557418e-01   
   194   8.300725e+00  1.422375e+00   
   195   5.516120e+00  5.971123e-03   
   196   4.723329e+00 -3.570093e-02   
   197   6.887462e+00  3.612259e-01   
   198   6.582404e+00  2.179603e-01   
   199   5.238641e+00 -1.076886e-01   
   200   7.846756e+00  8.366959e-01   
   201   6.306341e+00  4.421881e-02   
   202   8.089253e+00  9.983730e-01   
   203   7.620275e+00  6.431956e-01   
   204   4.446093e+00 -1.559973e-01   
   205   7.123169e+00  3.290089e-01   
   206   6.029354e+00 -6.872461e-02   
   207   8.331750e+00  1.160050e+00   
   208   7.393794e+00  4.496953e-01   
   209   4.105300e+00 -1.373333e-01   
   210   4.960876e+00 -2.210072e-01   
   211   5.752044e+00 -1.791877e-01   
   212   5.475104e+00 -2.942884e-01   
   213   4.683603e+00 -3.392624e-01   
   214   6.820389e+00  4.549204e-03   
   215   6.533762e+00 -1.460213e-01   
   216   7.090962e+00  6.791644e-02   
   217   7.598687e+00  3.362663e-01   
   218   8.362775e+00  8.977250e-01   
   219   5.197932e+00 -4.076501e-01   
   220   6.267506e+00 -2.497261e-01   
   221   7.860362e+00  4.865592e-01   
   222   7.370407e+00  1.656796e-01   
   223   8.151430e+00  6.490755e-01   
   224   5.989568e+00 -3.599778e-01   
   225   4.406154e+00 -4.533215e-01   
   226   4.920896e+00 -5.226759e-01   
   227   5.713451e+00 -4.763177e-01   
   228   4.105300e+00 -4.761000e-01   
   229   5.435840e+00 -5.895158e-01   
   230   8.393800e+00  6.354000e-01   
   231   4.643701e+00 -6.365110e-01   
   232   7.562016e+00  4.061180e-02   
   233   7.046620e+00 -2.168870e-01   
   234   6.769870e+00 -3.308041e-01   
   235   7.324203e+00 -1.144173e-01   
   236   6.491693e+00 -4.430115e-01   
   237   7.831936e+00  1.509245e-01   
   238   6.226149e+00 -5.428283e-01   
   239   5.159101e+00 -7.049899e-01   
   240   8.113086e+00  3.031975e-01   
   241   5.948979e+00 -6.569690e-01   
   242   4.366270e+00 -7.506531e-01   
   243   4.881605e+00 -8.187128e-01   
   244   5.673096e+00 -7.727947e-01   
   245   8.371775e+00  3.715500e-01   
   246   6.990653e+00 -4.741886e-01   
   247   4.105300e+00 -8.145333e-01   
   248   7.549162e+00 -2.570308e-01   
   249   7.809911e+00 -1.129255e-01   
   250   5.395639e+00 -8.867604e-01   
   251   7.283169e+00 -3.946423e-01   
   252   6.478390e+00 -7.127887e-01   
   253   4.604682e+00 -9.338767e-01   
   254   8.079830e+00 -2.612727e-03   
   255   6.777693e+00 -6.997092e-01   
   256   5.119062e+00 -1.001882e+00   
   257   8.349750e+00  1.077000e-01   
   258   5.911610e+00 -9.544339e-01   
   259   4.350018e+00 -1.065757e+00   
   260   6.291998e+00 -9.355231e-01   
   261   5.634946e+00 -1.070309e+00   
   262   4.841649e+00 -1.116014e+00   
   263   7.075914e+00 -7.289004e-01   
   264   7.552603e+00 -5.299367e-01   
   265   8.057806e+00 -2.664627e-01   
   266   6.604418e+00 -9.428714e-01   
   267   4.614540e+00 -1.176546e+00   
   268   7.819345e+00 -4.378064e-01   
   269   5.357189e+00 -1.184180e+00   
   270   4.105300e+00 -1.152967e+00   
   271   8.327725e+00 -1.561500e-01   
   272   7.368623e+00 -7.593942e-01   
   273   5.080195e+00 -1.299327e+00   
   274   6.902640e+00 -9.720627e-01   
   275   6.130675e+00 -1.188351e+00   
   276   4.358510e+00 -1.332762e+00   
   277   6.430020e+00 -1.201788e+00   
   278   4.710636e+00 -1.420524e+00   
   279   8.305700e+00 -4.200000e-01   
   280   7.195348e+00 -1.002556e+00   
   281   5.933753e+00 -1.356879e+00   
   282   5.670408e+00 -1.429257e+00   
   283   7.742714e+00 -8.008098e-01   
   284   6.729365e+00 -1.215225e+00   
   285   4.105300e+00 -1.491400e+00   
   286   5.381070e+00 -1.553740e+00   
   287   7.488057e+00 -1.033050e+00   
   288   6.269798e+00 -1.453742e+00   
   289   7.022073e+00 -1.245719e+00   
   290   8.170533e+00 -7.257333e-01   
   291   5.012154e+00 -1.630387e+00   
   292   4.365108e+00 -1.631489e+00   
   293   6.569143e+00 -1.467179e+00   
   294   7.314782e+00 -1.276212e+00   
   295   7.754766e+00 -1.101847e+00   
   296   5.809584e+00 -1.694996e+00   
   297   6.867624e+00 -1.475019e+00   
   298   4.627785e+00 -1.776249e+00   
   299   5.578226e+00 -1.780964e+00   
   300   6.109253e+00 -1.707065e+00   
   301   8.035367e+00 -1.031467e+00   
   302   4.105300e+00 -1.771578e+00   
   303   5.283616e+00 -1.837443e+00   
   304   7.607491e+00 -1.306706e+00   
   305   6.408921e+00 -1.719134e+00   
   306   7.160332e+00 -1.505512e+00   
   307   4.937144e+00 -1.929989e+00   
   308   6.707402e+00 -1.726973e+00   
   309   7.453041e+00 -1.536006e+00   
   310   7.900200e+00 -1.337200e+00   
   311   5.948963e+00 -1.960627e+00   
   312   4.616420e+00 -2.036599e+00   
   313   7.005882e+00 -1.734812e+00   
   314   5.479748e+00 -2.064313e+00   
   315   4.105300e+00 -2.051756e+00   
   316   6.251545e+00 -1.974437e+00   
   317   4.293394e+00 -2.077333e+00   
   318   5.185139e+00 -2.120379e+00   
   319   7.745750e+00 -1.566500e+00   
   320   6.551340e+00 -1.982772e+00   
   321   4.897748e+00 -2.178879e+00   
   322   7.298591e+00 -1.765306e+00   
   323   4.450003e+00 -2.225554e+00   
   324   5.793484e+00 -2.219803e+00   
   325   6.855344e+00 -2.022561e+00   
   326   4.636940e+00 -2.287552e+00   
   327   7.591300e+00 -1.795800e+00   
   328   4.105300e+00 -2.277859e+00   
   329   6.095451e+00 -2.232516e+00   
   330   4.294138e+00 -2.301148e+00   
   331   7.144141e+00 -1.994606e+00   
   332   5.431027e+00 -2.346690e+00   
   333   6.395383e+00 -2.238637e+00   
   334   5.069563e+00 -2.389931e+00   
   335   4.194828e+00 -2.389091e+00   
   336   4.435002e+00 -2.416315e+00   
   337   4.796054e+00 -2.442486e+00   
   338   4.286299e+00 -2.420733e+00   
   339   4.105300e+00 -2.419857e+00   
   340   7.436850e+00 -2.025100e+00   
   341   5.789350e+00 -2.446594e+00   
   342   4.154974e+00 -2.459441e+00   
   343   4.211832e+00 -2.473118e+00   
   344   4.576069e+00 -2.505876e+00   
   345   6.690782e+00 -2.307645e+00   
   346   4.105300e+00 -2.503700e+00   
   347   4.157610e+00 -2.511440e+00   
   348   4.319367e+00 -2.533403e+00   
   349   4.114600e+00 -2.546200e+00   
   350   4.419539e+00 -2.576983e+00   
   351   6.240132e+00 -2.495316e+00   
   352   4.902391e+00 -2.612693e+00   
   353   4.214100e+00 -2.577400e+00   
   354   5.180907e+00 -2.616148e+00   
   355   7.282400e+00 -2.254400e+00   
   356   4.667059e+00 -2.641334e+00   
   357   4.305300e+00 -2.627900e+00   
   358   5.485413e+00 -2.641229e+00   
   359   6.540049e+00 -2.501352e+00   
   360   4.501821e+00 -2.670587e+00   
   361   4.384400e+00 -2.695800e+00   
   362   6.035855e+00 -2.668441e+00   
   363   7.028325e+00 -2.451650e+00   
   364   4.749690e+00 -2.776649e+00   
   365   5.750434e+00 -2.741080e+00   
   366   4.568403e+00 -2.777077e+00   
   367   4.448300e+00 -2.778100e+00   
   368   4.972460e+00 -2.800900e+00   
   369   5.229978e+00 -2.839435e+00   
   370   6.774250e+00 -2.648900e+00   
   371   5.530780e+00 -2.857427e+00   
   372   4.494300e+00 -2.871600e+00   
   373   4.612189e+00 -2.894840e+00   
   374   4.792077e+00 -2.930022e+00   
   375   4.520500e+00 -2.972500e+00   
   376   5.003098e+00 -2.999665e+00   
   377   6.520175e+00 -2.846150e+00   
   378   5.937422e+00 -2.946024e+00   
   379   4.631362e+00 -3.018838e+00   
   380   5.756804e+00 -3.018436e+00   
   381   4.526000e+00 -3.076600e+00   
   382   4.783661e+00 -3.089240e+00   
   383   5.204778e+00 -3.117698e+00   
   384   4.625169e+00 -3.144301e+00   
   385   5.595032e+00 -3.127394e+00   
   386   6.266100e+00 -3.043400e+00   
   387   4.510400e+00 -3.179600e+00   
   388   6.060586e+00 -3.125188e+00   
   389   5.916708e+00 -3.153318e+00   
   390   5.778671e+00 -3.226484e+00   
   391   4.474500e+00 -3.277500e+00   
   392   4.601950e+00 -3.301061e+00   
   393   6.154900e+00 -3.229600e+00   
   394   5.423870e+00 -3.313153e+00   
   395   6.027800e+00 -3.253600e+00   
   396   4.781293e+00 -3.333855e+00   
   397   5.041705e+00 -3.335280e+00   
   398   6.265100e+00 -3.228600e+00   
   399   5.658300e+00 -3.326239e+00   
   400   5.907600e+00 -3.302700e+00   
   401   6.363200e+00 -3.244600e+00   
   402   5.205089e+00 -3.392183e+00   
   403   4.546917e+00 -3.400918e+00   
   404   5.799500e+00 -3.374800e+00   
   405   4.401153e+00 -3.432521e+00   
   406   5.560480e+00 -3.447160e+00   
   407   4.674586e+00 -3.475833e+00   
   408   4.807750e+00 -3.491510e+00   
   409   4.934230e+00 -3.499758e+00   
   410   5.708400e+00 -3.466900e+00   
   411   5.351187e+00 -3.500057e+00   
   412   5.063154e+00 -3.519644e+00   
   413   4.564953e+00 -3.537494e+00   
   414   5.181163e+00 -3.572450e+00   
   415   5.637300e+00 -3.575100e+00   
   416   4.862966e+00 -3.619366e+00   
   417   4.759995e+00 -3.622336e+00   
   418   5.461972e+00 -3.616372e+00   
   419   4.964679e+00 -3.635617e+00   
   420   4.659286e+00 -3.644267e+00   
   421   5.274548e+00 -3.659027e+00   
   422   5.061664e+00 -3.670325e+00   
   423   4.294676e+00 -3.657560e+00   
   424   4.813900e+00 -3.706400e+00   
   425   4.531143e+00 -3.697804e+00   
   426   4.900400e+00 -3.712000e+00   
   427   4.727900e+00 -3.716900e+00   
   428   5.589200e+00 -3.696200e+00   
   429   5.150654e+00 -3.722437e+00   
   430   4.984300e+00 -3.733500e+00   
   431   5.478358e+00 -3.723979e+00   
   432   4.645300e+00 -3.743200e+00   
   433   5.367220e+00 -3.753575e+00   
   434   5.062800e+00 -3.770200e+00   
   435   5.228167e+00 -3.790249e+00   
   436   5.569200e+00 -3.793300e+00   
   437   5.133200e+00 -3.820900e+00   
   438   5.448878e+00 -3.856794e+00   
   439   5.311398e+00 -3.875030e+00   
   440   5.192900e+00 -3.883600e+00   
   441   4.188200e+00 -3.882600e+00   
   442   4.491500e+00 -3.906500e+00   
   443   5.564200e+00 -3.923500e+00   
   444   5.252600e+00 -3.982400e+00   
   445   5.401748e+00 -4.012402e+00   
   446   5.561114e+00 -4.175891e+00   
   447   5.272300e+00 -4.260800e+00   
   448   5.556600e+00 -4.545000e+00   
  END_COORDINATES
  BOUNDARIES, ELEMENT
    1         346     349         1     
    2         349     353         2     
    3         339     346         5     
    4         427     424         10     
    5         426     430         11     
    6         430     434         12     
    7         437     440         13     
    8         432     427         14     
    9         424     426         15     
    10         434     437         16     
    11         328     339         17     
    12         436     428         18     
    13         398     401         19     
    14         401     386         19     
    15         381     387         36     
    16         357     361         37     
    17         367     372         38     
    18         375     381         39     
    19         353     357         40     
    20         361     367         42     
    21         372     375         43     
    22         387     391         44     
    23         393     398         47     
    24         440     444         48     
    25         442     432         53     
    26         415     410         71     
    27         410     404         72     
    28         395     393         73     
    29         443     436         74     
    30         428     415         75     
    31         404     400         76     
    32         400     395         77     
    33         391     405         100     
    34         444     447         109     
    35         315     328         114     
    36         446     443         126     
    37         405     423         128     
    38         302     315         149     
    39         441     442         161     
    40         423     441         161     
    41         10     15         163     
    42         15     22         164     
    43         22     29         165     
    44         230     218         166     
    45         218     207         167     
    46         207     194         168     
    47         194     182         169     
    48         279     271         170     
    49         271     257         171     
    50         257     245         172     
    51         245     230         173     
    52         355     340         178     
    53         340     327         179     
    54         327     319         180     
    55         319     310         181     
    56         14     7         192     
    57         7     2         193     
    58         2     1         194     
    59         285     302         195     
    60         93     81         196     
    61         69     57         197     
    62         81     69         198     
    63         57     48         199     
    64         182     165         200     
    65         165     152         201     
    66         152     137         202     
    67         4     10         218     
    68         290     279         248     
    69         137     121         250     
    70         121     107         251     
    71         107     93         252     
    72         363     355         271     
    73         1     4         280     
    74         21     14         282     
    75         29     40         335     
    76         40     52         337     
    77         52     67         341     
    78         310     301         399     
    79         270     285         427     
    80         48     33         428     
    81         33     21         430     
    82         247     270         722     
    83         377     370         739     
    84         110     131         757     
    85         447     448         758     
    86         448     446         758     
    87         209     228         762     
    88         228     247         770     
    89         67     80         773     
    90         386     377         774     
    91         370     363         775     
    92         301     290         783     
    93         95     110         784     
    94         80     95         785     
    95         150     167         786     
    96         131     150         787     
    97         185     209         788     
    98         167     185         793     
  END_BOUNDARIES
  MATERIALS, NUMBER= 1, DEFAULT=1
  END_MATERIALS
  SUBDOMAINS
  END_SUBDOMAINS
  CHARACTERISTICS
  END_CHARACTERISTICS
