  NODES_PER_ELEMENT
   1 4
   2 4
   3 4
   4 4
   5 4
   6 4
   7 4
   8 4
   9 4
   10 4
   11 4
   12 4
   13 4
   14 4
   15 4
   16 4
   17 4
   18 4
   19 4
   20 4
   21 4
   22 4
   23 4
   24 4
   25 4
   26 4
   27 4
   28 4
   29 4
   30 4
   31 4
   32 4
   33 4
   34 4
   35 4
   36 4
   37 4
   38 4
   39 4
   40 4
   41 4
   42 4
   43 4
   44 4
   45 4
   46 4
   47 4
   48 4
   49 4
   50 4
   51 4
   52 4
   53 4
   54 4
   55 4
   56 4
   57 4
   58 4
   59 4
   60 4
   61 4
   62 4
   63 4
   64 4
   65 4
   66 4
   67 4
   68 4
   69 4
   70 4
   71 4
   72 4
   73 4
   74 4
   75 4
   76 4
   77 4
   78 4
   79 4
   80 4
   81 4
   82 4
   83 4
   84 4
   85 4
   86 4
   87 4
   88 4
   89 4
   90 4
   91 4
   92 4
   93 4
   94 4
   95 4
   96 4
   97 4
   98 4
   99 4
   100 4
   101 4
   102 4
   103 4
   104 4
   105 4
   106 4
   107 4
   108 4
   109 4
   110 4
   111 4
   112 4
   113 4
   114 4
   115 4
   116 4
   117 4
   118 4
   119 4
   120 4
   121 4
   122 4
   123 4
   124 4
   125 4
   126 4
   127 4
   128 4
   129 4
   130 4
   131 4
   132 4
   133 4
   134 4
   135 4
   136 4
   137 4
   138 4
   139 4
  END_NODES_PER_ELEMENT
  ELEMENTS
  1 159 160 155 154  
  2 160 158 153 155  
  3 158 157 151 153  
  4 156 159 154 150  
  5 157 152 145 151  
  6 152 147 140 145  
  7 147 142 135 140  
  8 148 156 150 143  
  9 141 148 143 137  
  10 142 136 129 135  
  11 136 127 122 129  
  12 127 117 113 122  
  13 117 110 105 113  
  14 110 103 95 105  
  15 103 92 85 95  
  16 92 81 76 85  
  17 81 72 65 76  
  18 72 63 57 65  
  19 63 50 48 57  
  20 131 141 137 125  
  21 120 131 125 116  
  22 112 120 116 107  
  23 102 112 107 97  
  24 90 102 97 84  
  25 77 90 84 74  
  26 67 77 74 64  
  27 58 67 64 55  
  28 49 58 55 47  
  29 41 49 47 39  
  30 32 41 39 30  
  31 20 32 30 16  
  32 10 20 16 9  
  33 5 10 9 6  
  34 1 5 6 2  
  35 3 1 2 4  
  36 11 3 4 8  
  37 19 11 8 15  
  38 31 19 15 25  
  39 40 31 25 38  
  40 50 40 38 48  
  41 154 155 153 149  
  42 150 154 149 146  
  43 153 151 144 149  
  44 151 145 138 144  
  45 145 140 134 138  
  46 143 150 146 139  
  47 137 143 139 132  
  48 125 137 132 124  
  49 116 125 124 114  
  50 107 116 114 104  
  51 97 107 104 91  
  52 84 97 91 79  
  53 74 84 79 70  
  54 64 74 70 59  
  55 55 64 59 52  
  56 47 55 52 45  
  57 39 47 45 37  
  58 30 39 37 26  
  59 140 135 128 134  
  60 135 129 123 128  
  61 129 122 115 123  
  62 122 113 106 115  
  63 113 105 98 106  
  64 105 95 89 98  
  65 95 85 80 89  
  66 85 76 73 80  
  67 76 65 62 73  
  68 65 57 54 62  
  69 57 48 46 54  
  70 48 38 35 46  
  71 38 25 24 35  
  72 25 15 17 24  
  73 15 8 12 17  
  74 8 4 7 12  
  75 4 2 6 7  
  76 6 9 13 7  
  77 9 16 18 13  
  78 16 30 26 18  
  79 149 144 139 146  
  80 144 138 133 139  
  81 138 134 126 133  
  82 134 128 121 126  
  83 128 123 118 121  
  84 123 115 111 118  
  85 115 106 101 111  
  86 106 98 93 101  
  87 98 89 88 93  
  88 89 80 78 88  
  89 80 73 69 78  
  90 73 62 61 69  
  91 62 54 56 61  
  92 54 46 44 56  
  93 46 35 33 44  
  94 35 24 27 33  
  95 24 17 21 27  
  96 17 12 14 21  
  97 12 7 13 14  
  98 13 18 22 14  
  99 132 139 133 130  
  100 18 26 28 22  
  101 26 37 36 28  
  102 37 45 42 36  
  103 45 52 51 42  
  104 52 59 60 51  
  105 59 70 68 60  
  106 70 79 75 68  
  107 79 91 87 75  
  108 91 104 99 87  
  109 104 114 108 99  
  110 124 132 130 119  
  111 114 124 119 108  
  112 21 14 22 23  
  113 133 126 119 130  
  114 126 121 109 119  
  115 121 118 111 109  
  116 27 21 23 29  
  117 28 29 23 22  
  118 33 27 29 34  
  119 44 33 34 43  
  120 29 28 36 34  
  121 34 36 42 43  
  122 42 51 53 43  
  123 44 43 53 56  
  124 69 61 56 71  
  125 93 88 78 83  
  126 101 93 83 96  
  127 51 60 66 53  
  128 60 68 75 66  
  129 56 53 66 71  
  130 75 87 82 66  
  131 111 101 96 109  
  132 87 99 94 82  
  133 99 108 100 94  
  134 100 109 96 86  
  135 82 94 100 86  
  136 119 109 100 108  
  137 86 96 83 71  
  138 71 83 78 69  
  139 66 82 86 71  
  END_ELEMENTS  
  COORDINATES  
   1   5.336852e+00  4.121212e+00   
   2   5.406925e+00  3.721872e+00   
   3   5.915254e+00  4.092001e+00   
   4   5.752937e+00  3.593935e+00   
   5   4.728814e+00  3.811952e+00   
   6   5.123912e+00  3.452986e+00   
   7   5.506850e+00  3.212172e+00   
   8   6.180885e+00  3.350018e+00   
   9   4.853058e+00  3.065950e+00   
   10   4.389831e+00  3.385396e+00   
   11   6.529948e+00  3.797980e+00   
   12   5.880111e+00  2.962449e+00   
   13   5.261813e+00  2.829713e+00   
   14   5.619701e+00  2.618064e+00   
   15   6.552179e+00  3.032752e+00   
   16   4.626065e+00  2.602525e+00   
   17   6.200878e+00  2.677943e+00   
   18   5.061856e+00  2.428907e+00   
   19   6.932203e+00  3.471118e+00   
   20   4.129268e+00  2.828283e+00   
   21   5.903918e+00  2.390196e+00   
   22   5.432962e+00  2.289898e+00   
   23   5.688535e+00  2.204639e+00   
   24   6.467305e+00  2.326373e+00   
   25   6.881363e+00  2.632497e+00   
   26   4.923047e+00  1.997797e+00   
   27   6.086694e+00  2.082368e+00   
   28   5.347194e+00  1.933186e+00   
   29   5.720700e+00  1.947739e+00   
   30   4.453948e+00  2.085365e+00   
   31   7.344781e+00  2.989899e+00   
   32   3.940760e+00  2.181818e+00   
   33   6.218003e+00  1.701556e+00   
   34   5.760377e+00  1.570763e+00   
   35   6.686898e+00  1.913252e+00   
   36   5.299865e+00  1.531765e+00   
   37   4.828144e+00  1.548865e+00   
   38   7.153377e+00  2.181609e+00   
   39   4.342415e+00  1.575746e+00   
   40   7.653055e+00  2.505051e+00   
   41   3.822690e+00  1.535354e+00   
   42   5.251756e+00  1.104630e+00   
   43   5.775584e+00  1.132349e+00   
   44   6.338043e+00  1.239839e+00   
   45   4.753212e+00  1.115829e+00   
   46   6.865185e+00  1.457969e+00   
   47   4.264879e+00  1.133401e+00   
   48   7.392194e+00  1.675635e+00   
   49   3.782387e+00  1.131313e+00   
   50   7.949153e+00  1.860336e+00   
   51   5.171461e+00  6.604329e-01   
   52   4.678352e+00  6.952596e-01   
   53   5.736091e+00  6.181785e-01   
   54   7.043605e+00  1.003151e+00   
   55   4.208332e+00  7.185036e-01   
   56   6.454653e+00  6.720344e-01   
   57   7.565248e+00  1.202635e+00   
   58   3.742084e+00  7.272727e-01   
   59   4.595023e+00  3.011373e-01   
   60   5.029690e+00  2.370939e-01   
   61   6.866135e+00  5.137445e-01   
   62   7.250488e+00  6.742125e-01   
   63   8.118644e+00  1.311184e+00   
   64   4.159751e+00  3.231954e-01   
   65   7.706551e+00  8.205708e-01   
   66   5.503477e+00  1.162896e-02   
   67   3.731181e+00  3.232323e-01   
   68   4.855229e+00 -1.942039e-02   
   69   6.882424e+00  1.898695e-01   
   70   4.541273e+00 -3.829579e-02   
   71   6.289390e+00 -1.474136e-02   
   72   8.183676e+00  9.384202e-01   
   73   7.327284e+00  3.350314e-01   
   74   4.140985e+00 -5.794039e-02   
   75   4.999836e+00 -2.542644e-01   
   76   7.783904e+00  4.588960e-01   
   77   3.720279e+00 -8.080808e-02   
   78   7.014560e+00 -1.094664e-01   
   79   4.580285e+00 -3.715567e-01   
   80   7.392320e+00  1.714763e-02   
   81   8.248707e+00  5.656566e-01   
   82   5.482170e+00 -5.281759e-01   
   83   6.647522e+00 -3.562304e-01   
   84   4.160653e+00 -4.359684e-01   
   85   7.813107e+00  9.612492e-02   
   86   5.960607e+00 -6.019214e-01   
   87   5.060353e+00 -6.377097e-01   
   88   7.122017e+00 -3.057465e-01   
   89   7.407169e+00 -2.880386e-01   
   90   3.736731e+00 -4.848485e-01   
   91   4.641194e+00 -7.495761e-01   
   92   8.261260e+00  1.616162e-01   
   93   6.970219e+00 -5.448601e-01   
   94   5.429243e+00 -8.656400e-01   
   95   7.814255e+00 -2.612647e-01   
   96   6.372774e+00 -8.107043e-01   
   97   4.204111e+00 -8.274917e-01   
   98   7.328850e+00 -6.054648e-01   
   99   5.123322e+00 -1.016027e+00   
   100   5.698094e+00 -1.054064e+00   
   101   6.782484e+00 -9.119989e-01   
   102   3.753183e+00 -8.888889e-01   
   103   8.273813e+00 -2.424242e-01   
   104   4.722377e+00 -1.149857e+00   
   105   7.757361e+00 -6.407731e-01   
   106   7.209286e+00 -9.965977e-01   
   107   4.272907e+00 -1.235432e+00   
   108   5.302045e+00 -1.376029e+00   
   109   6.113058e+00 -1.378461e+00   
   110   8.224492e+00 -6.464646e-01   
   111   6.647407e+00 -1.344098e+00   
   112   3.800107e+00 -1.292929e+00   
   113   7.661848e+00 -1.049898e+00   
   114   4.847425e+00 -1.560370e+00   
   115   7.063961e+00 -1.419029e+00   
   116   4.365034e+00 -1.671449e+00   
   117   8.175171e+00 -1.050505e+00   
   118   6.630124e+00 -1.666901e+00   
   119   5.571553e+00 -1.864627e+00   
   120   3.847030e+00 -1.696970e+00   
   121   6.345397e+00 -1.851168e+00   
   122   7.508223e+00 -1.542064e+00   
   123   6.912594e+00 -1.813680e+00   
   124   5.008552e+00 -2.034128e+00   
   125   4.510757e+00 -2.191168e+00   
   126   5.995422e+00 -2.211638e+00   
   127   8.004346e+00 -1.696970e+00   
   128   6.660510e+00 -2.164208e+00   
   129   7.308590e+00 -2.018318e+00   
   130   5.479550e+00 -2.326871e+00   
   131   3.979964e+00 -2.343434e+00   
   132   5.139689e+00 -2.512167e+00   
   133   5.727406e+00 -2.603818e+00   
   134   6.358097e+00 -2.540268e+00   
   135   7.033647e+00 -2.468670e+00   
   136   7.779661e+00 -2.260328e+00   
   137   4.689477e+00 -2.715662e+00   
   138   6.059649e+00 -2.902592e+00   
   139   5.392220e+00 -2.973463e+00   
   140   6.716808e+00 -2.882633e+00   
   141   4.192183e+00 -2.989899e+00   
   142   7.459252e+00 -2.828283e+00   
   143   4.927637e+00 -3.180072e+00   
   144   5.775380e+00 -3.235322e+00   
   145   6.390928e+00 -3.239833e+00   
   146   5.387100e+00 -3.357001e+00   
   147   7.101695e+00 -3.294210e+00   
   148   4.446935e+00 -3.474747e+00   
   149   5.598339e+00 -3.533047e+00   
   150   5.167041e+00 -3.565325e+00   
   151   6.053274e+00 -3.547674e+00   
   152   6.747243e+00 -3.636364e+00   
   153   5.785470e+00 -3.758653e+00   
   154   5.445405e+00 -3.781211e+00   
   155   5.605758e+00 -3.893199e+00   
   156   4.898305e+00 -3.945328e+00   
   157   6.254237e+00 -3.962727e+00   
   158   5.880809e+00 -4.061525e+00   
   159   5.406780e+00 -4.134105e+00   
   160   5.576271e+00 -4.142097e+00   
  END_COORDINATES
  BOUNDARIES, ELEMENT
    1         159     160         1     
    2         160     158         2     
    3         158     157         3     
    4         156     159         4     
    5         157     152         5     
    6         152     147         6     
    7         147     142         7     
    8         148     156         8     
    9         141     148         9     
    10         142     136         10     
    11         136     127         11     
    12         127     117         12     
    13         117     110         13     
    14         110     103         14     
    15         103     92         15     
    16         92     81         16     
    17         81     72         17     
    18         72     63         18     
    19         63     50         19     
    20         131     141         20     
    21         120     131         21     
    22         112     120         22     
    23         102     112         23     
    24         90     102         24     
    25         77     90         25     
    26         67     77         26     
    27         58     67         27     
    28         49     58         28     
    29         41     49         29     
    30         32     41         30     
    31         20     32         31     
    32         10     20         32     
    33         5     10         33     
    34         1     5         34     
    35         3     1         35     
    36         11     3         36     
    37         19     11         37     
    38         31     19         38     
    39         40     31         39     
    40         50     40         40     
  END_BOUNDARIES
  MATERIALS, NUMBER= 1, DEFAULT=1
  END_MATERIALS
  SUBDOMAINS
  END_SUBDOMAINS
  CHARACTERISTICS
  END_CHARACTERISTICS
