  NODES_PER_ELEMENT
   1 6
   2 6
   3 6
   4 6
   5 6
   6 6
   7 6
   8 6
   9 6
   10 6
   11 6
   12 6
   13 6
   14 6
   15 6
   16 6
   17 6
   18 6
   19 6
   20 6
   21 6
   22 6
   23 6
   24 6
   25 6
   26 6
   27 6
   28 6
   29 6
   30 6
   31 6
   32 6
   33 6
   34 6
   35 6
   36 6
   37 6
   38 6
   39 6
   40 6
   41 6
   42 6
   43 6
   44 6
   45 6
   46 6
   47 6
   48 6
   49 6
   50 6
   51 6
   52 6
   53 6
   54 6
   55 6
   56 6
   57 6
   58 6
   59 6
   60 6
   61 6
   62 6
   63 6
   64 6
   65 6
   66 6
   67 6
   68 6
   69 6
   70 6
   71 6
   72 6
   73 6
   74 6
   75 6
   76 6
   77 6
   78 6
   79 6
   80 6
   81 6
   82 6
   83 6
   84 6
   85 6
   86 6
   87 6
   88 6
   89 6
   90 6
   91 6
   92 6
   93 6
   94 6
   95 6
   96 6
   97 6
   98 6
   99 6
   100 6
   101 6
   102 6
   103 6
   104 6
   105 6
   106 6
   107 6
   108 6
   109 6
   110 6
   111 6
   112 6
   113 6
   114 6
   115 6
   116 6
   117 6
   118 6
   119 6
   120 6
   121 6
   122 6
   123 6
   124 6
   125 6
   126 6
   127 6
   128 6
   129 6
   130 6
   131 6
   132 6
   133 6
   134 6
   135 6
   136 6
   137 6
   138 6
   139 6
   140 6
   141 6
   142 6
   143 6
   144 6
   145 6
   146 6
   147 6
   148 6
   149 6
   150 6
   151 6
   152 6
   153 6
   154 6
   155 6
   156 6
   157 6
   158 6
   159 6
   160 6
   161 6
   162 6
   163 6
   164 6
   165 6
   166 6
   167 6
   168 6
   169 6
   170 6
   171 6
   172 6
   173 6
   174 6
   175 6
   176 6
   177 6
   178 6
   179 6
   180 6
   181 6
   182 6
   183 6
   184 6
   185 6
   186 6
   187 6
   188 6
   189 6
   190 6
   191 6
   192 6
   193 6
   194 6
   195 6
   196 6
   197 6
   198 6
   199 6
   200 6
   201 6
   202 6
   203 6
   204 6
   205 6
   206 6
   207 6
   208 6
   209 6
   210 6
   211 6
   212 6
   213 6
   214 6
   215 6
   216 6
   217 6
   218 6
   219 6
   220 6
   221 6
   222 6
   223 6
   224 6
   225 6
   226 6
   227 6
   228 6
   229 6
   230 6
   231 6
   232 6
   233 6
   234 6
   235 6
   236 6
   237 6
   238 6
   239 6
   240 6
   241 6
   242 6
   243 6
   244 6
   245 6
   246 6
   247 6
   248 6
   249 6
   250 6
   251 6
   252 6
   253 6
   254 6
   255 6
   256 6
   257 6
   258 6
   259 6
   260 6
  END_NODES_PER_ELEMENT
  ELEMENTS
  1 559 561 548 560 555 553  
  2 561 557 548 558 551 555  
  3 559 548 544 553 545 550  
  4 544 548 531 545 540 539  
  5 559 544 549 550 547 554  
  6 531 548 536 540 541 532  
  7 544 531 526 539 530 534  
  8 536 548 557 541 551 546  
  9 531 536 513 532 524 523  
  10 526 531 511 530 521 518  
  11 544 526 549 534 538 547  
  12 549 526 522 538 525 533  
  13 557 552 536 556 542 546  
  14 285 252 269 271 258 276  
  15 252 222 218 235 220 233  
  16 513 536 519 524 528 514  
  17 531 513 511 523 512 521  
  18 511 513 486 512 499 497  
  19 526 511 509 518 510 517  
  20 203 236 209 221 223 205  
  21 236 278 246 256 260 240  
  22 349 317 321 333 316 336  
  23 317 285 269 302 276 292  
  24 278 312 282 296 298 280  
  25 312 348 320 330 334 314  
  26 136 169 142 153 154 137  
  27 169 203 174 186 188 171  
  28 409 379 372 394 376 390  
  29 379 349 321 363 336 347  
  30 348 382 355 366 367 351  
  31 382 419 388 401 402 385  
  32 269 252 218 258 233 242  
  33 269 218 216 242 215 239  
  34 218 222 185 220 204 201  
  35 486 513 492 499 502 488  
  36 511 486 483 497 485 496  
  37 209 236 246 223 240 225  
  38 209 246 214 225 229 211  
  39 203 209 174 205 191 188  
  40 174 209 184 191 193 178  
  41 246 278 282 260 280 261  
  42 246 282 251 261 268 249  
  43 321 317 269 316 292 293  
  44 282 312 320 298 314 300  
  45 282 320 289 300 305 283  
  46 320 348 355 334 351 338  
  47 320 355 325 338 339 322  
  48 142 169 174 154 171 156  
  49 142 174 150 156 162 146  
  50 136 142 110 137 123 121  
  51 355 382 388 367 385 370  
  52 355 388 360 370 375 357  
  53 388 419 430 402 424 411  
  54 372 379 321 376 347 345  
  55 409 372 412 390 391 410  
  56 325 355 360 339 357 342  
  57 325 360 335 342 346 328  
  58 320 325 289 322 309 305  
  59 289 325 288 309 307 287  
  60 184 209 214 193 211 200  
  61 184 214 194 200 208 189  
  62 194 214 244 208 227 219  
  63 184 194 152 189 172 168  
  64 174 184 150 178 167 162  
  65 150 184 152 167 168 151  
  66 150 152 119 151 135 133  
  67 251 282 289 268 283 273  
  68 251 289 244 273 267 248  
  69 251 244 214 248 227 232  
  70 251 214 246 232 229 249  
  71 335 360 380 346 368 359  
  72 216 218 176 215 196 195  
  73 269 216 262 239 237 263  
  74 119 152 129 135 139 120  
  75 150 119 142 133 131 146  
  76 519 536 552 528 542 535  
  77 513 519 492 514 504 502  
  78 492 519 498 504 506 493  
  79 509 511 483 510 496 495  
  80 509 483 494 495 489 503  
  81 526 509 522 517 515 525  
  82 522 509 494 515 503 505  
  83 498 519 537 506 527 516  
  84 492 498 472 493 484 481  
  85 360 388 403 375 398 381  
  86 185 222 175 204 198 181  
  87 185 175 141 181 159 163  
  88 141 175 127 159 149 132  
  89 185 141 176 163 157 182  
  90 185 176 218 182 196 201  
  91 486 492 465 488 478 476  
  92 483 486 459 485 473 471  
  93 110 142 119 123 131 116  
  94 136 110 99 121 103 117  
  95 430 419 461 424 442 447  
  96 388 430 403 411 417 398  
  97 403 430 445 417 438 426  
  98 412 372 373 391 371 392  
  99 409 412 449 410 431 429  
  100 449 412 437 431 425 443  
  101 537 520 498 529 507 516  
  102 445 430 461 438 447 455  
  103 403 445 420 426 433 413  
  104 194 244 243 219 241 217  
  105 152 194 170 172 183 161  
  106 380 360 403 368 381 393  
  107 380 403 420 393 413 400  
  108 380 420 397 400 408 387  
  109 397 420 439 408 428 418  
  110 380 397 350 387 374 364  
  111 335 380 350 359 364 341  
  112 335 350 304 341 326 319  
  113 304 350 327 326 340 315  
  114 335 304 288 319 297 311  
  115 216 176 180 195 177 197  
  116 262 216 231 237 224 247  
  117 269 262 321 263 291 293  
  118 129 152 170 139 161 148  
  119 119 129 96 120 114 106  
  120 472 498 482 484 490 477  
  121 492 472 465 481 467 478  
  122 465 472 434 467 456 450  
  123 434 472 453 456 462 444  
  124 465 434 439 450 436 454  
  125 439 434 397 436 415 418  
  126 465 439 459 454 448 460  
  127 327 350 377 340 362 354  
  128 304 327 279 315 303 290  
  129 288 304 243 297 275 264  
  130 335 288 325 311 307 328  
  131 289 288 244 287 266 267  
  132 244 288 243 266 264 241  
  133 437 412 404 425 407 422  
  134 449 437 475 443 458 463  
  135 453 472 482 462 477 468  
  136 453 482 464 468 474 457  
  137 464 482 500 474 491 480  
  138 453 464 427 457 446 441  
  139 434 453 414 444 435 423  
  140 439 420 459 428 440 448  
  141 350 397 377 374 384 362  
  142 377 397 434 384 415 405  
  143 427 464 437 446 451 432  
  144 453 427 414 441 421 435  
  145 414 427 383 421 406 399  
  146 383 427 404 406 416 396  
  147 414 358 377 386 365 395  
  148 486 465 459 476 460 473  
  149 483 459 445 471 452 466  
  150 404 427 437 416 432 422  
  151 404 412 373 407 392 389  
  152 404 373 383 389 378 396  
  153 373 372 329 371 352 353  
  154 420 445 459 433 452 440  
  155 194 243 170 217 207 183  
  156 180 176 140 177 158 160  
  157 231 216 180 224 197 206  
  158 96 129 107 114 118 102  
  159 262 231 281 247 254 272  
  160 119 96 91 106 93 105  
  161 482 498 520 490 507 501  
  162 327 377 358 354 365 343  
  163 279 327 310 303 318 294  
  164 304 279 243 290 257 275  
  165 434 414 377 423 395 405  
  166 329 372 321 352 345 324  
  167 373 329 337 353 331 356  
  168 140 176 141 158 157 138  
  169 107 129 144 118 134 125  
  170 281 231 250 254 238 265  
  171 91 96 69 93 84 79  
  172 180 140 147 160 143 164  
  173 96 107 82 102 94 89  
  174 262 281 321 272 299 291  
  175 119 91 110 105 101 116  
  176 358 414 383 386 399 369  
  177 358 383 337 369 361 344  
  178 327 358 310 343 332 318  
  179 279 310 259 294 284 270  
  180 337 329 281 331 306 308  
  181 250 231 202 238 213 226  
  182 147 140 115 143 128 130  
  183 259 310 295 284 301 277  
  184 144 129 170 134 148 155  
  185 69 96 82 84 89 74  
  186 82 107 115 94 109 95  
  187 373 337 383 356 361 378  
  188 281 250 295 265 274 286  
  189 295 250 259 274 255 277  
  190 259 250 202 255 226 228  
  191 180 147 202 164 173 190  
  192 279 259 230 270 245 253  
  193 107 144 147 125 145 126  
  194 91 69 66 79 68 78  
  195 202 231 180 213 206 190  
  196 115 140 111 128 124 113  
  197 295 310 337 301 323 313  
  198 295 337 281 313 308 286  
  199 66 69 39 68 54 52  
  200 111 140 141 124 138 122  
  201 115 111 87 113 98 100  
  202 39 69 49 54 56 42  
  203 66 39 40 52 38 53  
  204 115 87 82 100 83 95  
  205 39 49 23 42 36 30  
  206 40 39 19 38 26 28  
  207 23 49 37 36 41 27  
  208 39 23 19 30 20 26  
  209 37 49 67 41 55 51  
  210 19 23 7 20 14 12  
  211 67 49 82 55 65 72  
  212 37 67 58 51 63 47  
  213 7 23 15 14 18 11  
  214 19 7 10 12 6 13  
  215 58 67 87 63 75 70  
  216 87 67 82 75 72 83  
  217 37 58 35 47 46 34  
  218 15 23 37 18 27 25  
  219 35 58 64 46 60 48  
  220 37 35 15 34 24 25  
  221 64 58 86 60 71 73  
  222 35 64 31 48 45 32  
  223 15 35 31 24 32 21  
  224 86 58 87 71 70 85  
  225 64 86 92 73 90 77  
  226 87 111 86 98 97 85  
  227 49 69 82 56 74 65  
  228 40 19 29 28 22 33  
  229 147 115 107 130 109 126  
  230 279 230 243 253 234 257  
  231 243 230 170 234 199 207  
  232 66 40 62 53 50 61  
  233 62 40 29 50 33 44  
  234 7 15 8 11 9 5  
  235 230 259 202 245 228 212  
  236 91 66 110 78 88 101  
  237 99 110 66 103 88 81  
  238 310 358 337 332 344 323  
  239 57 31 64 43 45 59  
  240 57 64 92 59 77 76  
  241 281 329 321 306 324 299  
  242 10 29 19 17 22 13  
  243 141 127 86 132 104 112  
  244 144 170 187 155 179 165  
  245 187 170 230 179 199 210  
  246 144 187 147 165 166 145  
  247 187 230 202 210 212 192  
  248 127 92 86 108 90 104  
  249 8 1 7 3 2 5  
  250 7 1 10 2 4 6  
  251 552 537 519 543 527 535  
  252 520 500 482 508 491 501  
  253 187 202 147 192 173 166  
  254 475 437 464 458 451 469  
  255 86 111 141 97 122 112  
  256 500 475 464 487 469 480  
  257 62 99 66 80 81 61  
  258 31 8 15 16 9 21  
  259 461 494 445 479 470 455  
  260 494 483 445 489 466 470  
  END_ELEMENTS  
  COORDINATES  
   1   5.336852e+00  4.121212e+00   
   2   5.346575e+00  3.839217e+00   
   3   5.626053e+00  4.106607e+00   
   4   5.032833e+00  3.966582e+00   
   5   5.635776e+00  3.824612e+00   
   6   5.042556e+00  3.684587e+00   
   7   5.356298e+00  3.557222e+00   
   8   5.915254e+00  4.092001e+00   
   9   5.873262e+00  3.746505e+00   
   10   4.728814e+00  3.811952e+00   
   11   5.593784e+00  3.479115e+00   
   12   5.169908e+00  3.390610e+00   
   13   4.856166e+00  3.517975e+00   
   14   5.407399e+00  3.312499e+00   
   15   5.831269e+00  3.401009e+00   
   16   6.222601e+00  3.944991e+00   
   17   4.559322e+00  3.598674e+00   
   18   5.644885e+00  3.234392e+00   
   19   4.983519e+00  3.223997e+00   
   20   5.221010e+00  3.145887e+00   
   21   6.180609e+00  3.599494e+00   
   22   4.686675e+00  3.304697e+00   
   23   5.458500e+00  3.067776e+00   
   24   6.068758e+00  3.322889e+00   
   25   5.882368e+00  3.156279e+00   
   26   5.034621e+00  2.979276e+00   
   27   5.695984e+00  2.989663e+00   
   28   4.797135e+00  3.057381e+00   
   29   4.389831e+00  3.385396e+00   
   30   5.272111e+00  2.901165e+00   
   31   6.529948e+00  3.797980e+00   
   32   6.418097e+00  3.521375e+00   
   33   4.500291e+00  3.138080e+00   
   34   6.119857e+00  3.078160e+00   
   35   6.306246e+00  3.244770e+00   
   36   5.509594e+00  2.823053e+00   
   37   5.933467e+00  2.911550e+00   
   38   4.848237e+00  2.812659e+00   
   39   5.085723e+00  2.734555e+00   
   40   4.610752e+00  2.890764e+00   
   41   5.747078e+00  2.744940e+00   
   42   5.323205e+00  2.656442e+00   
   43   6.731075e+00  3.634549e+00   
   44   4.259549e+00  3.106839e+00   
   45   6.655580e+00  3.443262e+00   
   46   6.357340e+00  3.000047e+00   
   47   6.170950e+00  2.833437e+00   
   48   6.543730e+00  3.166657e+00   
   49   5.560688e+00  2.578330e+00   
   50   4.370010e+00  2.859523e+00   
   51   5.984561e+00  2.666827e+00   
   52   4.899342e+00  2.567939e+00   
   53   4.661857e+00  2.646044e+00   
   54   5.136815e+00  2.489835e+00   
   55   5.798171e+00  2.500217e+00   
   56   5.374297e+00  2.411722e+00   
   57   6.932203e+00  3.471118e+00   
   58   6.408434e+00  2.755324e+00   
   59   6.856708e+00  3.279831e+00   
   60   6.594823e+00  2.921934e+00   
   61   4.421115e+00  2.614803e+00   
   62   4.129268e+00  2.828283e+00   
   63   6.222044e+00  2.588714e+00   
   64   6.781213e+00  3.088544e+00   
   65   5.683774e+00  2.327062e+00   
   66   4.712962e+00  2.401324e+00   
   67   6.035655e+00  2.422104e+00   
   68   4.950434e+00  2.323219e+00   
   69   5.187907e+00  2.245114e+00   
   70   6.396951e+00  2.485742e+00   
   71   6.645917e+00  2.677211e+00   
   72   5.921257e+00  2.248949e+00   
   73   6.832307e+00  2.843821e+00   
   74   5.497384e+00  2.160454e+00   
   75   6.210561e+00  2.319132e+00   
   76   7.138492e+00  3.230508e+00   
   77   7.062997e+00  3.039221e+00   
   78   4.764101e+00  2.156623e+00   
   79   5.001574e+00  2.078519e+00   
   80   4.035014e+00  2.505051e+00   
   81   4.326861e+00  2.291571e+00   
   82   5.806860e+00  2.075794e+00   
   83   6.096164e+00  2.145977e+00   
   84   5.238841e+00  2.000411e+00   
   85   6.634434e+00  2.407629e+00   
   86   6.883401e+00  2.599098e+00   
   87   6.385468e+00  2.216160e+00   
   88   4.480508e+00  2.092159e+00   
   89   5.548318e+00  1.915751e+00   
   90   7.114091e+00  2.794498e+00   
   91   4.815241e+00  1.911923e+00   
   92   7.344781e+00  2.989899e+00   
   93   5.052508e+00  1.833815e+00   
   94   5.784896e+00  1.835581e+00   
   95   6.116229e+00  1.896784e+00   
   96   5.289775e+00  1.755707e+00   
   97   6.860272e+00  2.300406e+00   
   98   6.611306e+00  2.108938e+00   
   99   3.940760e+00  2.181818e+00   
   100   6.405532e+00  1.966967e+00   
   101   4.531647e+00  1.847459e+00   
   102   5.526354e+00  1.675538e+00   
   103   4.094407e+00  1.982407e+00   
   104   7.268228e+00  2.552074e+00   
   105   4.807383e+00  1.671190e+00   
   106   5.044650e+00  1.593082e+00   
   107   5.762933e+00  1.595368e+00   
   108   7.498918e+00  2.747475e+00   
   109   6.094265e+00  1.656571e+00   
   110   4.248054e+00  1.782995e+00   
   111   6.837144e+00  2.001715e+00   
   112   7.182407e+00  2.284168e+00   
   113   6.631371e+00  1.859745e+00   
   114   5.338163e+00  1.511279e+00   
   115   6.425597e+00  1.717775e+00   
   116   4.523790e+00  1.606726e+00   
   117   3.881725e+00  1.858586e+00   
   118   5.574742e+00  1.431109e+00   
   119   4.799525e+00  1.430457e+00   
   120   5.093038e+00  1.348654e+00   
   121   4.035372e+00  1.659174e+00   
   122   7.159279e+00  1.985477e+00   
   123   4.235102e+00  1.537236e+00   
   124   6.873200e+00  1.767648e+00   
   125   5.811207e+00  1.350126e+00   
   126   6.114366e+00  1.407394e+00   
   127   7.653055e+00  2.505051e+00   
   128   6.667426e+00  1.625677e+00   
   129   5.386551e+00  1.266851e+00   
   130   6.445699e+00  1.468597e+00   
   131   4.510838e+00  1.360967e+00   
   132   7.567234e+00  2.237144e+00   
   133   4.716199e+00  1.238467e+00   
   134   5.623016e+00  1.185867e+00   
   135   4.900780e+00  1.194113e+00   
   136   3.822690e+00  1.535354e+00   
   137   4.022420e+00  1.413415e+00   
   138   7.195334e+00  1.751409e+00   
   139   5.194293e+00  1.112310e+00   
   140   6.909255e+00  1.533580e+00   
   141   7.481413e+00  1.969238e+00   
   142   4.222150e+00  1.291477e+00   
   143   6.687528e+00  1.376500e+00   
   144   5.859482e+00  1.104884e+00   
   145   6.162641e+00  1.162152e+00   
   146   4.427511e+00  1.168977e+00   
   147   6.465800e+00  1.219420e+00   
   148   5.416279e+00  9.992428e-01   
   149   7.801104e+00  2.182693e+00   
   150   4.632873e+00  1.046477e+00   
   151   4.817454e+00  1.002123e+00   
   152   5.002035e+00  9.577690e-01   
   153   3.802538e+00  1.333333e+00   
   154   4.002268e+00  1.211395e+00   
   155   5.652744e+00  9.182592e-01   
   156   4.201998e+00  1.089457e+00   
   157   7.404716e+00  1.628597e+00   
   158   7.118637e+00  1.410768e+00   
   159   7.715283e+00  1.914787e+00   
   160   6.913405e+00  1.269479e+00   
   161   5.224021e+00  8.447019e-01   
   162   4.407360e+00  9.669571e-01   
   163   7.604833e+00  1.733217e+00   
   164   6.691677e+00  1.112399e+00   
   165   5.901188e+00  8.508603e-01   
   166   6.204348e+00  9.081284e-01   
   167   4.616958e+00  8.587742e-01   
   168   4.801540e+00  8.144200e-01   
   169   3.782387e+00  1.131313e+00   
   170   5.446006e+00  7.316348e-01   
   171   3.982117e+00  1.009375e+00   
   172   5.013459e+00  7.115642e-01   
   173   6.498786e+00  8.971748e-01   
   174   4.181847e+00  8.874368e-01   
   175   7.949153e+00  1.860336e+00   
   176   7.328020e+00  1.287955e+00   
   177   7.122787e+00  1.146667e+00   
   178   4.391445e+00  7.792539e-01   
   179   5.694451e+00  6.642359e-01   
   180   6.917555e+00  1.005379e+00   
   181   7.838702e+00  1.678765e+00   
   182   7.528136e+00  1.392575e+00   
   183   5.235445e+00  5.984971e-01   
   184   4.601044e+00  6.710711e-01   
   185   7.728252e+00  1.497195e+00   
   186   3.762235e+00  9.292929e-01   
   187   5.942895e+00  5.968371e-01   
   188   3.961965e+00  8.073548e-01   
   189   4.812964e+00  5.682153e-01   
   190   6.724663e+00  7.901543e-01   
   191   4.169045e+00  7.006833e-01   
   192   6.237334e+00  5.858835e-01   
   193   4.378644e+00  5.925004e-01   
   194   5.024883e+00  4.653595e-01   
   195   7.348998e+00  1.042209e+00   
   196   7.546025e+00  1.172610e+00   
   197   7.143766e+00  9.009213e-01   
   198   8.033898e+00  1.585760e+00   
   199   5.637523e+00  4.234913e-01   
   200   4.592346e+00  4.856502e-01   
   201   7.746141e+00  1.277230e+00   
   202   6.531772e+00  5.749300e-01   
   203   3.742084e+00  7.272727e-01   
   204   7.923448e+00  1.404190e+00   
   205   3.949164e+00  6.206012e-01   
   206   6.966288e+00  7.260373e-01   
   207   5.402548e+00  3.496745e-01   
   208   4.804265e+00  3.827944e-01   
   209   4.156244e+00  5.139297e-01   
   210   5.885968e+00  3.560924e-01   
   211   4.369946e+00  4.070796e-01   
   212   6.180406e+00  3.451389e-01   
   213   6.773397e+00  5.108129e-01   
   214   4.583648e+00  3.002294e-01   
   215   7.567004e+00  9.268641e-01   
   216   7.369977e+00  7.964639e-01   
   217   5.191987e+00  2.165369e-01   
   218   7.764031e+00  1.057264e+00   
   219   4.990460e+00  2.213055e-01   
   220   7.941337e+00  1.184224e+00   
   221   3.736633e+00  5.252525e-01   
   222   8.118644e+00  1.311184e+00   
   223   3.943713e+00  4.185810e-01   
   224   7.192499e+00  6.215799e-01   
   225   4.150793e+00  3.119095e-01   
   226   6.634147e+00  3.401884e-01   
   227   4.769843e+00  1.387404e-01   
   228   6.402425e+00  2.302319e-01   
   229   4.364495e+00  2.050594e-01   
   230   5.829040e+00  1.153478e-01   
   231   7.015021e+00  4.466959e-01   
   232   4.581689e+00  1.127509e-01   
   233   7.973853e+00  9.978422e-01   
   234   5.594065e+00  4.153105e-02   
   235   8.151160e+00  1.124802e+00   
   236   3.731181e+00  3.232323e-01   
   237   7.433449e+00  5.581319e-01   
   238   6.875772e+00  2.760714e-01   
   239   7.622694e+00  6.615351e-01   
   240   3.938261e+00  2.165608e-01   
   241   5.157564e+00 -2.751714e-02   
   242   7.819721e+00  7.919353e-01   
   243   5.359090e+00 -3.228571e-02   
   244   4.956038e+00 -2.274856e-02   
   245   6.051059e+00  4.408469e-04   
   246   4.145341e+00  1.098893e-01   
   247   7.255972e+00  3.832478e-01   
   248   4.767884e+00 -4.873810e-02   
   249   4.362535e+00  1.758085e-02   
   250   6.736522e+00  1.054468e-01   
   251   4.579730e+00 -7.472764e-02   
   252   8.183676e+00  9.384202e-01   
   253   5.836622e+00 -1.242977e-01   
   254   7.080365e+00  2.056027e-01   
   255   6.504800e+00 -4.509649e-03   
   256   3.725730e+00  1.212121e-01   
   257   5.601647e+00 -1.981145e-01   
   258   8.029544e+00  7.325132e-01   
   259   6.273077e+00 -1.144661e-01   
   260   3.932810e+00  1.454063e-02   
   261   4.146729e+00 -7.792629e-02   
   262   7.496922e+00  3.197998e-01   
   263   7.686167e+00  4.232030e-01   
   264   5.180488e+00 -2.614282e-01   
   265   6.941115e+00  3.497813e-02   
   266   4.978962e+00 -2.566596e-01   
   267   4.772517e+00 -2.364466e-01   
   268   4.363923e+00 -1.702348e-01   
   269   7.875412e+00  5.266063e-01   
   270   6.058641e+00 -2.392047e-01   
   271   8.216191e+00  7.520384e-01   
   272   7.321315e+00  1.421546e-01   
   273   4.584363e+00 -2.624361e-01   
   274   6.726778e+00 -1.194941e-01   
   275   5.396379e+00 -3.440682e-01   
   276   8.062060e+00  5.461314e-01   
   277   6.495055e+00 -2.294506e-01   
   278   3.720279e+00 -8.080808e-02   
   279   5.844204e+00 -3.639432e-01   
   280   3.934197e+00 -1.732750e-01   
   281   7.145708e+00 -3.549057e-02   
   282   4.148116e+00 -2.657419e-01   
   283   4.368556e+00 -3.579433e-01   
   284   6.284471e+00 -3.641727e-01   
   285   8.248707e+00  5.656566e-01   
   286   6.931371e+00 -1.899628e-01   
   287   4.795442e+00 -4.703577e-01   
   288   5.001887e+00 -4.905707e-01   
   289   4.588996e+00 -4.501447e-01   
   290   5.638936e+00 -5.098969e-01   
   291   7.650117e+00  8.341139e-02   
   292   8.068336e+00  3.441112e-01   
   293   7.839362e+00  1.868146e-01   
   294   6.070035e+00 -4.889113e-01   
   295   6.717034e+00 -3.444351e-01   
   296   3.728505e+00 -2.828283e-01   
   297   5.217777e+00 -5.732107e-01   
   298   3.942424e+00 -3.752952e-01   
   299   7.474510e+00 -9.423378e-02   
   300   4.156342e+00 -4.677621e-01   
   301   6.506449e+00 -4.791572e-01   
   302   8.254984e+00  3.636364e-01   
   303   5.859345e+00 -6.232342e-01   
   304   5.433668e+00 -6.558507e-01   
   305   4.376782e+00 -5.599635e-01   
   306   7.257593e+00 -2.742282e-01   
   307   4.806876e+00 -6.549186e-01   
   308   7.031950e+00 -3.817260e-01   
   309   4.600431e+00 -6.347056e-01   
   310   6.295865e+00 -6.138793e-01   
   311   5.031774e+00 -7.268493e-01   
   312   3.736731e+00 -4.848485e-01   
   313   6.817613e+00 -5.361983e-01   
   314   3.950650e+00 -5.773154e-01   
   315   5.654076e+00 -7.691879e-01   
   316   8.032286e+00  4.319581e-03   
   317   8.261260e+00  1.616162e-01   
   318   6.085175e+00 -7.482023e-01   
   319   5.247665e+00 -8.094893e-01   
   320   4.164568e+00 -6.697823e-01   
   321   7.803312e+00 -1.529770e-01   
   322   4.388217e+00 -7.445244e-01   
   323   6.607028e+00 -6.709204e-01   
   324   7.586395e+00 -3.329714e-01   
   325   4.611866e+00 -8.192665e-01   
   326   5.441714e+00 -8.969670e-01   
   327   5.874485e+00 -8.825252e-01   
   328   4.836764e+00 -8.911972e-01   
   329   7.369479e+00 -5.129658e-01   
   330   3.744957e+00 -6.868687e-01   
   331   7.143835e+00 -6.204636e-01   
   332   6.304351e+00 -8.681804e-01   
   333   8.267536e+00 -4.040404e-02   
   334   3.958876e+00 -7.793356e-01   
   335   5.061662e+00 -9.631279e-01   
   336   8.038562e+00 -1.977006e-01   
   337   6.918192e+00 -7.279614e-01   
   338   4.180412e+00 -8.559798e-01   
   339   4.404061e+00 -9.307219e-01   
   340   5.662123e+00 -1.010304e+00   
   341   5.255711e+00 -1.050606e+00   
   342   4.630853e+00 -1.006756e+00   
   343   6.093661e+00 -1.002503e+00   
   344   6.615515e+00 -9.252215e-01   
   345   7.791766e+00 -4.751200e-01   
   346   4.855751e+00 -1.078686e+00   
   347   8.013902e+00 -3.997208e-01   
   348   3.753183e+00 -8.888889e-01   
   349   8.273813e+00 -2.424242e-01   
   350   5.449760e+00 -1.138083e+00   
   351   3.974720e+00 -9.655331e-01   
   352   7.574850e+00 -6.551144e-01   
   353   7.334795e+00 -7.631233e-01   
   354   5.879928e+00 -1.131928e+00   
   355   4.196256e+00 -1.042177e+00   
   356   7.109151e+00 -8.706211e-01   
   357   4.423048e+00 -1.118211e+00   
   358   6.312837e+00 -1.122481e+00   
   359   5.064666e+00 -1.209713e+00   
   360   4.649840e+00 -1.194245e+00   
   361   6.871078e+00 -1.019850e+00   
   362   5.667565e+00 -1.259707e+00   
   363   8.249152e+00 -4.444444e-01   
   364   5.258714e+00 -1.297191e+00   
   365   6.099104e+00 -1.251906e+00   
   366   3.776645e+00 -1.090909e+00   
   367   3.998182e+00 -1.167553e+00   
   368   4.858754e+00 -1.325272e+00   
   369   6.568401e+00 -1.217110e+00   
   370   4.219718e+00 -1.244198e+00   
   371   7.540166e+00 -9.052719e-01   
   372   7.780220e+00 -7.972630e-01   
   373   7.300111e+00 -1.013281e+00   
   374   5.487281e+00 -1.383859e+00   
   375   4.446510e+00 -1.320231e+00   
   376   8.002356e+00 -7.218638e-01   
   377   5.885370e+00 -1.381331e+00   
   378   7.062038e+00 -1.162509e+00   
   379   8.224492e+00 -6.464646e-01   
   380   5.067669e+00 -1.456298e+00   
   381   4.662209e+00 -1.441279e+00   
   382   3.800107e+00 -1.292929e+00   
   383   6.823965e+00 -1.311738e+00   
   384   5.705086e+00 -1.505483e+00   
   385   4.021643e+00 -1.369574e+00   
   386   6.345108e+00 -1.435493e+00   
   387   5.296236e+00 -1.542966e+00   
   388   4.243180e+00 -1.446218e+00   
   389   7.232477e+00 -1.227319e+00   
   390   7.977695e+00 -9.238840e-01   
   391   7.762094e+00 -1.042831e+00   
   392   7.522040e+00 -1.150840e+00   
   393   4.871124e+00 -1.572306e+00   
   394   8.199831e+00 -8.484848e-01   
   395   6.131374e+00 -1.564918e+00   
   396   6.994404e+00 -1.376547e+00   
   397   5.524803e+00 -1.629635e+00   
   398   4.458879e+00 -1.567266e+00   
   399   6.600672e+00 -1.530122e+00   
   400   5.094923e+00 -1.681629e+00   
   401   3.823569e+00 -1.494949e+00   
   402   4.045105e+00 -1.571594e+00   
   403   4.674579e+00 -1.688314e+00   
   404   7.164843e+00 -1.441356e+00   
   405   5.934529e+00 -1.706390e+00   
   406   6.832124e+00 -1.565453e+00   
   407   7.454405e+00 -1.364878e+00   
   408   5.323490e+00 -1.768297e+00   
   409   8.175171e+00 -1.050505e+00   
   410   7.959569e+00 -1.169452e+00   
   411   4.259938e+00 -1.691844e+00   
   412   7.743968e+00 -1.288400e+00   
   413   4.898378e+00 -1.797636e+00   
   414   6.377378e+00 -1.748505e+00   
   415   5.754245e+00 -1.830542e+00   
   416   7.002563e+00 -1.630262e+00   
   417   4.475637e+00 -1.812892e+00   
   418   5.546959e+00 -1.877269e+00   
   419   3.847030e+00 -1.696970e+00   
   420   5.122177e+00 -1.906959e+00   
   421   6.608831e+00 -1.783836e+00   
   422   7.336918e+00 -1.583378e+00   
   423   6.180533e+00 -1.889977e+00   
   424   4.061863e+00 -1.817220e+00   
   425   7.626481e+00 -1.506899e+00   
   426   4.690015e+00 -1.934100e+00   
   427   6.840284e+00 -1.819167e+00   
   428   5.345646e+00 -2.015931e+00   
   429   8.089758e+00 -1.373737e+00   
   430   4.276695e+00 -1.937471e+00   
   431   7.874157e+00 -1.492685e+00   
   432   7.174639e+00 -1.772283e+00   
   433   4.913814e+00 -2.043423e+00   
   434   5.983688e+00 -2.031448e+00   
   435   6.460737e+00 -1.983792e+00   
   436   5.776402e+00 -2.078176e+00   
   437   7.508994e+00 -1.725399e+00   
   438   4.491074e+00 -2.058679e+00   
   439   5.569116e+00 -2.124903e+00   
   440   5.189682e+00 -2.162547e+00   
   441   6.692189e+00 -2.019123e+00   
   442   3.913497e+00 -2.020202e+00   
   443   7.756670e+00 -1.711184e+00   
   444   6.263891e+00 -2.125264e+00   
   445   4.705452e+00 -2.179887e+00   
   446   6.990292e+00 -2.034719e+00   
   447   4.128330e+00 -2.140452e+00   
   448   5.413152e+00 -2.271519e+00   
   449   8.004346e+00 -1.696970e+00   
   450   5.877214e+00 -2.278665e+00   
   451   7.324648e+00 -1.987834e+00   
   452   4.981320e+00 -2.299011e+00   
   453   6.544095e+00 -2.219079e+00   
   454   5.669928e+00 -2.325392e+00   
   455   4.342708e+00 -2.261661e+00   
   456   6.099001e+00 -2.311127e+00   
   457   6.842198e+00 -2.234674e+00   
   458   7.644328e+00 -1.992864e+00   
   459   5.257188e+00 -2.418134e+00   
   460   5.513964e+00 -2.472008e+00   
   461   3.979964e+00 -2.343434e+00   
   462   6.379205e+00 -2.404942e+00   
   463   7.892003e+00 -1.978649e+00   
   464   7.140301e+00 -2.250270e+00   
   465   5.770740e+00 -2.525882e+00   
   466   4.815963e+00 -2.522572e+00   
   467   5.992527e+00 -2.558344e+00   
   468   6.677642e+00 -2.461938e+00   
   469   7.459981e+00 -2.255299e+00   
   470   4.448818e+00 -2.584893e+00   
   471   5.091831e+00 -2.641695e+00   
   472   6.214314e+00 -2.590805e+00   
   473   5.353178e+00 -2.662027e+00   
   474   6.975746e+00 -2.477534e+00   
   475   7.779661e+00 -2.260328e+00   
   476   5.609954e+00 -2.715900e+00   
   477   6.512752e+00 -2.647801e+00   
   478   5.851342e+00 -2.761387e+00   
   479   4.086074e+00 -2.666667e+00   
   480   7.299777e+00 -2.539276e+00   
   481   6.073129e+00 -2.793849e+00   
   482   6.811190e+00 -2.704797e+00   
   483   4.926474e+00 -2.865256e+00   
   484   6.310897e+00 -2.818471e+00   
   485   5.187821e+00 -2.885588e+00   
   486   5.449168e+00 -2.905919e+00   
   487   7.619457e+00 -2.544305e+00   
   488   5.690555e+00 -2.951406e+00   
   489   4.559329e+00 -2.927578e+00   
   490   6.609335e+00 -2.875467e+00   
   491   7.135221e+00 -2.766540e+00   
   492   5.931943e+00 -2.996892e+00   
   493   6.169711e+00 -3.021515e+00   
   494   4.192183e+00 -2.989899e+00   
   495   4.852815e+00 -3.082304e+00   
   496   5.090979e+00 -3.096465e+00   
   497   5.352325e+00 -3.116796e+00   
   498   6.407480e+00 -3.046137e+00   
   499   5.519006e+00 -3.127212e+00   
   500   7.459252e+00 -2.828283e+00   
   501   6.956442e+00 -2.999504e+00   
   502   5.760393e+00 -3.172698e+00   
   503   4.485669e+00 -3.144625e+00   
   504   6.021213e+00 -3.224547e+00   
   505   4.319559e+00 -3.232323e+00   
   506   6.258982e+00 -3.249170e+00   
   507   6.754587e+00 -3.170174e+00   
   508   7.280474e+00 -3.061247e+00   
   509   4.779155e+00 -3.299351e+00   
   510   5.017319e+00 -3.313512e+00   
   511   5.255483e+00 -3.327674e+00   
   512   5.422163e+00 -3.338089e+00   
   513   5.588844e+00 -3.348504e+00   
   514   5.849664e+00 -3.400353e+00   
   515   4.613045e+00 -3.387049e+00   
   516   6.577361e+00 -3.341250e+00   
   517   4.892354e+00 -3.452497e+00   
   518   5.130518e+00 -3.466658e+00   
   519   6.110483e+00 -3.452202e+00   
   520   7.101695e+00 -3.294210e+00   
   521   5.327457e+00 -3.514784e+00   
   522   4.446935e+00 -3.474747e+00   
   523   5.494137e+00 -3.525199e+00   
   524   5.692384e+00 -3.546588e+00   
   525   4.726244e+00 -3.540195e+00   
   526   5.005554e+00 -3.605642e+00   
   527   6.428863e+00 -3.544283e+00   
   528   5.953204e+00 -3.598437e+00   
   529   6.924469e+00 -3.465287e+00   
   530   5.202492e+00 -3.653768e+00   
   531   5.399431e+00 -3.701893e+00   
   532   5.597678e+00 -3.723283e+00   
   533   4.672620e+00 -3.710038e+00   
   534   5.129784e+00 -3.745250e+00   
   535   6.182360e+00 -3.707465e+00   
   536   5.795924e+00 -3.744672e+00   
   537   6.747243e+00 -3.636364e+00   
   538   4.951929e+00 -3.775485e+00   
   539   5.326722e+00 -3.793375e+00   
   540   5.470587e+00 -3.821535e+00   
   541   5.668834e+00 -3.842924e+00   
   542   6.025081e+00 -3.853699e+00   
   543   6.500740e+00 -3.799546e+00   
   544   5.254014e+00 -3.884857e+00   
   545   5.397878e+00 -3.913017e+00   
   546   5.838367e+00 -3.903099e+00   
   547   5.076160e+00 -3.915093e+00   
   548   5.541743e+00 -3.941177e+00   
   549   4.898305e+00 -3.945328e+00   
   550   5.330397e+00 -4.009481e+00   
   551   5.711276e+00 -4.001351e+00   
   552   6.254237e+00 -3.962727e+00   
   553   5.474261e+00 -4.037641e+00   
   554   5.152542e+00 -4.039717e+00   
   555   5.559007e+00 -4.041637e+00   
   556   6.067523e+00 -4.012126e+00   
   557   5.880809e+00 -4.061525e+00   
   558   5.728540e+00 -4.101811e+00   
   559   5.406780e+00 -4.134105e+00   
   560   5.491525e+00 -4.138101e+00   
   561   5.576271e+00 -4.142097e+00   
  END_COORDINATES
  BOUNDARIES, ELEMENT
    1         559     561     560         1     
    2         561     557     558         2     
    3         549     559     554         5     
    4         522     549     533         12     
    5         557     552     556         13     
    6         285     252     271         14     
    7         252     222     235         15     
    8         203     236     221         20     
    9         236     278     256         21     
    10         349     317     333         22     
    11         317     285     302         23     
    12         278     312     296         24     
    13         312     348     330         25     
    14         136     169     153         26     
    15         169     203     186         27     
    16         409     379     394         28     
    17         379     349     363         29     
    18         348     382     366         30     
    19         382     419     401         31     
    20         494     522     505         82     
    21         222     175     198         86     
    22         175     127     149         88     
    23         99     136     117         94     
    24         419     461     442         95     
    25         449     409     429         99     
    26         537     520     529         101     
    27         475     449     463         134     
    28         29     62     44         233     
    29         57     31     43         239     
    30         92     57     76         240     
    31         10     29     17         242     
    32         127     92     108         248     
    33         8     1     3         249     
    34         1     10     4         250     
    35         552     537     543         251     
    36         520     500     508         252     
    37         500     475     487         256     
    38         62     99     80         257     
    39         31     8     16         258     
    40         461     494     479         259     
  END_BOUNDARIES
  MATERIALS, NUMBER= 1, DEFAULT=1
  END_MATERIALS
  SUBDOMAINS
  END_SUBDOMAINS
  CHARACTERISTICS
  END_CHARACTERISTICS
