  NODES_PER_ELEMENT
   1 3
   2 3
   3 3
   4 3
   5 3
   6 3
   7 3
   8 3
   9 3
   10 3
   11 3
   12 3
   13 3
   14 3
   15 3
   16 3
   17 3
   18 3
   19 3
   20 3
   21 3
   22 3
   23 3
   24 3
   25 3
   26 3
   27 3
   28 3
   29 3
   30 3
   31 3
   32 3
   33 3
   34 3
   35 3
   36 3
   37 3
   38 3
   39 3
   40 3
   41 3
   42 3
   43 3
   44 3
   45 3
   46 3
   47 3
   48 3
   49 3
   50 3
   51 3
   52 3
   53 3
   54 3
   55 3
   56 3
   57 3
   58 3
   59 3
   60 3
   61 3
   62 3
   63 3
   64 3
   65 3
   66 3
   67 3
   68 3
   69 3
   70 3
   71 3
   72 3
   73 3
   74 3
   75 3
   76 3
   77 3
   78 3
   79 3
   80 3
   81 3
   82 3
   83 3
   84 3
   85 3
   86 3
   87 3
   88 3
   89 3
   90 3
   91 3
   92 3
   93 3
   94 3
   95 3
   96 3
   97 3
   98 3
   99 3
   100 3
   101 3
   102 3
   103 3
   104 3
   105 3
   106 3
   107 3
   108 3
   109 3
   110 3
   111 3
   112 3
   113 3
   114 3
   115 3
   116 3
   117 3
   118 3
   119 3
   120 3
   121 3
   122 3
   123 3
   124 3
   125 3
   126 3
   127 3
   128 3
   129 3
   130 3
   131 3
   132 3
   133 3
   134 3
   135 3
   136 3
   137 3
   138 3
   139 3
   140 3
   141 3
   142 3
   143 3
   144 3
   145 3
   146 3
   147 3
   148 3
   149 3
   150 3
   151 3
   152 3
   153 3
   154 3
   155 3
   156 3
   157 3
   158 3
   159 3
   160 3
   161 3
   162 3
   163 3
   164 3
   165 3
   166 3
   167 3
   168 3
   169 3
   170 3
   171 3
   172 3
   173 3
   174 3
   175 3
   176 3
   177 3
   178 3
   179 3
   180 3
   181 3
   182 3
   183 3
   184 3
   185 3
   186 3
   187 3
   188 3
   189 3
   190 3
   191 3
   192 3
   193 3
   194 3
   195 3
   196 3
   197 3
   198 3
   199 3
   200 3
   201 3
   202 3
   203 3
   204 3
   205 3
   206 3
   207 3
   208 3
   209 3
   210 3
   211 3
   212 3
   213 3
   214 3
   215 3
   216 3
   217 3
   218 3
   219 3
   220 3
   221 3
   222 3
   223 3
   224 3
   225 3
   226 3
   227 3
   228 3
   229 3
   230 3
   231 3
   232 3
   233 3
   234 3
   235 3
   236 3
   237 3
   238 3
   239 3
   240 3
   241 3
   242 3
   243 3
   244 3
   245 3
   246 3
   247 3
   248 3
   249 3
   250 3
   251 3
   252 3
   253 3
   254 3
   255 3
   256 3
   257 3
   258 3
   259 3
   260 3
   261 3
   262 3
   263 3
   264 3
   265 3
   266 3
   267 3
   268 3
   269 3
   270 3
   271 3
   272 3
   273 3
   274 3
   275 3
   276 3
   277 3
   278 3
   279 3
   280 3
   281 3
   282 3
   283 3
   284 3
   285 3
   286 3
   287 3
   288 3
   289 3
   290 3
   291 3
   292 3
   293 3
   294 3
   295 3
   296 3
   297 3
   298 3
   299 3
   300 3
   301 3
   302 3
   303 3
   304 3
   305 3
   306 3
   307 3
   308 3
   309 3
   310 3
   311 3
   312 3
   313 3
   314 3
   315 3
   316 3
   317 3
   318 3
   319 3
   320 3
   321 3
   322 3
   323 3
   324 3
   325 3
   326 3
   327 3
   328 3
   329 3
   330 3
   331 3
   332 3
   333 3
   334 3
   335 3
   336 3
   337 3
   338 3
   339 3
   340 3
   341 3
   342 3
   343 3
   344 3
   345 3
   346 3
   347 3
   348 3
   349 3
   350 3
   351 3
   352 3
   353 3
   354 3
   355 3
   356 3
   357 3
   358 3
   359 3
   360 3
   361 3
   362 3
   363 3
   364 3
   365 3
   366 3
   367 3
   368 3
   369 3
   370 3
   371 3
   372 3
   373 3
   374 3
   375 3
   376 3
   377 3
   378 3
   379 3
   380 3
   381 3
   382 3
   383 3
   384 3
   385 3
   386 3
   387 3
   388 3
   389 3
   390 3
   391 3
   392 3
   393 3
   394 3
   395 3
   396 3
   397 3
   398 3
   399 3
   400 3
   401 3
   402 3
   403 3
   404 3
   405 3
   406 3
   407 3
   408 3
   409 3
   410 3
   411 3
   412 3
   413 3
   414 3
   415 3
   416 3
   417 3
   418 3
   419 3
   420 3
   421 3
   422 3
   423 3
   424 3
   425 3
   426 3
   427 3
   428 3
   429 3
   430 3
   431 3
   432 3
   433 3
   434 3
   435 3
   436 3
   437 3
   438 3
   439 3
   440 3
   441 3
   442 3
   443 3
   444 3
   445 3
   446 3
   447 3
   448 3
   449 3
   450 3
   451 3
   452 3
   453 3
   454 3
   455 3
   456 3
   457 3
   458 3
   459 3
   460 3
   461 3
   462 3
   463 3
   464 3
   465 3
   466 3
   467 3
   468 3
   469 3
   470 3
   471 3
   472 3
   473 3
   474 3
   475 3
   476 3
   477 3
   478 3
   479 3
   480 3
   481 3
   482 3
   483 3
   484 3
   485 3
   486 3
   487 3
   488 3
   489 3
   490 3
   491 3
   492 3
   493 3
   494 3
   495 3
   496 3
   497 3
   498 3
   499 3
   500 3
   501 3
   502 3
   503 3
   504 3
   505 3
   506 3
   507 3
   508 3
   509 3
   510 3
   511 3
   512 3
   513 3
   514 3
   515 3
   516 3
   517 3
   518 3
   519 3
   520 3
   521 3
   522 3
   523 3
   524 3
   525 3
   526 3
   527 3
   528 3
   529 3
   530 3
   531 3
   532 3
   533 3
   534 3
   535 3
   536 3
   537 3
   538 3
   539 3
   540 3
   541 3
   542 3
   543 3
   544 3
   545 3
   546 3
   547 3
   548 3
   549 3
   550 3
   551 3
   552 3
   553 3
   554 3
   555 3
   556 3
   557 3
   558 3
   559 3
   560 3
   561 3
   562 3
   563 3
   564 3
   565 3
   566 3
   567 3
   568 3
   569 3
   570 3
   571 3
   572 3
   573 3
   574 3
   575 3
   576 3
   577 3
   578 3
   579 3
   580 3
   581 3
   582 3
   583 3
   584 3
   585 3
   586 3
   587 3
   588 3
   589 3
   590 3
   591 3
   592 3
   593 3
   594 3
   595 3
   596 3
   597 3
   598 3
   599 3
   600 3
   601 3
   602 3
   603 3
   604 3
   605 3
   606 3
   607 3
   608 3
   609 3
   610 3
   611 3
   612 3
   613 3
   614 3
   615 3
   616 3
   617 3
   618 3
   619 3
   620 3
   621 3
   622 3
   623 3
   624 3
   625 3
   626 3
   627 3
   628 3
   629 3
   630 3
   631 3
   632 3
   633 3
   634 3
   635 3
   636 3
   637 3
   638 3
   639 3
   640 3
   641 3
   642 3
   643 3
   644 3
   645 3
   646 3
   647 3
   648 3
   649 3
   650 3
   651 3
   652 3
   653 3
   654 3
   655 3
   656 3
   657 3
   658 3
   659 3
   660 3
   661 3
   662 3
   663 3
   664 3
   665 3
   666 3
   667 3
   668 3
   669 3
   670 3
   671 3
   672 3
   673 3
   674 3
   675 3
   676 3
   677 3
   678 3
   679 3
   680 3
   681 3
   682 3
   683 3
   684 3
   685 3
   686 3
   687 3
   688 3
   689 3
   690 3
   691 3
   692 3
   693 3
   694 3
   695 3
   696 3
   697 3
   698 3
   699 3
   700 3
   701 3
   702 3
   703 3
   704 3
   705 3
   706 3
   707 3
   708 3
   709 3
   710 3
   711 3
   712 3
   713 3
   714 3
   715 3
   716 3
   717 3
   718 3
   719 3
   720 3
   721 3
   722 3
   723 3
   724 3
   725 3
   726 3
   727 3
   728 3
   729 3
   730 3
   731 3
   732 3
   733 3
   734 3
   735 3
   736 3
   737 3
   738 3
   739 3
   740 3
   741 3
   742 3
   743 3
   744 3
   745 3
   746 3
   747 3
   748 3
   749 3
   750 3
   751 3
   752 3
   753 3
   754 3
   755 3
   756 3
   757 3
   758 3
   759 3
   760 3
   761 3
   762 3
   763 3
   764 3
   765 3
   766 3
   767 3
   768 3
   769 3
   770 3
   771 3
   772 3
   773 3
   774 3
   775 3
   776 3
   777 3
   778 3
   779 3
   780 3
   781 3
   782 3
   783 3
   784 3
   785 3
   786 3
   787 3
   788 3
   789 3
   790 3
   791 3
   792 3
   793 3
   794 3
   795 3
   796 3
   797 3
   798 3
   799 3
   800 3
   801 3
   802 3
   803 3
   804 3
   805 3
   806 3
   807 3
   808 3
   809 3
   810 3
   811 3
   812 3
   813 3
   814 3
   815 3
   816 3
   817 3
   818 3
   819 3
   820 3
   821 3
   822 3
   823 3
   824 3
   825 3
   826 3
   827 3
   828 3
   829 3
   830 3
   831 3
   832 3
   833 3
   834 3
   835 3
   836 3
   837 3
   838 3
   839 3
   840 3
   841 3
   842 3
   843 3
   844 3
   845 3
   846 3
   847 3
   848 3
   849 3
   850 3
   851 3
   852 3
   853 3
   854 3
   855 3
   856 3
   857 3
   858 3
   859 3
   860 3
   861 3
   862 3
   863 3
   864 3
   865 3
   866 3
   867 3
   868 3
   869 3
   870 3
   871 3
   872 3
   873 3
   874 3
   875 3
   876 3
   877 3
   878 3
   879 3
   880 3
   881 3
   882 3
   883 3
   884 3
   885 3
   886 3
   887 3
   888 3
   889 3
   890 3
   891 3
   892 3
   893 3
   894 3
   895 3
   896 3
   897 3
   898 3
   899 3
   900 3
   901 3
   902 3
   903 3
   904 3
   905 3
   906 3
   907 3
   908 3
   909 3
   910 3
   911 3
   912 3
   913 3
   914 3
   915 3
   916 3
   917 3
   918 3
   919 3
   920 3
   921 3
   922 3
   923 3
   924 3
   925 3
   926 3
   927 3
   928 3
   929 3
   930 3
   931 3
   932 3
   933 3
   934 3
   935 3
   936 3
   937 3
   938 3
   939 3
   940 3
   941 3
   942 3
   943 3
   944 3
   945 3
   946 3
   947 3
   948 3
   949 3
   950 3
   951 3
   952 3
   953 3
   954 3
   955 3
   956 3
   957 3
   958 3
   959 3
   960 3
   961 3
   962 3
   963 3
   964 3
   965 3
   966 3
   967 3
   968 3
   969 3
   970 3
   971 3
   972 3
   973 3
   974 3
   975 3
   976 3
   977 3
   978 3
   979 3
   980 3
   981 3
   982 3
   983 3
   984 3
   985 3
   986 3
   987 3
   988 3
   989 3
   990 3
   991 3
   992 3
   993 3
   994 3
   995 3
   996 3
   997 3
   998 3
   999 3
   1000 3
   1001 3
   1002 3
   1003 3
   1004 3
   1005 3
   1006 3
   1007 3
   1008 3
   1009 3
   1010 3
   1011 3
   1012 3
   1013 3
   1014 3
   1015 3
   1016 3
   1017 3
   1018 3
   1019 3
   1020 3
   1021 3
   1022 3
   1023 3
   1024 3
   1025 3
   1026 3
   1027 3
   1028 3
   1029 3
   1030 3
   1031 3
   1032 3
   1033 3
   1034 3
   1035 3
   1036 3
   1037 3
   1038 3
   1039 3
   1040 3
   1041 3
   1042 3
   1043 3
   1044 3
   1045 3
   1046 3
   1047 3
   1048 3
   1049 3
   1050 3
   1051 3
   1052 3
   1053 3
   1054 3
   1055 3
   1056 3
   1057 3
   1058 3
   1059 3
   1060 3
   1061 3
   1062 3
   1063 3
   1064 3
   1065 3
   1066 3
   1067 3
   1068 3
   1069 3
   1070 3
   1071 3
   1072 3
   1073 3
   1074 3
   1075 3
   1076 3
   1077 3
   1078 3
   1079 3
   1080 3
   1081 3
   1082 3
   1083 3
   1084 3
   1085 3
   1086 3
   1087 3
   1088 3
   1089 3
   1090 3
   1091 3
   1092 3
   1093 3
   1094 3
   1095 3
   1096 3
   1097 3
   1098 3
   1099 3
   1100 3
   1101 3
   1102 3
   1103 3
   1104 3
   1105 3
   1106 3
   1107 3
   1108 3
   1109 3
   1110 3
   1111 3
   1112 3
   1113 3
   1114 3
   1115 3
   1116 3
   1117 3
   1118 3
   1119 3
   1120 3
   1121 3
   1122 3
   1123 3
   1124 3
   1125 3
   1126 3
   1127 3
   1128 3
   1129 3
   1130 3
   1131 3
   1132 3
   1133 3
   1134 3
   1135 3
   1136 3
   1137 3
   1138 3
   1139 3
   1140 3
   1141 3
   1142 3
   1143 3
   1144 3
   1145 3
   1146 3
   1147 3
   1148 3
   1149 3
   1150 3
   1151 3
   1152 3
   1153 3
   1154 3
   1155 3
   1156 3
   1157 3
   1158 3
   1159 3
   1160 3
   1161 3
   1162 3
   1163 3
   1164 3
   1165 3
   1166 3
   1167 3
   1168 3
   1169 3
   1170 3
   1171 3
   1172 3
   1173 3
   1174 3
   1175 3
   1176 3
   1177 3
   1178 3
   1179 3
   1180 3
   1181 3
   1182 3
   1183 3
   1184 3
   1185 3
   1186 3
   1187 3
   1188 3
   1189 3
   1190 3
   1191 3
   1192 3
   1193 3
   1194 3
   1195 3
   1196 3
   1197 3
   1198 3
   1199 3
   1200 3
   1201 3
   1202 3
   1203 3
   1204 3
   1205 3
   1206 3
   1207 3
   1208 3
   1209 3
   1210 3
   1211 3
   1212 3
   1213 3
   1214 3
   1215 3
   1216 3
   1217 3
   1218 3
   1219 3
   1220 3
   1221 3
   1222 3
   1223 3
   1224 3
   1225 3
   1226 3
   1227 3
   1228 3
   1229 3
   1230 3
   1231 3
   1232 3
   1233 3
   1234 3
   1235 3
   1236 3
   1237 3
   1238 3
   1239 3
   1240 3
   1241 3
   1242 3
   1243 3
   1244 3
   1245 3
   1246 3
   1247 3
   1248 3
   1249 3
   1250 3
   1251 3
   1252 3
   1253 3
   1254 3
   1255 3
   1256 3
   1257 3
   1258 3
   1259 3
   1260 3
   1261 3
   1262 3
   1263 3
   1264 3
   1265 3
   1266 3
   1267 3
   1268 3
   1269 3
   1270 3
   1271 3
   1272 3
   1273 3
   1274 3
   1275 3
   1276 3
   1277 3
   1278 3
   1279 3
   1280 3
   1281 3
   1282 3
   1283 3
   1284 3
   1285 3
   1286 3
   1287 3
   1288 3
   1289 3
   1290 3
   1291 3
   1292 3
   1293 3
   1294 3
   1295 3
   1296 3
   1297 3
   1298 3
   1299 3
   1300 3
   1301 3
   1302 3
   1303 3
   1304 3
   1305 3
   1306 3
   1307 3
   1308 3
   1309 3
   1310 3
   1311 3
   1312 3
   1313 3
   1314 3
   1315 3
   1316 3
   1317 3
   1318 3
   1319 3
   1320 3
   1321 3
   1322 3
   1323 3
   1324 3
   1325 3
   1326 3
   1327 3
   1328 3
   1329 3
   1330 3
   1331 3
   1332 3
   1333 3
   1334 3
   1335 3
   1336 3
   1337 3
   1338 3
   1339 3
   1340 3
   1341 3
   1342 3
   1343 3
   1344 3
   1345 3
   1346 3
   1347 3
   1348 3
   1349 3
   1350 3
   1351 3
   1352 3
   1353 3
   1354 3
   1355 3
   1356 3
   1357 3
   1358 3
   1359 3
   1360 3
   1361 3
   1362 3
   1363 3
   1364 3
   1365 3
   1366 3
   1367 3
   1368 3
   1369 3
   1370 3
   1371 3
   1372 3
   1373 3
   1374 3
   1375 3
   1376 3
   1377 3
   1378 3
   1379 3
   1380 3
   1381 3
   1382 3
   1383 3
   1384 3
   1385 3
   1386 3
   1387 3
   1388 3
   1389 3
   1390 3
   1391 3
   1392 3
   1393 3
   1394 3
   1395 3
   1396 3
   1397 3
   1398 3
   1399 3
   1400 3
   1401 3
   1402 3
   1403 3
   1404 3
   1405 3
   1406 3
   1407 3
   1408 3
   1409 3
   1410 3
   1411 3
   1412 3
   1413 3
   1414 3
   1415 3
   1416 3
   1417 3
   1418 3
   1419 3
   1420 3
   1421 3
   1422 3
   1423 3
   1424 3
   1425 3
   1426 3
   1427 3
   1428 3
   1429 3
   1430 3
   1431 3
   1432 3
   1433 3
   1434 3
   1435 3
   1436 3
   1437 3
   1438 3
   1439 3
   1440 3
   1441 3
   1442 3
   1443 3
   1444 3
   1445 3
   1446 3
   1447 3
   1448 3
   1449 3
   1450 3
   1451 3
   1452 3
   1453 3
   1454 3
   1455 3
   1456 3
   1457 3
   1458 3
   1459 3
   1460 3
   1461 3
   1462 3
   1463 3
   1464 3
   1465 3
   1466 3
   1467 3
   1468 3
   1469 3
   1470 3
   1471 3
   1472 3
   1473 3
   1474 3
   1475 3
   1476 3
   1477 3
   1478 3
   1479 3
   1480 3
   1481 3
   1482 3
   1483 3
   1484 3
   1485 3
   1486 3
   1487 3
   1488 3
   1489 3
   1490 3
   1491 3
   1492 3
   1493 3
   1494 3
   1495 3
   1496 3
   1497 3
   1498 3
   1499 3
   1500 3
   1501 3
   1502 3
   1503 3
   1504 3
   1505 3
   1506 3
   1507 3
   1508 3
   1509 3
   1510 3
   1511 3
   1512 3
   1513 3
   1514 3
   1515 3
   1516 3
   1517 3
   1518 3
   1519 3
   1520 3
   1521 3
   1522 3
   1523 3
   1524 3
   1525 3
   1526 3
   1527 3
   1528 3
   1529 3
   1530 3
   1531 3
   1532 3
   1533 3
   1534 3
   1535 3
   1536 3
   1537 3
   1538 3
   1539 3
   1540 3
   1541 3
   1542 3
   1543 3
   1544 3
   1545 3
   1546 3
   1547 3
   1548 3
   1549 3
   1550 3
   1551 3
   1552 3
   1553 3
   1554 3
   1555 3
   1556 3
   1557 3
   1558 3
   1559 3
   1560 3
   1561 3
   1562 3
   1563 3
   1564 3
   1565 3
   1566 3
   1567 3
   1568 3
   1569 3
   1570 3
   1571 3
   1572 3
   1573 3
   1574 3
   1575 3
   1576 3
   1577 3
   1578 3
   1579 3
   1580 3
   1581 3
   1582 3
   1583 3
   1584 3
   1585 3
   1586 3
   1587 3
   1588 3
   1589 3
   1590 3
   1591 3
   1592 3
   1593 3
   1594 3
   1595 3
   1596 3
   1597 3
   1598 3
   1599 3
   1600 3
   1601 3
   1602 3
   1603 3
   1604 3
   1605 3
   1606 3
   1607 3
   1608 3
   1609 3
   1610 3
   1611 3
   1612 3
   1613 3
   1614 3
   1615 3
   1616 3
   1617 3
   1618 3
   1619 3
   1620 3
   1621 3
   1622 3
   1623 3
   1624 3
   1625 3
   1626 3
   1627 3
   1628 3
   1629 3
   1630 3
   1631 3
   1632 3
   1633 3
   1634 3
   1635 3
   1636 3
   1637 3
   1638 3
   1639 3
   1640 3
   1641 3
   1642 3
   1643 3
   1644 3
   1645 3
   1646 3
   1647 3
   1648 3
   1649 3
   1650 3
   1651 3
   1652 3
   1653 3
   1654 3
   1655 3
   1656 3
   1657 3
   1658 3
   1659 3
   1660 3
   1661 3
   1662 3
   1663 3
   1664 3
   1665 3
   1666 3
   1667 3
   1668 3
   1669 3
   1670 3
   1671 3
   1672 3
   1673 3
  END_NODES_PER_ELEMENT
  ELEMENTS
  1 877 880 870  
  2 880 885 874  
  3 887 888 879  
  4 888 890 882  
  5 524 543 519  
  6 505 484 486  
  7 461 439 444  
  8 543 564 541  
  9 484 461 464  
  10 439 418 422  
  11 418 398 399  
  12 398 375 381  
  13 485 504 482  
  14 504 524 501  
  15 549 526 530  
  16 526 505 507  
  17 375 357 359  
  18 357 335 339  
  19 593 571 573  
  20 571 549 552  
  21 564 582 560  
  22 582 602 578  
  23 335 314 315  
  24 314 293 294  
  25 447 466 443  
  26 466 485 463  
  27 636 616 617  
  28 616 593 595  
  29 293 272 274  
  30 272 252 253  
  31 602 622 597  
  32 622 639 614  
  33 676 655 656  
  34 655 636 637  
  35 252 231 233  
  36 231 213 215  
  37 408 427 402  
  38 427 447 423  
  39 639 654 631  
  40 654 671 649  
  41 213 195 196  
  42 195 178 179  
  43 178 161 163  
  44 671 685 664  
  45 768 749 748  
  46 749 730 728  
  47 685 702 682  
  48 702 719 695  
  49 783 768 765  
  50 1 2 4  
  51 2 7 9  
  52 303 326 301  
  53 326 346 325  
  54 719 734 713  
  55 813 800 797  
  56 800 783 784  
  57 3 1 5  
  58 7 14 9  
  59 15 8 11  
  60 8 3 5  
  61 282 303 284  
  62 734 750 727  
  63 750 763 740  
  64 829 813 812  
  65 763 779 758  
  66 14 23 17  
  67 870 880 874  
  68 870 874 862  
  69 874 885 879  
  70 23 33 27  
  71 877 870 866  
  72 879 888 882  
  73 879 882 872  
  74 887 879 885  
  75 882 890 884  
  76 444 439 422  
  77 444 422 425  
  78 461 444 464  
  79 464 444 446  
  80 422 418 399  
  81 422 399 401  
  82 519 543 541  
  83 519 541 514  
  84 486 484 464  
  85 486 464 468  
  86 541 564 560  
  87 541 560 536  
  88 524 519 501  
  89 501 519 495  
  90 505 486 507  
  91 507 486 488  
  92 399 398 381  
  93 399 381 386  
  94 381 375 359  
  95 381 359 361  
  96 197 219 201  
  97 504 501 482  
  98 482 501 476  
  99 526 507 530  
  100 530 507 511  
  101 485 482 463  
  102 463 482 457  
  103 549 530 552  
  104 552 530 533  
  105 359 357 339  
  106 359 339 341  
  107 339 335 315  
  108 339 315 319  
  109 573 571 552  
  110 573 552 555  
  111 560 582 578  
  112 560 578 554  
  113 578 602 597  
  114 578 597 572  
  115 593 573 595  
  116 595 573 579  
  117 315 314 294  
  118 315 294 298  
  119 294 293 274  
  120 294 274 275  
  121 443 466 463  
  122 443 463 437  
  123 617 616 595  
  124 617 595 599  
  125 447 443 423  
  126 423 443 421  
  127 636 617 637  
  128 637 617 619  
  129 274 272 253  
  130 274 253 256  
  131 253 252 233  
  132 253 233 236  
  133 597 622 614  
  134 597 614 590  
  135 614 639 631  
  136 614 631 609  
  137 656 655 637  
  138 656 637 640  
  139 676 656 679  
  140 233 231 215  
  141 233 215 218  
  142 215 213 196  
  143 215 196 202  
  144 402 427 423  
  145 402 423 400  
  146 408 402 383  
  147 536 560 554  
  148 536 554 528  
  149 541 536 514  
  150 514 536 499  
  151 495 519 514  
  152 495 514 499  
  153 499 536 528  
  154 495 499 472  
  155 501 495 476  
  156 476 495 472  
  157 476 472 457  
  158 476 457 482  
  159 463 457 437  
  160 437 457 435  
  161 528 554 559  
  162 572 597 590  
  163 572 590 559  
  164 572 559 554  
  165 572 554 578  
  166 435 457 472  
  167 437 435 414  
  168 65 52 55  
  169 421 443 437  
  170 421 437 414  
  171 421 414 400  
  172 421 400 423  
  173 631 654 649  
  174 631 649 628  
  175 649 671 664  
  176 649 664 643  
  177 196 195 179  
  178 196 179 185  
  179 614 609 590  
  180 590 609 585  
  181 585 609 610  
  182 590 585 559  
  183 609 631 628  
  184 609 628 610  
  185 610 628 643  
  186 643 628 649  
  187 446 444 425  
  188 446 425 429  
  189 533 530 511  
  190 533 511 513  
  191 513 511 483  
  192 533 513 542  
  193 619 617 599  
  194 619 599 601  
  195 601 599 570  
  196 619 601 627  
  197 429 425 396  
  198 488 486 468  
  199 488 468 483  
  200 488 483 511  
  201 488 511 507  
  202 579 573 555  
  203 579 555 570  
  204 579 570 599  
  205 579 599 595  
  206 643 664 663  
  207 401 399 386  
  208 401 386 396  
  209 401 396 425  
  210 401 425 422  
  211 319 315 298  
  212 319 298 300  
  213 236 233 218  
  214 236 218 221  
  215 361 359 341  
  216 361 341 343  
  217 275 274 256  
  218 275 256 261  
  219 464 446 468  
  220 468 446 450  
  221 450 446 429  
  222 450 429 432  
  223 432 429 405  
  224 450 432 458  
  225 468 450 483  
  226 552 533 555  
  227 555 533 542  
  228 555 542 570  
  229 637 619 640  
  230 640 619 627  
  231 640 627 660  
  232 339 319 341  
  233 341 319 323  
  234 323 319 300  
  235 323 300 307  
  236 307 300 280  
  237 323 307 333  
  238 341 323 343  
  239 343 323 333  
  240 343 333 364  
  241 253 236 256  
  242 256 236 241  
  243 241 236 221  
  244 241 221 227  
  245 227 221 204  
  246 241 227 250  
  247 256 241 261  
  248 261 241 250  
  249 261 250 281  
  250 381 361 386  
  251 386 361 364  
  252 294 275 298  
  253 298 275 281  
  254 281 275 261  
  255 281 250 280  
  256 281 280 300  
  257 281 300 298  
  258 862 874 867  
  259 870 862 856  
  260 361 343 364  
  261 221 218 198  
  262 202 196 185  
  263 202 185 198  
  264 202 198 218  
  265 202 218 215  
  266 364 333 349  
  267 185 179 162  
  268 872 882 873  
  269 879 872 867  
  270 660 627 638  
  271 640 660 656  
  272 178 163 179  
  273 179 163 162  
  274 162 163 142  
  275 163 161 141  
  276 402 400 377  
  277 664 685 682  
  278 664 682 663  
  279 663 682 695  
  280 695 682 702  
  281 142 163 141  
  282 142 141 126  
  283 126 141 136  
  284 142 126 128  
  285 162 142 143  
  286 748 749 728  
  287 748 728 729  
  288 768 748 765  
  289 765 748 747  
  290 747 748 729  
  291 747 729 731  
  292 765 747 773  
  293 731 729 710  
  294 747 731 754  
  295 728 730 709  
  296 729 728 708  
  297 695 719 713  
  298 695 713 692  
  299 692 713 711  
  300 695 692 663  
  301 783 765 784  
  302 784 765 773  
  303 784 773 797  
  304 784 797 800  
  305 4 2 9  
  306 4 9 10  
  307 10 9 13  
  308 4 10 6  
  309 301 326 325  
  310 301 325 302  
  311 303 301 284  
  312 284 301 285  
  313 285 301 302  
  314 285 302 286  
  315 284 285 257  
  316 286 302 312  
  317 285 286 259  
  318 325 346 351  
  319 302 325 329  
  320 713 734 727  
  321 713 727 711  
  322 711 727 740  
  323 740 727 750  
  324 813 797 812  
  325 812 797 794  
  326 794 797 773  
  327 812 794 814  
  328 11 8 5  
  329 11 5 12  
  330 15 11 18  
  331 5 1 4  
  332 12 5 6  
  333 6 5 4  
  334 12 6 16  
  335 11 12 19  
  336 886 883 876  
  337 16 6 10  
  338 12 16 21  
  339 33 45 36  
  340 740 763 758  
  341 740 758 735  
  342 735 758 753  
  343 740 735 711  
  344 282 284 260  
  345 829 812 826  
  346 758 779 775  
  347 17 23 27  
  348 17 27 24  
  349 27 33 36  
  350 27 36 32  
  351 32 36 44  
  352 27 32 24  
  353 24 32 30  
  354 30 32 41  
  355 24 30 20  
  356 866 870 856  
  357 866 856 853  
  358 14 17 9  
  359 877 866 869  
  360 17 24 13  
  361 853 856 839  
  362 866 853 869  
  363 884 890 891  
  364 884 891 878  
  365 882 884 873  
  366 873 884 878  
  367 201 219 223  
  368 197 201 177  
  369 878 891 889  
  370 873 878 865  
  371 679 656 660  
  372 676 679 698  
  373 698 679 709  
  374 128 126 107  
  375 142 128 143  
  376 143 128 130  
  377 130 128 111  
  378 143 130 151  
  379 383 402 377  
  380 383 377 358  
  381 408 383 372  
  382 472 499 469  
  383 358 377 347  
  384 383 358 351  
  385 351 358 329  
  386 351 329 325  
  387 329 358 347  
  388 528 559 535  
  389 65 55 72  
  390 414 435 411  
  391 55 52 39  
  392 585 610 587  
  393 405 429 396  
  394 405 396 382  
  395 227 204 209  
  396 458 432 442  
  397 333 307 318  
  398 432 405 404  
  399 307 280 288  
  400 250 227 238  
  401 450 458 483  
  402 204 221 198  
  403 204 198 183  
  404 183 198 165  
  405 204 183 188  
  406 542 513 523  
  407 627 601 608  
  408 513 483 491  
  409 601 570 577  
  410 862 867 854  
  411 643 663 642  
  412 867 874 879  
  413 856 862 846  
  414 349 333 318  
  415 731 710 712  
  416 285 259 257  
  417 257 259 234  
  418 234 259 239  
  419 257 234 235  
  420 638 627 608  
  421 284 257 260  
  422 260 257 235  
  423 260 235 247  
  424 24 20 13  
  425 13 20 10  
  426 747 754 773  
  427 773 754 776  
  428 776 754 759  
  429 773 776 794  
  430 794 776 792  
  431 30 41 40  
  432 710 729 708  
  433 710 708 687  
  434 687 708 689  
  435 710 687 690  
  436 286 312 290  
  437 364 349 382  
  438 754 731 737  
  439 41 32 44  
  440 41 44 56  
  441 56 44 61  
  442 41 56 53  
  443 872 873 861  
  444 312 302 329  
  445 312 329 347  
  446 185 162 165  
  447 20 30 29  
  448 660 638 665  
  449 259 286 262  
  450 141 161 136  
  451 812 814 826  
  452 826 814 832  
  453 832 814 815  
  454 826 832 849  
  455 814 794 792  
  456 44 36 48  
  457 377 400 376  
  458 162 143 165  
  459 819 831 811  
  460 692 711 688  
  461 709 730 698  
  462 728 709 708  
  463 708 709 689  
  464 689 709 679  
  465 689 679 660  
  466 753 758 775  
  467 753 775 774  
  468 774 775 798  
  469 753 774 751  
  470 111 128 107  
  471 111 107 95  
  472 95 107 92  
  473 111 95 98  
  474 151 130 138  
  475 735 753 732  
  476 130 111 115  
  477 143 151 165  
  478 165 151 183  
  479 13 9 17  
  480 351 346 372  
  481 351 372 383  
  482 18 11 19  
  483 18 19 28  
  484 19 12 21  
  485 876 883 871  
  486 21 16 25  
  487 28 19 31  
  488 15 18 26  
  489 26 18 28  
  490 886 876 881  
  491 36 45 48  
  492 48 45 60  
  493 48 60 61  
  494 48 61 44  
  495 282 260 247  
  496 792 776 759  
  497 95 92 78  
  498 111 98 115  
  499 115 98 104  
  500 104 98 86  
  501 115 104 123  
  502 92 107 108  
  503 98 95 81  
  504 829 826 849  
  505 775 779 798  
  506 86 98 81  
  507 86 81 67  
  508 67 81 64  
  509 86 67 76  
  510 104 86 93  
  511 123 104 113  
  512 115 123 138  
  513 839 856 846  
  514 839 846 828  
  515 828 846 837  
  516 839 828 822  
  517 853 839 835  
  518 815 814 792  
  519 832 815 833  
  520 56 61 71  
  521 41 53 40  
  522 40 53 54  
  523 54 53 68  
  524 40 54 42  
  525 67 64 51  
  526 86 76 93  
  527 93 76 85  
  528 85 76 66  
  529 93 85 103  
  530 53 56 69  
  531 64 81 78  
  532 64 78 62  
  533 76 67 59  
  534 865 878 868  
  535 873 865 861  
  536 861 865 851  
  537 851 865 855  
  538 861 851 845  
  539 751 774 770  
  540 66 76 59  
  541 66 59 50  
  542 50 59 43  
  543 66 50 63  
  544 103 85 97  
  545 753 751 732  
  546 732 751 725  
  547 725 751 746  
  548 732 725 707  
  549 85 66 80  
  550 93 103 113  
  551 113 103 122  
  552 223 219 247  
  553 188 183 164  
  554 235 234 210  
  555 710 690 712  
  556 712 690 693  
  557 693 690 667  
  558 712 693 716  
  559 177 201 180  
  560 239 259 262  
  561 239 262 242  
  562 242 262 268  
  563 239 242 217  
  564 687 689 660  
  565 201 223 210  
  566 204 188 209  
  567 209 188 193  
  568 193 188 170  
  569 209 193 220  
  570 197 177 172  
  571 234 239 214  
  572 690 687 665  
  573 665 687 660  
  574 107 126 108  
  575 108 126 136  
  576 469 499 497  
  577 759 754 737  
  578 759 737 739  
  579 739 737 716  
  580 759 739 764  
  581 63 50 47  
  582 472 469 445  
  583 43 59 51  
  584 43 51 35  
  585 50 43 37  
  586 66 63 80  
  587 80 63 74  
  588 74 63 58  
  589 80 74 91  
  590 347 377 376  
  591 347 376 354  
  592 354 376 379  
  593 347 354 322  
  594 862 854 846  
  595 68 53 69  
  596 68 69 82  
  597 82 69 84  
  598 68 82 83  
  599 55 39 46  
  600 542 523 553  
  601 707 725 703  
  602 65 72 90  
  603 307 288 318  
  604 42 57 58  
  605 227 209 238  
  606 513 491 523  
  607 80 91 97  
  608 97 91 109  
  609 528 535 497  
  610 432 404 442  
  611 643 642 610  
  612 585 587 557  
  613 54 68 70  
  614 74 58 73  
  615 414 411 379  
  616 250 238 266  
  617 746 751 770  
  618 746 770 766  
  619 766 770 787  
  620 746 766 743  
  621 458 442 473  
  622 601 577 608  
  623 535 559 557  
  624 404 405 382  
  625 642 663 668  
  626 587 610 612  
  627 732 707 714  
  628 411 435 445  
  629 445 435 472  
  630 40 42 29  
  631 577 570 553  
  632 553 570 542  
  633 577 553 556  
  634 556 553 527  
  635 577 556 583  
  636 527 553 523  
  637 527 523 498  
  638 498 523 491  
  639 498 491 473  
  640 527 498 512  
  641 473 491 458  
  642 512 498 481  
  643 527 512 540  
  644 556 527 540  
  645 556 540 566  
  646 566 540 544  
  647 556 566 583  
  648 583 566 592  
  649 592 566 569  
  650 583 592 611  
  651 544 540 521  
  652 566 544 569  
  653 569 544 551  
  654 551 544 522  
  655 569 551 581  
  656 592 569 600  
  657 611 592 623  
  658 583 611 608  
  659 608 611 638  
  660 577 583 608  
  661 551 522 529  
  662 569 581 600  
  663 600 581 606  
  664 606 581 588  
  665 600 606 626  
  666 522 544 521  
  667 522 521 494  
  668 494 512 481  
  669 522 494 500  
  670 581 551 561  
  671 481 498 473  
  672 540 512 521  
  673 521 512 494  
  674 72 55 62  
  675 288 280 266  
  676 266 280 250  
  677 288 266 270  
  678 270 266 244  
  679 288 270 297  
  680 297 270 278  
  681 288 297 318  
  682 491 483 458  
  683 58 63 47  
  684 58 47 42  
  685 91 74 89  
  686 39 52 38  
  687 39 38 28  
  688 725 746 723  
  689 854 867 858  
  690 737 731 712  
  691 665 638 648  
  692 839 822 835  
  693 835 822 816  
  694 816 822 803  
  695 835 816 830  
  696 290 312 322  
  697 837 846 854  
  698 828 837 818  
  699 262 286 290  
  700 623 592 600  
  701 382 349 366  
  702 29 30 40  
  703 376 400 414  
  704 611 623 648  
  705 185 165 198  
  706 822 828 809  
  707 872 861 858  
  708 364 382 396  
  709 20 29 22  
  710 811 831 823  
  711 113 122 132  
  712 743 766 762  
  713 138 130 115  
  714 83 82 99  
  715 688 711 714  
  716 122 103 114  
  717 84 69 71  
  718 787 770 793  
  719 819 811 793  
  720 746 743 723  
  721 723 743 721  
  722 721 743 742  
  723 723 721 701  
  724 151 138 164  
  725 68 83 70  
  726 70 83 87  
  727 87 83 101  
  728 70 87 73  
  729 70 73 57  
  730 57 73 58  
  731 57 42 54  
  732 57 54 70  
  733 692 688 668  
  734 735 732 714  
  735 735 714 711  
  736 82 84 100  
  737 766 787 786  
  738 871 883 875  
  739 871 875 863  
  740 863 875 864  
  741 871 863 857  
  742 863 864 850  
  743 857 863 847  
  744 871 859 876  
  745 850 864 849  
  746 863 850 847  
  747 847 850 832  
  748 851 855 834  
  749 588 581 561  
  750 588 561 568  
  751 568 561 539  
  752 588 568 598  
  753 101 83 99  
  754 101 99 117  
  755 117 99 116  
  756 101 117 120  
  757 78 92 77  
  758 242 268 246  
  759 803 822 809  
  760 803 809 790  
  761 790 809 795  
  762 803 790 781  
  763 31 19 21  
  764 693 667 669  
  765 500 494 474  
  766 81 95 78  
  767 193 170 182  
  768 742 743 762  
  769 742 762 760  
  770 760 762 782  
  771 742 760 736  
  772 25 16 22  
  773 239 217 214  
  774 214 217 194  
  775 194 217 199  
  776 214 194 191  
  777 626 606 633  
  778 861 845 858  
  779 858 845 841  
  780 841 845 827  
  781 858 841 854  
  782 858 867 872  
  783 854 841 837  
  784 837 841 824  
  785 824 841 827  
  786 824 827 810  
  787 837 824 818  
  788 818 824 805  
  789 810 827 820  
  790 824 810 805  
  791 805 810 791  
  792 791 810 801  
  793 805 791 785  
  794 818 805 795  
  795 795 805 785  
  796 795 785 777  
  797 777 785 761  
  798 795 777 790  
  799 790 777 772  
  800 772 777 755  
  801 790 772 781  
  802 781 772 760  
  803 801 810 820  
  804 801 820 808  
  805 808 820 834  
  806 801 808 789  
  807 791 801 780  
  808 785 791 771  
  809 820 827 838  
  810 761 785 771  
  811 761 771 745  
  812 745 771 756  
  813 761 745 738  
  814 777 761 755  
  815 755 761 738  
  816 755 738 733  
  817 733 738 717  
  818 755 733 752  
  819 772 755 752  
  820 772 752 760  
  821 717 738 722  
  822 733 717 705  
  823 752 733 736  
  824 752 736 760  
  825 789 808 799  
  826 756 771 780  
  827 738 745 722  
  828 722 745 724  
  829 724 745 756  
  830 722 724 706  
  831 801 789 780  
  832 780 789 767  
  833 767 789 778  
  834 780 767 756  
  835 791 780 771  
  836 778 789 799  
  837 778 799 788  
  838 788 799 807  
  839 778 788 769  
  840 767 778 757  
  841 838 827 845  
  842 838 845 851  
  843 838 851 834  
  844 820 838 834  
  845 807 799 821  
  846 788 807 802  
  847 769 788 764  
  848 769 764 744  
  849 744 764 739  
  850 744 739 720  
  851 769 744 757  
  852 720 739 716  
  853 744 720 726  
  854 769 757 778  
  855 720 716 697  
  856 726 720 704  
  857 744 726 757  
  858 697 716 693  
  859 720 697 704  
  860 704 697 680  
  861 680 697 669  
  862 704 680 694  
  863 726 704 715  
  864 694 680 666  
  865 704 694 715  
  866 715 694 699  
  867 699 694 675  
  868 715 699 724  
  869 675 694 666  
  870 675 666 651  
  871 699 675 684  
  872 651 666 633  
  873 675 651 662  
  874 662 651 634  
  875 675 662 684  
  876 684 662 672  
  877 672 662 645  
  878 684 672 696  
  879 645 662 634  
  880 645 634 620  
  881 620 634 598  
  882 645 620 632  
  883 672 645 657  
  884 696 672 683  
  885 684 696 706  
  886 706 696 722  
  887 684 706 699  
  888 699 706 724  
  889 632 620 604  
  890 645 632 657  
  891 657 632 644  
  892 644 632 618  
  893 657 644 674  
  894 618 632 604  
  895 618 604 589  
  896 589 604 575  
  897 618 589 605  
  898 644 618 629  
  899 674 644 659  
  900 657 674 683  
  901 683 674 705  
  902 575 604 586  
  903 589 575 562  
  904 605 589 576  
  905 618 605 629  
  906 629 605 621  
  907 621 605 591  
  908 629 621 646  
  909 591 605 576  
  910 591 576 563  
  911 563 576 546  
  912 591 563 580  
  913 621 591 607  
  914 646 621 635  
  915 629 646 659  
  916 659 646 673  
  917 717 722 696  
  918 733 705 736  
  919 563 546 534  
  920 591 580 607  
  921 607 580 596  
  922 596 580 567  
  923 607 596 625  
  924 705 717 683  
  925 546 576 562  
  926 546 562 531  
  927 580 563 548  
  928 666 680 653  
  929 596 567 584  
  930 607 625 635  
  931 635 625 652  
  932 567 580 548  
  933 567 548 538  
  934 538 548 520  
  935 567 538 558  
  936 625 596 613  
  937 35 51 49  
  938 830 816 806  
  939 881 876 868  
  940 712 716 737  
  941 278 270 255  
  942 64 62 49  
  943 49 62 46  
  944 209 220 238  
  945 701 721 700  
  946 606 588 615  
  947 87 101 105  
  948 217 242 222  
  949 816 803 796  
  950 28 31 46  
  951 522 500 529  
  952 529 500 509  
  953 509 500 479  
  954 529 509 539  
  955 62 78 77  
  956 220 193 206  
  957 721 742 718  
  958 21 25 35  
  959 667 690 665  
  960 600 626 623  
  961 92 108 94  
  962 170 188 164  
  963 170 164 150  
  964 150 164 138  
  965 150 138 123  
  966 170 150 158  
  967 835 830 848  
  968 886 881 889  
  969 268 262 290  
  970 297 278 308  
  971 855 865 868  
  972 855 868 859  
  973 859 868 876  
  974 855 859 844  
  975 43 35 25  
  976 723 701 703  
  977 113 104 93  
  978 97 109 114  
  979 97 114 103  
  980 114 109 129  
  981 129 109 124  
  982 114 129 135  
  983 101 120 105  
  984 105 120 125  
  985 125 120 140  
  986 105 125 110  
  987 742 736 718  
  988 718 736 705  
  989 588 598 615  
  990 615 598 634  
  991 803 781 796  
  992 796 781 782  
  993 796 782 806  
  994 634 651 615  
  995 567 558 584  
  996 584 558 574  
  997 574 558 547  
  998 584 574 603  
  999 833 815 825  
  1000 568 539 550  
  1001 659 673 686  
  1002 538 520 508  
  1003 759 764 792  
  1004 117 116 133  
  1005 760 782 781  
  1006 539 561 529  
  1007 795 809 818  
  1008 520 548 534  
  1009 520 534 503  
  1010 832 833 847  
  1011 847 833 842  
  1012 842 833 825  
  1013 847 842 857  
  1014 857 844 859  
  1015 825 802 807  
  1016 825 807 821  
  1017 842 825 844  
  1018 116 99 100  
  1019 116 100 118  
  1020 782 762 786  
  1021 782 786 806  
  1022 123 113 132  
  1023 598 568 586  
  1024 799 808 821  
  1025 821 808 834  
  1026 558 538 525  
  1027 109 91 110  
  1028 120 117 137  
  1029 673 646 661  
  1030 172 177 148  
  1031 551 529 561  
  1032 214 191 210  
  1033 105 110 89  
  1034 379 376 414  
  1035 194 199 176  
  1036 652 625 641  
  1037 56 71 69  
  1038 210 234 214  
  1039 683 672 657  
  1040 584 603 613  
  1041 613 603 630  
  1042 322 354 330  
  1043 844 857 842  
  1044 855 844 834  
  1045 834 844 821  
  1046 853 835 848  
  1047 853 848 869  
  1048 767 757 741  
  1049 574 547 565  
  1050 164 183 151  
  1051 479 500 474  
  1052 479 474 453  
  1053 453 474 449  
  1054 479 453 459  
  1055 509 479 489  
  1056 67 51 59  
  1057 604 620 586  
  1058 586 620 598  
  1059 97 85 80  
  1060 125 140 146  
  1061 531 562 545  
  1062 547 558 525  
  1063 547 525 517  
  1064 517 525 496  
  1065 547 517 537  
  1066 496 525 508  
  1067 496 508 477  
  1068 517 496 490  
  1069 537 517 510  
  1070 547 537 565  
  1071 565 537 557  
  1072 199 217 222  
  1073 199 222 207  
  1074 207 222 228  
  1075 199 207 184  
  1076 635 652 661  
  1077 635 661 646  
  1078 661 652 678  
  1079 678 652 677  
  1080 661 678 681  
  1081 51 64 49  
  1082 235 210 223  
  1083 696 683 717  
  1084 770 774 793  
  1085 793 774 798  
  1086 347 322 312  
  1087 703 701 678  
  1088 71 61 75  
  1089 158 150 132  
  1090 603 574 594  
  1091 868 878 881  
  1092 354 379 356  
  1093 170 158 182  
  1094 182 158 168  
  1095 168 158 147  
  1096 182 168 190  
  1097 177 180 159  
  1098 546 531 516  
  1099 191 194 174  
  1100 140 120 137  
  1101 140 137 156  
  1102 156 137 153  
  1103 140 156 160  
  1104 153 137 133  
  1105 153 133 152  
  1106 156 153 176  
  1107 140 160 146  
  1108 146 160 167  
  1109 167 160 186  
  1110 146 167 154  
  1111 160 156 184  
  1112 110 125 131  
  1113 497 499 528  
  1114 786 787 804  
  1115 520 503 492  
  1116 382 366 404  
  1117 674 659 686  
  1118 190 168 181  
  1119 46 39 28  
  1120 811 823 804  
  1121 228 222 246  
  1122 668 663 692  
  1123 677 652 641  
  1124 445 469 436  
  1125 589 562 576  
  1126 453 449 426  
  1127 714 707 691  
  1128 118 100 102  
  1129 154 167 175  
  1130 703 725 723  
  1131 548 563 534  
  1132 678 677 703  
  1133 665 648 667  
  1134 667 648 647  
  1135 647 648 623  
  1136 667 647 669  
  1137 669 647 653  
  1138 129 124 145  
  1139 47 50 37  
  1140 802 825 815  
  1141 802 815 792  
  1142 613 630 641  
  1143 641 630 658  
  1144 613 641 625  
  1145 658 630 650  
  1146 641 658 677  
  1147 677 658 691  
  1148 612 610 642  
  1149 575 586 550  
  1150 186 160 184  
  1151 184 207 186  
  1152 644 629 659  
  1153 630 603 624  
  1154 37 43 25  
  1155 20 22 10  
  1156 479 459 489  
  1157 489 459 471  
  1158 471 459 441  
  1159 489 471 493  
  1160 441 459 433  
  1161 471 441 452  
  1162 493 471 480  
  1163 489 493 518  
  1164 473 442 455  
  1165 621 607 635  
  1166 557 587 565  
  1167 787 793 811  
  1168 661 681 673  
  1169 673 681 700  
  1170 700 681 701  
  1171 701 681 678  
  1172 828 818 809  
  1173 114 135 122  
  1174 122 135 147  
  1175 469 497 467  
  1176 82 100 99  
  1177 116 118 134  
  1178 477 508 492  
  1179 492 508 520  
  1180 477 492 462  
  1181 462 492 475  
  1182 477 462 451  
  1183 182 190 206  
  1184 55 46 62  
  1185 762 766 786  
  1186 207 228 211  
  1187 642 668 650  
  1188 534 546 516  
  1189 534 516 503  
  1190 503 516 487  
  1191 487 516 506  
  1192 503 487 475  
  1193 503 475 492  
  1194 475 487 456  
  1195 707 703 677  
  1196 100 84 102  
  1197 459 453 433  
  1198 433 453 426  
  1199 433 426 406  
  1200 22 29 34  
  1201 146 154 131  
  1202 131 154 145  
  1203 726 715 741  
  1204 147 158 132  
  1205 147 132 122  
  1206 135 129 149  
  1207 74 73 89  
  1208 788 802 764  
  1209 449 474 465  
  1210 562 575 545  
  1211 167 186 189  
  1212 587 612 594  
  1213 199 184 176  
  1214 176 184 156  
  1215 648 638 611  
  1216 124 109 110  
  1217 823 831 840  
  1218 823 840 836  
  1219 836 840 852  
  1220 836 852 843  
  1221 823 836 817  
  1222 843 852 860  
  1223 836 843 830  
  1224 817 836 830  
  1225 823 817 804  
  1226 804 817 806  
  1227 806 817 830  
  1228 496 477 470  
  1229 91 89 110  
  1230 585 557 559  
  1231 168 147 157  
  1232 366 349 336  
  1233 606 615 633  
  1234 574 565 594  
  1235 630 624 650  
  1236 149 129 145  
  1237 133 116 134  
  1238 133 134 152  
  1239 152 134 155  
  1240 155 134 139  
  1241 152 155 171  
  1242 139 134 118  
  1243 139 118 121  
  1244 121 118 102  
  1245 139 121 148  
  1246 121 102 106  
  1247 106 102 88  
  1248 121 106 127  
  1249 88 102 84  
  1250 106 88 96  
  1251 127 106 119  
  1252 127 119 144  
  1253 127 144 148  
  1254 121 127 148  
  1255 155 139 159  
  1256 155 159 180  
  1257 171 155 180  
  1258 174 194 176  
  1259 135 149 157  
  1260 152 171 174  
  1261 174 171 191  
  1262 191 171 180  
  1263 152 174 153  
  1264 246 268 273  
  1265 686 673 700  
  1266 517 490 510  
  1267 455 442 420  
  1268 35 49 31  
  1269 172 148 144  
  1270 426 449 419  
  1271 596 584 613  
  1272 131 125 146  
  1273 480 471 452  
  1274 767 741 756  
  1275 603 594 624  
  1276 624 594 612  
  1277 456 487 480  
  1278 336 349 318  
  1279 474 494 465  
  1280 465 494 481  
  1281 848 830 843  
  1282 848 843 860  
  1283 354 356 330  
  1284 207 211 186  
  1285 278 255 263  
  1286 436 469 467  
  1287 175 167 189  
  1288 666 653 633  
  1289 633 653 626  
  1290 201 210 180  
  1291 452 441 424  
  1292 462 475 448  
  1293 87 105 89  
  1294 490 496 470  
  1295 490 470 460  
  1296 460 470 440  
  1297 490 460 478  
  1298 440 470 451  
  1299 460 440 434  
  1300 478 460 454  
  1301 490 478 510  
  1302 510 478 502  
  1303 502 478 467  
  1304 510 502 532  
  1305 434 440 415  
  1306 454 460 434  
  1307 532 502 535  
  1308 478 454 467  
  1309 510 532 537  
  1310 449 465 438  
  1311 94 108 112  
  1312 145 124 131  
  1313 131 124 110  
  1314 477 451 470  
  1315 691 707 677  
  1316 157 147 135  
  1317 77 92 94  
  1318 816 796 806  
  1319 518 515 550  
  1320 189 186 211  
  1321 190 181 205  
  1322 658 650 670  
  1323 322 330 305  
  1324 516 531 506  
  1325 506 531 515  
  1326 515 531 545  
  1327 515 518 493  
  1328 515 493 480  
  1329 506 515 480  
  1330 506 480 487  
  1331 467 497 502  
  1332 34 29 42  
  1333 308 278 295  
  1334 117 133 137  
  1335 509 489 518  
  1336 509 518 539  
  1337 441 433 412  
  1338 550 539 518  
  1339 525 538 508  
  1340 242 246 222  
  1341 721 718 700  
  1342 473 455 481  
  1343 481 455 465  
  1344 406 426 397  
  1345 168 157 181  
  1346 451 462 428  
  1347 433 406 412  
  1348 412 406 387  
  1349 387 406 378  
  1350 412 387 394  
  1351 378 406 397  
  1352 378 397 370  
  1353 370 397 391  
  1354 378 370 352  
  1355 387 378 360  
  1356 412 394 424  
  1357 424 394 409  
  1358 409 394 380  
  1359 424 409 431  
  1360 370 391 368  
  1361 378 352 360  
  1362 360 352 331  
  1363 331 352 327  
  1364 360 331 342  
  1365 394 387 369  
  1366 391 397 419  
  1367 352 370 344  
  1368 380 394 369  
  1369 380 369 353  
  1370 353 369 342  
  1371 353 342 324  
  1372 380 353 363  
  1373 342 369 360  
  1374 324 342 313  
  1375 353 324 334  
  1376 327 352 344  
  1377 327 344 317  
  1378 317 344 340  
  1379 327 317 295  
  1380 295 317 308  
  1381 308 317 340  
  1382 363 353 334  
  1383 313 342 331  
  1384 313 331 304  
  1385 304 331 327  
  1386 304 327 295  
  1387 313 304 287  
  1388 324 313 296  
  1389 340 344 368  
  1390 340 368 366  
  1391 287 304 276  
  1392 431 409 417  
  1393 380 363 390  
  1394 313 287 296  
  1395 296 287 269  
  1396 269 287 258  
  1397 296 269 279  
  1398 258 287 276  
  1399 258 276 248  
  1400 248 276 263  
  1401 258 248 232  
  1402 269 258 243  
  1403 296 279 309  
  1404 258 232 243  
  1405 243 232 216  
  1406 216 232 205  
  1407 243 216 226  
  1408 226 216 203  
  1409 243 226 251  
  1410 279 269 251  
  1411 251 269 243  
  1412 279 251 265  
  1413 265 251 237  
  1414 279 265 291  
  1415 232 248 224  
  1416 387 360 369  
  1417 424 431 452  
  1418 452 431 456  
  1419 334 324 309  
  1420 309 324 296  
  1421 334 309 320  
  1422 320 309 291  
  1423 320 291 306  
  1424 334 320 348  
  1425 306 291 277  
  1426 320 306 332  
  1427 348 320 332  
  1428 348 332 362  
  1429 362 332 350  
  1430 348 362 373  
  1431 334 348 363  
  1432 332 306 321  
  1433 373 362 392  
  1434 277 291 265  
  1435 350 332 321  
  1436 350 321 338  
  1437 338 321 310  
  1438 350 338 367  
  1439 310 321 292  
  1440 338 310 328  
  1441 367 338 355  
  1442 350 367 374  
  1443 306 277 292  
  1444 292 277 267  
  1445 306 292 321  
  1446 267 277 249  
  1447 292 267 283  
  1448 249 277 265  
  1449 267 249 240  
  1450 283 267 254  
  1451 292 283 310  
  1452 310 283 299  
  1453 299 283 271  
  1454 310 299 328  
  1455 328 299 316  
  1456 316 299 289  
  1457 328 316 345  
  1458 271 283 254  
  1459 271 254 245  
  1460 245 254 230  
  1461 271 245 264  
  1462 289 299 271  
  1463 289 271 264  
  1464 289 264 273  
  1465 273 264 246  
  1466 345 316 337  
  1467 230 254 240  
  1468 230 240 212  
  1469 212 240 225  
  1470 230 212 211  
  1471 225 240 249  
  1472 225 249 237  
  1473 212 225 200  
  1474 316 289 311  
  1475 245 230 211  
  1476 362 350 374  
  1477 362 374 392  
  1478 392 374 410  
  1479 410 374 393  
  1480 392 410 428  
  1481 348 373 363  
  1482 363 373 390  
  1483 328 345 355  
  1484 355 345 371  
  1485 371 345 365  
  1486 355 371 385  
  1487 409 380 390  
  1488 409 390 417  
  1489 417 390 403  
  1490 403 390 373  
  1491 417 403 448  
  1492 391 419 420  
  1493 264 245 228  
  1494 366 336 340  
  1495 340 336 308  
  1496 653 680 669  
  1497 177 159 148  
  1498 148 159 139  
  1499 741 757 726  
  1500 154 175 166  
  1501 568 550 586  
  1502 180 210 191  
  1503 475 456 448  
  1504 448 456 417  
  1505 693 669 697  
  1506 356 379 384  
  1507 211 228 245  
  1508 255 270 244  
  1509 714 691 688  
  1510 193 182 206  
  1511 220 206 229  
  1512 445 436 413  
  1513 75 61 79  
  1514 22 34 25  
  1515 297 308 336  
  1516 71 75 88  
  1517 804 787 811  
  1518 344 370 368  
  1519 255 244 229  
  1520 255 229 263  
  1521 434 415 407  
  1522 407 415 393  
  1523 393 415 410  
  1524 410 415 440  
  1525 407 393 385  
  1526 407 385 395  
  1527 395 385 371  
  1528 395 371 388  
  1529 407 395 430  
  1530 388 371 365  
  1531 388 365 384  
  1532 384 365 356  
  1533 388 384 413  
  1534 395 388 416  
  1535 430 395 416  
  1536 430 416 436  
  1537 407 430 434  
  1538 416 388 413  
  1539 416 413 436  
  1540 385 393 367  
  1541 367 393 374  
  1542 232 224 205  
  1543 424 441 412  
  1544 295 278 263  
  1545 309 279 291  
  1546 419 449 438  
  1547 338 328 355  
  1548 445 413 411  
  1549 411 413 384  
  1550 670 650 668  
  1551 166 175 187  
  1552 187 175 200  
  1553 187 200 208  
  1554 208 200 225  
  1555 187 208 203  
  1556 203 208 226  
  1557 166 187 173  
  1558 173 187 203  
  1559 166 173 145  
  1560 397 426 419  
  1561 265 237 249  
  1562 276 304 295  
  1563 220 229 244  
  1564 220 244 238  
  1565 238 244 266  
  1566 205 181 192  
  1567 192 181 169  
  1568 205 192 216  
  1569 216 192 203  
  1570 169 181 157  
  1571 192 169 173  
  1572 173 169 149  
  1573 212 200 189  
  1574 368 391 389  
  1575 389 391 420  
  1576 368 389 366  
  1577 316 311 337  
  1578 420 442 404  
  1579 305 330 311  
  1580 367 355 385  
  1581 365 345 337  
  1582 365 337 356  
  1583 428 462 448  
  1584 384 379 411  
  1585 786 804 806  
  1586 373 392 403  
  1587 403 392 428  
  1588 229 206 224  
  1589 438 465 455  
  1590 438 455 420  
  1591 267 240 254  
  1592 311 289 273  
  1593 658 670 691  
  1594 691 670 688  
  1595 688 670 668  
  1596 431 417 456  
  1597 273 268 305  
  1598 237 251 226  
  1599 237 226 208  
  1600 190 205 224  
  1601 322 305 290  
  1602 290 305 268  
  1603 154 166 145  
  1604 145 173 149  
  1605 451 428 410  
  1606 224 248 263  
  1607 71 88 84  
  1608 419 438 420  
  1609 440 451 410  
  1610 428 448 403  
  1611 228 246 264  
  1612 337 311 330  
  1613 206 190 224  
  1614 295 263 276  
  1615 225 237 208  
  1616 480 452 456  
  1617 436 467 430  
  1618 454 434 430  
  1619 175 189 200  
  1620 537 532 557  
  1621 169 157 149  
  1622 174 176 153  
  1623 330 356 337  
  1624 594 565 587  
  1625 77 94 72  
  1626 77 72 62  
  1627 700 718 686  
  1628 724 756 741  
  1629 633 615 651  
  1630 650 624 642  
  1631 647 623 626  
  1632 203 192 173  
  1633 89 73 87  
  1634 545 575 550  
  1635 889 881 878  
  1636 674 686 705  
  1637 47 37 34  
  1638 532 535 557  
  1639 235 223 247  
  1640 31 21 35  
  1641 123 132 150  
  1642 88 75 96  
  1643 212 189 211  
  1644 550 515 545  
  1645 60 79 61  
  1646 75 79 96  
  1647 454 430 467  
  1648 832 850 849  
  1649 49 46 31  
  1650 318 297 336  
  1651 612 642 624  
  1652 37 25 34  
  1653 802 792 764  
  1654 119 106 96  
  1655 857 859 871  
  1656 420 404 389  
  1657 825 821 844  
  1658 90 72 94  
  1659 90 94 112  
  1660 47 34 42  
  1661 848 860 869  
  1662 38 26 28  
  1663 366 389 404  
  1664 626 653 647  
  1665 136 112 108  
  1666 396 386 364  
  1667 724 741 715  
  1668 535 502 497  
  1669 305 311 273  
  1670 229 224 263  
  1671 16 10 22  
  1672 705 686 718  
  1673 798 819 793  
  END_ELEMENTS  
  COORDINATES  
   1   5.406780e+00 -4.134105e+00   
   2   5.576271e+00 -4.130958e+00   
   3   5.237288e+00 -4.100865e+00   
   4   5.488310e+00 -3.959357e+00   
   5   5.268096e+00 -3.939174e+00   
   6   5.372112e+00 -3.798751e+00   
   7   5.745763e+00 -4.127811e+00   
   8   5.079558e+00 -4.030230e+00   
   9   5.714525e+00 -3.969140e+00   
   10   5.569840e+00 -3.784608e+00   
   11   5.071483e+00 -3.836835e+00   
   12   5.221138e+00 -3.714074e+00   
   13   5.767956e+00 -3.791400e+00   
   14   5.915254e+00 -4.092001e+00   
   15   4.921828e+00 -3.959596e+00   
   16   5.381354e+00 -3.605346e+00   
   17   5.938282e+00 -3.897847e+00   
   18   4.922074e+00 -3.763786e+00   
   19   5.036462e+00 -3.641540e+00   
   20   5.791164e+00 -3.603043e+00   
   21   5.191693e+00 -3.514568e+00   
   22   5.622815e+00 -3.495333e+00   
   23   6.084746e+00 -4.027364e+00   
   24   5.961311e+00 -3.703692e+00   
   25   5.370318e+00 -3.406044e+00   
   26   4.728814e+00 -3.811952e+00   
   27   6.107774e+00 -3.833210e+00   
   28   4.807237e+00 -3.582205e+00   
   29   5.800497e+00 -3.403837e+00   
   30   5.967258e+00 -3.513203e+00   
   31   4.970102e+00 -3.411899e+00   
   32   6.107826e+00 -3.641896e+00   
   33   6.254237e+00 -3.962727e+00   
   34   5.632361e+00 -3.295597e+00   
   35   5.133443e+00 -3.276346e+00   
   36   6.254904e+00 -3.764244e+00   
   37   5.451348e+00 -3.172142e+00   
   38   4.564307e+00 -3.636364e+00   
   39   4.646283e+00 -3.475666e+00   
   40   6.005327e+00 -3.317446e+00   
   41   6.154501e+00 -3.449798e+00   
   42   5.849251e+00 -3.193409e+00   
   43   5.248355e+00 -3.105281e+00   
   44   6.292132e+00 -3.569914e+00   
   45   6.423729e+00 -3.868619e+00   
   46   4.745279e+00 -3.302072e+00   
   47   5.595383e+00 -3.064579e+00   
   48   6.409442e+00 -3.694717e+00   
   49   4.906495e+00 -3.154662e+00   
   50   5.410326e+00 -2.989208e+00   
   51   5.064064e+00 -3.031643e+00   
   52   4.446935e+00 -3.474747e+00   
   53   6.183548e+00 -3.252968e+00   
   54   6.035512e+00 -3.122333e+00   
   55   4.550646e+00 -3.300320e+00   
   56   6.337206e+00 -3.379360e+00   
   57   5.906052e+00 -3.029715e+00   
   58   5.748716e+00 -2.949864e+00   
   59   5.231359e+00 -2.906739e+00   
   60   6.593220e+00 -3.756300e+00   
   61   6.513850e+00 -3.542911e+00   
   62   4.678508e+00 -3.100896e+00   
   63   5.567499e+00 -2.866717e+00   
   64   4.883053e+00 -2.947180e+00   
   65   4.348283e+00 -3.313131e+00   
   66   5.381889e+00 -2.794217e+00   
   67   5.045829e+00 -2.832730e+00   
   68   6.224134e+00 -3.057782e+00   
   69   6.370407e+00 -3.182398e+00   
   70   6.073740e+00 -2.926183e+00   
   71   6.527866e+00 -3.319819e+00   
   72   4.438588e+00 -3.135407e+00   
   73   5.910609e+00 -2.832694e+00   
   74   5.727972e+00 -2.751565e+00   
   75   6.674368e+00 -3.455875e+00   
   76   5.201818e+00 -2.709189e+00   
   77   4.532586e+00 -2.987681e+00   
   78   4.698105e+00 -2.875574e+00   
   79   6.762712e+00 -3.624394e+00   
   80   5.544570e+00 -2.678249e+00   
   81   4.868860e+00 -2.748702e+00   
   82   6.409595e+00 -2.988244e+00   
   83   6.256056e+00 -2.860833e+00   
   84   6.559782e+00 -3.119589e+00   
   85   5.362489e+00 -2.596028e+00   
   86   5.015557e+00 -2.639177e+00   
   87   6.106454e+00 -2.730461e+00   
   88   6.714906e+00 -3.247739e+00   
   89   5.918541e+00 -2.635046e+00   
   90   4.220339e+00 -3.055520e+00   
   91   5.700564e+00 -2.554076e+00   
   92   4.518565e+00 -2.788262e+00   
   93   5.179305e+00 -2.524864e+00   
   94   4.350951e+00 -2.897212e+00   
   95   4.682719e+00 -2.676523e+00   
   96   6.932203e+00 -3.471118e+00   
   97   5.519429e+00 -2.472400e+00   
   98   4.837080e+00 -2.551603e+00   
   99   6.443433e+00 -2.791249e+00   
   100   6.598711e+00 -2.923537e+00   
   101   6.295049e+00 -2.665068e+00   
   102   6.752338e+00 -3.051551e+00   
   103   5.333618e+00 -2.398996e+00   
   104   4.997997e+00 -2.441149e+00   
   105   6.144009e+00 -2.534118e+00   
   106   6.921323e+00 -3.193587e+00   
   107   4.508855e+00 -2.589924e+00   
   108   4.340712e+00 -2.697563e+00   
   109   5.681193e+00 -2.355343e+00   
   110   5.921639e+00 -2.407359e+00   
   111   4.649984e+00 -2.485064e+00   
   112   4.129268e+00 -2.828283e+00   
   113   5.153594e+00 -2.315968e+00   
   114   5.497422e+00 -2.284433e+00   
   115   4.815098e+00 -2.373012e+00   
   116   6.632445e+00 -2.726865e+00   
   117   6.481446e+00 -2.596211e+00   
   118   6.786290e+00 -2.854483e+00   
   119   7.101695e+00 -3.294210e+00   
   120   6.328228e+00 -2.468166e+00   
   121   6.936264e+00 -2.985027e+00   
   122   5.316146e+00 -2.200199e+00   
   123   4.967014e+00 -2.244773e+00   
   124   5.817350e+00 -2.232837e+00   
   125   6.177739e+00 -2.338072e+00   
   126   4.303892e+00 -2.505046e+00   
   127   7.090535e+00 -3.111879e+00   
   128   4.474149e+00 -2.393660e+00   
   129   5.651659e+00 -2.158295e+00   
   130   4.634818e+00 -2.287471e+00   
   131   6.024421e+00 -2.209748e+00   
   132   5.134392e+00 -2.117001e+00   
   133   6.670277e+00 -2.530557e+00   
   134   6.819951e+00 -2.657364e+00   
   135   5.464890e+00 -2.087287e+00   
   136   4.050847e+00 -2.595611e+00   
   137   6.515906e+00 -2.399284e+00   
   138   4.786663e+00 -2.158005e+00   
   139   6.981402e+00 -2.775532e+00   
   140   6.366256e+00 -2.272088e+00   
   141   4.162773e+00 -2.419027e+00   
   142   4.286014e+00 -2.334491e+00   
   143   4.452068e+00 -2.226702e+00   
   144   7.271186e+00 -3.090817e+00   
   145   5.807838e+00 -2.033438e+00   
   146   6.214777e+00 -2.141600e+00   
   147   5.235940e+00 -1.985611e+00   
   148   7.177433e+00 -2.882025e+00   
   149   5.619827e+00 -1.960892e+00   
   150   4.891640e+00 -2.007696e+00   
   151   4.598096e+00 -2.092730e+00   
   152   6.858101e+00 -2.462158e+00   
   153   6.704711e+00 -2.333987e+00   
   154   6.061371e+00 -2.013566e+00   
   155   7.009015e+00 -2.592983e+00   
   156   6.553254e+00 -2.203712e+00   
   157   5.402672e+00 -1.875229e+00   
   158   5.057303e+00 -1.896028e+00   
   159   7.161043e+00 -2.679364e+00   
   160   6.400274e+00 -2.075228e+00   
   161   3.979964e+00 -2.343434e+00   
   162   4.272565e+00 -2.143209e+00   
   163   4.129245e+00 -2.224068e+00   
   164   4.713857e+00 -1.917982e+00   
   165   4.429801e+00 -2.020540e+00   
   166   5.932660e+00 -1.861625e+00   
   167   6.249175e+00 -1.945334e+00   
   168   5.223650e+00 -1.786149e+00   
   169   5.569240e+00 -1.761985e+00   
   170   4.877438e+00 -1.809066e+00   
   171   7.047012e+00 -2.396696e+00   
   172   7.440678e+00 -2.857346e+00   
   173   5.755004e+00 -1.756410e+00   
   174   6.942516e+00 -2.284370e+00   
   175   6.096127e+00 -1.816656e+00   
   176   6.799974e+00 -2.141311e+00   
   177   7.360925e+00 -2.674208e+00   
   178   3.942837e+00 -2.181818e+00   
   179   4.092117e+00 -2.062452e+00   
   180   7.218271e+00 -2.472439e+00   
   181   5.389451e+00 -1.674372e+00   
   182   5.044336e+00 -1.699022e+00   
   183   4.534365e+00 -1.830224e+00   
   184   6.660604e+00 -2.001174e+00   
   185   4.244209e+00 -1.947559e+00   
   186   6.437636e+00 -1.878938e+00   
   187   5.942959e+00 -1.688054e+00   
   188   4.699411e+00 -1.718708e+00   
   189   6.285851e+00 -1.748772e+00   
   190   5.222521e+00 -1.571203e+00   
   191   7.135380e+00 -2.231648e+00   
   192   5.555218e+00 -1.562478e+00   
   193   4.865449e+00 -1.609781e+00   
   194   6.993490e+00 -2.091037e+00   
   195   3.905709e+00 -2.020202e+00   
   196   4.057962e+00 -1.907009e+00   
   197   7.559966e+00 -2.666667e+00   
   198   4.362177e+00 -1.735061e+00   
   199   6.853393e+00 -1.948639e+00   
   200   6.091334e+00 -1.594380e+00   
   201   7.457835e+00 -2.487280e+00   
   202   4.176246e+00 -1.796623e+00   
   203   5.753807e+00 -1.513830e+00   
   204   4.519092e+00 -1.634083e+00   
   205   5.375428e+00 -1.474874e+00   
   206   5.030237e+00 -1.496603e+00   
   207   6.712111e+00 -1.808108e+00   
   208   5.924681e+00 -1.494758e+00   
   209   4.685914e+00 -1.524924e+00   
   210   7.356684e+00 -2.244894e+00   
   211   6.571870e+00 -1.665580e+00   
   212   6.282963e+00 -1.537184e+00   
   213   3.874526e+00 -1.858586e+00   
   214   7.185403e+00 -2.038252e+00   
   215   4.029411e+00 -1.750861e+00   
   216   5.608411e+00 -1.376518e+00   
   217   7.046968e+00 -1.899315e+00   
   218   4.187472e+00 -1.642627e+00   
   219   7.653055e+00 -2.505051e+00   
   220   4.849696e+00 -1.410758e+00   
   221   4.346599e+00 -1.538026e+00   
   222   6.905102e+00 -1.758472e+00   
   223   7.559706e+00 -2.329096e+00   
   224   5.222061e+00 -1.314817e+00   
   225   6.137674e+00 -1.399840e+00   
   226   5.799978e+00 -1.319247e+00   
   227   4.506978e+00 -1.437019e+00   
   228   6.765463e+00 -1.615544e+00   
   229   5.014343e+00 -1.297257e+00   
   230   6.474201e+00 -1.450627e+00   
   231   3.848608e+00 -1.696970e+00   
   232   5.463617e+00 -1.238876e+00   
   233   4.003493e+00 -1.589245e+00   
   234   7.378800e+00 -1.988068e+00   
   235   7.524401e+00 -2.124019e+00   
   236   4.163359e+00 -1.486201e+00   
   237   5.990914e+00 -1.262466e+00   
   238   4.653607e+00 -1.301945e+00   
   239   7.239305e+00 -1.845859e+00   
   240   6.329330e+00 -1.342920e+00   
   241   4.324526e+00 -1.385684e+00   
   242   7.098094e+00 -1.706346e+00   
   243   5.654464e+00 -1.182121e+00   
   244   4.785917e+00 -1.227087e+00   
   245   6.665769e+00 -1.422478e+00   
   246   6.959058e+00 -1.562707e+00   
   247   7.779661e+00 -2.260328e+00   
   248   5.338088e+00 -1.105749e+00   
   249   6.183653e+00 -1.205901e+00   
   250   4.462664e+00 -1.244620e+00   
   251   5.846008e+00 -1.124630e+00   
   252   3.822690e+00 -1.535354e+00   
   253   3.980531e+00 -1.433768e+00   
   254   6.521071e+00 -1.284973e+00   
   255   4.933975e+00 -1.100032e+00   
   256   4.142421e+00 -1.331681e+00   
   257   7.566631e+00 -1.929342e+00   
   258   5.509565e+00 -1.044294e+00   
   259   7.432883e+00 -1.798848e+00   
   260   7.702211e+00 -2.041581e+00   
   261   4.268408e+00 -1.243334e+00   
   262   7.290840e+00 -1.658877e+00   
   263   5.130043e+00 -1.023280e+00   
   264   6.857142e+00 -1.364706e+00   
   265   6.037802e+00 -1.068049e+00   
   266   4.607939e+00 -1.107392e+00   
   267   6.375122e+00 -1.148243e+00   
   268   7.153049e+00 -1.514431e+00   
   269   5.701310e+00 -9.877053e-01   
   270   4.783917e+00 -1.027122e+00   
   271   6.711193e+00 -1.228103e+00   
   272   3.802683e+00 -1.373737e+00   
   273   7.014226e+00 -1.370491e+00   
   274   3.960525e+00 -1.272152e+00   
   275   4.123979e+00 -1.174919e+00   
   276   5.365154e+00 -9.074802e-01   
   277   6.229583e+00 -1.011285e+00   
   278   4.955653e+00 -9.254120e-01   
   279   5.892821e+00 -9.303291e-01   
   280   4.440073e+00 -1.033335e+00   
   281   4.288448e+00 -1.079765e+00   
   282   7.883907e+00 -2.020202e+00   
   283   6.566476e+00 -1.090205e+00   
   284   7.756457e+00 -1.874013e+00   
   285   7.621380e+00 -1.739348e+00   
   286   7.483608e+00 -1.607802e+00   
   287   5.556695e+00 -8.500075e-01   
   288   4.613677e+00 -9.353069e-01   
   289   6.902478e+00 -1.171817e+00   
   290   7.363598e+00 -1.448537e+00   
   291   6.084601e+00 -8.736106e-01   
   292   6.420446e+00 -9.536029e-01   
   293   3.782677e+00 -1.212121e+00   
   294   3.943148e+00 -1.115998e+00   
   295   5.165184e+00 -7.862184e-01   
   296   5.747190e+00 -7.933621e-01   
   297   4.781016e+00 -8.287676e-01   
   298   4.108263e+00 -1.019451e+00   
   299   6.757912e+00 -1.033742e+00   
   300   4.274162e+00 -9.262640e-01   
   301   7.811501e+00 -1.724042e+00   
   302   7.673214e+00 -1.589498e+00   
   303   7.949788e+00 -1.858586e+00   
   304   5.411228e+00 -7.128826e-01   
   305   7.296452e+00 -1.274088e+00   
   306   6.276104e+00 -8.168373e-01   
   307   4.440874e+00 -8.358755e-01   
   308   4.952201e+00 -7.255429e-01   
   309   5.938669e+00 -7.356752e-01   
   310   6.612315e+00 -8.972237e-01   
   311   7.094324e+00 -1.115374e+00   
   312   7.561767e+00 -1.426247e+00   
   313   5.602411e+00 -6.553950e-01   
   314   3.767930e+00 -1.050505e+00   
   315   3.928401e+00 -9.543819e-01   
   316   6.949466e+00 -9.775078e-01   
   317   5.075431e+00 -6.333085e-01   
   318   4.596269e+00 -7.109762e-01   
   319   4.094899e+00 -8.624601e-01   
   320   6.130568e+00 -6.800315e-01   
   321   6.467622e+00 -7.592667e-01   
   322   7.449618e+00 -1.230989e+00   
   323   4.262213e+00 -7.722872e-01   
   324   5.794247e+00 -5.989879e-01   
   325   7.864244e+00 -1.562426e+00   
   326   8.002531e+00 -1.696970e+00   
   327   5.266581e+00 -5.756227e-01   
   328   6.804125e+00 -8.406461e-01   
   329   7.744425e+00 -1.404470e+00   
   330   7.316170e+00 -1.075077e+00   
   331   5.458252e+00 -5.188606e-01   
   332   6.321967e+00 -6.222333e-01   
   333   4.409621e+00 -6.409036e-01   
   334   5.985959e+00 -5.421563e-01   
   335   3.753183e+00 -8.888889e-01   
   336   4.743915e+00 -5.449804e-01   
   337   7.141044e+00 -9.201589e-01   
   338   6.659175e+00 -7.028726e-01   
   339   3.916057e+00 -7.977558e-01   
   340   4.930417e+00 -4.956958e-01   
   341   4.083964e+00 -7.063130e-01   
   342   5.649622e+00 -4.610909e-01   
   343   4.225225e+00 -6.254209e-01   
   344   5.122182e+00 -4.391945e-01   
   345   6.995536e+00 -7.829790e-01   
   346   8.055274e+00 -1.535354e+00   
   347   7.661309e+00 -1.169151e+00   
   348   6.177784e+00 -4.857354e-01   
   349   4.548925e+00 -5.006589e-01   
   350   6.513799e+00 -5.659830e-01   
   351   7.935455e+00 -1.377398e+00   
   352   5.313598e+00 -3.813311e-01   
   353   5.840784e+00 -4.046522e-01   
   354   7.498411e+00 -9.928371e-01   
   355   6.850747e+00 -6.454979e-01   
   356   7.337473e+00 -8.742019e-01   
   357   3.743242e+00 -7.272727e-01   
   358   7.836557e+00 -1.223681e+00   
   359   3.906115e+00 -6.361396e-01   
   360   5.503669e+00 -3.244987e-01   
   361   4.075269e+00 -5.491997e-01   
   362   6.368952e+00 -4.282038e-01   
   363   6.032195e+00 -3.470450e-01   
   364   4.295054e+00 -4.584008e-01   
   365   7.187349e+00 -7.264146e-01   
   366   4.684684e+00 -3.539904e-01   
   367   6.705226e+00 -5.083284e-01   
   368   4.976108e+00 -3.011889e-01   
   369   5.696328e+00 -2.669569e-01   
   370   5.167879e+00 -2.445153e-01   
   371   7.042406e+00 -5.886354e-01   
   372   8.118644e+00 -1.311184e+00   
   373   6.223454e+00 -2.911125e-01   
   374   6.559562e+00 -3.713095e-01   
   375   3.733300e+00 -5.656566e-01   
   376   7.680987e+00 -9.136344e-01   
   377   7.843322e+00 -1.029573e+00   
   378   5.358824e+00 -1.866334e-01   
   379   7.520768e+00 -7.943379e-01   
   380   5.886345e+00 -2.103540e-01   
   381   3.898428e+00 -4.792074e-01   
   382   4.458042e+00 -2.911251e-01   
   383   7.998275e+00 -1.137813e+00   
   384   7.359935e+00 -6.754827e-01   
   385   6.897311e+00 -4.510157e-01   
   386   4.068820e+00 -3.925813e-01   
   387   5.550530e+00 -1.301001e-01   
   388   7.232505e+00 -5.453642e-01   
   389   4.815224e+00 -1.457279e-01   
   390   6.077712e+00 -1.523209e-01   
   391   5.023012e+00 -1.067973e-01   
   392   6.419021e+00 -2.154627e-01   
   393   6.751462e+00 -3.150394e-01   
   394   5.741839e+00 -7.223786e-02   
   395   7.087234e+00 -4.153387e-01   
   396   4.225213e+00 -2.252395e-01   
   397   5.214829e+00 -5.059217e-02   
   398   3.727868e+00 -4.040404e-01   
   399   3.892996e+00 -3.175912e-01   
   400   7.863295e+00 -8.326505e-01   
   401   4.064537e+00 -2.354553e-01   
   402   8.020743e+00 -9.418286e-01   
   403   6.269587e+00 -9.643750e-02   
   404   4.597827e+00 -8.517021e-02   
   405   4.392028e+00 -1.205596e-01   
   406   5.406164e+00  7.547154e-03   
   407   6.943647e+00 -2.860087e-01   
   408   8.175171e+00 -1.050505e+00   
   409   5.933350e+00 -1.606425e-02   
   410   6.636648e+00 -1.257352e-01   
   411   7.566840e+00 -5.331713e-01   
   412   5.595761e+00  6.417445e-02   
   413   7.414462e+00 -4.411565e-01   
   414   7.738966e+00 -6.337333e-01   
   415   6.816121e+00 -1.664445e-01   
   416   7.275385e+00 -3.512922e-01   
   417   6.124887e+00  4.140658e-02   
   418   3.722436e+00 -2.424242e-01   
   419   5.059400e+00  9.438485e-02   
   420   4.819094e+00  7.072048e-02   
   421   7.887255e+00 -6.792911e-01   
   422   3.889741e+00 -1.604959e-01   
   423   8.047578e+00 -7.802124e-01   
   424   5.787941e+00  1.206406e-01   
   425   4.062403e+00 -7.853189e-02   
   426   5.260237e+00  1.441572e-01   
   427   8.202005e+00 -8.888889e-01   
   428   6.455922e+00  2.002249e-02   
   429   4.235609e+00 -2.245847e-05   
   430   7.174387e+00 -1.971355e-01   
   431   5.954206e+00  1.539021e-01   
   432   4.409336e+00  7.615438e-02   
   433   5.451144e+00  2.023128e-01   
   434   6.968942e+00 -8.761734e-02   
   435   7.741104e+00 -4.363613e-01   
   436   7.405926e+00 -2.361988e-01   
   437   7.906238e+00 -5.289460e-01   
   438   4.923579e+00  2.265506e-01   
   439   3.721357e+00 -8.080808e-02   
   440   6.809822e+00  3.347908e-02   
   441   5.643052e+00  2.584932e-01   
   442   4.574748e+00  1.874552e-01   
   443   8.069718e+00 -6.283447e-01   
   444   3.888663e+00  1.120218e-03   
   445   7.616930e+00 -3.124958e-01   
   446   4.062405e+00  7.849065e-02   
   447   8.228839e+00 -7.272727e-01   
   448   6.305162e+00  1.995541e-01   
   449   5.115648e+00  2.822702e-01   
   450   4.236660e+00  1.546845e-01   
   451   6.648668e+00  1.527410e-01   
   452   5.834849e+00  3.150523e-01   
   453   5.307394e+00  3.384700e-01   
   454   7.154266e+00 -8.978216e-03   
   455   4.739606e+00  3.006183e-01   
   456   6.090004e+00  3.084753e-01   
   457   7.920803e+00 -3.767857e-01   
   458   4.394702e+00  2.730854e-01   
   459   5.498572e+00  3.965689e-01   
   460   6.994114e+00  1.107512e-01   
   461   3.720279e+00  8.080808e-02   
   462   6.490405e+00  2.749091e-01   
   463   8.087166e+00 -4.667285e-01   
   464   3.889745e+00  1.582475e-01   
   465   4.940451e+00  3.993057e-01   
   466   8.246287e+00 -5.656566e-01   
   467   7.356057e+00 -1.580867e-03   
   468   4.064537e+00  2.355801e-01   
   469   7.598333e+00 -1.135317e-01   
   470   6.835609e+00  2.316455e-01   
   471   5.689878e+00  4.527782e-01   
   472   7.779600e+00 -1.964316e-01   
   473   4.559116e+00  3.866860e-01   
   474   5.163485e+00  4.762712e-01   
   475   6.332583e+00  3.976479e-01   
   476   7.930442e+00 -2.264625e-01   
   477   6.675099e+00  3.509170e-01   
   478   7.181192e+00  1.771090e-01   
   479   5.352222e+00  5.326072e-01   
   480   5.881218e+00  5.108631e-01   
   481   4.733676e+00  4.898594e-01   
   482   8.099674e+00 -3.153725e-01   
   483   4.214819e+00  3.886673e-01   
   484   3.723522e+00  2.424242e-01   
   485   8.263734e+00 -4.040404e-01   
   486   3.892989e+00  3.198637e-01   
   487   6.146104e+00  5.270533e-01   
   488   4.068815e+00  3.923698e-01   
   489   5.544097e+00  5.888127e-01   
   490   7.017306e+00  3.087454e-01   
   491   4.411184e+00  4.973206e-01   
   492   6.517879e+00  4.727335e-01   
   493   5.711875e+00  6.187706e-01   
   494   4.966710e+00  6.202647e-01   
   495   7.935321e+00 -7.530401e-02   
   496   6.858551e+00  4.302973e-01   
   497   7.574318e+00  1.424817e-01   
   498   4.563332e+00  5.933821e-01   
   499   7.787613e+00  4.177612e-02   
   500   5.208270e+00  6.710914e-01   
   501   8.107242e+00 -1.537563e-01   
   502   7.380677e+00  2.605420e-01   
   503   6.356973e+00  5.914476e-01   
   504   8.271302e+00 -2.424242e-01   
   505   3.726766e+00  4.040404e-01   
   506   6.024567e+00  6.682416e-01   
   507   3.898440e+00  4.768943e-01   
   508   6.698462e+00  5.494361e-01   
   509   5.399335e+00  7.267220e-01   
   510   7.203166e+00  3.873387e-01   
   511   4.075280e+00  5.495034e-01   
   512   4.735837e+00  6.891811e-01   
   513   4.252552e+00  6.181272e-01   
   514   7.935313e+00  7.547197e-02   
   515   5.855358e+00  7.576902e-01   
   516   6.200811e+00  7.138426e-01   
   517   7.043006e+00  5.070317e-01   
   518   5.588824e+00  7.837085e-01   
   519   8.109762e+00 -2.626284e-03   
   520   6.540096e+00  6.714551e-01   
   521   4.892964e+00  7.885089e-01   
   522   5.061344e+00  8.062033e-01   
   523   4.423556e+00  7.206753e-01   
   524   8.278871e+00 -8.080808e-02   
   525   6.885084e+00  6.283068e-01   
   526   3.734425e+00  5.656566e-01   
   527   4.561940e+00  7.824299e-01   
   528   7.759875e+00  2.686764e-01   
   529   5.253231e+00  8.618304e-01   
   530   3.906099e+00  6.385105e-01   
   531   6.039343e+00  8.317590e-01   
   532   7.387543e+00  4.647317e-01   
   533   4.083944e+00  7.059092e-01   
   534   6.379803e+00  7.899775e-01   
   535   7.581786e+00  3.931720e-01   
   536   7.930472e+00  2.259655e-01   
   537   7.244864e+00  5.731380e-01   
   538   6.724678e+00  7.476304e-01   
   539   5.445412e+00  9.299512e-01   
   540   4.730741e+00  8.884494e-01   
   541   8.107233e+00  1.589899e-01   
   542   4.248232e+00  8.156492e-01   
   543   8.276342e+00  8.080808e-02   
   544   4.919508e+00  9.459945e-01   
   545   5.878236e+00  9.501695e-01   
   546   6.221993e+00  9.126587e-01   
   547   7.066011e+00  7.048138e-01   
   548   6.567511e+00  8.692463e-01   
   549   3.742084e+00  7.272727e-01   
   550   5.701078e+00  9.970811e-01   
   551   5.108602e+00  9.996611e-01   
   552   3.916078e+00  7.953087e-01   
   553   4.418393e+00  9.204575e-01   
   554   7.920731e+00  3.775912e-01   
   555   4.094932e+00  8.629748e-01   
   556   4.606791e+00  9.764550e-01   
   557   7.490348e+00  6.082989e-01   
   558   6.907944e+00  8.269160e-01   
   559   7.757143e+00  4.879636e-01   
   560   8.099692e+00  3.101957e-01   
   561   5.297642e+00  1.064304e+00   
   562   6.061417e+00  1.030301e+00   
   563   6.406754e+00  9.880388e-01   
   564   8.273813e+00  2.424242e-01   
   565   7.279109e+00  7.666131e-01   
   566   4.769039e+00  1.073680e+00   
   567   6.746992e+00  9.450989e-01   
   568   5.504554e+00  1.134069e+00   
   569   4.959330e+00  1.127546e+00   
   570   4.245458e+00  1.019969e+00   
   571   3.754382e+00  8.888889e-01   
   572   7.906369e+00  5.278640e-01   
   573   3.928376e+00  9.569249e-01   
   574   7.091809e+00  9.028756e-01   
   575   5.904391e+00  1.153908e+00   
   576   6.250656e+00  1.110135e+00   
   577   4.455918e+00  1.102419e+00   
   578   8.087139e+00  4.718119e-01   
   579   4.071473e+00  1.029623e+00   
   580   6.589619e+00  1.067906e+00   
   581   5.146654e+00  1.195138e+00   
   582   8.261260e+00  4.040404e-01   
   583   4.642361e+00  1.172394e+00   
   584   6.931859e+00  1.021164e+00   
   585   7.704177e+00  7.291826e-01   
   586   5.720914e+00  1.236067e+00   
   587   7.524567e+00  8.156579e-01   
   588   5.336808e+00  1.255743e+00   
   589   6.089400e+00  1.228171e+00   
   590   7.887053e+00  6.806081e-01   
   591   6.428087e+00  1.185064e+00   
   592   4.812163e+00  1.259659e+00   
   593   3.766680e+00  1.050505e+00   
   594   7.275367e+00  9.821213e-01   
   595   3.943179e+00  1.113338e+00   
   596   6.773350e+00  1.142971e+00   
   597   8.069753e+00  6.233899e-01   
   598   5.525470e+00  1.321266e+00   
   599   4.124054e+00  1.175701e+00   
   600   5.001452e+00  1.322492e+00   
   601   4.305200e+00  1.232955e+00   
   602   8.248707e+00  5.656566e-01   
   603   7.114822e+00  1.101280e+00   
   604   5.934792e+00  1.350934e+00   
   605   6.271698e+00  1.308864e+00   
   606   5.188262e+00  1.389031e+00   
   607   6.613257e+00  1.260283e+00   
   608   4.482125e+00  1.324898e+00   
   609   7.863571e+00  8.311464e-01   
   610   7.690539e+00  9.260705e-01   
   611   4.648091e+00  1.370079e+00   
   612   7.511618e+00  1.015074e+00   
   613   6.956633e+00  1.222779e+00   
   614   8.047535e+00  7.850060e-01   
   615   5.378209e+00  1.451304e+00   
   616   3.783989e+00  1.212121e+00   
   617   3.960488e+00  1.274954e+00   
   618   6.109360e+00  1.424579e+00   
   619   4.142315e+00  1.330734e+00   
   620   5.772841e+00  1.467907e+00   
   621   6.455243e+00  1.382666e+00   
   622   8.226489e+00  7.272727e-01   
   623   4.826833e+00  1.458563e+00   
   624   7.330742e+00  1.164220e+00   
   625   6.795680e+00  1.341337e+00   
   626   5.036740e+00  1.518925e+00   
   627   4.312903e+00  1.430348e+00   
   628   7.873502e+00  9.859290e-01   
   629   6.294951e+00  1.498606e+00   
   630   7.141231e+00  1.299394e+00   
   631   8.020793e+00  9.372263e-01   
   632   5.954348e+00  1.549751e+00   
   633   5.225231e+00  1.585477e+00   
   634   5.620261e+00  1.591570e+00   
   635   6.638134e+00  1.463269e+00   
   636   3.801297e+00  1.373737e+00   
   637   3.980575e+00  1.430798e+00   
   638   4.479226e+00  1.537280e+00   
   639   8.204270e+00  8.888889e-01   
   640   4.138050e+00  1.491128e+00   
   641   6.980887e+00  1.416696e+00   
   642   7.616994e+00  1.208000e+00   
   643   7.803080e+00  1.136359e+00   
   644   6.137640e+00  1.621803e+00   
   645   5.790914e+00  1.663474e+00   
   646   6.476607e+00  1.580977e+00   
   647   4.835025e+00  1.662849e+00   
   648   4.643534e+00  1.651063e+00   
   649   7.989527e+00  1.098843e+00   
   650   7.355755e+00  1.367224e+00   
   651   5.457354e+00  1.707070e+00   
   652   6.822917e+00  1.539277e+00   
   653   5.074849e+00  1.731015e+00   
   654   8.173004e+00  1.050505e+00   
   655   3.824164e+00  1.535354e+00   
   656   4.003442e+00  1.592414e+00   
   657   5.977078e+00  1.735853e+00   
   658   7.163325e+00  1.497836e+00   
   659   6.319979e+00  1.703514e+00   
   660   4.247833e+00  1.671821e+00   
   661   6.662256e+00  1.655181e+00   
   662   5.637787e+00  1.790496e+00   
   663   7.773383e+00  1.331706e+00   
   664   7.954142e+00  1.251902e+00   
   665   4.505387e+00  1.755926e+00   
   666   5.307389e+00  1.831866e+00   
   667   4.705216e+00  1.804120e+00   
   668   7.535798e+00  1.455679e+00   
   669   4.901557e+00  1.841641e+00   
   670   7.359301e+00  1.538608e+00   
   671   8.141739e+00  1.212121e+00   
   672   5.820749e+00  1.860178e+00   
   673   6.505018e+00  1.778663e+00   
   674   6.174036e+00  1.836049e+00   
   675   5.472913e+00  1.901548e+00   
   676   3.847030e+00  1.696970e+00   
   677   7.033645e+00  1.680545e+00   
   678   6.827992e+00  1.771429e+00   
   679   4.021492e+00  1.788687e+00   
   680   5.143154e+00  1.945331e+00   
   681   6.673459e+00  1.832179e+00   
   682   7.949219e+00  1.411732e+00   
   683   6.002332e+00  1.943385e+00   
   684   5.659837e+00  1.971704e+00   
   685   8.102234e+00  1.373737e+00   
   686   6.380617e+00  1.921074e+00   
   687   4.380768e+00  1.915275e+00   
   688   7.480643e+00  1.644975e+00   
   689   4.184152e+00  1.883410e+00   
   690   4.575743e+00  1.955997e+00   
   691   7.260984e+00  1.727328e+00   
   692   7.672909e+00  1.591731e+00   
   693   4.770614e+00  1.992675e+00   
   694   5.322214e+00  2.030933e+00   
   695   7.863048e+00  1.565959e+00   
   696   5.838958e+00  2.058297e+00   
   697   4.995474e+00  2.070836e+00   
   698   3.881356e+00  1.894751e+00   
   699   5.504862e+00  2.097583e+00   
   700   6.586884e+00  1.990591e+00   
   701   6.785145e+00  1.965029e+00   
   702   8.053290e+00  1.535354e+00   
   703   6.982530e+00  1.934405e+00   
   704   5.155576e+00  2.138739e+00   
   705   6.226569e+00  2.090665e+00   
   706   5.684753e+00  2.144667e+00   
   707   7.176424e+00  1.899312e+00   
   708   4.257524e+00  2.068585e+00   
   709   4.069012e+00  2.030850e+00   
   710   4.440876e+00  2.102572e+00   
   711   7.624095e+00  1.783620e+00   
   712   4.636927e+00  2.139127e+00   
   713   7.812656e+00  1.723214e+00   
   714   7.379557e+00  1.888341e+00   
   715   5.343663e+00  2.206291e+00   
   716   4.831693e+00  2.182674e+00   
   717   6.023871e+00  2.193193e+00   
   718   6.487589e+00  2.142975e+00   
   719   8.004346e+00  1.696970e+00   
   720   5.004562e+00  2.268950e+00   
   721   6.708421e+00  2.149303e+00   
   722   5.839810e+00  2.270225e+00   
   723   6.905284e+00  2.124434e+00   
   724   5.606758e+00  2.310148e+00   
   725   7.102801e+00  2.094009e+00   
   726   5.190782e+00  2.335006e+00   
   727   7.791300e+00  1.884585e+00   
   728   4.129271e+00  2.219553e+00   
   729   4.317782e+00  2.257288e+00   
   730   3.940760e+00  2.181818e+00   
   731   4.505744e+00  2.289338e+00   
   732   7.299024e+00  2.071243e+00   
   733   6.177896e+00  2.317795e+00   
   734   7.949153e+00  1.860336e+00   
   735   7.496192e+00  2.040571e+00   
   736   6.389311e+00  2.315706e+00   
   737   4.694550e+00  2.353561e+00   
   738   5.999536e+00  2.389807e+00   
   739   4.883500e+00  2.415611e+00   
   740   7.688601e+00  2.034677e+00   
   741   5.426718e+00  2.447147e+00   
   742   6.635576e+00  2.335144e+00   
   743   6.832734e+00  2.303963e+00   
   744   5.035083e+00  2.456658e+00   
   745   5.813824e+00  2.460595e+00   
   746   7.030805e+00  2.279944e+00   
   747   4.359164e+00  2.411285e+00   
   748   4.170766e+00  2.381169e+00   
   749   3.982254e+00  2.343434e+00   
   750   7.881996e+00  2.021077e+00   
   751   7.227489e+00  2.247223e+00   
   752   6.316764e+00  2.459093e+00   
   753   7.425413e+00  2.225651e+00   
   754   4.543229e+00  2.483462e+00   
   755   6.123411e+00  2.502266e+00   
   756   5.633673e+00  2.544529e+00   
   757   5.254049e+00  2.547975e+00   
   758   7.619957e+00  2.188010e+00   
   759   4.722868e+00  2.561398e+00   
   760   6.501741e+00  2.513012e+00   
   761   5.963658e+00  2.585287e+00   
   762   6.755703e+00  2.488404e+00   
   763   7.814840e+00  2.181818e+00   
   764   4.921024e+00  2.611774e+00   
   765   4.214095e+00  2.535204e+00   
   766   6.953896e+00  2.462484e+00   
   767   5.427539e+00  2.647097e+00   
   768   4.023749e+00  2.505051e+00   
   769   5.109478e+00  2.641155e+00   
   770   7.149480e+00  2.431137e+00   
   771   5.798917e+00  2.654956e+00   
   772   6.294622e+00  2.613230e+00   
   773   4.399126e+00  2.604943e+00   
   774   7.347662e+00  2.405962e+00   
   775   7.548178e+00  2.349497e+00   
   776   4.582816e+00  2.676629e+00   
   777   6.124985e+00  2.700158e+00   
   778   5.255614e+00  2.747778e+00   
   779   7.737690e+00  2.343434e+00   
   780   5.593735e+00  2.752729e+00   
   781   6.436360e+00  2.704803e+00   
   782   6.656851e+00  2.674242e+00   
   783   4.073176e+00  2.666667e+00   
   784   4.228809e+00  2.696869e+00   
   785   5.951697e+00  2.782970e+00   
   786   6.881638e+00  2.648847e+00   
   787   7.079098e+00  2.617833e+00   
   788   5.092744e+00  2.815251e+00   
   789   5.430070e+00  2.844006e+00   
   790   6.257989e+00  2.794661e+00   
   791   5.766768e+00  2.851669e+00   
   792   4.712088e+00  2.827352e+00   
   793   7.317723e+00  2.612770e+00   
   794   4.516059e+00  2.858997e+00   
   795   6.080941e+00  2.887099e+00   
   796   6.583740e+00  2.830886e+00   
   797   4.324970e+00  2.849247e+00   
   798   7.610169e+00  2.584427e+00   
   799   5.254030e+00  2.938277e+00   
   800   4.132680e+00  2.828283e+00   
   801   5.596926e+00  2.952026e+00   
   802   4.909162e+00  2.942580e+00   
   803   6.424045e+00  2.904149e+00   
   804   7.007242e+00  2.804447e+00   
   805   5.909267e+00  2.975630e+00   
   806   6.781923e+00  2.859501e+00   
   807   5.107155e+00  3.009943e+00   
   808   5.424250e+00  3.042690e+00   
   809   6.250026e+00  2.993405e+00   
   810   5.773287e+00  3.040427e+00   
   811   7.260674e+00  2.808980e+00   
   812   4.386473e+00  2.999772e+00   
   813   4.192183e+00  2.989899e+00   
   814   4.578700e+00  3.046690e+00   
   815   4.788760e+00  3.082234e+00   
   816   6.592518e+00  3.011275e+00   
   817   6.948046e+00  2.944125e+00   
   818   6.068608e+00  3.087395e+00   
   819   7.459252e+00  2.828283e+00   
   820   5.597979e+00  3.131319e+00   
   821   5.257788e+00  3.138096e+00   
   822   6.416733e+00  3.103662e+00   
   823   7.145665e+00  2.972456e+00   
   824   5.911576e+00  3.170247e+00   
   825   5.033173e+00  3.189173e+00   
   826   4.454164e+00  3.162321e+00   
   827   5.768992e+00  3.230054e+00   
   828   6.238343e+00  3.192933e+00   
   829   4.264736e+00  3.151515e+00   
   830   6.758943e+00  3.121554e+00   
   831   7.344781e+00  2.989899e+00   
   832   4.651081e+00  3.228231e+00   
   833   4.848355e+00  3.259379e+00   
   834   5.425436e+00  3.301348e+00   
   835   6.579683e+00  3.209444e+00   
   836   7.023479e+00  3.128966e+00   
   837   6.062526e+00  3.287172e+00   
   838   5.613346e+00  3.315531e+00   
   839   6.403046e+00  3.302673e+00   
   840   7.220752e+00  3.151515e+00   
   841   5.919772e+00  3.361009e+00   
   842   4.967503e+00  3.367740e+00   
   843   6.907948e+00  3.271883e+00   
   844   5.204596e+00  3.422839e+00   
   845   5.731962e+00  3.426301e+00   
   846   6.232993e+00  3.390775e+00   
   847   4.805311e+00  3.412786e+00   
   848   6.745563e+00  3.321017e+00   
   849   4.389831e+00  3.385396e+00   
   850   4.634800e+00  3.446232e+00   
   851   5.542361e+00  3.488633e+00   
   852   7.083575e+00  3.313131e+00   
   853   6.570650e+00  3.429082e+00   
   854   6.041409e+00  3.505394e+00   
   855   5.354196e+00  3.555174e+00   
   856   6.398798e+00  3.501549e+00   
   857   4.946080e+00  3.554525e+00   
   858   5.878423e+00  3.555498e+00   
   859   5.165704e+00  3.618747e+00   
   860   6.928178e+00  3.474747e+00   
   861   5.689730e+00  3.621365e+00   
   862   6.222032e+00  3.589878e+00   
   863   4.753733e+00  3.605778e+00   
   864   4.559322e+00  3.630360e+00   
   865   5.506839e+00  3.683757e+00   
   866   6.549567e+00  3.603446e+00   
   867   6.060619e+00  3.703871e+00   
   868   5.317463e+00  3.747354e+00   
   869   6.747243e+00  3.636364e+00   
   870   6.378491e+00  3.698109e+00   
   871   4.891129e+00  3.745848e+00   
   872   5.840638e+00  3.751753e+00   
   873   5.654198e+00  3.817609e+00   
   874   6.243421e+00  3.778917e+00   
   875   4.714291e+00  3.797980e+00   
   876   5.066832e+00  3.840571e+00   
   877   6.529948e+00  3.797980e+00   
   878   5.467756e+00  3.878959e+00   
   879   6.032771e+00  3.892756e+00   
   880   6.394878e+00  3.878788e+00   
   881   5.240517e+00  3.938944e+00   
   882   5.809532e+00  3.939954e+00   
   883   4.898305e+00  3.945328e+00   
   884   5.656855e+00  3.979966e+00   
   885   6.259808e+00  3.959596e+00   
   886   5.067797e+00  4.039001e+00   
   887   6.084746e+00  4.036399e+00   
   888   5.930631e+00  4.078805e+00   
   889   5.336852e+00  4.121212e+00   
   890   5.776515e+00  4.121212e+00   
   891   5.576271e+00  4.142097e+00   
  END_COORDINATES
  BOUNDARIES, ELEMENT
    1         877     880         1     
    2         880     885         2     
    3         887     888         3     
    4         888     890         4     
    5         524     543         5     
    6         505     484         6     
    7         461     439         7     
    8         543     564         8     
    9         484     461         9     
    10         439     418         10     
    11         418     398         11     
    12         398     375         12     
    13         485     504         13     
    14         504     524         14     
    15         549     526         15     
    16         526     505         16     
    17         375     357         17     
    18         357     335         18     
    19         593     571         19     
    20         571     549         20     
    21         564     582         21     
    22         582     602         22     
    23         335     314         23     
    24         314     293         24     
    25         447     466         25     
    26         466     485         26     
    27         636     616         27     
    28         616     593         28     
    29         293     272         29     
    30         272     252         30     
    31         602     622         31     
    32         622     639         32     
    33         676     655         33     
    34         655     636         34     
    35         252     231         35     
    36         231     213         36     
    37         408     427         37     
    38         427     447         38     
    39         639     654         39     
    40         654     671         40     
    41         213     195         41     
    42         195     178         42     
    43         178     161         43     
    44         671     685         44     
    45         768     749         45     
    46         749     730         46     
    47         685     702         47     
    48         702     719         48     
    49         783     768         49     
    50         1     2         50     
    51         2     7         51     
    52         303     326         52     
    53         326     346         53     
    54         719     734         54     
    55         813     800         55     
    56         800     783         56     
    57         3     1         57     
    58         7     14         58     
    59         15     8         59     
    60         8     3         60     
    61         282     303         61     
    62         734     750         62     
    63         750     763         63     
    64         829     813         64     
    65         763     779         65     
    66         14     23         66     
    67         23     33         70     
    68         885     887         74     
    69         197     219         96     
    70         65     52         168     
    71         886     883         336     
    72         33     45         339     
    73         869     877         359     
    74         890     891         363     
    75         891     889         369     
    76         698     676         372     
    77         372     408         381     
    78         161     136         450     
    79         819     831         459     
    80         730     698         461     
    81         346     372         480     
    82         26     15         488     
    83         45     60         492     
    84         247     282         495     
    85         849     829         504     
    86         779     798         505     
    87         219     247         552     
    88         172     197         570     
    89         90     65         602     
    90         52     38         686     
    91         883     875         738     
    92         875     864         740     
    93         864     849         745     
    94         889     886         968     
    95         831     840         1217     
    96         840     852         1219     
    97         852     860         1222     
    98         119     144         1252     
    99         144     172         1269     
    100         60     79         1645     
    101         79     96         1646     
    102         96     119         1654     
    103         112     90         1659     
    104         860     869         1661     
    105         38     26         1662     
    106         136     112         1665     
    107         798     819         1673     
  END_BOUNDARIES
  MATERIALS, NUMBER= 1, DEFAULT=1
  END_MATERIALS
  SUBDOMAINS
  END_SUBDOMAINS
  CHARACTERISTICS
  END_CHARACTERISTICS
