  NODES_PER_ELEMENT
   1 3
   2 3
   3 3
   4 3
   5 3
   6 3
   7 3
   8 3
   9 3
   10 3
   11 3
   12 3
   13 3
   14 3
   15 3
   16 3
   17 3
   18 3
   19 3
   20 3
   21 3
   22 3
   23 3
   24 3
   25 3
   26 3
   27 3
   28 3
   29 3
   30 3
   31 3
   32 3
   33 3
   34 3
   35 3
   36 3
   37 3
   38 3
   39 3
   40 3
   41 3
   42 3
   43 3
   44 3
   45 3
   46 3
   47 3
   48 3
   49 3
   50 3
   51 3
   52 3
   53 3
   54 3
   55 3
   56 3
   57 3
   58 3
   59 3
   60 3
   61 3
   62 3
   63 3
   64 3
   65 3
   66 3
   67 3
   68 3
   69 3
   70 3
   71 3
   72 3
   73 3
   74 3
   75 3
   76 3
   77 3
   78 3
   79 3
   80 3
   81 3
   82 3
   83 3
   84 3
   85 3
   86 3
   87 3
   88 3
   89 3
   90 3
   91 3
   92 3
   93 3
   94 3
   95 3
   96 3
   97 3
   98 3
   99 3
   100 3
   101 3
   102 3
   103 3
   104 3
   105 3
   106 3
   107 3
   108 3
   109 3
   110 3
   111 3
   112 3
   113 3
   114 3
   115 3
   116 3
   117 3
   118 3
   119 3
   120 3
   121 3
   122 3
   123 3
   124 3
   125 3
   126 3
   127 3
   128 3
   129 3
   130 3
   131 3
   132 3
   133 3
   134 3
   135 3
   136 3
   137 3
   138 3
   139 3
   140 3
   141 3
   142 3
   143 3
   144 3
   145 3
   146 3
   147 3
   148 3
   149 3
   150 3
   151 3
   152 3
   153 3
   154 3
   155 3
   156 3
   157 3
   158 3
   159 3
   160 3
   161 3
   162 3
   163 3
   164 3
   165 3
   166 3
   167 3
   168 3
   169 3
  END_NODES_PER_ELEMENT
  ELEMENTS
  1 93 96 88  
  2 97 91 90  
  3 2 1 3  
  4 9 14 11  
  5 12 6 8  
  6 96 98 92  
  7 88 96 92  
  8 88 92 83  
  9 93 88 84  
  10 90 91 82  
  11 97 90 99  
  12 29 36 28  
  13 83 92 89  
  14 88 83 78  
  15 3 1 5  
  16 2 3 6  
  17 14 22 16  
  18 11 14 16  
  19 11 16 13  
  20 13 16 20  
  21 11 13 7  
  22 9 11 5  
  23 8 6 3  
  24 12 8 17  
  25 92 98 95  
  26 84 88 78  
  27 84 78 77  
  28 77 78 69  
  29 84 77 86  
  30 93 84 86  
  31 86 77 79  
  32 82 91 85  
  33 82 85 76  
  34 76 85 73  
  35 76 73 67  
  36 82 76 74  
  37 67 73 63  
  38 76 67 74  
  39 67 63 57  
  40 90 82 81  
  41 27 21 24  
  42 57 63 52  
  43 67 57 59  
  44 89 92 95  
  45 89 95 94  
  46 94 100 101  
  47 89 94 87  
  48 83 89 80  
  49 78 83 72  
  50 82 74 81  
  51 81 74 75  
  52 75 74 66  
  53 81 75 87  
  54 81 87 90  
  55 66 74 67  
  56 75 66 68  
  57 28 36 38  
  58 29 28 23  
  59 20 16 23  
  60 23 16 22  
  61 20 23 28  
  62 23 22 29  
  63 13 20 19  
  64 7 13 10  
  65 11 7 5  
  66 5 7 3  
  67 69 78 72  
  68 69 72 64  
  69 64 72 68  
  70 64 68 58  
  71 69 64 60  
  72 58 68 66  
  73 64 58 60  
  74 77 69 65  
  75 69 60 65  
  76 65 60 56  
  77 56 60 49  
  78 65 56 61  
  79 49 60 58  
  80 56 49 46  
  81 61 56 53  
  82 65 61 70  
  83 9 5 4  
  84 4 5 1  
  85 87 94 90  
  86 89 87 80  
  87 80 87 75  
  88 80 75 68  
  89 17 8 15  
  90 12 17 21  
  91 21 17 24  
  92 24 17 15  
  93 95 98 100  
  94 95 100 94  
  95 71 79 70  
  96 70 79 77  
  97 70 77 65  
  98 27 24 32  
  99 59 57 51  
  100 67 59 66  
  101 66 59 58  
  102 72 83 80  
  103 38 36 44  
  104 38 44 47  
  105 47 44 54  
  106 47 54 55  
  107 38 47 39  
  108 55 54 62  
  109 47 55 45  
  110 55 62 61  
  111 45 55 53  
  112 53 55 61  
  113 45 53 46  
  114 45 46 37  
  115 47 45 39  
  116 39 45 37  
  117 39 37 30  
  118 30 37 31  
  119 39 30 38  
  120 31 37 40  
  121 30 31 19  
  122 37 46 40  
  123 40 46 49  
  124 28 38 30  
  125 19 20 30  
  126 10 13 19  
  127 7 10 3  
  128 31 40 33  
  129 53 56 46  
  130 70 61 71  
  131 15 8 10  
  132 32 24 26  
  133 27 32 41  
  134 51 57 48  
  135 59 50 58  
  136 33 40 42  
  137 31 33 25  
  138 26 24 15  
  139 48 57 52  
  140 48 52 41  
  141 42 40 49  
  142 25 33 26  
  143 32 26 34  
  144 51 48 43  
  145 33 42 35  
  146 31 25 19  
  147 34 26 35  
  148 34 35 43  
  149 43 35 42  
  150 34 43 48  
  151 51 43 50  
  152 50 43 42  
  153 51 50 59  
  154 50 42 49  
  155 50 49 58  
  156 33 35 26  
  157 34 48 41  
  158 34 41 32  
  159 72 80 68  
  160 10 19 18  
  161 18 19 25  
  162 10 18 15  
  163 15 18 26  
  164 25 26 18  
  165 20 28 30  
  166 94 101 99  
  167 71 61 62  
  168 99 90 94  
  169 8 3 10  
  END_ELEMENTS  
  COORDINATES  
   1   5.237288e+00 -3.212419e+00   
   2   4.898305e+00 -2.970389e+00   
   3   5.296188e+00 -2.614029e+00   
   4   5.915254e+00 -3.288971e+00   
   5   5.844111e+00 -2.888820e+00   
   6   4.565617e+00 -2.505051e+00   
   7   5.874518e+00 -2.464034e+00   
   8   4.966673e+00 -2.131454e+00   
   9   6.423729e+00 -3.085763e+00   
   10   5.704171e+00 -2.046847e+00   
   11   6.338884e+00 -2.609401e+00   
   12   4.389831e+00 -2.096940e+00   
   13   6.189237e+00 -2.161073e+00   
   14   6.770405e+00 -2.828283e+00   
   15   5.132408e+00 -1.596970e+00   
   16   6.620070e+00 -2.355429e+00   
   17   4.661766e+00 -1.681288e+00   
   18   5.624249e+00 -1.535542e+00   
   19   6.103749e+00 -1.538796e+00   
   20   6.596787e+00 -1.813646e+00   
   21   4.232516e+00 -1.535354e+00   
   22   7.101695e+00 -2.474714e+00   
   23   6.908204e+00 -2.070899e+00   
   24   4.617237e+00 -1.219096e+00   
   25   5.771995e+00 -1.132473e+00   
   26   5.220351e+00 -9.675949e-01   
   27   4.148615e+00 -1.050505e+00   
   28   7.117522e+00 -1.618686e+00   
   29   7.403926e+00 -2.020202e+00   
   30   6.641941e+00 -1.136992e+00   
   31   6.211940e+00 -8.951007e-01   
   32   4.529509e+00 -7.273527e-01   
   33   5.786754e+00 -6.327934e-01   
   34   4.911688e+00 -4.050045e-01   
   35   5.361874e+00 -3.692570e-01   
   36   7.610169e+00 -1.595424e+00   
   37   6.647895e+00 -6.641133e-01   
   38   7.343423e+00 -1.174524e+00   
   39   6.994118e+00 -8.213640e-01   
   40   6.227188e+00 -3.969837e-01   
   41   4.090074e+00 -4.040404e-01   
   42   5.802585e+00 -1.331471e-01   
   43   5.102505e+00  4.452324e-02   
   44   7.779661e+00 -1.088101e+00   
   45   7.076678e+00 -4.147102e-01   
   46   6.660181e+00 -1.682249e-01   
   47   7.477393e+00 -7.065550e-01   
   48   4.562324e+00  1.341318e-01   
   49   6.177555e+00  1.897044e-01   
   50   5.457538e+00  3.533385e-01   
   51   4.988826e+00  3.948641e-01   
   52   4.083772e+00  2.424242e-01   
   53   7.076336e+00 -1.049571e-02   
   54   7.879991e+00 -5.656566e-01   
   55   7.535656e+00 -2.273997e-01   
   56   6.818048e+00  3.050452e-01   
   57   4.550172e+00  6.338692e-01   
   58   5.772091e+00  6.958848e-01   
   59   5.092807e+00  7.356904e-01   
   60   6.505254e+00  6.720181e-01   
   61   7.358046e+00  3.706780e-01   
   62   7.917490e+00  8.080808e-02   
   63   4.128729e+00  8.888889e-01   
   64   6.140848e+00  1.006921e+00   
   65   6.916341e+00  7.771130e-01   
   66   5.306360e+00  1.167790e+00   
   67   4.695552e+00  1.171612e+00   
   68   5.751382e+00  1.177857e+00   
   69   6.595590e+00  1.158630e+00   
   70   7.387071e+00  9.424020e-01   
   71   7.855381e+00  7.272727e-01   
   72   6.310567e+00  1.455253e+00   
   73   4.220339e+00  1.476441e+00   
   74   5.001175e+00  1.603913e+00   
   75   5.525152e+00  1.621785e+00   
   76   4.567057e+00  1.595233e+00   
   77   7.163752e+00  1.302680e+00   
   78   6.782238e+00  1.615694e+00   
   79   7.743526e+00  1.212121e+00   
   80   5.920007e+00  1.874727e+00   
   81   5.230246e+00  1.989309e+00   
   82   4.734874e+00  2.035550e+00   
   83   6.413560e+00  1.942703e+00   
   84   7.156255e+00  1.715831e+00   
   85   4.363482e+00  2.020202e+00   
   86   7.565240e+00  1.696970e+00   
   87   5.628803e+00  2.227017e+00   
   88   6.856003e+00  2.102949e+00   
   89   6.113669e+00  2.333758e+00   
   90   5.120851e+00  2.488735e+00   
   91   4.559322e+00  2.493052e+00   
   92   6.604943e+00  2.372595e+00   
   93   7.307473e+00  2.181818e+00   
   94   5.790513e+00  2.696419e+00   
   95   6.314504e+00  2.677997e+00   
   96   7.075911e+00  2.505051e+00   
   97   4.773956e+00  2.828283e+00   
   98   6.762712e+00  2.835698e+00   
   99   5.128241e+00  3.151515e+00   
   100   6.300682e+00  3.151515e+00   
   101   5.745763e+00  3.310832e+00   
  END_COORDINATES
  BOUNDARIES, ELEMENT
    1         93     96         1     
    2         97     91         2     
    3         2     1         3     
    4         9     14         4     
    5         12     6         5     
    6         96     98         6     
    7         99     97         11     
    8         29     36         12     
    9         6     2         16     
    10         14     22         17     
    11         86     93         30     
    12         79     86         31     
    13         91     85         32     
    14         85     73         34     
    15         73     63         37     
    16         27     21         41     
    17         63     52         42     
    18         100     101         46     
    19         22     29         62     
    20         4     9         83     
    21         1     4         84     
    22         21     12         90     
    23         98     100         93     
    24         71     79         95     
    25         36     44         103     
    26         44     54         105     
    27         54     62         108     
    28         41     27         133     
    29         52     41         140     
    30         101     99         166     
    31         62     71         167     
  END_BOUNDARIES
  MATERIALS, NUMBER= 1, DEFAULT=1
  END_MATERIALS
  SUBDOMAINS
  END_SUBDOMAINS
  CHARACTERISTICS
  END_CHARACTERISTICS
