  NODES_PER_ELEMENT
   1 9
   2 9
   3 9
   4 9
   5 9
   6 9
   7 9
   8 9
   9 9
   10 9
   11 9
   12 9
   13 9
   14 9
   15 9
   16 9
   17 9
   18 9
   19 9
   20 9
   21 9
   22 9
   23 9
   24 9
   25 9
   26 9
   27 9
   28 9
   29 9
   30 9
   31 9
   32 9
   33 9
   34 9
   35 9
   36 9
   37 9
   38 9
   39 9
   40 9
   41 9
   42 9
   43 9
   44 9
   45 9
   46 9
   47 9
   48 9
   49 9
   50 9
   51 9
   52 9
   53 9
   54 9
   55 9
   56 9
   57 9
   58 9
   59 9
   60 9
   61 9
   62 9
   63 9
   64 9
   65 9
   66 9
   67 9
   68 9
   69 9
   70 9
   71 9
   72 9
   73 9
   74 9
   75 9
   76 9
   77 9
   78 9
   79 9
   80 9
   81 9
   82 9
   83 9
   84 9
   85 9
   86 9
   87 9
   88 9
   89 9
   90 9
   91 9
   92 9
   93 9
   94 9
   95 9
   96 9
   97 9
   98 9
   99 9
   100 9
   101 9
   102 9
   103 9
   104 9
   105 9
   106 9
   107 9
   108 9
   109 9
   110 9
   111 9
   112 9
   113 9
   114 9
   115 9
   116 9
   117 9
   118 9
   119 9
   120 9
   121 9
   122 9
   123 9
   124 9
   125 9
   126 9
   127 9
   128 9
   129 9
   130 9
   131 9
   132 9
   133 9
   134 9
   135 9
   136 9
   137 9
   138 9
   139 9
   140 9
   141 9
   142 9
   143 9
   144 9
   145 9
   146 9
   147 9
   148 9
   149 9
   150 9
   151 9
   152 9
   153 9
   154 9
   155 9
   156 9
   157 9
   158 9
   159 9
   160 9
   161 9
   162 9
   163 9
   164 9
   165 9
   166 9
   167 9
   168 9
   169 9
   170 9
   171 9
   172 9
   173 9
   174 9
   175 9
   176 9
   177 9
   178 9
   179 9
   180 9
   181 9
   182 9
   183 9
   184 9
   185 9
   186 9
   187 9
   188 9
   189 9
   190 9
   191 9
   192 9
   193 9
   194 9
   195 9
   196 9
   197 9
   198 9
   199 9
   200 9
   201 9
   202 9
   203 9
   204 9
   205 9
   206 9
   207 9
   208 9
   209 9
   210 9
   211 9
   212 9
   213 9
   214 9
   215 9
   216 9
   217 9
   218 9
   219 9
   220 9
   221 9
   222 9
   223 9
   224 9
   225 9
   226 9
   227 9
   228 9
   229 9
   230 9
   231 9
   232 9
   233 9
   234 9
   235 9
   236 9
   237 9
   238 9
   239 9
   240 9
   241 9
   242 9
   243 9
   244 9
   245 9
   246 9
   247 9
   248 9
   249 9
   250 9
   251 9
   252 9
   253 9
   254 9
   255 9
   256 9
   257 9
   258 9
   259 9
   260 9
   261 9
   262 9
   263 9
   264 9
   265 9
   266 9
   267 9
   268 9
   269 9
   270 9
   271 9
   272 9
   273 9
   274 9
   275 9
   276 9
   277 9
   278 9
   279 9
   280 9
   281 9
   282 9
   283 9
   284 9
   285 9
   286 9
   287 9
   288 9
   289 9
   290 9
   291 9
   292 9
   293 9
   294 9
   295 9
   296 9
   297 9
   298 9
   299 9
   300 9
   301 9
   302 9
   303 9
   304 9
   305 9
   306 9
   307 9
   308 9
   309 9
   310 9
   311 9
   312 9
   313 9
   314 9
   315 9
   316 9
   317 9
   318 9
   319 9
   320 9
   321 9
   322 9
   323 9
   324 9
   325 9
   326 9
   327 9
   328 9
   329 9
   330 9
   331 9
   332 9
   333 9
   334 9
   335 9
   336 9
   337 9
   338 9
   339 9
   340 9
   341 9
   342 9
   343 9
   344 9
   345 9
   346 9
   347 9
   348 9
   349 9
   350 9
   351 9
   352 9
   353 9
   354 9
   355 9
   356 9
   357 9
   358 9
   359 9
   360 9
   361 9
   362 9
   363 9
   364 9
   365 9
   366 9
   367 9
   368 9
   369 9
   370 9
   371 9
   372 9
   373 9
   374 9
   375 9
   376 9
   377 9
   378 9
   379 9
   380 9
   381 9
   382 9
   383 9
   384 9
   385 9
   386 9
   387 9
   388 9
   389 9
   390 9
   391 9
   392 9
   393 9
   394 9
   395 9
   396 9
   397 9
   398 9
   399 9
   400 9
   401 9
   402 9
   403 9
   404 9
   405 9
   406 9
   407 9
   408 9
   409 9
   410 9
   411 9
   412 9
   413 9
   414 9
   415 9
   416 9
   417 9
   418 9
   419 9
   420 9
   421 9
   422 9
   423 9
   424 9
   425 9
  END_NODES_PER_ELEMENT
  ELEMENTS
  1 1777 1779 1746 1727 1778 1768 1735 1760 1762  
  2 1401 1419 1425 1388 1410 1422 1404 1395 1408  
  3 1373 1401 1388 1356 1387 1395 1370 1362 1376  
  4 1626 1639 1563 1574 1633 1596 1571 1597 1595  
  5 1616 1626 1574 1582 1623 1597 1579 1601 1598  
  6 1620 1616 1582 1584 1618 1601 1583 1605 1604  
  7 1636 1620 1584 1589 1630 1605 1587 1613 1607  
  8 1654 1636 1589 1608 1643 1613 1594 1632 1619  
  9 1678 1654 1608 1645 1668 1632 1628 1662 1648  
  10 1704 1678 1645 1679 1689 1662 1664 1691 1677  
  11 1740 1704 1679 1707 1720 1691 1694 1723 1705  
  12 1763 1740 1707 1755 1752 1723 1728 1761 1745  
  13 1783 1763 1755 1780 1773 1761 1770 1782 1772  
  14 1338 1373 1356 1317 1354 1362 1337 1325 1343  
  15 1282 1338 1317 1269 1306 1325 1292 1276 1301  
  16 1663 1727 1746 1684 1695 1735 1713 1672 1703  
  17 1746 1739 1690 1684 1744 1711 1686 1713 1712  
  18 1739 1730 1697 1690 1736 1715 1693 1711 1714  
  19 1730 1734 1701 1697 1731 1719 1700 1715 1717  
  20 1734 1743 1710 1701 1741 1726 1706 1719 1721  
  21 1743 1753 1725 1710 1748 1742 1718 1726 1729  
  22 1753 1765 1747 1725 1759 1756 1737 1742 1750  
  23 1765 1775 1767 1747 1769 1771 1757 1756 1764  
  24 1775 1785 1780 1767 1781 1784 1774 1771 1776  
  25 1609 1663 1684 1634 1638 1672 1659 1617 1650  
  26 1575 1609 1634 1586 1591 1617 1610 1580 1599  
  27 1543 1575 1586 1551 1559 1580 1568 1548 1561  
  28 1519 1543 1551 1514 1530 1548 1532 1517 1531  
  29 1495 1519 1514 1487 1506 1517 1502 1488 1504  
  30 1474 1495 1487 1457 1484 1488 1472 1466 1479  
  31 1453 1474 1457 1435 1464 1466 1448 1445 1454  
  32 1440 1453 1435 1416 1447 1445 1426 1427 1438  
  33 1425 1440 1416 1403 1429 1427 1413 1415 1423  
  34 1793 1783 1780 1791 1788 1782 1786 1792 1787  
  35 1793 1791 1795 1799 1792 1794 1798 1797 1796  
  36 1785 1795 1791 1780 1790 1794 1786 1784 1789  
  37 1228 1282 1269 1218 1257 1276 1244 1224 1248  
  38 1169 1228 1218 1154 1200 1224 1189 1162 1194  
  39 1087 1169 1154 1075 1132 1162 1116 1081 1125  
  40 998 1087 1075 981 1045 1081 1026 990 1034  
  41 904 998 981 888 952 990 938 895 945  
  42 818 904 888 806 860 895 846 812 852  
  43 744 818 806 732 781 812 767 739 775  
  44 672 744 732 655 708 739 695 662 702  
  45 599 672 655 583 636 662 619 588 628  
  46 511 599 583 492 556 588 535 499 549  
  47 434 511 492 422 469 499 455 427 464  
  48 375 434 422 366 400 427 394 371 397  
  49 326 375 366 310 353 371 336 314 342  
  50 274 326 310 260 296 314 286 269 291  
  51 231 274 260 215 253 269 237 222 247  
  52 185 231 215 169 208 222 192 175 197  
  53 139 185 169 121 161 175 143 127 154  
  54 96 139 121 79 116 127 98 87 107  
  55 63 96 79 50 78 87 64 57 72  
  56 39 63 50 29 52 57 42 35 45  
  57 9 39 29 17 19 35 25 12 21  
  58 1 9 17 10 3 12 13 4 7  
  59 6 1 10 15 2 4 11 8 5  
  60 23 6 15 34 14 8 24 28 16  
  61 54 23 34 62 37 28 47 56 41  
  62 95 54 62 103 74 56 82 99 76  
  63 151 95 103 156 122 99 131 152 123  
  64 203 151 156 199 177 152 178 200 176  
  65 243 203 199 240 223 200 219 239 220  
  66 284 243 240 279 263 239 258 281 259  
  67 328 284 279 322 306 281 300 324 303  
  68 372 328 322 368 349 324 343 370 346  
  69 419 372 368 413 395 370 391 416 393  
  70 474 419 413 465 446 416 435 466 442  
  71 551 474 465 530 508 466 495 538 500  
  72 612 551 530 595 582 538 564 605 573  
  73 670 612 595 649 640 605 624 656 633  
  74 728 670 649 704 697 656 676 714 686  
  75 772 728 704 752 750 714 727 760 738  
  76 816 772 752 795 793 760 773 808 783  
  77 871 816 795 845 844 808 817 857 831  
  78 931 871 845 896 898 857 868 915 886  
  79 984 931 896 950 959 915 926 971 941  
  80 1036 984 950 1001 1013 971 978 1020 992  
  81 1093 1036 1001 1051 1063 1020 1025 1071 1046  
  82 1146 1093 1051 1100 1120 1071 1077 1123 1099  
  83 1187 1146 1100 1142 1165 1123 1122 1164 1145  
  84 1227 1187 1142 1182 1205 1164 1160 1203 1185  
  85 1264 1227 1182 1220 1246 1203 1198 1241 1225  
  86 1297 1264 1220 1250 1280 1241 1232 1272 1259  
  87 1333 1297 1250 1279 1314 1272 1263 1304 1285  
  88 1374 1333 1279 1315 1353 1304 1298 1342 1322  
  89 1432 1374 1315 1352 1402 1342 1334 1390 1366  
  90 1461 1432 1352 1393 1450 1390 1371 1431 1412  
  91 1491 1461 1393 1443 1477 1431 1420 1468 1452  
  92 1527 1491 1443 1481 1508 1468 1460 1503 1485  
  93 1563 1527 1481 1510 1541 1503 1497 1536 1521  
  94 1388 1425 1403 1377 1404 1415 1392 1383 1399  
  95 1356 1388 1377 1345 1370 1383 1360 1350 1368  
  96 1403 1416 1382 1377 1413 1400 1381 1392 1396  
  97 1416 1435 1397 1382 1426 1418 1391 1400 1409  
  98 1435 1457 1433 1397 1448 1446 1417 1418 1430  
  99 1457 1487 1475 1433 1472 1482 1455 1446 1462  
  100 1487 1514 1512 1475 1502 1513 1493 1482 1500  
  101 1514 1551 1557 1512 1532 1554 1534 1513 1533  
  102 1551 1586 1603 1557 1568 1592 1578 1554 1573  
  103 1586 1634 1649 1603 1610 1640 1624 1592 1614  
  104 1634 1684 1690 1649 1659 1686 1670 1640 1667  
  105 1574 1563 1510 1535 1571 1536 1525 1556 1545  
  106 1582 1574 1535 1555 1579 1556 1544 1569 1560  
  107 1584 1582 1555 1547 1583 1569 1552 1562 1567  
  108 1317 1356 1345 1308 1337 1350 1326 1312 1330  
  109 1767 1780 1755 1751 1774 1770 1754 1758 1766  
  110 1747 1767 1751 1724 1757 1758 1738 1733 1749  
  111 1725 1747 1724 1698 1737 1733 1708 1709 1722  
  112 1710 1725 1698 1682 1718 1709 1688 1696 1702  
  113 1701 1710 1682 1673 1706 1696 1676 1687 1692  
  114 1697 1701 1673 1660 1700 1687 1669 1680 1683  
  115 1690 1697 1660 1649 1693 1680 1655 1670 1674  
  116 1755 1707 1724 1751 1728 1716 1738 1754 1732  
  117 1589 1584 1547 1540 1587 1562 1542 1565 1564  
  118 1608 1589 1540 1550 1594 1565 1546 1577 1572  
  119 1645 1608 1550 1606 1628 1577 1576 1625 1600  
  120 1679 1645 1606 1651 1664 1625 1631 1666 1647  
  121 1269 1317 1308 1267 1292 1312 1287 1268 1291  
  122 1218 1269 1267 1209 1244 1268 1239 1215 1240  
  123 1154 1218 1209 1147 1189 1215 1180 1150 1184  
  124 1075 1154 1147 1058 1116 1150 1105 1066 1109  
  125 981 1075 1058 973 1026 1066 1014 977 1021  
  126 888 981 973 877 938 977 925 882 930  
  127 806 888 877 792 846 882 836 801 838  
  128 732 806 792 720 767 801 758 726 763  
  129 655 732 720 647 695 726 680 650 687  
  130 583 655 647 569 619 650 610 575 614  
  131 492 583 569 482 535 575 523 488 528  
  132 422 492 482 414 455 488 445 418 450  
  133 366 422 414 356 394 418 380 357 389  
  134 310 366 356 297 336 357 329 305 334  
  135 260 310 297 251 286 305 273 255 277  
  136 215 260 251 206 237 255 228 211 233  
  137 169 215 206 160 192 211 183 164 188  
  138 121 169 160 110 143 164 137 115 140  
  139 79 121 110 69 98 115 89 75 92  
  140 29 50 38 17 42 43 27 25 30  
  141 50 79 69 38 64 75 53 43 60  
  142 10 17 38 31 13 27 33 18 22  
  143 15 10 31 40 11 18 36 26 20  
  144 34 15 40 58 24 26 46 44 32  
  145 62 34 58 81 47 44 68 73 59  
  146 103 62 81 119 82 73 100 112 90  
  147 156 103 119 162 131 112 142 158 136  
  148 199 156 162 204 178 158 184 202 180  
  149 240 199 204 244 219 202 225 241 221  
  150 279 240 244 280 258 241 261 278 257  
  151 322 279 280 319 300 278 299 318 298  
  152 368 322 319 364 343 318 338 365 339  
  153 413 368 364 404 391 365 384 409 386  
  154 465 413 404 456 435 409 430 461 433  
  155 530 465 456 521 495 461 486 524 491  
  156 595 530 521 584 564 524 554 587 558  
  157 649 595 584 637 624 587 611 642 615  
  158 704 649 637 685 676 642 659 693 668  
  159 752 704 685 731 727 693 705 741 719  
  160 795 752 731 776 773 741 754 784 764  
  161 845 795 776 819 817 784 799 834 809  
  162 896 845 819 865 868 834 841 881 856  
  163 950 896 865 917 926 881 892 933 905  
  164 1001 950 917 965 978 933 940 982 958  
  165 1051 1001 965 1010 1025 982 985 1028 1006  
  166 1100 1051 1010 1050 1077 1028 1027 1074 1052  
  167 1142 1100 1050 1089 1122 1074 1070 1117 1096  
  168 1182 1142 1089 1133 1160 1117 1110 1157 1137  
  169 1220 1182 1133 1171 1198 1157 1152 1196 1175  
  170 1250 1220 1171 1206 1232 1196 1190 1230 1208  
  171 1279 1250 1206 1237 1263 1230 1223 1261 1243  
  172 1315 1279 1237 1265 1298 1261 1253 1288 1274  
  173 1352 1315 1265 1299 1334 1288 1281 1324 1305  
  174 1393 1352 1299 1336 1371 1324 1316 1359 1341  
  175 1443 1393 1336 1375 1420 1359 1357 1411 1384  
  176 1481 1443 1375 1436 1460 1411 1406 1459 1439  
  177 1510 1481 1436 1478 1497 1459 1458 1494 1476  
  178 1377 1382 1347 1345 1381 1364 1346 1360 1361  
  179 1535 1510 1478 1511 1525 1494 1496 1526 1509  
  180 1535 1511 1547 1555 1526 1529 1552 1544 1537  
  181 1698 1724 1707 1658 1708 1716 1685 1681 1699  
  182 1707 1679 1651 1658 1694 1666 1656 1685 1675  
  183 1540 1547 1511 1498 1542 1529 1505 1520 1524  
  184 1651 1606 1590 1658 1631 1593 1627 1656 1629  
  185 1682 1698 1658 1642 1688 1681 1653 1665 1671  
  186 1673 1682 1642 1646 1676 1665 1644 1657 1661  
  187 1660 1673 1646 1621 1669 1657 1637 1641 1652  
  188 1603 1649 1660 1621 1624 1655 1641 1611 1635  
  189 1557 1603 1621 1581 1578 1611 1602 1570 1588  
  190 1512 1557 1581 1522 1534 1570 1549 1516 1539  
  191 1475 1512 1522 1467 1493 1516 1490 1470 1492  
  192 1433 1475 1467 1380 1455 1470 1428 1405 1444  
  193 1397 1433 1380 1349 1417 1405 1365 1372 1389  
  194 1382 1397 1349 1347 1391 1372 1348 1364 1369  
  195 31 38 69 65 33 53 66 48 49  
  196 40 31 65 71 36 48 67 55 51  
  197 58 40 71 83 46 55 77 70 61  
  198 81 58 83 101 68 70 94 93 80  
  199 119 81 101 138 100 93 118 125 109  
  200 162 119 138 171 142 125 155 166 146  
  201 204 162 171 210 184 166 190 207 187  
  202 244 204 210 249 225 207 229 245 227  
  203 280 244 249 285 261 245 267 282 264  
  204 319 280 285 323 299 282 304 320 302  
  205 364 319 323 361 338 320 340 360 337  
  206 404 364 361 402 384 360 383 401 382  
  207 456 404 402 451 430 401 425 454 428  
  208 521 456 451 510 486 454 481 517 485  
  209 584 521 510 574 554 517 542 581 548  
  210 637 584 574 626 611 581 601 632 608  
  211 685 637 626 671 659 632 648 678 654  
  212 731 685 671 716 705 678 692 723 701  
  213 776 731 716 757 754 723 737 766 743  
  214 819 776 757 802 799 766 779 810 787  
  215 865 819 802 843 841 810 820 855 832  
  216 917 865 843 889 892 855 861 900 879  
  217 965 917 889 932 940 900 911 947 928  
  218 1010 965 932 969 985 947 949 986 972  
  219 1050 1010 969 1002 1027 986 983 1024 1007  
  220 1089 1050 1002 1035 1070 1024 1019 1062 1044  
  221 1133 1089 1035 1079 1110 1062 1057 1106 1083  
  222 1171 1133 1079 1124 1152 1106 1104 1149 1127  
  223 1206 1171 1124 1161 1190 1149 1144 1186 1166  
  224 1237 1206 1161 1197 1223 1186 1181 1219 1201  
  225 1265 1237 1197 1229 1253 1219 1210 1247 1231  
  226 1299 1265 1229 1260 1281 1247 1242 1278 1262  
  227 1336 1299 1260 1290 1316 1278 1273 1309 1295  
  228 1375 1336 1290 1332 1357 1309 1307 1355 1331  
  229 1436 1375 1332 1385 1406 1355 1358 1414 1378  
  230 1478 1436 1385 1451 1458 1414 1421 1463 1442  
  231 69 110 105 65 89 106 84 66 85  
  232 110 160 153 105 137 157 129 106 132  
  233 160 206 195 153 183 198 174 157 179  
  234 206 251 242 195 228 248 218 198 224  
  235 251 297 292 242 273 295 268 248 271  
  236 297 356 350 292 329 354 317 295 321  
  237 356 414 405 350 380 411 374 354 377  
  238 414 482 473 405 445 477 439 411 443  
  239 482 569 557 473 523 562 513 477 519  
  240 569 647 635 557 610 639 598 562 602  
  241 647 720 713 635 680 715 673 639 677  
  242 720 792 788 713 758 789 751 715 753  
  243 792 877 866 788 836 869 826 789 829  
  244 877 973 960 866 925 964 914 869 919  
  245 973 1058 1054 960 1014 1055 1008 964 1012  
  246 1058 1147 1138 1054 1105 1140 1098 1055 1102  
  247 1147 1209 1214 1138 1180 1211 1177 1140 1179  
  248 1209 1267 1284 1214 1239 1277 1249 1211 1245  
  249 1267 1308 1313 1284 1287 1311 1300 1277 1296  
  250 1313 1347 1349 1284 1328 1348 1318 1300 1321  
  251 1308 1345 1347 1313 1326 1346 1328 1311 1327  
  252 1606 1550 1528 1590 1576 1538 1558 1593 1566  
  253 1550 1540 1498 1486 1546 1520 1489 1515 1518  
  254 1511 1478 1451 1498 1496 1463 1473 1505 1483  
  255 1646 1642 1581 1621 1644 1612 1602 1637 1622  
  256 1642 1658 1590 1581 1653 1627 1585 1612 1615  
  257 1550 1486 1471 1528 1515 1480 1501 1538 1507  
  258 1590 1528 1522 1581 1558 1523 1549 1585 1553  
  259 1522 1528 1471 1467 1523 1501 1469 1490 1499  
  260 1380 1467 1471 1394 1428 1469 1441 1386 1434  
  261 1349 1380 1294 1284 1365 1335 1286 1318 1323  
  262 71 65 105 108 67 84 104 88 86  
  263 83 71 108 114 77 88 111 97 91  
  264 101 83 114 120 94 97 117 113 102  
  265 138 101 120 144 118 113 135 141 124  
  266 171 138 144 181 155 141 163 173 159  
  267 1486 1498 1451 1424 1489 1473 1437 1456 1465  
  268 1471 1486 1424 1394 1480 1456 1407 1441 1449  
  269 1451 1385 1344 1424 1421 1363 1379 1437 1398  
  270 1385 1332 1293 1344 1358 1310 1320 1363 1339  
  271 1332 1290 1254 1293 1307 1270 1271 1310 1289  
  272 1290 1260 1222 1254 1273 1238 1236 1270 1256  
  273 1260 1229 1191 1222 1242 1207 1204 1238 1226  
  274 1229 1197 1155 1191 1210 1176 1172 1207 1193  
  275 1197 1161 1115 1155 1181 1139 1136 1176 1159  
  276 1161 1124 1069 1115 1144 1097 1091 1139 1119  
  277 1124 1079 1023 1069 1104 1053 1047 1097 1076  
  278 1079 1035 980 1023 1057 1011 1003 1053 1029  
  279 1035 1002 948 980 1019 976 968 1011 991  
  280 1002 969 927 948 983 946 939 976 961  
  281 969 932 907 927 949 924 918 946 934  
  282 932 889 873 907 911 883 893 924 899  
  283 889 843 827 873 861 837 850 883 858  
  284 843 802 782 827 820 790 805 837 813  
  285 802 757 742 782 779 749 762 790 770  
  286 757 716 703 742 737 707 722 749 729  
  287 716 671 663 703 692 666 684 707 689  
  288 671 626 616 663 648 622 641 666 646  
  289 626 574 567 616 601 571 592 622 597  
  290 574 510 506 567 542 507 537 571 540  
  291 510 451 453 506 481 452 480 507 479  
  292 451 402 407 453 425 403 429 452 426  
  293 402 361 362 407 383 359 385 403 381  
  294 361 323 327 362 340 325 344 359 341  
  295 323 285 288 327 304 287 308 325 307  
  296 285 249 254 288 267 250 272 287 270  
  297 210 171 181 216 190 173 196 212 194  
  298 249 210 216 254 229 212 234 250 232  
  299 105 153 149 108 129 150 128 104 126  
  300 1214 1284 1294 1213 1249 1286 1252 1212 1251  
  301 153 195 191 149 174 193 170 150 172  
  302 195 242 235 191 218 236 213 193 214  
  303 242 292 290 235 268 289 262 236 265  
  304 292 350 355 290 317 351 316 289 315  
  305 350 405 408 355 374 406 378 351 376  
  306 405 473 467 408 439 468 437 406 436  
  307 473 557 544 467 513 552 504 468 505  
  308 557 635 621 544 598 627 585 552 589  
  309 635 713 709 621 673 710 664 627 667  
  310 713 788 786 709 751 785 748 710 746  
  311 788 866 862 786 826 864 823 785 822  
  312 866 960 955 862 914 957 910 864 912  
  313 960 1054 1041 955 1008 1048 999 957 1004  
  314 1054 1138 1129 1041 1098 1134 1085 1048 1090  
  315 1138 1214 1213 1129 1177 1212 1173 1134 1174  
  316 114 108 149 148 111 128 147 133 130  
  317 120 114 148 144 117 133 145 135 134  
  318 181 144 148 186 163 145 167 182 165  
  319 148 149 191 186 147 170 189 167 168  
  320 1294 1380 1394 1319 1335 1386 1351 1303 1340  
  321 1394 1424 1344 1319 1407 1379 1329 1351 1367  
  322 1344 1293 1258 1319 1320 1275 1283 1329 1302  
  323 1294 1319 1258 1213 1303 1283 1234 1252 1266  
  324 1293 1254 1217 1258 1271 1233 1235 1275 1255  
  325 1254 1222 1183 1217 1236 1202 1199 1233 1221  
  326 1222 1191 1151 1183 1204 1168 1167 1202 1188  
  327 1191 1155 1111 1151 1172 1135 1130 1168 1153  
  328 1155 1115 1064 1111 1136 1088 1086 1135 1114  
  329 1115 1069 1015 1064 1091 1040 1039 1088 1065  
  330 1069 1023 966 1015 1047 994 988 1040 1018  
  331 1023 980 921 966 1003 951 943 994 974  
  332 980 948 891 921 968 920 902 951 937  
  333 948 927 875 891 939 897 884 920 909  
  334 907 873 875 927 893 874 897 918 894  
  335 873 827 821 875 850 824 847 874 849  
  336 827 782 774 821 805 778 800 824 803  
  337 782 742 724 774 762 734 747 778 756  
  338 742 703 698 724 722 700 712 734 717  
  339 703 663 669 698 684 665 682 700 683  
  340 663 616 620 669 641 617 645 665 643  
  341 616 567 570 620 592 568 596 617 594  
  342 567 506 515 570 537 509 541 568 539  
  343 506 453 463 515 480 457 489 509 484  
  344 453 407 417 463 429 412 438 457 432  
  345 407 362 367 417 385 363 392 412 387  
  346 362 327 332 367 344 330 348 363 345  
  347 327 288 301 332 308 294 313 330 311  
  348 288 254 266 301 272 256 283 294 276  
  349 216 181 186 226 196 182 205 217 201  
  350 186 191 235 226 189 213 230 205 209  
  351 254 216 226 266 234 217 246 256 238  
  352 226 235 290 266 230 262 275 246 252  
  353 467 544 527 475 504 533 497 472 501  
  354 408 467 475 421 437 472 448 415 444  
  355 355 408 421 373 378 415 396 358 390  
  356 290 355 373 331 316 358 352 309 335  
  357 266 290 331 301 275 309 312 283 293  
  358 332 301 331 367 313 312 347 348 333  
  359 709 786 796 725 748 791 759 718 755  
  360 786 862 872 796 823 867 835 791 828  
  361 862 955 956 872 910 954 916 867 913  
  362 955 1041 1033 956 999 1038 995 954 996  
  363 1041 1129 1108 1033 1085 1121 1073 1038 1080  
  364 1129 1213 1170 1108 1173 1192 1143 1121 1158  
  365 1170 1213 1258 1217 1192 1234 1235 1195 1216  
  366 1170 1217 1183 1141 1195 1199 1163 1156 1178  
  367 1108 1170 1141 1092 1143 1156 1118 1103 1128  
  368 621 709 725 652 664 718 688 638 675  
  369 544 621 561 527 585 591 543 533 565  
  370 1183 1151 1113 1141 1167 1131 1126 1163 1148  
  371 1151 1111 1072 1113 1130 1094 1095 1131 1112  
  372 1111 1064 1022 1072 1086 1043 1049 1094 1068  
  373 1064 1015 967 1022 1039 989 993 1043 1017  
  374 1015 966 903 967 988 936 935 989 963  
  375 966 921 853 903 943 887 878 936 908  
  376 331 373 398 367 352 388 379 347 369  
  377 921 891 830 853 902 859 839 887 870  
  378 891 875 821 830 884 847 825 859 854  
  379 821 774 765 830 800 768 798 825 797  
  380 774 724 694 765 747 706 730 768 740  
  381 724 698 669 694 712 682 679 706 696  
  382 669 620 631 694 645 625 660 679 653  
  383 620 570 576 631 596 572 607 625 600  
  384 570 515 526 576 541 520 553 572 546  
  385 515 463 483 526 489 471 502 520 493  
  386 463 417 441 483 438 424 460 471 449  
  387 417 367 398 441 392 379 420 424 399  
  388 373 421 447 398 396 431 423 388 410  
  389 475 527 561 498 497 543 529 490 516  
  390 421 475 498 447 448 490 470 431 459  
  391 1033 1108 1092 1031 1073 1103 1060 1032 1067  
  392 956 1033 1031 970 995 1032 1000 962 997  
  393 872 956 970 890 916 962 929 880 923  
  394 796 872 890 815 835 880 851 807 840  
  395 725 796 815 745 759 807 780 735 769  
  396 1092 1141 1113 1082 1118 1126 1101 1084 1107  
  397 1113 1072 1042 1082 1095 1056 1061 1101 1078  
  398 1031 1092 1082 1042 1060 1084 1061 1037 1059  
  399 1072 1022 987 1042 1049 1005 1016 1056 1030  
  400 441 398 447 478 420 423 462 458 440  
  401 1031 1042 987 970 1037 1016 979 1000 1009  
  402 483 441 478 512 460 458 494 496 476  
  403 526 483 512 536 502 496 525 531 514  
  404 576 526 536 580 553 531 559 578 555  
  405 631 576 580 629 607 578 606 630 604  
  406 694 631 629 691 660 630 657 690 658  
  407 765 694 691 777 730 690 736 771 733  
  408 830 765 777 853 798 771 814 839 804  
  409 890 970 987 922 929 979 953 901 942  
  410 987 1022 967 922 1005 993 944 953 975  
  411 725 745 674 652 735 711 661 688 699  
  412 621 652 590 561 638 623 579 591 609  
  413 815 890 922 848 851 901 885 833 863  
  414 922 967 903 848 944 935 876 885 906  
  415 903 853 777 848 878 814 811 876 842  
  416 815 848 777 745 833 811 761 780 794  
  417 745 777 691 674 761 736 681 711 721  
  418 447 498 532 478 470 518 503 462 487  
  419 498 561 590 532 529 579 563 518 547  
  420 512 478 532 560 494 503 545 534 522  
  421 580 536 512 560 559 525 534 566 550  
  422 629 580 560 613 606 566 586 618 593  
  423 590 613 560 532 603 586 545 563 577  
  424 691 629 613 674 657 618 644 681 651  
  425 674 613 590 652 644 603 623 661 634  
  END_ELEMENTS  
  COORDINATES  
   1   4.935400e+00  4.719600e+00   
   2   5.071733e+00  4.688733e+00   
   3   4.782700e+00  4.623975e+00   
   4   4.945348e+00  4.534863e+00   
   5   5.076926e+00  4.515920e+00   
   6   5.208067e+00  4.657867e+00   
   7   4.806189e+00  4.470606e+00   
   8   5.208505e+00  4.496977e+00   
   9   4.630000e+00  4.528350e+00   
   10   4.955295e+00  4.350126e+00   
   11   5.082119e+00  4.343106e+00   
   12   4.667030e+00  4.406349e+00   
   13   4.829677e+00  4.317237e+00   
   14   5.344400e+00  4.627000e+00   
   15   5.208943e+00  4.336086e+00   
   16   5.339209e+00  4.468885e+00   
   17   4.704060e+00  4.284348e+00   
   18   4.959948e+00  4.202597e+00   
   19   4.477300e+00  4.432725e+00   
   20   5.083469e+00  4.196552e+00   
   21   4.541170e+00  4.342098e+00   
   22   4.836694e+00  4.182298e+00   
   23   5.480733e+00  4.596133e+00   
   24   5.334018e+00  4.310769e+00   
   25   4.605039e+00  4.251472e+00   
   26   5.206990e+00  4.190507e+00   
   27   4.713440e+00  4.161998e+00   
   28   5.469913e+00  4.440793e+00   
   29   4.506019e+00  4.218595e+00   
   30   4.605574e+00  4.144233e+00   
   31   4.964602e+00  4.055068e+00   
   32   5.326464e+00  4.168256e+00   
   33   4.843711e+00  4.047358e+00   
   34   5.459094e+00  4.285452e+00   
   35   4.415310e+00  4.277848e+00   
   36   5.084819e+00  4.049998e+00   
   37   5.617067e+00  4.565267e+00   
   38   4.722819e+00  4.039649e+00   
   39   4.324600e+00  4.337100e+00   
   40   5.205037e+00  4.044927e+00   
   41   5.598184e+00  4.404305e+00   
   42   4.497708e+00  4.126467e+00   
   43   4.606108e+00  4.036993e+00   
   44   5.445937e+00  4.146005e+00   
   45   4.394546e+00  4.169125e+00   
   46   5.318909e+00  4.025743e+00   
   47   5.579302e+00  4.243343e+00   
   48   4.967441e+00  3.918866e+00   
   49   4.844288e+00  3.914277e+00   
   50   4.489397e+00  4.034338e+00   
   51   5.085705e+00  3.915914e+00   
   52   4.291384e+00  4.211783e+00   
   53   4.721136e+00  3.909687e+00   
   54   5.753400e+00  4.534400e+00   
   55   5.203970e+00  3.912962e+00   
   56   5.726455e+00  4.367817e+00   
   57   4.373782e+00  4.060402e+00   
   58   5.432781e+00  4.006558e+00   
   59   5.559750e+00  4.106375e+00   
   60   4.598029e+00  3.911452e+00   
   61   5.313378e+00  3.899369e+00   
   62   5.699509e+00  4.201234e+00   
   63   4.258167e+00  4.086467e+00   
   64   4.474923e+00  3.913217e+00   
   65   4.970279e+00  3.782664e+00   
   66   4.844866e+00  3.781195e+00   
   67   5.086591e+00  3.781830e+00   
   68   5.540199e+00  3.969408e+00   
   69   4.719452e+00  3.779726e+00   
   70   5.422787e+00  3.885776e+00   
   71   5.202903e+00  3.780997e+00   
   72   4.349937e+00  3.937183e+00   
   73   5.673563e+00  4.066746e+00   
   74   5.886567e+00  4.432933e+00   
   75   4.589950e+00  3.785911e+00   
   76   5.852642e+00  4.279981e+00   
   77   5.307848e+00  3.772996e+00   
   78   4.224950e+00  3.961150e+00   
   79   4.460449e+00  3.792095e+00   
   80   5.521662e+00  3.855652e+00   
   81   5.647617e+00  3.932259e+00   
   82   5.818718e+00  4.127029e+00   
   83   5.412793e+00  3.764995e+00   
   84   4.973041e+00  3.647841e+00   
   85   4.844318e+00  3.645631e+00   
   86   5.089851e+00  3.652894e+00   
   87   4.326091e+00  3.813964e+00   
   88   5.206660e+00  3.657947e+00   
   89   4.715594e+00  3.643421e+00   
   90   5.783689e+00  3.998895e+00   
   91   5.310099e+00  3.659331e+00   
   92   4.581019e+00  3.650566e+00   
   93   5.620537e+00  3.825529e+00   
   94   5.503125e+00  3.741897e+00   
   95   6.019733e+00  4.331467e+00   
   96   4.191733e+00  3.835833e+00   
   97   5.413538e+00  3.660716e+00   
   98   4.446444e+00  3.657712e+00   
   99   5.978830e+00  4.192145e+00   
   100   5.748661e+00  3.870761e+00   
   101   5.593457e+00  3.718798e+00   
   102   5.492213e+00  3.654013e+00   
   103   5.937927e+00  4.052824e+00   
   104   5.093110e+00  3.523958e+00   
   105   4.975803e+00  3.513018e+00   
   106   4.843770e+00  3.510067e+00   
   107   4.302480e+00  3.684114e+00   
   108   5.210416e+00  3.534897e+00   
   109   5.710304e+00  3.767015e+00   
   110   4.711736e+00  3.507116e+00   
   111   5.312349e+00  3.545667e+00   
   112   5.893816e+00  3.931044e+00   
   113   5.570888e+00  3.647309e+00   
   114   5.414282e+00  3.556438e+00   
   115   4.572088e+00  3.515222e+00   
   116   4.158517e+00  3.710517e+00   
   117   5.481300e+00  3.566128e+00   
   118   5.671947e+00  3.663269e+00   
   119   5.849704e+00  3.809263e+00   
   120   5.548319e+00  3.575819e+00   
   121   4.432440e+00  3.523328e+00   
   122   6.152900e+00  4.230000e+00   
   123   6.103488e+00  4.098666e+00   
   124   5.630450e+00  3.589870e+00   
   125   5.800071e+00  3.708501e+00   
   126   5.107351e+00  3.394305e+00   
   127   4.278870e+00  3.554264e+00   
   128   5.229546e+00  3.412016e+00   
   129   4.985155e+00  3.376594e+00   
   130   5.334427e+00  3.435249e+00   
   131   6.054077e+00  3.967331e+00   
   132   4.850324e+00  3.368174e+00   
   133   5.439308e+00  3.458482e+00   
   134   5.514131e+00  3.487476e+00   
   135   5.588954e+00  3.516471e+00   
   136   6.002005e+00  3.849289e+00   
   137   4.715493e+00  3.359753e+00   
   138   5.750437e+00  3.607739e+00   
   139   4.125300e+00  3.585200e+00   
   140   4.571836e+00  3.365674e+00   
   141   5.690013e+00  3.532431e+00   
   142   5.949933e+00  3.731247e+00   
   143   4.428179e+00  3.371595e+00   
   144   5.629589e+00  3.457123e+00   
   145   5.546962e+00  3.408824e+00   
   146   5.891037e+00  3.631169e+00   
   147   5.356505e+00  3.324831e+00   
   148   5.464335e+00  3.360526e+00   
   149   5.248676e+00  3.289136e+00   
   150   5.121592e+00  3.264653e+00   
   151   6.286067e+00  4.128533e+00   
   152   6.228146e+00  4.005186e+00   
   153   4.994508e+00  3.240170e+00   
   154   4.275073e+00  3.393956e+00   
   155   5.832142e+00  3.531091e+00   
   156   6.170226e+00  3.881838e+00   
   157   4.856879e+00  3.226281e+00   
   158   6.110194e+00  3.767534e+00   
   159   5.762284e+00  3.450928e+00   
   160   4.719250e+00  3.212391e+00   
   161   4.121967e+00  3.416317e+00   
   162   6.050161e+00  3.653230e+00   
   163   5.692427e+00  3.370765e+00   
   164   4.571585e+00  3.216127e+00   
   165   5.600219e+00  3.312572e+00   
   166   5.982004e+00  3.553836e+00   
   167   5.508012e+00  3.254380e+00   
   168   5.393482e+00  3.207386e+00   
   169   4.423919e+00  3.219863e+00   
   170   5.278952e+00  3.160393e+00   
   171   5.913846e+00  3.454443e+00   
   172   5.144834e+00  3.129628e+00   
   173   5.834556e+00  3.369425e+00   
   174   5.010717e+00  3.098863e+00   
   175   4.271276e+00  3.233648e+00   
   176   6.352288e+00  3.908495e+00   
   177   6.419233e+00  4.027067e+00   
   178   6.285342e+00  3.789924e+00   
   179   4.867819e+00  3.080477e+00   
   180   6.218481e+00  3.678177e+00   
   181   5.755265e+00  3.284407e+00   
   182   5.653477e+00  3.216320e+00   
   183   4.724921e+00  3.062090e+00   
   184   6.151621e+00  3.566430e+00   
   185   4.118633e+00  3.247433e+00   
   186   5.551688e+00  3.148233e+00   
   187   6.077171e+00  3.466460e+00   
   188   4.574778e+00  3.060086e+00   
   189   5.430458e+00  3.089942e+00   
   190   6.002721e+00  3.366489e+00   
   191   5.309229e+00  3.031650e+00   
   192   4.424636e+00  3.058081e+00   
   193   5.168077e+00  2.994603e+00   
   194   5.916295e+00  3.277593e+00   
   195   5.026926e+00  2.957556e+00   
   196   5.829869e+00  3.188697e+00   
   197   4.269968e+00  3.068316e+00   
   198   4.878759e+00  2.934673e+00   
   199   6.400458e+00  3.698010e+00   
   200   6.476429e+00  3.811805e+00   
   201   5.722337e+00  3.110494e+00   
   202   6.326769e+00  3.588820e+00   
   203   6.552400e+00  3.925600e+00   
   204   6.253080e+00  3.479631e+00   
   205   5.614806e+00  3.032291e+00   
   206   4.730591e+00  2.911789e+00   
   207   6.172338e+00  3.379083e+00   
   208   4.115300e+00  3.078550e+00   
   209   5.485075e+00  2.961098e+00   
   210   6.091596e+00  3.278536e+00   
   211   4.577972e+00  2.904044e+00   
   212   5.998034e+00  3.185761e+00   
   213   5.355345e+00  2.889905e+00   
   214   5.202729e+00  2.847889e+00   
   215   4.425353e+00  2.896300e+00   
   216   5.904472e+00  3.092986e+00   
   217   5.791198e+00  3.004668e+00   
   218   5.050114e+00  2.805873e+00   
   219   6.507211e+00  3.606016e+00   
   220   6.582874e+00  3.719183e+00   
   221   6.430439e+00  3.497763e+00   
   222   4.268660e+00  2.902983e+00   
   223   6.658538e+00  3.832350e+00   
   224   4.894694e+00  2.780626e+00   
   225   6.353666e+00  3.389510e+00   
   226   5.677923e+00  2.916350e+00   
   227   6.269421e+00  3.288678e+00   
   228   4.739275e+00  2.755379e+00   
   229   6.185176e+00  3.187846e+00   
   230   5.539692e+00  2.832255e+00   
   231   4.111967e+00  2.909667e+00   
   232   6.088932e+00  3.092106e+00   
   233   4.582690e+00  2.745038e+00   
   234   5.992688e+00  2.996367e+00   
   235   5.401460e+00  2.748160e+00   
   236   5.237381e+00  2.701174e+00   
   237   4.426106e+00  2.734696e+00   
   238   5.877897e+00  2.898497e+00   
   239   6.689319e+00  3.626561e+00   
   240   6.613964e+00  3.514021e+00   
   241   6.534108e+00  3.406705e+00   
   242   5.073302e+00  2.654189e+00   
   243   6.764675e+00  3.739100e+00   
   244   6.454253e+00  3.299389e+00   
   245   6.366504e+00  3.198272e+00   
   246   5.763105e+00  2.800628e+00   
   247   4.267370e+00  2.737740e+00   
   248   4.910630e+00  2.626579e+00   
   249   6.278756e+00  3.097155e+00   
   250   6.179830e+00  2.998451e+00   
   251   4.747958e+00  2.598969e+00   
   252   5.618246e+00  2.686860e+00   
   253   4.108633e+00  2.740783e+00   
   254   6.080904e+00  2.899747e+00   
   255   4.587409e+00  2.586031e+00   
   256   5.964595e+00  2.792327e+00   
   257   6.630904e+00  3.316679e+00   
   258   6.713887e+00  3.422932e+00   
   259   6.792350e+00  3.534391e+00   
   260   4.426860e+00  2.573093e+00   
   261   6.547921e+00  3.210427e+00   
   262   5.473387e+00  2.573093e+00   
   263   6.870813e+00  3.645850e+00   
   264   6.460965e+00  3.109243e+00   
   265   5.284234e+00  2.528111e+00   
   266   5.848287e+00  2.684906e+00   
   267   6.374009e+00  3.008058e+00   
   268   5.095082e+00  2.483129e+00   
   269   4.266080e+00  2.572496e+00   
   270   6.274653e+00  2.911210e+00   
   271   4.924782e+00  2.457401e+00   
   272   6.175297e+00  2.814362e+00   
   273   4.754483e+00  2.431672e+00   
   274   4.105300e+00  2.571900e+00   
   275   5.696801e+00  2.541465e+00   
   276   6.069434e+00  2.709950e+00   
   277   4.591239e+00  2.419892e+00   
   278   6.727700e+00  3.226653e+00   
   279   6.813809e+00  3.331842e+00   
   280   6.641590e+00  3.121465e+00   
   281   6.895380e+00  3.442221e+00   
   282   6.555426e+00  3.020213e+00   
   283   5.963571e+00  2.605538e+00   
   284   6.976950e+00  3.552600e+00   
   285   6.469262e+00  2.918962e+00   
   286   4.427994e+00  2.408111e+00   
   287   6.369476e+00  2.823969e+00   
   288   6.269690e+00  2.728976e+00   
   289   5.331088e+00  2.355047e+00   
   290   5.545314e+00  2.398025e+00   
   291   4.266647e+00  2.405397e+00   
   292   5.116862e+00  2.312069e+00   
   293   5.849794e+00  2.467745e+00   
   294   6.174272e+00  2.627573e+00   
   295   4.938934e+00  2.288223e+00   
   296   4.105300e+00  2.402683e+00   
   297   4.761007e+00  2.264376e+00   
   298   6.824240e+00  3.133059e+00   
   299   6.735313e+00  3.028565e+00   
   300   6.913166e+00  3.237552e+00   
   301   6.078854e+00  2.526170e+00   
   302   6.645566e+00  2.929740e+00   
   303   6.998127e+00  3.348451e+00   
   304   6.555819e+00  2.830915e+00   
   305   4.595068e+00  2.253753e+00   
   306   7.083088e+00  3.459350e+00   
   307   6.456322e+00  2.740120e+00   
   308   6.356825e+00  2.649325e+00   
   309   5.736017e+00  2.329951e+00   
   310   4.429129e+00  2.243129e+00   
   311   6.265806e+00  2.563434e+00   
   312   6.002788e+00  2.394024e+00   
   313   6.174787e+00  2.477544e+00   
   314   4.267215e+00  2.238298e+00   
   315   5.300591e+00  2.159832e+00   
   316   5.498118e+00  2.188156e+00   
   317   5.103063e+00  2.131508e+00   
   318   6.920779e+00  3.039464e+00   
   319   6.829036e+00  2.935666e+00   
   320   6.735706e+00  2.839267e+00   
   321   4.929378e+00  2.112164e+00   
   322   7.012522e+00  3.143263e+00   
   323   6.642375e+00  2.742868e+00   
   324   7.100874e+00  3.254681e+00   
   325   6.543167e+00  2.656270e+00   
   326   4.105300e+00  2.233467e+00   
   327   6.443959e+00  2.569673e+00   
   328   7.189225e+00  3.366100e+00   
   329   4.755694e+00  2.092820e+00   
   330   6.357339e+00  2.499296e+00   
   331   5.926721e+00  2.261878e+00   
   332   6.270720e+00  2.428918e+00   
   333   6.138480e+00  2.350127e+00   
   334   4.590967e+00  2.082588e+00   
   335   5.679081e+00  2.142649e+00   
   336   4.426241e+00  2.072355e+00   
   337   6.817247e+00  2.744404e+00   
   338   6.914938e+00  2.839823e+00   
   339   7.010048e+00  2.943031e+00   
   340   6.719557e+00  2.648985e+00   
   341   6.612625e+00  2.560427e+00   
   342   4.265770e+00  2.068303e+00   
   343   7.105158e+00  3.046239e+00   
   344   6.505694e+00  2.471869e+00   
   345   6.389933e+00  2.389049e+00   
   346   7.200260e+00  3.159544e+00   
   347   6.102172e+00  2.222709e+00   
   348   6.274172e+00  2.306229e+00   
   349   7.295363e+00  3.272850e+00   
   350   5.089264e+00  1.950947e+00   
   351   5.270093e+00  1.964617e+00   
   352   5.860045e+00  2.097142e+00   
   353   4.105300e+00  2.064250e+00   
   354   4.919822e+00  1.936106e+00   
   355   5.450923e+00  1.978287e+00   
   356   4.750380e+00  1.921264e+00   
   357   4.586866e+00  1.911423e+00   
   358   5.622146e+00  1.955346e+00   
   359   6.682083e+00  2.464584e+00   
   360   6.898789e+00  2.649542e+00   
   361   6.796738e+00  2.555103e+00   
   362   6.567429e+00  2.374065e+00   
   363   6.422526e+00  2.278803e+00   
   364   7.000839e+00  2.743980e+00   
   365   7.099317e+00  2.846597e+00   
   366   4.423352e+00  1.901582e+00   
   367   6.277624e+00  2.183540e+00   
   368   7.197794e+00  2.949215e+00   
   369   6.023978e+00  2.059645e+00   
   370   7.299647e+00  3.064407e+00   
   371   4.264326e+00  1.898307e+00   
   372   7.401500e+00  3.179600e+00   
   373   5.793369e+00  1.932405e+00   
   374   5.071924e+00  1.779482e+00   
   375   4.105300e+00  1.895033e+00   
   376   5.245159e+00  1.791650e+00   
   377   4.905910e+00  1.765017e+00   
   378   5.418393e+00  1.803817e+00   
   379   6.187912e+00  2.022149e+00   
   380   4.739897e+00  1.750552e+00   
   381   6.764390e+00  2.366996e+00   
   382   6.979109e+00  2.550617e+00   
   383   6.877023e+00  2.457611e+00   
   384   7.081195e+00  2.643623e+00   
   385   6.651756e+00  2.276381e+00   
   386   7.181972e+00  2.742852e+00   
   387   6.524541e+00  2.180045e+00   
   388   5.945784e+00  1.896582e+00   
   389   4.579528e+00  1.741584e+00   
   390   5.580351e+00  1.789256e+00   
   391   7.282750e+00  2.842080e+00   
   392   6.397325e+00  2.083710e+00   
   393   7.384183e+00  2.951265e+00   
   394   4.419159e+00  1.732615e+00   
   395   7.485617e+00  3.060450e+00   
   396   5.742308e+00  1.774695e+00   
   397   4.262230e+00  1.729216e+00   
   398   6.098200e+00  1.860758e+00   
   399   6.308637e+00  1.943285e+00   
   400   4.105300e+00  1.725817e+00   
   401   7.059429e+00  2.451692e+00   
   402   6.957309e+00  2.360118e+00   
   403   6.846697e+00  2.269407e+00   
   404   7.161550e+00  2.543266e+00   
   405   5.054584e+00  1.608017e+00   
   406   5.220224e+00  1.618682e+00   
   407   6.736084e+00  2.178696e+00   
   408   5.385864e+00  1.629348e+00   
   409   7.264628e+00  2.639106e+00   
   410   5.887622e+00  1.744431e+00   
   411   4.891998e+00  1.593928e+00   
   412   6.626555e+00  2.081288e+00   
   413   7.367706e+00  2.734946e+00   
   414   4.729413e+00  1.579840e+00   
   415   5.538556e+00  1.623166e+00   
   416   7.468720e+00  2.838123e+00   
   417   6.517025e+00  1.983880e+00   
   418   4.572190e+00  1.571744e+00   
   419   7.569733e+00  2.941300e+00   
   420   6.219950e+00  1.802860e+00   
   421   5.691248e+00  1.616984e+00   
   422   4.414967e+00  1.563648e+00   
   423   6.032936e+00  1.714167e+00   
   424   6.429363e+00  1.864421e+00   
   425   7.032422e+00  2.262217e+00   
   426   6.925876e+00  2.174963e+00   
   427   4.260133e+00  1.560124e+00   
   428   7.136685e+00  2.350430e+00   
   429   6.819329e+00  2.087709e+00   
   430   7.240948e+00  2.438642e+00   
   431   5.829460e+00  1.592280e+00   
   432   6.713278e+00  1.994094e+00   
   433   7.344876e+00  2.531099e+00   
   434   4.105300e+00  1.556600e+00   
   435   7.448805e+00  2.623556e+00   
   436   5.204326e+00  1.456990e+00   
   437   5.366282e+00  1.471726e+00   
   438   6.607227e+00  1.900479e+00   
   439   5.042370e+00  1.442255e+00   
   440   6.153491e+00  1.667206e+00   
   441   6.341700e+00  1.744962e+00   
   442   7.551328e+00  2.722853e+00   
   443   4.882860e+00  1.427988e+00   
   444   5.511393e+00  1.473797e+00   
   445   4.723350e+00  1.413721e+00   
   446   7.653850e+00  2.822150e+00   
   447   5.967671e+00  1.567575e+00   
   448   5.656504e+00  1.475868e+00   
   449   6.521025e+00  1.792753e+00   
   450   4.567927e+00  1.405313e+00   
   451   7.107536e+00  2.164316e+00   
   452   7.005055e+00  2.080519e+00   
   453   6.902574e+00  1.996723e+00   
   454   7.213940e+00  2.249167e+00   
   455   4.412504e+00  1.396905e+00   
   456   7.320345e+00  2.334019e+00   
   457   6.800001e+00  1.906901e+00   
   458   6.274047e+00  1.620245e+00   
   459   5.786048e+00  1.451817e+00   
   460   6.434824e+00  1.685028e+00   
   461   7.425125e+00  2.423093e+00   
   462   6.087033e+00  1.531552e+00   
   463   6.697428e+00  1.817079e+00   
   464   4.258902e+00  1.392053e+00   
   465   7.529904e+00  2.512167e+00   
   466   7.633936e+00  2.607583e+00   
   467   5.346701e+00  1.314104e+00   
   468   5.188429e+00  1.295298e+00   
   469   4.105300e+00  1.387200e+00   
   470   5.915591e+00  1.427766e+00   
   471   6.612688e+00  1.721086e+00   
   472   5.484231e+00  1.324428e+00   
   473   5.030157e+00  1.276493e+00   
   474   7.737967e+00  2.703000e+00   
   475   5.621760e+00  1.334752e+00   
   476   6.370957e+00  1.574267e+00   
   477   4.873722e+00  1.262048e+00   
   478   6.206394e+00  1.495528e+00   
   479   7.074013e+00  1.984704e+00   
   480   6.969302e+00  1.904048e+00   
   481   7.178724e+00  2.065359e+00   
   482   4.717287e+00  1.247602e+00   
   483   6.527947e+00  1.625094e+00   
   484   6.868917e+00  1.820580e+00   
   485   7.285557e+00  2.146301e+00   
   486   7.392390e+00  2.227243e+00   
   487   6.036499e+00  1.397289e+00   
   488   4.563665e+00  1.238882e+00   
   489   6.768533e+00  1.737112e+00   
   490   5.742636e+00  1.311354e+00   
   491   7.498877e+00  2.312729e+00   
   492   4.410042e+00  1.230162e+00   
   493   6.682472e+00  1.651542e+00   
   494   6.307091e+00  1.463506e+00   
   495   7.605365e+00  2.398214e+00   
   496   6.467868e+00  1.528288e+00   
   497   5.596499e+00  1.228877e+00   
   498   5.863511e+00  1.287957e+00   
   499   4.257671e+00  1.223981e+00   
   500   7.713724e+00  2.491032e+00   
   501   5.472898e+00  1.198549e+00   
   502   6.596411e+00  1.565972e+00   
   503   6.157406e+00  1.366811e+00   
   504   5.349298e+00  1.168222e+00   
   505   5.189799e+00  1.142461e+00   
   506   7.036029e+00  1.811374e+00   
   507   7.142971e+00  1.888889e+00   
   508   7.822083e+00  2.583850e+00   
   509   6.937833e+00  1.734259e+00   
   510   7.249913e+00  1.966403e+00   
   511   4.105300e+00  1.217800e+00   
   512   6.407788e+00  1.431483e+00   
   513   5.030299e+00  1.116701e+00   
   514   6.534856e+00  1.488762e+00   
   515   6.839638e+00  1.657144e+00   
   516   5.696447e+00  1.192660e+00   
   517   7.357174e+00  2.043435e+00   
   518   5.985965e+00  1.263026e+00   
   519   4.872802e+00  1.099710e+00   
   520   6.752256e+00  1.581998e+00   
   521   7.464434e+00  2.120467e+00   
   522   6.265320e+00  1.344830e+00   
   523   4.715305e+00  1.082720e+00   
   524   7.572630e+00  2.202365e+00   
   525   6.473301e+00  1.411552e+00   
   526   6.664874e+00  1.506851e+00   
   527   5.571237e+00  1.123002e+00   
   528   4.562290e+00  1.073037e+00   
   529   5.796395e+00  1.156443e+00   
   530   7.680825e+00  2.284262e+00   
   531   6.601844e+00  1.449236e+00   
   532   6.108418e+00  1.238094e+00   
   533   5.461566e+00  1.072671e+00   
   534   6.373234e+00  1.322849e+00   
   535   4.409276e+00  1.063353e+00   
   536   6.538814e+00  1.391621e+00   
   537   7.094008e+00  1.718300e+00   
   538   7.793513e+00  2.374481e+00   
   539   6.993525e+00  1.643593e+00   
   540   7.200611e+00  1.791803e+00   
   541   6.893041e+00  1.568885e+00   
   542   7.307214e+00  1.865305e+00   
   543   5.650258e+00  1.073966e+00   
   544   5.351894e+00  1.022340e+00   
   545   6.223549e+00  1.226154e+00   
   546   6.799236e+00  1.496044e+00   
   547   5.925624e+00  1.129125e+00   
   548   7.414450e+00  1.938791e+00   
   549   4.257288e+00  1.055876e+00   
   550   6.458313e+00  1.318254e+00   
   551   7.906200e+00  2.464700e+00   
   552   5.191168e+00  9.896241e-01   
   553   6.705431e+00  1.423204e+00   
   554   7.521686e+00  2.012276e+00   
   555   6.624411e+00  1.368432e+00   
   556   4.105300e+00  1.048400e+00   
   557   5.030442e+00  9.569079e-01   
   558   7.631590e+00  2.089725e+00   
   559   6.543392e+00  1.313659e+00   
   560   6.338679e+00  1.214214e+00   
   561   5.729278e+00  1.024929e+00   
   562   4.871882e+00  9.373732e-01   
   563   6.054853e+00  1.101807e+00   
   564   7.741494e+00  2.167173e+00   
   565   5.533372e+00  9.733770e-01   
   566   6.443324e+00  1.224956e+00   
   567   7.151988e+00  1.625226e+00   
   568   7.049216e+00  1.552926e+00   
   569   4.713322e+00  9.178385e-01   
   570   6.946444e+00  1.480626e+00   
   571   7.258252e+00  1.694716e+00   
   572   6.846216e+00  1.410091e+00   
   573   7.854139e+00  2.250936e+00   
   574   7.364515e+00  1.764207e+00   
   575   4.560916e+00  9.071910e-01   
   576   6.745988e+00  1.339556e+00   
   577   6.182370e+00  1.093389e+00   
   578   6.646979e+00  1.287627e+00   
   579   5.865283e+00  9.952245e-01   
   580   6.547970e+00  1.235698e+00   
   581   7.471726e+00  1.834146e+00   
   582   7.966783e+00  2.334700e+00   
   583   4.408509e+00  8.965434e-01   
   584   7.578938e+00  1.904085e+00   
   585   5.416485e+00  8.727885e-01   
   586   6.309888e+00  1.084970e+00   
   587   7.690550e+00  1.977084e+00   
   588   4.256905e+00  8.877717e-01   
   589   5.232206e+00  8.346295e-01   
   590   6.001287e+00  9.655200e-01   
   591   5.605177e+00  8.740828e-01   
   592   7.200229e+00  1.526135e+00   
   593   6.432188e+00  1.101149e+00   
   594   7.097294e+00  1.454287e+00   
   595   7.802163e+00  2.050083e+00   
   596   6.994359e+00  1.382439e+00   
   597   7.307146e+00  1.593597e+00   
   598   5.047926e+00  7.964705e-01   
   599   4.105300e+00  8.790000e-01   
   600   6.889884e+00  1.305579e+00   
   601   7.414064e+00  1.661058e+00   
   602   4.880515e+00  7.736745e-01   
   603   6.141192e+00  9.606233e-01   
   604   6.669949e+00  1.173023e+00   
   605   7.914765e+00  2.127392e+00   
   606   6.554488e+00  1.117327e+00   
   607   6.785409e+00  1.228719e+00   
   608   7.522926e+00  1.726947e+00   
   609   5.770463e+00  8.424467e-01   
   610   4.713103e+00  7.508785e-01   
   611   7.631788e+00  1.792835e+00   
   612   8.027367e+00  2.204700e+00   
   613   6.281096e+00  9.557266e-01   
   614   4.560022e+00  7.393684e-01   
   615   7.744811e+00  1.861267e+00   
   616   7.248469e+00  1.427043e+00   
   617   7.145371e+00  1.355648e+00   
   618   6.421052e+00  9.773410e-01   
   619   4.406941e+00  7.278583e-01   
   620   7.042274e+00  1.284253e+00   
   621   5.481077e+00  7.232367e-01   
   622   7.356040e+00  1.492477e+00   
   623   5.935749e+00  8.108106e-01   
   624   7.857834e+00  1.929699e+00   
   625   6.933552e+00  1.201067e+00   
   626   7.463612e+00  1.557910e+00   
   627   5.273243e+00  6.796350e-01   
   628   4.256121e+00  7.187292e-01   
   629   6.561007e+00  9.989554e-01   
   630   6.692919e+00  1.058419e+00   
   631   6.824831e+00  1.117882e+00   
   632   7.574125e+00  1.619747e+00   
   633   7.972892e+00  2.002200e+00   
   634   6.094001e+00  8.053911e-01   
   635   5.065410e+00  6.360332e-01   
   636   4.105300e+00  7.096000e-01   
   637   7.684638e+00  1.681584e+00   
   638   5.675644e+00  6.896689e-01   
   639   4.889147e+00  6.099759e-01   
   640   8.087950e+00  2.074700e+00   
   641   7.292235e+00  1.333914e+00   
   642   7.799072e+00  1.745450e+00   
   643   7.192739e+00  1.261891e+00   
   644   6.252254e+00  7.999716e-01   
   645   7.093243e+00  1.189868e+00   
   646   7.398094e+00  1.394675e+00   
   647   4.712885e+00  5.839186e-01   
   648   7.503954e+00  1.455437e+00   
   649   7.913506e+00  1.809315e+00   
   650   4.559129e+00  5.715459e-01   
   651   6.411551e+00  8.223895e-01   
   652   5.870211e+00  6.561011e-01   
   653   6.989193e+00  1.086950e+00   
   654   7.615139e+00  1.512279e+00   
   655   4.405373e+00  5.591732e-01   
   656   8.031020e+00  1.877007e+00   
   657   6.570847e+00  8.448074e-01   
   658   6.727995e+00  9.144197e-01   
   659   7.726324e+00  1.569121e+00   
   660   6.885143e+00  9.840320e-01   
   661   6.046811e+00  6.501588e-01   
   662   4.255337e+00  5.496866e-01   
   663   7.336001e+00  1.240784e+00   
   664   5.438130e+00  5.173573e-01   
   665   7.240107e+00  1.168133e+00   
   666   7.440148e+00  1.296874e+00   
   667   5.244727e+00  4.877044e-01   
   668   7.842998e+00  1.628396e+00   
   669   7.144212e+00  1.095482e+00   
   670   8.148533e+00  1.944700e+00   
   671   7.544296e+00  1.352963e+00   
   672   4.105300e+00  5.402000e-01   
   673   5.051323e+00  4.580515e-01   
   674   6.223411e+00  6.442166e-01   
   675   5.627514e+00  4.974464e-01   
   676   7.959672e+00  1.687671e+00   
   677   4.881919e+00  4.371591e-01   
   678   7.656153e+00  1.404810e+00   
   679   7.044834e+00  9.728321e-01   
   680   4.712514e+00  4.162666e-01   
   681   6.402049e+00  6.674379e-01   
   682   7.198665e+00  1.051096e+00   
   683   7.284018e+00  1.104554e+00   
   684   7.369371e+00  1.158013e+00   
   685   7.768011e+00  1.456658e+00   
   686   8.084394e+00  1.751186e+00   
   687   4.559185e+00  4.038751e-01   
   688   5.816898e+00  4.775355e-01   
   689   7.471528e+00  1.204854e+00   
   690   6.763072e+00  7.704207e-01   
   691   6.580688e+00  6.906593e-01   
   692   7.573685e+00  1.251695e+00   
   693   7.886925e+00  1.511342e+00   
   694   6.945456e+00  8.501821e-01   
   695   4.405856e+00  3.914837e-01   
   696   7.138562e+00  9.485374e-01   
   697   8.209117e+00  1.814700e+00   
   698   7.253118e+00  1.006709e+00   
   699   6.000526e+00  4.711811e-01   
   700   7.327929e+00  1.040976e+00   
   701   7.684467e+00  1.298520e+00   
   702   4.255578e+00  3.811502e-01   
   703   7.402740e+00  1.075242e+00   
   704   8.005839e+00  1.566027e+00   
   705   7.795249e+00  1.345345e+00   
   706   7.078458e+00  8.459791e-01   
   707   7.502907e+00  1.112834e+00   
   708   4.105300e+00  3.708167e-01   
   709   5.395183e+00  3.114779e-01   
   710   5.216210e+00  2.957738e-01   
   711   6.184153e+00  4.648267e-01   
   712   7.232289e+00  9.242427e-01   
   713   5.037236e+00  2.800698e-01   
   714   8.137769e+00  1.625364e+00   
   715   4.874690e+00  2.643422e-01   
   716   7.603074e+00  1.150427e+00   
   717   7.322854e+00  9.515932e-01   
   718   5.579385e+00  3.052239e-01   
   719   7.913308e+00  1.395168e+00   
   720   4.712144e+00  2.486146e-01   
   721   6.380303e+00  4.736051e-01   
   722   7.413418e+00  9.789437e-01   
   723   7.712781e+00  1.192229e+00   
   724   7.211461e+00  8.417761e-01   
   725   5.763586e+00  2.989699e-01   
   726   4.559241e+00  2.362044e-01   
   727   8.031366e+00  1.444991e+00   
   728   8.269700e+00  1.684700e+00   
   729   7.516831e+00  1.012486e+00   
   730   6.950498e+00  6.714087e-01   
   731   7.822487e+00  1.234031e+00   
   732   4.406339e+00  2.237941e-01   
   733   6.763475e+00  5.768961e-01   
   734   7.317778e+00  8.622108e-01   
   735   5.954241e+00  2.922034e-01   
   736   6.576452e+00  4.823836e-01   
   737   7.620245e+00  1.046028e+00   
   738   8.158289e+00  1.499264e+00   
   739   4.255819e+00  2.126137e-01   
   740   7.084007e+00  6.948650e-01   
   741   7.939690e+00  1.278994e+00   
   742   7.424095e+00  8.826455e-01   
   743   7.731237e+00  1.082793e+00   
   744   4.105300e+00  2.014333e-01   
   745   6.144895e+00  2.854369e-01   
   746   5.197281e+00  1.207486e-01   
   747   7.217517e+00  7.183214e-01   
   748   5.367764e+00  1.333336e-01   
   749   7.530755e+00  9.121371e-01   
   750   8.285213e+00  1.553538e+00   
   751   5.026798e+00  1.081636e-01   
   752   8.056894e+00  1.323956e+00   
   753   4.867762e+00  9.399030e-02   
   754   7.842229e+00  1.119558e+00   
   755   5.543208e+00  1.295937e-01   
   756   7.325974e+00  7.478060e-01   
   757   7.637416e+00  9.416286e-01   
   758   4.708725e+00  7.981699e-02   
   759   5.718651e+00  1.258539e-01   
   760   8.178809e+00  1.373165e+00   
   761   6.358556e+00  2.797723e-01   
   762   7.434430e+00  7.772906e-01   
   763   4.556582e+00  6.734588e-02   
   764   7.958998e+00  1.160205e+00   
   765   6.955539e+00  4.926353e-01   
   766   7.749693e+00  9.733570e-01   
   767   4.404438e+00  5.487477e-02   
   768   7.089556e+00  5.437510e-01   
   769   5.899024e+00  1.168396e-01   
   770   7.542164e+00  8.048599e-01   
   771   6.763878e+00  3.833716e-01   
   772   8.300725e+00  1.422375e+00   
   773   8.075766e+00  1.200851e+00   
   774   7.223573e+00  5.948667e-01   
   775   4.254869e+00  4.346238e-02   
   776   7.861970e+00  1.005085e+00   
   777   6.572217e+00  2.741078e-01   
   778   7.334169e+00  6.334012e-01   
   779   7.649897e+00  8.324292e-01   
   780   6.079396e+00  1.078253e-01   
   781   4.105300e+00  3.205000e-02   
   782   7.444765e+00  6.719356e-01   
   783   8.196002e+00  1.246032e+00   
   784   7.978305e+00  1.041416e+00   
   785   5.178352e+00 -5.427663e-02   
   786   5.340345e+00 -4.481068e-02   
   787   7.762330e+00  8.609843e-01   
   788   5.016360e+00 -6.374258e-02   
   789   4.860833e+00 -7.636159e-02   
   790   7.553572e+00  6.975827e-01   
   791   5.507031e+00 -4.603641e-02   
   792   4.705307e+00 -8.898059e-02   
   793   8.316237e+00  1.291213e+00   
   794   6.268684e+00  9.113791e-02   
   795   8.094639e+00  1.077747e+00   
   796   5.673716e+00 -4.726215e-02   
   797   7.131462e+00  4.235622e-01   
   798   7.009875e+00  3.631311e-01   
   799   7.874763e+00  8.895394e-01   
   800   7.253050e+00  4.839932e-01   
   801   4.553923e+00 -1.015126e-01   
   802   7.662379e+00  7.232298e-01   
   803   7.357596e+00  5.252203e-01   
   804   6.851106e+00  2.548392e-01   
   805   7.462143e+00  5.664474e-01   
   806   4.402538e+00 -1.140446e-01   
   807   5.843807e+00 -5.852422e-02   
   808   8.213195e+00  1.118899e+00   
   809   7.991353e+00  9.219695e-01   
   810   7.774968e+00  7.486116e-01   
   811   6.457972e+00  7.445053e-02   
   812   4.253919e+00 -1.256890e-01   
   813   7.566508e+00  5.920711e-01   
   814   6.692338e+00  1.465474e-01   
   815   6.013897e+00 -6.978629e-02   
   816   8.331750e+00  1.160050e+00   
   817   8.107943e+00  9.543996e-01   
   818   4.105300e+00 -1.373333e-01   
   819   7.887556e+00  7.739934e-01   
   820   7.670873e+00  6.176948e-01   
   821   7.282527e+00  3.731197e-01   
   822   5.163837e+00 -2.227784e-01   
   823   5.320931e+00 -2.132433e-01   
   824   7.381024e+00  4.170394e-01   
   825   7.173368e+00  3.033733e-01   
   826   5.006742e+00 -2.323134e-01   
   827   7.479521e+00  4.609591e-01   
   828   5.480443e+00 -2.124333e-01   
   829   4.853073e+00 -2.446761e-01   
   830   7.064210e+00  2.336269e-01   
   831   8.227603e+00  9.916436e-01   
   832   7.781898e+00  6.394255e-01   
   833   6.178813e+00 -9.749652e-02   
   834   8.004401e+00  8.025228e-01   
   835   5.639955e+00 -2.116234e-01   
   836   4.699403e+00 -2.570388e-01   
   837   7.579444e+00  4.865594e-01   
   838   4.550049e+00 -2.697408e-01   
   839   6.938335e+00  1.263069e-01   
   840   5.799536e+00 -2.214104e-01   
   841   7.892922e+00  6.611562e-01   
   842   6.583503e+00 -2.411304e-02   
   843   7.679368e+00  5.121597e-01   
   844   8.347262e+00  1.028888e+00   
   845   8.121246e+00  8.310522e-01   
   846   4.400694e+00 -2.824429e-01   
   847   7.324087e+00  2.763411e-01   
   848   6.343728e+00 -1.252068e-01   
   849   7.412680e+00  3.217359e-01   
   850   7.501272e+00  3.671307e-01   
   851   5.959116e+00 -2.311975e-01   
   852   4.252997e+00 -2.945798e-01   
   853   6.812459e+00  1.898692e-02   
   854   7.227689e+00  2.048089e-01   
   855   7.788827e+00  5.302393e-01   
   856   8.010866e+00  6.848533e-01   
   857   8.242011e+00  8.643886e-01   
   858   7.593693e+00  3.888852e-01   
   859   7.131290e+00  1.332766e-01   
   860   4.105300e+00 -3.067167e-01   
   861   7.686113e+00  4.106398e-01   
   862   5.301517e+00 -3.816759e-01   
   863   6.112088e+00 -2.577086e-01   
   864   5.149321e+00 -3.912801e-01   
   865   7.898287e+00  5.483190e-01   
   866   4.997125e+00 -4.008843e-01   
   867   5.453855e+00 -3.788303e-01   
   868   8.128809e+00  7.085505e-01   
   869   4.845312e+00 -4.129907e-01   
   870   7.021581e+00  2.909127e-02   
   871   8.362775e+00  8.977250e-01   
   872   5.606193e+00 -3.759846e-01   
   873   7.523023e+00  2.733022e-01   
   874   7.444336e+00  2.264324e-01   
   875   7.365648e+00  1.795625e-01   
   876   6.474668e+00 -1.947734e-01   
   877   4.693499e+00 -4.250970e-01   
   878   6.709034e+00 -1.226766e-01   
   879   7.791686e+00  4.239003e-01   
   880   5.755265e+00 -3.842966e-01   
   881   8.017330e+00  5.671839e-01   
   882   4.546175e+00 -4.379691e-01   
   883   7.607941e+00  2.912111e-01   
   884   7.282009e+00  1.062444e-01   
   885   6.265059e+00 -2.842198e-01   
   886   8.253548e+00  7.375565e-01   
   887   6.911871e+00 -7.509406e-02   
   888   4.398851e+00 -4.508411e-01   
   889   7.692859e+00  3.091200e-01   
   890   5.904336e+00 -3.926086e-01   
   891   7.198370e+00  3.292629e-02   
   892   7.897259e+00  4.371607e-01   
   893   7.538545e+00  2.084348e-01   
   894   7.478941e+00  1.580567e-01   
   895   4.252075e+00 -4.634706e-01   
   896   8.136373e+00  5.860487e-01   
   897   7.419336e+00  1.076787e-01   
   898   8.378287e+00  7.665625e-01   
   899   7.612786e+00  2.124064e-01   
   900   7.794544e+00  3.175612e-01   
   901   6.045363e+00 -4.179207e-01   
   902   7.104826e+00 -6.812438e-02   
   903   6.605608e+00 -2.643401e-01   
   904   4.105300e+00 -4.761000e-01   
   905   8.014438e+00  4.514300e-01   
   906   6.394415e+00 -3.431795e-01   
   907   7.554066e+00  1.435673e-01   
   908   6.815190e+00 -2.065123e-01   
   909   7.347292e+00  3.093563e-02   
   910   5.287974e+00 -5.442667e-01   
   911   7.687027e+00  2.163780e-01   
   912   5.137549e+00 -5.556098e-01   
   913   5.434667e+00 -5.372063e-01   
   914   4.987124e+00 -5.669530e-01   
   915   8.265086e+00  6.107244e-01   
   916   5.581361e+00 -5.301460e-01   
   917   7.896230e+00  3.260025e-01   
   918   7.513545e+00  8.968110e-02   
   919   4.838759e+00 -5.795802e-01   
   920   7.275247e+00 -4.580743e-02   
   921   7.011282e+00 -1.691750e-01   
   922   6.186391e+00 -4.432328e-01   
   923   5.724461e+00 -5.337807e-01   
   924   7.617631e+00  1.336016e-01   
   925   4.690393e+00 -5.922073e-01   
   926   8.131617e+00  4.656992e-01   
   927   7.473024e+00  3.579488e-02   
   928   7.787039e+00  2.176184e-01   
   929   5.867561e+00 -5.374154e-01   
   930   4.544130e+00 -6.055331e-01   
   931   8.393800e+00  6.354000e-01   
   932   7.681195e+00  1.236360e-01   
   933   8.011546e+00  3.356761e-01   
   934   7.584291e+00  6.396973e-02   
   935   6.523771e+00 -4.021392e-01   
   936   6.718510e+00 -3.379305e-01   
   937   7.191649e+00 -1.463635e-01   
   938   4.397866e+00 -6.188590e-01   
   939   7.412574e+00 -4.437314e-02   
   940   7.887050e+00  2.188589e-01   
   941   8.257202e+00  4.845871e-01   
   942   6.000327e+00 -5.579882e-01   
   943   6.921347e+00 -2.903480e-01   
   944   6.314162e+00 -4.915855e-01   
   945   4.251583e+00 -6.320878e-01   
   946   7.550951e+00 -5.662191e-03   
   947   7.779533e+00  1.176756e-01   
   948   7.352125e+00 -1.245412e-01   
   949   7.655036e+00  3.825835e-02   
   950   8.126861e+00  3.453497e-01   
   951   7.108050e+00 -2.469196e-01   
   952   4.105300e+00 -6.453167e-01   
   953   6.133092e+00 -5.785611e-01   
   954   5.415480e+00 -6.955824e-01   
   955   5.274431e+00 -7.068574e-01   
   956   5.556528e+00 -6.843074e-01   
   957   5.125777e+00 -7.199395e-01   
   958   8.001503e+00  2.214941e-01   
   959   8.382787e+00  5.034750e-01   
   960   4.977123e+00 -7.330217e-01   
   961   7.496578e+00 -9.452179e-02   
   962   5.693657e+00 -6.832648e-01   
   963   6.637737e+00 -4.692170e-01   
   964   4.832205e+00 -7.461696e-01   
   965   7.877870e+00  1.117153e-01   
   966   6.831412e+00 -4.115209e-01   
   967   6.441933e+00 -5.399382e-01   
   968   7.278472e+00 -2.246027e-01   
   969   7.628878e+00 -4.711926e-02   
   970   5.830787e+00 -6.822222e-01   
   971   8.249318e+00  3.584499e-01   
   972   7.754237e+00  2.063642e-02   
   973   4.687288e+00 -7.593176e-01   
   974   7.025076e+00 -3.646840e-01   
   975   6.252964e+00 -6.220429e-01   
   976   7.442205e+00 -1.833814e-01   
   977   4.542084e+00 -7.730972e-01   
   978   8.115956e+00  2.241293e-01   
   979   5.955290e+00 -6.980558e-01   
   980   7.204819e+00 -3.246642e-01   
   981   4.396881e+00 -7.868768e-01   
   982   7.991460e+00  1.073120e-01   
   983   7.580582e+00 -1.446704e-01   
   984   8.371775e+00  3.715500e-01   
   985   7.853438e+00  3.014494e-03   
   986   7.728942e+00 -7.640276e-02   
   987   6.079793e+00 -7.138894e-01   
   988   6.751703e+00 -5.362948e-01   
   989   6.556964e+00 -6.005034e-01   
   990   4.251090e+00 -8.007051e-01   
   991   7.375231e+00 -2.864173e-01   
   992   8.238359e+00  2.318771e-01   
   993   6.372835e+00 -6.655247e-01   
   994   6.942101e+00 -4.824485e-01   
   995   5.549160e+00 -8.298234e-01   
   996   5.408827e+00 -8.487322e-01   
   997   5.679847e+00 -8.200067e-01   
   998   4.105300e+00 -8.145333e-01   
   999   5.268494e+00 -8.676410e-01   
   1000   5.810533e+00 -8.101900e-01   
   1001   8.105050e+00  1.029088e-01   
   1002   7.532286e+00 -2.422216e-01   
   1003   7.128805e+00 -4.390201e-01   
   1004   5.120305e+00 -8.837200e-01   
   1005   6.191765e+00 -7.525003e-01   
   1006   7.969809e+00 -8.098681e-03   
   1007   7.685479e+00 -1.798951e-01   
   1008   4.972115e+00 -8.997990e-01   
   1009   5.924779e+00 -8.183152e-01   
   1010   7.829006e+00 -1.056863e-01   
   1011   7.308257e+00 -3.894531e-01   
   1012   4.826900e+00 -9.133766e-01   
   1013   8.360762e+00  2.396250e-01   
   1014   4.681684e+00 -9.269542e-01   
   1015   6.671995e+00 -6.610686e-01   
   1016   6.039026e+00 -8.264403e-01   
   1017   6.486849e+00 -7.227639e-01   
   1018   6.863530e+00 -6.046681e-01   
   1019   7.471991e+00 -3.482318e-01   
   1020   8.227400e+00  1.053044e-01   
   1021   4.537915e+00 -9.406768e-01   
   1022   6.303737e+00 -7.911112e-01   
   1023   7.052791e+00 -5.533760e-01   
   1024   7.642017e+00 -2.833874e-01   
   1025   8.086179e+00 -1.921186e-02   
   1026   4.394146e+00 -9.543994e-01   
   1027   7.790377e+00 -2.151197e-01   
   1028   7.948157e+00 -1.235094e-01   
   1029   7.236578e+00 -5.042236e-01   
   1030   6.141522e+00 -8.636437e-01   
   1031   5.790279e+00 -9.381577e-01   
   1032   5.666036e+00 -9.567485e-01   
   1033   5.541792e+00 -9.753394e-01   
   1034   4.249723e+00 -9.690747e-01   
   1035   7.411695e+00 -4.542420e-01   
   1036   8.349750e+00  1.077000e-01   
   1037   5.894269e+00 -9.385745e-01   
   1038   5.402175e+00 -1.001882e+00   
   1039   6.600864e+00 -7.800031e-01   
   1040   6.784960e+00 -7.268878e-01   
   1041   5.262557e+00 -1.028425e+00   
   1042   5.998258e+00 -9.389913e-01   
   1043   6.416735e+00 -8.450244e-01   
   1044   7.584149e+00 -3.961644e-01   
   1045   4.105300e+00 -9.837500e-01   
   1046   8.212459e+00 -2.171842e-02   
   1047   6.975357e+00 -6.730415e-01   
   1048   5.114833e+00 -1.047500e+00   
   1049   6.244019e+00 -9.008471e-01   
   1050   7.751748e+00 -3.245532e-01   
   1051   8.067309e+00 -1.413325e-01   
   1052   7.913224e+00 -2.395590e-01   
   1053   7.164900e+00 -6.189940e-01   
   1054   4.967108e+00 -1.066576e+00   
   1055   4.821594e+00 -1.080584e+00   
   1056   6.091279e+00 -9.747872e-01   
   1057   7.344352e+00 -5.694270e-01   
   1058   4.676080e+00 -1.094591e+00   
   1059   5.885063e+00 -1.032138e+00   
   1060   5.794538e+00 -1.047056e+00   
   1061   5.975588e+00 -1.017220e+00   
   1062   7.526281e+00 -5.089414e-01   
   1063   8.338738e+00 -2.422499e-02   
   1064   6.529732e+00 -8.989376e-01   
   1065   6.713589e+00 -8.443229e-01   
   1066   4.533746e+00 -1.108256e+00   
   1067   5.673624e+00 -1.080097e+00   
   1068   6.351566e+00 -9.549061e-01   
   1069   6.897924e+00 -7.927070e-01   
   1070   7.696308e+00 -4.440969e-01   
   1071   8.197517e+00 -1.487413e-01   
   1072   6.184300e+00 -1.010583e+00   
   1073   5.552711e+00 -1.113139e+00   
   1074   7.878291e+00 -3.556086e-01   
   1075   4.391411e+00 -1.121922e+00   
   1076   7.090461e+00 -7.385447e-01   
   1077   8.036071e+00 -2.639983e-01   
   1078   6.050738e+00 -1.058981e+00   
   1079   7.277009e+00 -6.846120e-01   
   1080   5.410443e+00 -1.153298e+00   
   1081   4.248356e+00 -1.137444e+00   
   1082   5.952918e+00 -1.095449e+00   
   1083   7.461049e+00 -6.273935e-01   
   1084   5.875857e+00 -1.125701e+00   
   1085   5.268175e+00 -1.193457e+00   
   1086   6.459112e+00 -1.008965e+00   
   1087   4.105300e+00 -1.152967e+00   
   1088   6.642218e+00 -9.617579e-01   
   1089   7.640867e+00 -5.636407e-01   
   1090   5.114122e+00 -1.213778e+00   
   1091   6.826314e+00 -9.086426e-01   
   1092   5.798796e+00 -1.155953e+00   
   1093   8.327725e+00 -1.561500e-01   
   1094   6.286396e+00 -1.064788e+00   
   1095   6.125888e+00 -1.100742e+00   
   1096   7.823321e+00 -4.821076e-01   
   1097   7.016022e+00 -8.580954e-01   
   1098   4.960069e+00 -1.234098e+00   
   1099   8.176392e+00 -2.760366e-01   
   1100   8.004833e+00 -3.866640e-01   
   1101   6.010197e+00 -1.143175e+00   
   1102   4.813332e+00 -1.247150e+00   
   1103   5.681213e+00 -1.203446e+00   
   1104   7.205564e+00 -8.040479e-01   
   1105   4.666595e+00 -1.260202e+00   
   1106   7.395817e+00 -7.458456e-01   
   1107   5.928343e+00 -1.195510e+00   
   1108   5.563629e+00 -1.250938e+00   
   1109   4.525465e+00 -1.272111e+00   
   1110   7.577746e+00 -6.853599e-01   
   1111   6.388492e+00 -1.118992e+00   
   1112   6.219694e+00 -1.159576e+00   
   1113   6.067476e+00 -1.190900e+00   
   1114   6.570070e+00 -1.072410e+00   
   1115   6.754704e+00 -1.024578e+00   
   1116   4.384335e+00 -1.284020e+00   
   1117   7.768351e+00 -6.086066e-01   
   1118   5.846489e+00 -1.247846e+00   
   1119   6.944119e+00 -9.747043e-01   
   1120   8.316713e+00 -2.880750e-01   
   1121   5.418711e+00 -1.304714e+00   
   1122   7.950334e+00 -5.201182e-01   
   1123   8.155267e+00 -4.033320e-01   
   1124   7.134120e+00 -9.234837e-01   
   1125   4.244817e+00 -1.303102e+00   
   1126   5.980829e+00 -1.265319e+00   
   1127   7.325765e+00 -8.677331e-01   
   1128   5.728101e+00 -1.313890e+00   
   1129   5.273793e+00 -1.358490e+00   
   1130   6.313499e+00 -1.218411e+00   
   1131   6.152991e+00 -1.254365e+00   
   1132   4.105300e+00 -1.322183e+00   
   1133   7.514625e+00 -8.070792e-01   
   1134   5.113411e+00 -1.380055e+00   
   1135   6.497922e+00 -1.183062e+00   
   1136   6.681028e+00 -1.135854e+00   
   1137   7.705033e+00 -7.364471e-01   
   1138   4.953029e+00 -1.401619e+00   
   1139   6.872216e+00 -1.091313e+00   
   1140   4.805070e+00 -1.413717e+00   
   1141   5.894181e+00 -1.339739e+00   
   1142   7.895835e+00 -6.535724e-01   
   1143   5.609714e+00 -1.379934e+00   
   1144   7.061924e+00 -1.040766e+00   
   1145   8.094225e+00 -5.464924e-01   
   1146   8.305700e+00 -4.200000e-01   
   1147   4.657110e+00 -1.425814e+00   
   1148   6.065149e+00 -1.337784e+00   
   1149   7.255714e+00 -9.896206e-01   
   1150   4.517184e+00 -1.435966e+00   
   1151   6.238506e+00 -1.317829e+00   
   1152   7.445966e+00 -9.314183e-01   
   1153   6.421217e+00 -1.284034e+00   
   1154   4.377258e+00 -1.446119e+00   
   1155   6.607352e+00 -1.247131e+00   
   1156   5.774990e+00 -1.424335e+00   
   1157   7.641716e+00 -8.642876e-01   
   1158   5.452383e+00 -1.465672e+00   
   1159   6.798776e+00 -1.202823e+00   
   1160   7.832321e+00 -7.875343e-01   
   1161   6.989729e+00 -1.158048e+00   
   1162   4.241279e+00 -1.468759e+00   
   1163   5.977306e+00 -1.421203e+00   
   1164   8.033184e+00 -6.896529e-01   
   1165   8.238117e+00 -5.728667e-01   
   1166   7.184323e+00 -1.107854e+00   
   1167   6.149469e+00 -1.410249e+00   
   1168   6.344512e+00 -1.385007e+00   
   1169   4.105300e+00 -1.491400e+00   
   1170   5.655799e+00 -1.508931e+00   
   1171   7.377308e+00 -1.055757e+00   
   1172   6.528935e+00 -1.349658e+00   
   1173   5.295053e+00 -1.551410e+00   
   1174   5.114310e+00 -1.565009e+00   
   1175   7.573473e+00 -9.933059e-01   
   1176   6.725335e+00 -1.314332e+00   
   1177   4.933567e+00 -1.578608e+00   
   1178   5.865587e+00 -1.512956e+00   
   1179   4.785310e+00 -1.580222e+00   
   1180   4.637054e+00 -1.581836e+00   
   1181   6.916523e+00 -1.269791e+00   
   1182   7.768807e+00 -9.214961e-01   
   1183   6.060432e+00 -1.502668e+00   
   1184   4.501644e+00 -1.588783e+00   
   1185   7.967635e+00 -8.330671e-01   
   1186   7.112932e+00 -1.226088e+00   
   1187   8.170533e+00 -7.257333e-01   
   1188   6.255179e+00 -1.480718e+00   
   1189   4.366234e+00 -1.595729e+00   
   1190   7.306721e+00 -1.174942e+00   
   1191   6.450517e+00 -1.452184e+00   
   1192   5.486056e+00 -1.626630e+00   
   1193   6.645969e+00 -1.417140e+00   
   1194   4.235767e+00 -1.613609e+00   
   1195   5.753868e+00 -1.604708e+00   
   1196   7.505230e+00 -1.122324e+00   
   1197   6.843318e+00 -1.381534e+00   
   1198   7.700980e+00 -1.055194e+00   
   1199   5.956185e+00 -1.601577e+00   
   1200   4.105300e+00 -1.631489e+00   
   1201   7.038994e+00 -1.337081e+00   
   1202   6.165847e+00 -1.576430e+00   
   1203   7.902087e+00 -9.764814e-01   
   1204   6.360889e+00 -1.551188e+00   
   1205   8.102950e+00 -8.786000e-01   
   1206   7.236135e+00 -1.294127e+00   
   1207   6.566603e+00 -1.519948e+00   
   1208   7.433962e+00 -1.242072e+00   
   1209   4.616997e+00 -1.737859e+00   
   1210   6.763003e+00 -1.484623e+00   
   1211   4.765551e+00 -1.746728e+00   
   1212   5.115209e+00 -1.749964e+00   
   1213   5.316313e+00 -1.744330e+00   
   1214   4.914105e+00 -1.755597e+00   
   1215   4.486104e+00 -1.741599e+00   
   1216   5.612948e+00 -1.722859e+00   
   1217   5.851938e+00 -1.700486e+00   
   1218   4.355211e+00 -1.745340e+00   
   1219   6.965055e+00 -1.448074e+00   
   1220   7.633153e+00 -1.188891e+00   
   1221   6.066935e+00 -1.676694e+00   
   1222   6.271261e+00 -1.650191e+00   
   1223   7.161464e+00 -1.404371e+00   
   1224   4.230255e+00 -1.758459e+00   
   1225   7.834382e+00 -1.119763e+00   
   1226   6.478117e+00 -1.620017e+00   
   1227   8.035367e+00 -1.031467e+00   
   1228   4.105300e+00 -1.771578e+00   
   1229   6.682688e+00 -1.587712e+00   
   1230   7.362693e+00 -1.361819e+00   
   1231   6.885428e+00 -1.552753e+00   
   1232   7.561202e+00 -1.309201e+00   
   1233   5.968024e+00 -1.776959e+00   
   1234   5.472028e+00 -1.841010e+00   
   1235   5.739841e+00 -1.819088e+00   
   1236   6.177686e+00 -1.751812e+00   
   1237   7.086793e+00 -1.514614e+00   
   1238   6.389632e+00 -1.720085e+00   
   1239   4.579279e+00 -1.881272e+00   
   1240   4.458469e+00 -1.880418e+00   
   1241   7.766676e+00 -1.263046e+00   
   1242   6.595345e+00 -1.688845e+00   
   1243   7.287746e+00 -1.473474e+00   
   1244   4.337658e+00 -1.879564e+00   
   1245   4.712952e+00 -1.907780e+00   
   1246   7.967783e+00 -1.184333e+00   
   1247   6.805801e+00 -1.657431e+00   
   1248   4.221479e+00 -1.895615e+00   
   1249   4.846624e+00 -1.934289e+00   
   1250   7.489251e+00 -1.429512e+00   
   1251   5.036132e+00 -1.939432e+00   
   1252   5.225639e+00 -1.944575e+00   
   1253   7.007853e+00 -1.620882e+00   
   1254   6.084110e+00 -1.853432e+00   
   1255   5.865162e+00 -1.892766e+00   
   1256   6.296531e+00 -1.822155e+00   
   1257   4.105300e+00 -1.911667e+00   
   1258   5.627743e+00 -1.937690e+00   
   1259   7.692089e+00 -1.380526e+00   
   1260   6.508003e+00 -1.789979e+00   
   1261   7.212799e+00 -1.585129e+00   
   1262   6.717904e+00 -1.758961e+00   
   1263   7.414028e+00 -1.542578e+00   
   1264   7.900200e+00 -1.337200e+00   
   1265   6.928914e+00 -1.727151e+00   
   1266   5.382739e+00 -2.014632e+00   
   1267   4.541561e+00 -2.024685e+00   
   1268   4.430834e+00 -2.019236e+00   
   1269   4.320106e+00 -2.013788e+00   
   1270   6.203430e+00 -1.924224e+00   
   1271   5.990484e+00 -1.966443e+00   
   1272   7.617501e+00 -1.498006e+00   
   1273   6.415376e+00 -1.892497e+00   
   1274   7.133825e+00 -1.692638e+00   
   1275   5.762301e+00 -2.008572e+00   
   1276   4.212703e+00 -2.032772e+00   
   1277   4.660352e+00 -2.068832e+00   
   1278   6.630007e+00 -1.860491e+00   
   1279   7.338805e+00 -1.655645e+00   
   1280   7.822975e+00 -1.451850e+00   
   1281   6.840463e+00 -1.829077e+00   
   1282   4.105300e+00 -2.051756e+00   
   1283   5.539839e+00 -2.084689e+00   
   1284   4.779144e+00 -2.112980e+00   
   1285   7.541277e+00 -1.611864e+00   
   1286   4.957055e+00 -2.128900e+00   
   1287   4.497886e+00 -2.116723e+00   
   1288   7.054852e+00 -1.800146e+00   
   1289   6.111507e+00 -2.034449e+00   
   1290   6.322749e+00 -1.995016e+00   
   1291   4.399465e+00 -2.116175e+00   
   1292   4.301044e+00 -2.115626e+00   
   1293   5.896858e+00 -2.079454e+00   
   1294   5.134966e+00 -2.144820e+00   
   1295   6.535391e+00 -1.962420e+00   
   1296   4.592231e+00 -2.143619e+00   
   1297   7.745750e+00 -1.566500e+00   
   1298   7.259798e+00 -1.764393e+00   
   1299   6.752012e+00 -1.931002e+00   
   1300   4.686576e+00 -2.170515e+00   
   1301   4.203172e+00 -2.140217e+00   
   1302   5.678008e+00 -2.143139e+00   
   1303   5.293450e+00 -2.188254e+00   
   1304   7.465053e+00 -1.725722e+00   
   1305   6.965963e+00 -1.904280e+00   
   1306   4.105300e+00 -2.164807e+00   
   1307   6.232530e+00 -2.102455e+00   
   1308   4.454210e+00 -2.208761e+00   
   1309   6.440775e+00 -2.064350e+00   
   1310   6.019585e+00 -2.144674e+00   
   1311   4.524110e+00 -2.218406e+00   
   1312   4.368096e+00 -2.213113e+00   
   1313   4.594009e+00 -2.228050e+00   
   1314   7.668525e+00 -1.681150e+00   
   1315   7.180790e+00 -1.873141e+00   
   1316   6.655406e+00 -2.032344e+00   
   1317   4.281983e+00 -2.217464e+00   
   1318   4.753602e+00 -2.246706e+00   
   1319   5.451935e+00 -2.231688e+00   
   1320   5.816176e+00 -2.201589e+00   
   1321   4.662472e+00 -2.270968e+00   
   1322   7.386936e+00 -1.837421e+00   
   1323   4.908660e+00 -2.282128e+00   
   1324   6.877074e+00 -2.008415e+00   
   1325   4.193641e+00 -2.247662e+00   
   1326   4.427507e+00 -2.280044e+00   
   1327   4.499424e+00 -2.287637e+00   
   1328   4.571341e+00 -2.295230e+00   
   1329   5.593715e+00 -2.277706e+00   
   1330   4.347222e+00 -2.286193e+00   
   1331   6.347711e+00 -2.169303e+00   
   1332   6.142311e+00 -2.209894e+00   
   1333   7.591300e+00 -1.795800e+00   
   1334   7.091464e+00 -1.979484e+00   
   1335   5.063718e+00 -2.317550e+00   
   1336   6.558800e+00 -2.133685e+00   
   1337   4.266938e+00 -2.292342e+00   
   1338   4.105300e+00 -2.277859e+00   
   1339   5.939329e+00 -2.259891e+00   
   1340   5.228767e+00 -2.346293e+00   
   1341   6.776574e+00 -2.108821e+00   
   1342   7.308820e+00 -1.949120e+00   
   1343   4.186119e+00 -2.320600e+00   
   1344   5.735494e+00 -2.323725e+00   
   1345   4.400803e+00 -2.351327e+00   
   1346   4.474738e+00 -2.356869e+00   
   1347   4.548673e+00 -2.362410e+00   
   1348   4.638367e+00 -2.371421e+00   
   1349   4.728061e+00 -2.380431e+00   
   1350   4.326348e+00 -2.359273e+00   
   1351   5.393815e+00 -2.375035e+00   
   1352   7.002137e+00 -2.085828e+00   
   1353   7.514075e+00 -1.910450e+00   
   1354   4.105300e+00 -2.348858e+00   
   1355   6.254647e+00 -2.274255e+00   
   1356   4.251893e+00 -2.367219e+00   
   1357   6.462892e+00 -2.236151e+00   
   1358   6.062482e+00 -2.318192e+00   
   1359   6.676073e+00 -2.209226e+00   
   1360   4.378817e+00 -2.406562e+00   
   1361   4.445341e+00 -2.414554e+00   
   1362   4.178597e+00 -2.393538e+00   
   1363   5.859074e+00 -2.375108e+00   
   1364   4.511865e+00 -2.422547e+00   
   1365   4.860266e+00 -2.435356e+00   
   1366   7.225544e+00 -2.059617e+00   
   1367   5.537158e+00 -2.411967e+00   
   1368   4.309863e+00 -2.414354e+00   
   1369   4.589391e+00 -2.439849e+00   
   1370   4.240908e+00 -2.422146e+00   
   1371   6.897741e+00 -2.185298e+00   
   1372   4.666917e+00 -2.457151e+00   
   1373   4.105300e+00 -2.419857e+00   
   1374   7.436850e+00 -2.025100e+00   
   1375   6.366983e+00 -2.338617e+00   
   1376   4.173104e+00 -2.441962e+00   
   1377   4.356832e+00 -2.461796e+00   
   1378   6.171304e+00 -2.379036e+00   
   1379   5.680501e+00 -2.448898e+00   
   1380   4.992471e+00 -2.490280e+00   
   1381   4.415944e+00 -2.472240e+00   
   1382   4.475056e+00 -2.482684e+00   
   1383   4.293377e+00 -2.469434e+00   
   1384   6.573900e+00 -2.310401e+00   
   1385   5.982654e+00 -2.426490e+00   
   1386   5.164083e+00 -2.504332e+00   
   1387   4.105300e+00 -2.461779e+00   
   1388   4.229923e+00 -2.477072e+00   
   1389   4.766553e+00 -2.510313e+00   
   1390   7.142269e+00 -2.170114e+00   
   1391   4.540415e+00 -2.508277e+00   
   1392   4.339188e+00 -2.498948e+00   
   1393   6.793346e+00 -2.284768e+00   
   1394   5.335695e+00 -2.518383e+00   
   1395   4.167612e+00 -2.490386e+00   
   1396   4.387546e+00 -2.512389e+00   
   1397   4.605773e+00 -2.533870e+00   
   1398   5.801356e+00 -2.490603e+00   
   1399   4.280600e+00 -2.513092e+00   
   1400   4.435904e+00 -2.525829e+00   
   1401   4.105300e+00 -2.503700e+00   
   1402   7.359625e+00 -2.139750e+00   
   1403   4.321544e+00 -2.536101e+00   
   1404   4.222012e+00 -2.527236e+00   
   1405   4.866189e+00 -2.563475e+00   
   1406   6.280125e+00 -2.439879e+00   
   1407   5.480601e+00 -2.546227e+00   
   1408   4.165981e+00 -2.526093e+00   
   1409   4.491652e+00 -2.553911e+00   
   1410   4.109950e+00 -2.524950e+00   
   1411   6.471728e+00 -2.411575e+00   
   1412   7.026552e+00 -2.269161e+00   
   1413   4.359147e+00 -2.552537e+00   
   1414   6.087961e+00 -2.483816e+00   
   1415   4.267822e+00 -2.556750e+00   
   1416   4.396751e+00 -2.568974e+00   
   1417   4.672841e+00 -2.585270e+00   
   1418   4.547400e+00 -2.581994e+00   
   1419   4.114600e+00 -2.546200e+00   
   1420   6.684909e+00 -2.384651e+00   
   1421   5.922211e+00 -2.532309e+00   
   1422   4.164350e+00 -2.561800e+00   
   1423   4.309424e+00 -2.577594e+00   
   1424   5.625507e+00 -2.574072e+00   
   1425   4.214100e+00 -2.577400e+00   
   1426   4.442888e+00 -2.599546e+00   
   1427   4.351026e+00 -2.598437e+00   
   1428   5.012359e+00 -2.626978e+00   
   1429   4.259700e+00 -2.602650e+00   
   1430   4.602875e+00 -2.630418e+00   
   1431   6.910835e+00 -2.368209e+00   
   1432   7.282400e+00 -2.254400e+00   
   1433   4.739908e+00 -2.636670e+00   
   1434   5.166357e+00 -2.637266e+00   
   1435   4.489026e+00 -2.630118e+00   
   1436   6.193268e+00 -2.541142e+00   
   1437   5.743638e+00 -2.606099e+00   
   1438   4.393869e+00 -2.630698e+00   
   1439   6.376996e+00 -2.510819e+00   
   1440   4.305300e+00 -2.627900e+00   
   1441   5.320356e+00 -2.647554e+00   
   1442   6.023202e+00 -2.583522e+00   
   1443   6.576473e+00 -2.484534e+00   
   1444   4.892487e+00 -2.672873e+00   
   1445   4.436713e+00 -2.662959e+00   
   1446   4.658351e+00 -2.678842e+00   
   1447   4.344850e+00 -2.661850e+00   
   1448   4.532910e+00 -2.675566e+00   
   1449   5.458823e+00 -2.671308e+00   
   1450   7.155363e+00 -2.353025e+00   
   1451   5.861769e+00 -2.638127e+00   
   1452   6.793098e+00 -2.467463e+00   
   1453   4.384400e+00 -2.695800e+00   
   1454   4.474630e+00 -2.706258e+00   
   1455   4.772616e+00 -2.718767e+00   
   1456   5.597289e+00 -2.695062e+00   
   1457   4.576794e+00 -2.721014e+00   
   1458   6.124193e+00 -2.634735e+00   
   1459   6.282265e+00 -2.610062e+00   
   1460   6.473867e+00 -2.581758e+00   
   1461   7.028325e+00 -2.451650e+00   
   1462   4.687991e+00 -2.749429e+00   
   1463   5.958443e+00 -2.683227e+00   
   1464   4.416350e+00 -2.736950e+00   
   1465   5.712613e+00 -2.717086e+00   
   1466   4.512547e+00 -2.749557e+00   
   1467   5.032246e+00 -2.763676e+00   
   1468   6.675361e+00 -2.566717e+00   
   1469   5.168632e+00 -2.770201e+00   
   1470   4.918785e+00 -2.782270e+00   
   1471   5.305018e+00 -2.776725e+00   
   1472   4.603367e+00 -2.780091e+00   
   1473   5.827936e+00 -2.739110e+00   
   1474   4.448300e+00 -2.778100e+00   
   1475   4.805323e+00 -2.800864e+00   
   1476   6.203868e+00 -2.700104e+00   
   1477   6.901288e+00 -2.550275e+00   
   1478   6.055118e+00 -2.728327e+00   
   1479   4.537333e+00 -2.802470e+00   
   1480   5.437044e+00 -2.796389e+00   
   1481   6.371261e+00 -2.678982e+00   
   1482   4.717632e+00 -2.820016e+00   
   1483   5.920324e+00 -2.774121e+00   
   1484   4.471300e+00 -2.824850e+00   
   1485   6.560540e+00 -2.664642e+00   
   1486   5.569071e+00 -2.816052e+00   
   1487   4.629941e+00 -2.839168e+00   
   1488   4.562120e+00 -2.855384e+00   
   1489   5.681587e+00 -2.828073e+00   
   1490   5.035715e+00 -2.874093e+00   
   1491   6.774250e+00 -2.648900e+00   
   1492   4.925882e+00 -2.878425e+00   
   1493   4.816048e+00 -2.882757e+00   
   1494   6.125471e+00 -2.790146e+00   
   1495   4.494300e+00 -2.871600e+00   
   1496   6.012711e+00 -2.809132e+00   
   1497   6.283543e+00 -2.765473e+00   
   1498   5.794104e+00 -2.840094e+00   
   1499   5.166503e+00 -2.885242e+00   
   1500   4.729607e+00 -2.892549e+00   
   1501   5.297290e+00 -2.896392e+00   
   1502   4.643165e+00 -2.902341e+00   
   1503   6.445718e+00 -2.762566e+00   
   1504   4.575283e+00 -2.912195e+00   
   1505   5.882204e+00 -2.865016e+00   
   1506   4.507400e+00 -2.922050e+00   
   1507   5.430317e+00 -2.921478e+00   
   1508   6.647213e+00 -2.747525e+00   
   1509   6.079164e+00 -2.859781e+00   
   1510   6.195824e+00 -2.851964e+00   
   1511   5.970305e+00 -2.889937e+00   
   1512   4.826774e+00 -2.964650e+00   
   1513   4.741582e+00 -2.965082e+00   
   1514   4.656390e+00 -2.965513e+00   
   1515   5.563344e+00 -2.946565e+00   
   1516   4.932979e+00 -2.974580e+00   
   1517   4.588445e+00 -2.969007e+00   
   1518   5.676007e+00 -2.941555e+00   
   1519   4.520500e+00 -2.972500e+00   
   1520   5.788669e+00 -2.936545e+00   
   1521   6.338340e+00 -2.855124e+00   
   1522   5.039184e+00 -2.984509e+00   
   1523   5.164373e+00 -3.000283e+00   
   1524   5.872116e+00 -2.948130e+00   
   1525   6.145617e+00 -2.910430e+00   
   1526   6.032857e+00 -2.929417e+00   
   1527   6.520175e+00 -2.846150e+00   
   1528   5.289563e+00 -3.016058e+00   
   1529   5.955563e+00 -2.959715e+00   
   1530   4.523250e+00 -3.024550e+00   
   1531   4.591281e+00 -3.028069e+00   
   1532   4.659312e+00 -3.031589e+00   
   1533   4.741945e+00 -3.039032e+00   
   1534   4.824577e+00 -3.046475e+00   
   1535   6.095409e+00 -2.968896e+00   
   1536   6.230962e+00 -2.947682e+00   
   1537   6.011807e+00 -2.982651e+00   
   1538   5.423590e+00 -3.046567e+00   
   1539   4.927512e+00 -3.071362e+00   
   1540   5.783235e+00 -3.032996e+00   
   1541   6.393137e+00 -2.944775e+00   
   1542   5.862028e+00 -3.031245e+00   
   1543   4.526000e+00 -3.076600e+00   
   1544   6.068050e+00 -3.005587e+00   
   1545   6.183534e+00 -2.988951e+00   
   1546   5.670426e+00 -3.055036e+00   
   1547   5.940822e+00 -3.029494e+00   
   1548   4.594118e+00 -3.087132e+00   
   1549   5.030448e+00 -3.096250e+00   
   1550   5.557618e+00 -3.077077e+00   
   1551   4.662235e+00 -3.097665e+00   
   1552   5.990757e+00 -3.035886e+00   
   1553   5.152290e+00 -3.110048e+00   
   1554   4.742308e+00 -3.112982e+00   
   1555   6.040691e+00 -3.042279e+00   
   1556   6.136107e+00 -3.030221e+00   
   1557   4.822380e+00 -3.128300e+00   
   1558   5.274133e+00 -3.123846e+00   
   1559   4.518200e+00 -3.128100e+00   
   1560   6.099687e+00 -3.057792e+00   
   1561   4.585701e+00 -3.143527e+00   
   1562   5.956893e+00 -3.089998e+00   
   1563   6.266100e+00 -3.043400e+00   
   1564   5.884354e+00 -3.099577e+00   
   1565   5.811815e+00 -3.109157e+00   
   1566   5.390234e+00 -3.147784e+00   
   1567   6.010080e+00 -3.087680e+00   
   1568   4.653203e+00 -3.158955e+00   
   1569   6.063267e+00 -3.085363e+00   
   1570   4.922046e+00 -3.168145e+00   
   1571   6.221452e+00 -3.067473e+00   
   1572   5.719781e+00 -3.136876e+00   
   1573   4.727525e+00 -3.178440e+00   
   1574   6.176804e+00 -3.091545e+00   
   1575   4.510400e+00 -3.179600e+00   
   1576   5.506336e+00 -3.171723e+00   
   1577   5.627747e+00 -3.164594e+00   
   1578   4.801846e+00 -3.197926e+00   
   1579   6.131324e+00 -3.109996e+00   
   1580   4.577285e+00 -3.199922e+00   
   1581   5.021712e+00 -3.207990e+00   
   1582   6.085843e+00 -3.128446e+00   
   1583   6.029404e+00 -3.139475e+00   
   1584   5.972965e+00 -3.150503e+00   
   1585   5.140207e+00 -3.219812e+00   
   1586   4.644171e+00 -3.220244e+00   
   1587   5.906680e+00 -3.167910e+00   
   1588   4.884359e+00 -3.233070e+00   
   1589   5.840395e+00 -3.185318e+00   
   1590   5.258703e+00 -3.231634e+00   
   1591   4.492450e+00 -3.228550e+00   
   1592   4.712741e+00 -3.243898e+00   
   1593   5.356878e+00 -3.249002e+00   
   1594   5.769135e+00 -3.218715e+00   
   1595   6.267801e+00 -3.152036e+00   
   1596   6.314650e+00 -3.144000e+00   
   1597   6.220952e+00 -3.160073e+00   
   1598   6.170662e+00 -3.169548e+00   
   1599   4.561649e+00 -3.257628e+00   
   1600   5.576102e+00 -3.240857e+00   
   1601   6.120372e+00 -3.179023e+00   
   1602   4.966873e+00 -3.268215e+00   
   1603   4.781312e+00 -3.267551e+00   
   1604   6.060377e+00 -3.190537e+00   
   1605   6.000382e+00 -3.202051e+00   
   1606   5.455054e+00 -3.266370e+00   
   1607   5.937190e+00 -3.223030e+00   
   1608   5.697876e+00 -3.252112e+00   
   1609   4.474500e+00 -3.277500e+00   
   1610   4.630848e+00 -3.286706e+00   
   1611   4.846673e+00 -3.297995e+00   
   1612   5.052223e+00 -3.298261e+00   
   1613   5.873998e+00 -3.244009e+00   
   1614   4.697697e+00 -3.310622e+00   
   1615   5.157907e+00 -3.316068e+00   
   1616   6.154900e+00 -3.229600e+00   
   1617   4.546012e+00 -3.315334e+00   
   1618   6.091350e+00 -3.241600e+00   
   1619   5.811343e+00 -3.278732e+00   
   1620   6.027800e+00 -3.253600e+00   
   1621   4.912034e+00 -3.328439e+00   
   1622   4.999654e+00 -3.329971e+00   
   1623   6.210000e+00 -3.229100e+00   
   1624   4.764546e+00 -3.334538e+00   
   1625   5.524457e+00 -3.317120e+00   
   1626   6.265100e+00 -3.228600e+00   
   1627   5.263592e+00 -3.333875e+00   
   1628   5.645868e+00 -3.309991e+00   
   1629   5.348637e+00 -3.332183e+00   
   1630   5.967700e+00 -3.278150e+00   
   1631   5.433682e+00 -3.330492e+00   
   1632   5.748688e+00 -3.313456e+00   
   1633   6.314150e+00 -3.236600e+00   
   1634   4.617524e+00 -3.353168e+00   
   1635   4.826025e+00 -3.360202e+00   
   1636   5.907600e+00 -3.302700e+00   
   1637   4.947085e+00 -3.361680e+00   
   1638   4.437826e+00 -3.355010e+00   
   1639   6.363200e+00 -3.244600e+00   
   1640   4.682652e+00 -3.377346e+00   
   1641   4.887505e+00 -3.385866e+00   
   1642   5.082734e+00 -3.388531e+00   
   1643   5.853550e+00 -3.338750e+00   
   1644   5.032435e+00 -3.391726e+00   
   1645   5.593860e+00 -3.367870e+00   
   1646   4.982136e+00 -3.394922e+00   
   1647   5.493966e+00 -3.378871e+00   
   1648   5.699909e+00 -3.365421e+00   
   1649   4.747780e+00 -3.401524e+00   
   1650   4.522814e+00 -3.395819e+00   
   1651   5.412309e+00 -3.394614e+00   
   1652   4.928741e+00 -3.413731e+00   
   1653   5.175608e+00 -3.412324e+00   
   1654   5.799500e+00 -3.374800e+00   
   1655   4.805378e+00 -3.422409e+00   
   1656   5.340395e+00 -3.415365e+00   
   1657   4.969977e+00 -3.441595e+00   
   1658   5.268481e+00 -3.436116e+00   
   1659   4.607801e+00 -3.436628e+00   
   1660   4.862975e+00 -3.443293e+00   
   1661   5.020323e+00 -3.446705e+00   
   1662   5.651130e+00 -3.417385e+00   
   1663   4.401153e+00 -3.432521e+00   
   1664   5.554250e+00 -3.427250e+00   
   1665   5.070670e+00 -3.451814e+00   
   1666   5.463474e+00 -3.440621e+00   
   1667   4.672930e+00 -3.456561e+00   
   1668   5.753950e+00 -3.420850e+00   
   1669   4.910396e+00 -3.465781e+00   
   1670   4.738058e+00 -3.476494e+00   
   1671   5.147576e+00 -3.477991e+00   
   1672   4.499616e+00 -3.476304e+00   
   1673   4.957817e+00 -3.488269e+00   
   1674   4.793278e+00 -3.492576e+00   
   1675   5.402630e+00 -3.481573e+00   
   1676   5.008212e+00 -3.501683e+00   
   1677   5.613550e+00 -3.474125e+00   
   1678   5.708400e+00 -3.466900e+00   
   1679   5.514640e+00 -3.486629e+00   
   1680   4.848498e+00 -3.508658e+00   
   1681   5.224483e+00 -3.504167e+00   
   1682   5.058606e+00 -3.515097e+00   
   1683   4.895591e+00 -3.526337e+00   
   1684   4.598078e+00 -3.520088e+00   
   1685   5.341785e+00 -3.522524e+00   
   1686   4.663208e+00 -3.535775e+00   
   1687   4.942684e+00 -3.544016e+00   
   1688   5.119545e+00 -3.543657e+00   
   1689   5.672850e+00 -3.521000e+00   
   1690   4.728337e+00 -3.551463e+00   
   1691   5.575970e+00 -3.530865e+00   
   1692   4.990979e+00 -3.558154e+00   
   1693   4.781179e+00 -3.562743e+00   
   1694   5.464865e+00 -3.547781e+00   
   1695   4.347915e+00 -3.545041e+00   
   1696   5.039273e+00 -3.572292e+00   
   1697   4.834021e+00 -3.574023e+00   
   1698   5.180485e+00 -3.572218e+00   
   1699   5.286317e+00 -3.570745e+00   
   1700   4.880786e+00 -3.586893e+00   
   1701   4.927551e+00 -3.599763e+00   
   1702   5.093750e+00 -3.598566e+00   
   1703   4.484802e+00 -3.588342e+00   
   1704   5.637300e+00 -3.575100e+00   
   1705   5.539057e+00 -3.591715e+00   
   1706   4.973746e+00 -3.614625e+00   
   1707   5.415090e+00 -3.608932e+00   
   1708   5.230849e+00 -3.618966e+00   
   1709   5.148228e+00 -3.624839e+00   
   1710   5.019940e+00 -3.629487e+00   
   1711   4.728118e+00 -3.634181e+00   
   1712   4.674904e+00 -3.632913e+00   
   1713   4.621689e+00 -3.631644e+00   
   1714   4.776040e+00 -3.637196e+00   
   1715   4.823961e+00 -3.640211e+00   
   1716   5.348152e+00 -3.637324e+00   
   1717   4.868968e+00 -3.648046e+00   
   1718   5.067955e+00 -3.653474e+00   
   1719   4.913976e+00 -3.655881e+00   
   1720   5.613250e+00 -3.635650e+00   
   1721   4.958048e+00 -3.668688e+00   
   1722   5.194911e+00 -3.665629e+00   
   1723   5.502145e+00 -3.652566e+00   
   1724   5.281214e+00 -3.665715e+00   
   1725   5.115971e+00 -3.677460e+00   
   1726   5.002120e+00 -3.681494e+00   
   1727   4.294676e+00 -3.657560e+00   
   1728   5.419807e+00 -3.689089e+00   
   1729   5.045753e+00 -3.702662e+00   
   1730   4.813900e+00 -3.706400e+00   
   1731   4.857150e+00 -3.709200e+00   
   1732   5.362161e+00 -3.699075e+00   
   1733   5.241593e+00 -3.706419e+00   
   1734   4.900400e+00 -3.712000e+00   
   1735   4.469988e+00 -3.700380e+00   
   1736   4.770900e+00 -3.711650e+00   
   1737   5.158972e+00 -3.712292e+00   
   1738   5.304515e+00 -3.709061e+00   
   1739   4.727900e+00 -3.716900e+00   
   1740   5.589200e+00 -3.696200e+00   
   1741   4.942350e+00 -3.722750e+00   
   1742   5.089386e+00 -3.723830e+00   
   1743   4.984300e+00 -3.733500e+00   
   1744   4.686600e+00 -3.730050e+00   
   1745   5.499504e+00 -3.716919e+00   
   1746   4.645300e+00 -3.743200e+00   
   1747   5.201973e+00 -3.747123e+00   
   1748   5.023550e+00 -3.751850e+00   
   1749   5.272127e+00 -3.747416e+00   
   1750   5.128486e+00 -3.753921e+00   
   1751   5.327816e+00 -3.752407e+00   
   1752   5.579200e+00 -3.744750e+00   
   1753   5.062800e+00 -3.770200e+00   
   1754   5.376170e+00 -3.760826e+00   
   1755   5.424524e+00 -3.769245e+00   
   1756   5.167587e+00 -3.784012e+00   
   1757   5.239740e+00 -3.785771e+00   
   1758   5.302661e+00 -3.788413e+00   
   1759   5.098000e+00 -3.795550e+00   
   1760   4.241438e+00 -3.770080e+00   
   1761   5.496862e+00 -3.781273e+00   
   1762   4.404919e+00 -3.797465e+00   
   1763   5.569200e+00 -3.793300e+00   
   1764   5.201395e+00 -3.819010e+00   
   1765   5.133200e+00 -3.820900e+00   
   1766   5.353960e+00 -3.817103e+00   
   1767   5.277507e+00 -3.824419e+00   
   1768   4.568400e+00 -3.824850e+00   
   1769   5.163050e+00 -3.852250e+00   
   1770   5.405259e+00 -3.845794e+00   
   1771   5.235204e+00 -3.854009e+00   
   1772   5.485979e+00 -3.852097e+00   
   1773   5.566700e+00 -3.858400e+00   
   1774   5.331750e+00 -3.873380e+00   
   1775   5.192900e+00 -3.883600e+00   
   1776   5.277250e+00 -3.903190e+00   
   1777   4.188200e+00 -3.882600e+00   
   1778   4.339850e+00 -3.894550e+00   
   1779   4.491500e+00 -3.906500e+00   
   1780   5.385993e+00 -3.922342e+00   
   1781   5.222750e+00 -3.933000e+00   
   1782   5.475096e+00 -3.922921e+00   
   1783   5.564200e+00 -3.923500e+00   
   1784   5.319297e+00 -3.952371e+00   
   1785   5.252600e+00 -3.982400e+00   
   1786   5.396461e+00 -4.021694e+00   
   1787   5.479559e+00 -4.035694e+00   
   1788   5.562657e+00 -4.049695e+00   
   1789   5.329456e+00 -4.071647e+00   
   1790   5.262450e+00 -4.121600e+00   
   1791   5.406930e+00 -4.121045e+00   
   1792   5.484022e+00 -4.148468e+00   
   1793   5.561114e+00 -4.175891e+00   
   1794   5.339615e+00 -4.190923e+00   
   1795   5.272300e+00 -4.260800e+00   
   1796   5.449236e+00 -4.275684e+00   
   1797   5.558857e+00 -4.360445e+00   
   1798   5.414450e+00 -4.402900e+00   
   1799   5.556600e+00 -4.545000e+00   
  END_COORDINATES
  BOUNDARIES, ELEMENT
    1         1777     1779     1778         1     
    2         1779     1746     1768         1     
    3         1727     1777     1760         1     
    4         1419     1425     1422         2     
    5         1401     1419     1410         2     
    6         1373     1401     1387         3     
    7         1626     1639     1633         4     
    8         1639     1563     1596         4     
    9         1616     1626     1623         5     
    10         1620     1616     1618         6     
    11         1636     1620     1630         7     
    12         1654     1636     1643         8     
    13         1678     1654     1668         9     
    14         1704     1678     1689         10     
    15         1740     1704     1720         11     
    16         1763     1740     1752         12     
    17         1783     1763     1773         13     
    18         1338     1373     1354         14     
    19         1282     1338     1306         15     
    20         1663     1727     1695         16     
    21         1746     1739     1744         17     
    22         1739     1730     1736         18     
    23         1730     1734     1731         19     
    24         1734     1743     1741         20     
    25         1743     1753     1748         21     
    26         1753     1765     1759         22     
    27         1765     1775     1769         23     
    28         1775     1785     1781         24     
    29         1609     1663     1638         25     
    30         1575     1609     1591         26     
    31         1543     1575     1559         27     
    32         1519     1543     1530         28     
    33         1495     1519     1506         29     
    34         1474     1495     1484         30     
    35         1453     1474     1464         31     
    36         1440     1453     1447         32     
    37         1425     1440     1429         33     
    38         1793     1783     1788         34     
    39         1795     1799     1798         35     
    40         1799     1793     1797         35     
    41         1785     1795     1790         36     
    42         1228     1282     1257         37     
    43         1169     1228     1200         38     
    44         1087     1169     1132         39     
    45         998     1087     1045         40     
    46         904     998     952         41     
    47         818     904     860         42     
    48         744     818     781         43     
    49         672     744     708         44     
    50         599     672     636         45     
    51         511     599     556         46     
    52         434     511     469         47     
    53         375     434     400         48     
    54         326     375     353         49     
    55         274     326     296         50     
    56         231     274     253         51     
    57         185     231     208         52     
    58         139     185     161         53     
    59         96     139     116         54     
    60         63     96     78         55     
    61         39     63     52         56     
    62         9     39     19         57     
    63         1     9     3         58     
    64         6     1     2         59     
    65         23     6     14         60     
    66         54     23     37         61     
    67         95     54     74         62     
    68         151     95     122         63     
    69         203     151     177         64     
    70         243     203     223         65     
    71         284     243     263         66     
    72         328     284     306         67     
    73         372     328     349         68     
    74         419     372     395         69     
    75         474     419     446         70     
    76         551     474     508         71     
    77         612     551     582         72     
    78         670     612     640         73     
    79         728     670     697         74     
    80         772     728     750         75     
    81         816     772     793         76     
    82         871     816     844         77     
    83         931     871     898         78     
    84         984     931     959         79     
    85         1036     984     1013         80     
    86         1093     1036     1063         81     
    87         1146     1093     1120         82     
    88         1187     1146     1165         83     
    89         1227     1187     1205         84     
    90         1264     1227     1246         85     
    91         1297     1264     1280         86     
    92         1333     1297     1314         87     
    93         1374     1333     1353         88     
    94         1432     1374     1402         89     
    95         1461     1432     1450         90     
    96         1491     1461     1477         91     
    97         1527     1491     1508         92     
    98         1563     1527     1541         93     
  END_BOUNDARIES
  MATERIALS, NUMBER= 1, DEFAULT=1
  END_MATERIALS
  SUBDOMAINS
  END_SUBDOMAINS
  CHARACTERISTICS
  END_CHARACTERISTICS
