  NODES_PER_ELEMENT
   1 4
   2 4
   3 4
   4 4
   5 4
   6 4
   7 4
   8 4
   9 4
   10 4
   11 4
   12 4
   13 4
   14 4
   15 4
   16 4
   17 4
   18 4
   19 4
   20 4
   21 4
   22 4
   23 4
   24 4
   25 4
   26 4
   27 4
   28 4
   29 4
   30 4
   31 4
   32 4
   33 4
   34 4
   35 4
   36 4
   37 4
   38 4
   39 4
   40 4
   41 4
   42 4
   43 4
   44 4
   45 4
   46 4
   47 4
   48 4
   49 4
   50 4
   51 4
   52 4
   53 4
   54 4
   55 4
   56 4
   57 4
   58 4
   59 4
   60 4
   61 4
   62 4
   63 4
   64 4
   65 4
   66 4
   67 4
   68 4
   69 4
   70 4
   71 4
   72 4
   73 4
   74 4
   75 4
   76 4
   77 4
   78 4
   79 4
   80 4
   81 4
   82 4
   83 4
   84 4
   85 4
   86 4
   87 4
   88 4
   89 4
   90 4
   91 4
   92 4
   93 4
   94 4
   95 4
   96 4
   97 4
   98 4
   99 4
   100 4
   101 4
   102 4
   103 4
   104 4
   105 4
   106 4
   107 4
   108 4
   109 4
   110 4
   111 4
   112 4
   113 4
   114 4
   115 4
   116 4
   117 4
   118 4
   119 4
   120 4
   121 4
   122 4
   123 4
   124 4
   125 4
   126 4
   127 4
   128 4
   129 4
   130 4
   131 4
   132 4
   133 4
   134 4
   135 4
   136 4
   137 4
   138 4
   139 4
   140 4
   141 4
   142 4
   143 4
   144 4
   145 4
   146 4
   147 4
   148 4
   149 4
   150 4
   151 4
   152 4
   153 4
   154 4
   155 4
   156 4
   157 4
   158 4
   159 4
   160 4
   161 4
   162 4
   163 4
   164 4
   165 4
   166 4
   167 4
   168 4
   169 4
   170 4
   171 4
   172 4
   173 4
   174 4
   175 4
   176 4
   177 4
   178 4
   179 4
   180 4
   181 4
   182 4
   183 4
   184 4
   185 4
   186 4
   187 4
   188 4
   189 4
   190 4
   191 4
   192 4
   193 4
   194 4
   195 4
   196 4
   197 4
   198 4
   199 4
   200 4
   201 4
   202 4
   203 4
  END_NODES_PER_ELEMENT
  ELEMENTS
  1 198 188 185 196  
  2 188 179 174 185  
  3 209 198 196 206  
  4 218 209 206 215  
  5 224 218 215 220  
  6 226 224 220 221  
  7 228 226 221 223  
  8 227 228 223 219  
  9 225 227 219 217  
  10 222 225 217 213  
  11 216 222 213 207  
  12 210 216 207 200  
  13 179 164 162 174  
  14 164 153 152 162  
  15 153 142 139 152  
  16 142 129 125 139  
  17 129 116 113 125  
  18 116 105 101 113  
  19 105 94 90 101  
  20 94 82 78 90  
  21 82 70 66 78  
  22 70 60 57 66  
  23 60 52 48 57  
  24 52 43 40 48  
  25 43 34 30 40  
  26 34 22 20 30  
  27 22 12 10 20  
  28 12 4 5 10  
  29 4 1 2 5  
  30 1 3 6 2  
  31 3 16 14 6  
  32 16 25 23 14  
  33 25 35 33 23  
  34 35 45 42 33  
  35 45 54 51 42  
  36 54 69 62 51  
  37 69 84 79 62  
  38 84 102 96 79  
  39 102 112 108 96  
  40 112 124 119 108  
  41 124 137 128 119  
  42 137 146 141 128  
  43 146 154 151 141  
  44 154 165 155 151  
  45 165 175 166 155  
  46 175 189 176 166  
  47 189 201 190 176  
  48 201 210 200 190  
  49 141 151 140 132  
  50 128 141 132 126  
  51 119 128 126 117  
  52 108 119 117 106  
  53 96 108 106 91  
  54 151 155 150 140  
  55 79 96 91 75  
  56 155 166 158 150  
  57 166 176 167 158  
  58 176 190 177 167  
  59 190 200 187 177  
  60 200 207 197 187  
  61 207 213 204 197  
  62 213 217 208 204  
  63 217 219 211 208  
  64 219 223 212 211  
  65 220 215 214 221  
  66 223 221 214 212  
  67 215 206 205 214  
  68 206 196 195 205  
  69 196 185 183 195  
  70 185 174 171 183  
  71 174 162 160 171  
  72 162 152 149 160  
  73 152 139 136 149  
  74 139 125 123 136  
  75 125 113 110 123  
  76 113 101 99 110  
  77 101 90 88 99  
  78 90 78 74 88  
  79 78 66 65 74  
  80 66 57 55 65  
  81 57 48 47 55  
  82 48 40 38 47  
  83 40 30 28 38  
  84 30 20 18 28  
  85 20 10 11 18  
  86 10 5 8 11  
  87 5 2 7 8  
  88 2 6 9 7  
  89 6 14 17 9  
  90 14 23 24 17  
  91 23 33 32 24  
  92 33 42 41 32  
  93 42 51 49 41  
  94 62 79 75 59  
  95 51 62 59 49  
  96 212 214 205 203  
  97 211 212 203 202  
  98 208 211 202 199  
  99 205 195 193 203  
  100 195 183 180 193  
  101 183 171 169 180  
  102 171 160 156 169  
  103 160 149 144 156  
  104 149 136 133 144  
  105 136 123 118 133  
  106 123 110 107 118  
  107 110 99 97 107  
  108 99 88 85 97  
  109 88 74 71 85  
  110 74 65 63 71  
  111 65 55 53 63  
  112 55 47 44 53  
  113 47 38 36 44  
  114 38 28 27 36  
  115 28 18 19 27  
  116 18 11 13 19  
  117 11 8 7 13  
  118 7 9 15 13  
  119 9 17 21 15  
  120 17 24 26 21  
  121 13 15 21 19  
  122 24 32 31 26  
  123 32 41 39 31  
  124 204 208 199 194  
  125 41 49 50 39  
  126 49 59 61 50  
  127 59 75 77 61  
  128 75 91 93 77  
  129 91 106 109 93  
  130 106 117 120 109  
  131 117 126 132 120  
  132 132 140 127 120  
  133 140 150 138 127  
  134 150 158 148 138  
  135 158 167 159 148  
  136 167 177 168 159  
  137 177 187 178 168  
  138 197 204 194 186  
  139 187 197 186 178  
  140 21 26 31 29  
  141 19 21 29 27  
  142 120 127 111 109  
  143 127 138 121 111  
  144 202 203 193 192  
  145 199 202 192 191  
  146 194 199 191 184  
  147 138 148 135 121  
  148 186 194 184 182  
  149 178 186 182 173  
  150 168 178 173 163  
  151 148 159 147 135  
  152 159 168 163 147  
  153 36 27 29 37  
  154 29 31 39 37  
  155 44 36 37 46  
  156 37 39 50 46  
  157 93 109 111 98  
  158 77 93 98 81  
  159 61 77 81 68  
  160 193 180 181 192  
  161 191 192 181 184  
  162 180 169 170 181  
  163 169 156 157 170  
  164 156 144 143 157  
  165 144 133 130 143  
  166 133 118 115 130  
  167 118 107 103 115  
  168 107 97 95 103  
  169 97 85 83 95  
  170 85 71 72 83  
  171 71 63 64 72  
  172 63 53 56 64  
  173 53 44 46 56  
  174 64 56 58 67  
  175 72 64 67 76  
  176 83 72 76 86  
  177 95 83 86 92  
  178 103 95 92 100  
  179 115 103 100 114  
  180 130 115 114 131  
  181 143 130 131 145  
  182 157 143 145 161  
  183 170 157 161 172  
  184 181 170 172 184  
  185 182 184 172 173  
  186 111 121 104 98  
  187 121 135 122 104  
  188 135 147 134 122  
  189 163 173 172 161  
  190 163 161 145 147  
  191 147 145 131 134  
  192 61 68 58 50  
  193 50 58 56 46  
  194 81 98 104 87  
  195 68 81 87 73  
  196 58 68 73 67  
  197 100 92 86 89  
  198 86 76 80 89  
  199 80 73 87 89  
  200 89 87 104 100  
  201 100 104 122 114  
  202 114 122 134 131  
  203 76 67 73 80  
  END_ELEMENTS  
  COORDINATES  
   1   5.406780e+00 -4.134105e+00   
   2   5.459265e+00 -3.688334e+00   
   3   5.915254e+00 -4.092001e+00   
   4   4.921828e+00 -3.959596e+00   
   5   5.135261e+00 -3.596049e+00   
   6   5.823543e+00 -3.648625e+00   
   7   5.463531e+00 -3.387172e+00   
   8   5.253619e+00 -3.390593e+00   
   9   5.728733e+00 -3.328379e+00   
   10   4.891860e+00 -3.374598e+00   
   11   5.152098e+00 -3.208457e+00   
   12   4.564307e+00 -3.636364e+00   
   13   5.412507e+00 -3.141382e+00   
   14   6.180417e+00 -3.491049e+00   
   15   5.635128e+00 -3.118513e+00   
   16   6.423729e+00 -3.868619e+00   
   17   5.978007e+00 -3.178719e+00   
   18   5.050407e+00 -2.927255e+00   
   19   5.389306e+00 -2.871284e+00   
   20   4.711274e+00 -3.068574e+00   
   21   5.753459e+00 -2.904430e+00   
   22   4.348283e+00 -3.313131e+00   
   23   6.486593e+00 -3.272608e+00   
   24   6.244230e+00 -2.998404e+00   
   25   6.762712e+00 -3.624394e+00   
   26   6.036106e+00 -2.820701e+00   
   27   5.330168e+00 -2.530721e+00   
   28   4.941699e+00 -2.581621e+00   
   29   5.717882e+00 -2.540329e+00   
   30   4.549755e+00 -2.686539e+00   
   31   6.089051e+00 -2.570558e+00   
   32   6.435216e+00 -2.731341e+00   
   33   6.759015e+00 -2.976587e+00   
   34   4.129268e+00 -2.828283e+00   
   35   7.101695e+00 -3.294210e+00   
   36   5.259114e+00 -2.158763e+00   
   37   5.698850e+00 -2.155606e+00   
   38   4.835276e+00 -2.199902e+00   
   39   6.156135e+00 -2.197260e+00   
   40   4.416780e+00 -2.267679e+00   
   41   6.595976e+00 -2.378010e+00   
   42   7.007347e+00 -2.609036e+00   
   43   3.979964e+00 -2.343434e+00   
   44   5.150276e+00 -1.767128e+00   
   45   7.440678e+00 -2.857346e+00   
   46   5.621352e+00 -1.731795e+00   
   47   4.726104e+00 -1.817382e+00   
   48   4.310403e+00 -1.861140e+00   
   49   6.752167e+00 -1.961639e+00   
   50   6.186091e+00 -1.681749e+00   
   51   7.212004e+00 -2.217461e+00   
   52   3.874526e+00 -1.858586e+00   
   53   5.015449e+00 -1.402145e+00   
   54   7.653055e+00 -2.505051e+00   
   55   4.615951e+00 -1.454494e+00   
   56   5.428139e+00 -1.337507e+00   
   57   4.224202e+00 -1.500913e+00   
   58   5.838580e+00 -1.223380e+00   
   59   6.988497e+00 -1.552474e+00   
   60   3.828601e+00 -1.535354e+00   
   61   6.536987e+00 -1.283687e+00   
   62   7.426737e+00 -1.788439e+00   
   63   4.878559e+00 -1.060256e+00   
   64   5.240684e+00 -9.962912e-01   
   65   4.517096e+00 -1.116923e+00   
   66   4.154142e+00 -1.169028e+00   
   67   5.578723e+00 -8.972798e-01   
   68   6.161364e+00 -9.769834e-01   
   69   7.883907e+00 -2.020202e+00   
   70   3.782677e+00 -1.212121e+00   
   71   4.790108e+00 -7.629082e-01   
   72   5.120875e+00 -7.146762e-01   
   73   5.848111e+00 -7.227030e-01   
   74   4.450825e+00 -8.077069e-01   
   75   7.209330e+00 -1.158392e+00   
   76   5.417520e+00 -6.526183e-01   
   77   6.811997e+00 -9.235419e-01   
   78   4.105649e+00 -8.537901e-01   
   79   7.622538e+00 -1.363620e+00   
   80   5.635407e+00 -5.806400e-01   
   81   6.419383e+00 -6.628924e-01   
   82   3.757988e+00 -8.888889e-01   
   83   5.049474e+00 -4.497517e-01   
   84   8.055274e+00 -1.535354e+00   
   85   4.742119e+00 -4.815322e-01   
   86   5.347017e+00 -4.194121e-01   
   87   6.028891e+00 -4.374440e-01   
   88   4.408237e+00 -5.100485e-01   
   89   5.640590e+00 -3.665987e-01   
   90   4.073783e+00 -5.399303e-01   
   91   7.414288e+00 -7.939306e-01   
   92   5.319394e+00 -2.175484e-01   
   93   7.055877e+00 -5.763238e-01   
   94   3.733300e+00 -5.656566e-01   
   95   5.048178e+00 -2.027993e-01   
   96   7.779302e+00 -9.598314e-01   
   97   4.720658e+00 -2.034204e-01   
   98   6.675282e+00 -3.136005e-01   
   99   4.386322e+00 -2.164122e-01   
   100   5.578016e+00 -3.169149e-02   
   101   4.057299e+00 -2.305264e-01   
   102   8.175171e+00 -1.050505e+00   
   103   5.118474e+00  5.583412e-02   
   104   6.207891e+00 -5.150436e-03   
   105   3.726789e+00 -2.424242e-01   
   106   7.579872e+00 -4.766144e-01   
   107   4.754845e+00  7.825958e-02   
   108   7.887223e+00 -6.226472e-01   
   109   7.296535e+00 -2.709681e-01   
   110   4.399211e+00  8.022357e-02   
   111   6.998045e+00 -1.564179e-02   
   112   8.219452e+00 -7.272727e-01   
   113   4.059221e+00  7.910575e-02   
   114   5.603733e+00  3.750060e-01   
   115   5.175677e+00  3.778819e-01   
   116   3.720279e+00  8.080808e-02   
   117   7.721443e+00 -2.189118e-01   
   118   4.801922e+00  3.859870e-01   
   119   7.966459e+00 -3.247661e-01   
   120   7.515550e+00 -3.069073e-02   
   121   6.702230e+00  2.964344e-01   
   122   6.066889e+00  4.410951e-01   
   123   4.428928e+00  3.863719e-01   
   124   8.263734e+00 -4.040404e-01   
   125   4.076483e+00  3.936153e-01   
   126   7.817692e+00 -4.554060e-02   
   127   7.318135e+00  2.255671e-01   
   128   8.005544e+00 -5.925994e-02   
   129   3.731181e+00  4.040404e-01   
   130   5.246153e+00  7.102564e-01   
   131   5.636500e+00  7.143203e-01   
   132   7.731701e+00  1.326762e-01   
   133   4.848239e+00  7.014346e-01   
   134   5.977788e+00  7.305843e-01   
   135   6.478145e+00  6.639406e-01   
   136   4.471624e+00  7.026280e-01   
   137   8.268774e+00 -8.080808e-02   
   138   7.108884e+00  5.322473e-01   
   139   4.105341e+00  7.129759e-01   
   140   7.614393e+00  3.981072e-01   
   141   7.979170e+00  2.088289e-01   
   142   3.742084e+00  7.272727e-01   
   143   5.324195e+00  1.047389e+00   
   144   4.923354e+00  1.038314e+00   
   145   5.750315e+00  1.056016e+00   
   146   8.273813e+00  2.424242e-01   
   147   6.231783e+00  1.036782e+00   
   148   6.913486e+00  8.818954e-01   
   149   4.532570e+00  1.035613e+00   
   150   7.476093e+00  7.145150e-01   
   151   7.916830e+00  5.051090e-01   
   152   4.154041e+00  1.049134e+00   
   153   3.771691e+00  1.050505e+00   
   154   8.239041e+00  5.656566e-01   
   155   7.824436e+00  8.363748e-01   
   156   4.996874e+00  1.392952e+00   
   157   5.394555e+00  1.408772e+00   
   158   7.313781e+00  1.072755e+00   
   159   6.726704e+00  1.254061e+00   
   160   4.601832e+00  1.391188e+00   
   161   5.797192e+00  1.436762e+00   
   162   4.206561e+00  1.397444e+00   
   163   6.203786e+00  1.487271e+00   
   164   3.801297e+00  1.373737e+00   
   165   8.204270e+00  8.888889e-01   
   166   7.700550e+00  1.236986e+00   
   167   7.151001e+00  1.457392e+00   
   168   6.610548e+00  1.640173e+00   
   169   5.067218e+00  1.754692e+00   
   170   5.453508e+00  1.766116e+00   
   171   4.675928e+00  1.763305e+00   
   172   5.830234e+00  1.801574e+00   
   173   6.175622e+00  1.835368e+00   
   174   4.279627e+00  1.796859e+00   
   175   8.102234e+00  1.373737e+00   
   176   7.539174e+00  1.659368e+00   
   177   6.987867e+00  1.845380e+00   
   178   6.488964e+00  1.986660e+00   
   179   3.881356e+00  1.894751e+00   
   180   5.136363e+00  2.114569e+00   
   181   5.505054e+00  2.124256e+00   
   182   6.139079e+00  2.091897e+00   
   183   4.756800e+00  2.122304e+00   
   184   5.879298e+00  2.181914e+00   
   185   4.361218e+00  2.152606e+00   
   186   6.353452e+00  2.264144e+00   
   187   6.816236e+00  2.206957e+00   
   188   3.952552e+00  2.199901e+00   
   189   7.949153e+00  1.860336e+00   
   190   7.355992e+00  2.082759e+00   
   191   5.784355e+00  2.425227e+00   
   192   5.533909e+00  2.444423e+00   
   193   5.210478e+00  2.465098e+00   
   194   6.137766e+00  2.466616e+00   
   195   4.846517e+00  2.488747e+00   
   196   4.453246e+00  2.514111e+00   
   197   6.616594e+00  2.516156e+00   
   198   4.023749e+00  2.505051e+00   
   199   5.912573e+00  2.658746e+00   
   200   7.135057e+00  2.483472e+00   
   201   7.737690e+00  2.343434e+00   
   202   5.635747e+00  2.763112e+00   
   203   5.306028e+00  2.826828e+00   
   204   6.368209e+00  2.767224e+00   
   205   4.949966e+00  2.867667e+00   
   206   4.581500e+00  2.910038e+00   
   207   6.901239e+00  2.814822e+00   
   208   6.092422e+00  2.980031e+00   
   209   4.192183e+00  2.989899e+00   
   210   7.459252e+00  2.828283e+00   
   211   5.763782e+00  3.121965e+00   
   212   5.410538e+00  3.206208e+00   
   213   6.626054e+00  3.106091e+00   
   214   5.053255e+00  3.243095e+00   
   215   4.722199e+00  3.275578e+00   
   216   7.220752e+00  3.151515e+00   
   217   6.292302e+00  3.357506e+00   
   218   4.389831e+00  3.385396e+00   
   219   5.911853e+00  3.535595e+00   
   220   4.855876e+00  3.564554e+00   
   221   5.123096e+00  3.619231e+00   
   222   6.928178e+00  3.474747e+00   
   223   5.506581e+00  3.626511e+00   
   224   4.714291e+00  3.797980e+00   
   225   6.529948e+00  3.797980e+00   
   226   5.067797e+00  4.039001e+00   
   227   6.084746e+00  4.036399e+00   
   228   5.576271e+00  4.142097e+00   
  END_COORDINATES
  BOUNDARIES, ELEMENT
    1         198     188         1     
    2         188     179         2     
    3         209     198         3     
    4         218     209         4     
    5         224     218         5     
    6         226     224         6     
    7         228     226         7     
    8         227     228         8     
    9         225     227         9     
    10         222     225         10     
    11         216     222         11     
    12         210     216         12     
    13         179     164         13     
    14         164     153         14     
    15         153     142         15     
    16         142     129         16     
    17         129     116         17     
    18         116     105         18     
    19         105     94         19     
    20         94     82         20     
    21         82     70         21     
    22         70     60         22     
    23         60     52         23     
    24         52     43         24     
    25         43     34         25     
    26         34     22         26     
    27         22     12         27     
    28         12     4         28     
    29         4     1         29     
    30         1     3         30     
    31         3     16         31     
    32         16     25         32     
    33         25     35         33     
    34         35     45         34     
    35         45     54         35     
    36         54     69         36     
    37         69     84         37     
    38         84     102         38     
    39         102     112         39     
    40         112     124         40     
    41         124     137         41     
    42         137     146         42     
    43         146     154         43     
    44         154     165         44     
    45         165     175         45     
    46         175     189         46     
    47         189     201         47     
    48         201     210         48     
  END_BOUNDARIES
  MATERIALS, NUMBER= 1, DEFAULT=1
  END_MATERIALS
  SUBDOMAINS
  END_SUBDOMAINS
  CHARACTERISTICS
  END_CHARACTERISTICS
