  NODES_PER_ELEMENT
   1 9
   2 9
   3 9
   4 9
   5 9
   6 9
   7 9
   8 9
   9 9
   10 9
   11 9
   12 9
   13 9
   14 9
   15 9
   16 9
   17 9
   18 9
   19 9
   20 9
   21 9
   22 9
   23 9
   24 9
   25 9
   26 9
   27 9
   28 9
   29 9
   30 9
   31 9
   32 9
   33 9
   34 9
   35 9
   36 9
   37 9
   38 9
   39 9
   40 9
   41 9
   42 9
   43 9
   44 9
   45 9
   46 9
   47 9
   48 9
   49 9
   50 9
   51 9
   52 9
   53 9
   54 9
   55 9
   56 9
   57 9
   58 9
   59 9
   60 9
   61 9
   62 9
   63 9
   64 9
   65 9
   66 9
   67 9
   68 9
   69 9
   70 9
   71 9
   72 9
   73 9
   74 9
   75 9
   76 9
   77 9
   78 9
   79 9
   80 9
   81 9
   82 9
   83 9
   84 9
   85 9
   86 9
   87 9
   88 9
   89 9
   90 9
   91 9
   92 9
   93 9
   94 9
   95 9
   96 9
   97 9
   98 9
   99 9
   100 9
   101 9
   102 9
   103 9
   104 9
   105 9
   106 9
   107 9
   108 9
   109 9
   110 9
   111 9
   112 9
   113 9
   114 9
   115 9
   116 9
   117 9
   118 9
   119 9
   120 9
   121 9
   122 9
   123 9
   124 9
   125 9
   126 9
   127 9
   128 9
   129 9
   130 9
   131 9
   132 9
   133 9
   134 9
   135 9
   136 9
   137 9
   138 9
   139 9
  END_NODES_PER_ELEMENT
  ELEMENTS
  1 595 597 583 576 596 590 579 586 588  
  2 597 593 575 583 594 584 578 590 587  
  3 593 589 564 575 592 577 570 584 581  
  4 585 595 576 563 591 586 569 573 580  
  5 589 574 545 564 582 560 553 577 568  
  6 574 556 527 545 565 540 536 560 551  
  7 556 535 507 527 546 520 517 540 530  
  8 557 585 563 538 571 573 549 547 561  
  9 529 557 538 511 544 547 524 519 534  
  10 535 509 483 507 521 499 497 520 508  
  11 509 480 455 483 495 467 469 499 482  
  12 480 441 422 455 461 431 438 467 450  
  13 441 413 392 422 425 403 407 431 417  
  14 413 383 358 392 399 372 376 403 387  
  15 383 344 318 358 366 331 338 372 352  
  16 344 302 280 318 322 292 298 331 309  
  17 302 267 244 280 285 254 262 292 272  
  18 267 234 207 244 249 220 224 254 236  
  19 234 190 173 207 211 183 189 220 200  
  20 493 529 511 475 514 519 496 486 505  
  21 451 493 475 440 473 486 458 445 464  
  22 420 451 440 404 436 445 421 409 426  
  23 382 420 404 362 401 409 384 373 393  
  24 337 382 362 317 361 373 340 326 351  
  25 294 337 317 275 313 326 295 283 303  
  26 251 294 275 235 271 283 255 242 261  
  27 216 251 235 203 232 242 218 206 222  
  28 187 216 203 171 201 206 188 177 191  
  29 156 187 171 140 172 177 155 151 165  
  30 117 156 140 106 138 151 123 107 127  
  31 69 117 106 60 91 107 82 64 85  
  32 35 69 60 33 51 64 46 31 47  
  33 15 35 33 16 25 31 24 13 20  
  34 1 15 16 7 4 13 9 2 6  
  35 11 1 7 14 3 2 8 10 5  
  36 37 11 14 30 21 10 22 32 19  
  37 66 37 30 56 49 32 41 58 44  
  38 108 66 56 96 87 58 76 104 78  
  39 148 108 96 136 124 104 120 139 122  
  40 190 148 136 173 170 139 154 183 158  
  41 576 583 575 559 579 578 566 567 572  
  42 563 576 559 548 569 567 554 555 562  
  43 575 564 539 559 570 552 550 566 558  
  44 564 545 522 539 553 533 531 552 541  
  45 545 527 503 522 536 516 513 533 525  
  46 538 563 548 526 549 555 537 528 542  
  47 511 538 526 498 524 528 510 504 518  
  48 475 511 498 462 496 504 479 470 487  
  49 440 475 462 423 458 470 444 432 452  
  50 404 440 423 388 421 432 406 396 415  
  51 362 404 388 343 384 396 367 354 375  
  52 317 362 343 297 340 354 321 305 329  
  53 275 317 297 263 295 305 279 270 288  
  54 235 275 263 226 255 270 243 230 247  
  55 203 235 226 195 218 230 210 197 212  
  56 171 203 195 166 188 197 179 168 184  
  57 140 171 166 135 155 168 150 137 153  
  58 106 140 135 97 123 137 118 100 121  
  59 527 507 481 503 517 494 491 516 506  
  60 507 483 460 481 497 472 471 494 485  
  61 483 455 434 460 469 443 446 472 457  
  62 455 422 402 434 438 412 419 443 427  
  63 422 392 368 402 407 380 385 412 397  
  64 392 358 336 368 376 347 355 380 365  
  65 358 318 301 336 338 308 320 347 327  
  66 318 280 268 301 298 274 286 308 291  
  67 280 244 233 268 262 238 248 274 256  
  68 244 207 198 233 224 204 214 238 219  
  69 207 173 167 198 189 169 182 204 186  
  70 173 136 131 167 154 134 149 169 152  
  71 136 96 94 131 120 93 110 134 111  
  72 96 56 63 94 76 57 77 93 73  
  73 56 30 39 63 41 34 50 57 45  
  74 30 14 23 39 22 17 28 34 26  
  75 14 7 16 23 8 9 18 17 12  
  76 16 33 40 23 24 36 29 18 27  
  77 33 60 65 40 46 62 52 36 48  
  78 60 106 97 65 82 100 81 62 79  
  79 559 539 526 548 550 532 537 554 543  
  80 539 522 502 526 531 512 515 532 523  
  81 522 503 476 502 513 490 489 512 500  
  82 503 481 454 476 491 468 465 490 478  
  83 481 460 442 454 471 453 449 468 459  
  84 460 434 418 442 446 424 430 453 439  
  85 434 402 381 418 419 391 400 424 408  
  86 402 368 346 381 385 357 364 391 374  
  87 368 336 325 346 355 332 335 357 345  
  88 336 301 296 325 320 299 310 332 314  
  89 301 268 260 296 286 266 277 299 281  
  90 268 233 228 260 248 229 245 266 246  
  91 233 198 205 228 214 202 217 229 215  
  92 198 167 164 205 182 163 185 202 181  
  93 167 131 128 164 149 125 147 163 145  
  94 131 94 99 128 110 95 112 125 109  
  95 94 63 71 99 77 67 86 95 80  
  96 63 39 53 71 50 42 59 67 54  
  97 39 23 40 53 28 29 43 42 38  
  98 40 65 72 53 52 68 61 43 55  
  99 498 526 502 484 510 515 492 488 501  
  100 65 97 102 72 81 98 88 68 84  
  101 97 135 132 102 118 133 116 98 114  
  102 135 166 159 132 150 162 144 133 146  
  103 166 195 192 159 179 193 174 162 176  
  104 195 226 227 192 210 225 209 193 208  
  105 226 263 257 227 243 258 240 225 241  
  106 263 297 278 257 279 289 269 258 273  
  107 297 343 324 278 321 333 300 289 307  
  108 343 388 371 324 367 379 348 333 356  
  109 388 423 405 371 406 416 389 379 398  
  110 462 498 484 448 479 488 466 456 474  
  111 423 462 448 405 444 456 428 416 437  
  112 71 53 72 83 59 61 75 74 70  
  113 502 476 448 484 489 463 466 492 477  
  114 476 454 411 448 465 435 429 463 447  
  115 454 442 418 411 449 430 414 435 433  
  116 99 71 83 105 86 74 92 101 89  
  117 102 105 83 72 103 92 75 88 90  
  118 128 99 105 130 112 101 119 126 113  
  119 164 128 130 160 147 126 143 161 142  
  120 105 102 132 130 103 116 129 119 115  
  121 130 132 159 160 129 144 157 143 141  
  122 159 192 196 160 174 194 178 157 175  
  123 164 160 196 205 161 178 199 185 180  
  124 260 228 205 265 245 217 231 259 237  
  125 346 325 296 311 335 310 304 328 319  
  126 381 346 311 359 364 328 334 370 349  
  127 192 227 250 196 209 239 221 194 213  
  128 227 257 278 250 240 269 264 239 252  
  129 205 196 250 265 199 221 253 231 223  
  130 278 324 306 250 300 316 276 264 290  
  131 418 381 359 411 400 370 386 414 394  
  132 324 371 353 306 348 360 330 316 339  
  133 371 405 377 353 389 390 363 360 378  
  134 377 411 359 323 395 386 342 350 369  
  135 306 353 377 323 330 363 350 315 341  
  136 448 411 377 405 429 395 390 428 410  
  137 323 359 311 265 342 334 287 293 312  
  138 265 311 296 260 287 304 277 259 282  
  139 250 306 323 265 276 315 293 253 284  
  END_ELEMENTS  
  COORDINATES  
   1   5.336852e+00  4.121212e+00   
   2   5.371888e+00  3.921542e+00   
   3   5.626053e+00  4.106607e+00   
   4   5.032833e+00  3.966582e+00   
   5   5.602992e+00  3.882255e+00   
   6   5.149125e+00  3.777006e+00   
   7   5.406925e+00  3.721872e+00   
   8   5.579931e+00  3.657904e+00   
   9   5.265418e+00  3.587429e+00   
   10   5.834096e+00  3.842968e+00   
   11   5.915254e+00  4.092001e+00   
   12   5.447656e+00  3.495241e+00   
   13   4.926363e+00  3.632469e+00   
   14   5.752937e+00  3.593935e+00   
   15   4.728814e+00  3.811952e+00   
   16   5.123912e+00  3.452986e+00   
   17   5.629894e+00  3.403054e+00   
   18   5.315381e+00  3.332579e+00   
   19   6.094756e+00  3.708484e+00   
   20   4.773903e+00  3.429071e+00   
   21   6.222601e+00  3.944991e+00   
   22   5.966911e+00  3.471977e+00   
   23   5.506850e+00  3.212172e+00   
   24   4.988485e+00  3.259468e+00   
   25   4.559322e+00  3.598674e+00   
   26   5.830196e+00  3.279644e+00   
   27   5.186408e+00  3.140205e+00   
   28   5.693481e+00  3.087311e+00   
   29   5.384332e+00  3.020942e+00   
   30   6.180885e+00  3.350018e+00   
   31   4.621444e+00  3.225673e+00   
   32   6.355416e+00  3.573999e+00   
   33   4.853058e+00  3.065950e+00   
   34   6.030498e+00  3.156234e+00   
   35   4.389831e+00  3.385396e+00   
   36   5.057435e+00  2.947831e+00   
   37   6.529948e+00  3.797980e+00   
   38   5.567119e+00  2.905600e+00   
   39   5.880111e+00  2.962449e+00   
   40   5.261813e+00  2.829713e+00   
   41   6.366532e+00  3.191385e+00   
   42   5.749906e+00  2.790257e+00   
   43   5.440757e+00  2.723888e+00   
   44   6.548804e+00  3.412967e+00   
   45   6.203513e+00  3.005791e+00   
   46   4.739561e+00  2.834237e+00   
   47   4.499555e+00  2.970538e+00   
   48   4.950698e+00  2.731774e+00   
   49   6.731075e+00  3.634549e+00   
   50   6.040495e+00  2.820196e+00   
   51   4.259549e+00  3.106839e+00   
   52   5.161834e+00  2.629310e+00   
   53   5.619701e+00  2.618064e+00   
   54   5.901152e+00  2.662163e+00   
   55   5.344083e+00  2.541646e+00   
   56   6.552179e+00  3.032752e+00   
   57   6.376528e+00  2.855348e+00   
   58   6.742191e+00  3.251935e+00   
   59   5.761809e+00  2.504130e+00   
   60   4.626065e+00  2.602525e+00   
   61   5.526332e+00  2.453981e+00   
   62   4.843960e+00  2.515716e+00   
   63   6.200878e+00  2.677943e+00   
   64   4.377667e+00  2.715404e+00   
   65   5.061856e+00  2.428907e+00   
   66   6.932203e+00  3.471118e+00   
   67   6.052398e+00  2.534070e+00   
   68   5.247409e+00  2.359403e+00   
   69   4.129268e+00  2.828283e+00   
   70   5.661279e+00  2.375699e+00   
   71   5.903918e+00  2.390196e+00   
   72   5.432962e+00  2.289898e+00   
   73   6.525431e+00  2.667391e+00   
   74   5.796226e+00  2.297417e+00   
   75   5.560749e+00  2.247268e+00   
   76   6.716771e+00  2.832625e+00   
   77   6.334091e+00  2.502158e+00   
   78   6.927632e+00  3.031567e+00   
   79   4.766229e+00  2.278649e+00   
   80   6.164699e+00  2.369220e+00   
   81   4.992451e+00  2.213352e+00   
   82   4.540007e+00  2.343945e+00   
   83   5.688535e+00  2.204639e+00   
   84   5.191265e+00  2.162447e+00   
   85   4.287510e+00  2.424498e+00   
   86   5.995306e+00  2.236282e+00   
   87   7.138492e+00  3.230508e+00   
   88   5.390078e+00  2.111542e+00   
   89   5.849962e+00  2.156236e+00   
   90   5.547348e+00  2.093865e+00   
   91   4.035014e+00  2.505051e+00   
   92   5.704618e+00  2.076189e+00   
   93   6.674334e+00  2.479435e+00   
   94   6.467305e+00  2.326373e+00   
   95   6.276999e+00  2.204371e+00   
   96   6.881363e+00  2.632497e+00   
   97   4.923047e+00  1.997797e+00   
   98   5.135120e+00  1.965492e+00   
   99   6.086694e+00  2.082368e+00   
   100   4.688497e+00  2.041581e+00   
   101   5.903697e+00  2.015054e+00   
   102   5.347194e+00  1.933186e+00   
   103   5.533947e+00  1.940463e+00   
   104   7.113072e+00  2.811198e+00   
   105   5.720700e+00  1.947739e+00   
   106   4.453948e+00  2.085365e+00   
   107   4.197354e+00  2.133592e+00   
   108   7.344781e+00  2.989899e+00   
   109   6.364725e+00  2.005887e+00   
   110   6.577101e+00  2.119813e+00   
   111   6.797236e+00  2.263433e+00   
   112   6.152348e+00  1.891962e+00   
   113   5.946443e+00  1.825607e+00   
   114   5.099562e+00  1.752903e+00   
   115   5.532034e+00  1.745863e+00   
   116   5.323530e+00  1.732476e+00   
   117   3.940760e+00  2.181818e+00   
   118   4.875595e+00  1.773331e+00   
   119   5.740538e+00  1.759251e+00   
   120   7.017370e+00  2.407053e+00   
   121   4.636889e+00  1.801943e+00   
   122   7.258144e+00  2.577264e+00   
   123   4.398182e+00  1.830556e+00   
   124   7.498918e+00  2.747475e+00   
   125   6.452450e+00  1.807404e+00   
   126   5.989190e+00  1.636159e+00   
   127   4.139953e+00  1.844571e+00   
   128   6.218003e+00  1.701556e+00   
   129   5.530121e+00  1.551264e+00   
   130   5.760377e+00  1.570763e+00   
   131   6.686898e+00  1.913252e+00   
   132   5.299865e+00  1.531765e+00   
   133   5.064005e+00  1.540315e+00   
   134   6.920138e+00  2.047430e+00   
   135   4.828144e+00  1.548865e+00   
   136   7.153377e+00  2.181609e+00   
   137   4.585280e+00  1.562305e+00   
   138   3.881725e+00  1.858586e+00   
   139   7.403216e+00  2.343330e+00   
   140   4.342415e+00  1.575746e+00   
   141   5.521895e+00  1.334877e+00   
   142   6.023002e+00  1.411127e+00   
   143   5.767980e+00  1.351556e+00   
   144   5.275810e+00  1.318198e+00   
   145   6.527032e+00  1.578154e+00   
   146   5.033244e+00  1.325272e+00   
   147   6.278023e+00  1.470697e+00   
   148   7.653055e+00  2.505051e+00   
   149   6.776041e+00  1.685611e+00   
   150   4.790678e+00  1.332347e+00   
   151   4.082553e+00  1.555550e+00   
   152   7.024414e+00  1.807116e+00   
   153   4.547163e+00  1.343460e+00   
   154   7.272786e+00  1.928622e+00   
   155   4.303647e+00  1.354573e+00   
   156   3.822690e+00  1.535354e+00   
   157   5.513670e+00  1.118489e+00   
   158   7.536945e+00  2.055657e+00   
   159   5.251756e+00  1.104630e+00   
   160   5.775584e+00  1.132349e+00   
   161   6.056813e+00  1.186094e+00   
   162   5.002484e+00  1.110230e+00   
   163   6.601614e+00  1.348904e+00   
   164   6.338043e+00  1.239839e+00   
   165   4.053093e+00  1.343953e+00   
   166   4.753212e+00  1.115829e+00   
   167   6.865185e+00  1.457969e+00   
   168   4.509045e+00  1.124615e+00   
   169   7.128689e+00  1.566802e+00   
   170   7.801104e+00  2.182693e+00   
   171   4.264879e+00  1.133401e+00   
   172   3.802538e+00  1.333333e+00   
   173   7.392194e+00  1.675635e+00   
   174   5.211609e+00  8.825315e-01   
   175   5.483723e+00  8.788976e-01   
   176   4.963695e+00  8.940379e-01   
   177   4.023633e+00  1.132357e+00   
   178   5.755837e+00  8.752636e-01   
   179   4.715782e+00  9.055443e-01   
   180   6.076093e+00  9.156002e-01   
   181   6.675371e+00  1.093249e+00   
   182   6.954395e+00  1.230560e+00   
   183   7.670673e+00  1.767985e+00   
   184   4.476194e+00  9.157482e-01   
   185   6.396348e+00  9.559368e-01   
   186   7.216558e+00  1.334848e+00   
   187   3.782387e+00  1.131313e+00   
   188   4.236605e+00  9.259521e-01   
   189   7.478721e+00  1.439135e+00   
   190   7.949153e+00  1.860336e+00   
   191   3.999420e+00  9.276225e-01   
   192   5.171461e+00  6.604329e-01   
   193   4.924907e+00  6.778463e-01   
   194   5.453776e+00  6.393057e-01   
   195   4.678352e+00  6.952596e-01   
   196   5.736091e+00  6.181785e-01   
   197   4.443342e+00  7.068816e-01   
   198   7.043605e+00  1.003151e+00   
   199   6.095372e+00  6.451064e-01   
   200   7.756310e+00  1.512447e+00   
   201   3.762235e+00  9.292929e-01   
   202   6.749129e+00  8.375928e-01   
   203   4.208332e+00  7.185036e-01   
   204   7.304426e+00  1.102893e+00   
   205   6.454653e+00  6.720344e-01   
   206   3.975208e+00  7.228882e-01   
   207   7.565248e+00  1.202635e+00   
   208   4.868632e+00  4.734809e-01   
   209   5.100576e+00  4.487634e-01   
   210   4.636688e+00  4.981984e-01   
   211   8.033898e+00  1.585760e+00   
   212   4.410364e+00  5.095240e-01   
   213   5.360180e+00  3.818336e-01   
   214   7.147046e+00  8.386818e-01   
   215   6.903720e+00  7.157856e-01   
   216   3.742084e+00  7.272727e-01   
   217   6.660394e+00  5.928895e-01   
   218   4.184041e+00  5.208495e-01   
   219   7.391473e+00  9.251424e-01   
   220   7.841946e+00  1.256909e+00   
   221   5.619784e+00  3.149037e-01   
   222   3.960337e+00  5.230510e-01   
   223   5.995902e+00  3.217751e-01   
   224   7.635900e+00  1.011603e+00   
   225   4.812356e+00  2.691156e-01   
   226   4.595023e+00  3.011373e-01   
   227   5.029690e+00  2.370939e-01   
   228   6.866135e+00  5.137445e-01   
   229   7.058312e+00  5.939785e-01   
   230   4.377387e+00  3.121663e-01   
   231   6.372021e+00  3.286465e-01   
   232   3.736633e+00  5.252525e-01   
   233   7.250488e+00  6.742125e-01   
   234   8.118644e+00  1.311184e+00   
   235   4.159751e+00  3.231954e-01   
   236   7.893530e+00  1.068202e+00   
   237   6.623150e+00  3.402268e-01   
   238   7.478519e+00  7.473916e-01   
   239   5.266583e+00  1.243614e-01   
   240   4.942460e+00  1.088368e-01   
   241   4.755304e+00  1.201288e-01   
   242   3.945466e+00  3.232138e-01   
   243   4.568148e+00  1.314207e-01   
   244   7.706551e+00  8.205708e-01   
   245   6.874279e+00  3.518070e-01   
   246   7.081583e+00  4.282145e-01   
   247   4.359258e+00  1.320241e-01   
   248   7.288886e+00  5.046219e-01   
   249   8.151160e+00  1.124802e+00   
   250   5.503477e+00  1.162896e-02   
   251   3.731181e+00  3.232323e-01   
   252   5.097058e+00 -6.240485e-03   
   253   5.896433e+00 -1.556203e-03   
   254   7.945113e+00  8.794955e-01   
   255   4.150368e+00  1.326275e-01   
   256   7.517057e+00  5.721777e-01   
   257   4.855229e+00 -1.942039e-02   
   258   4.698251e+00 -2.885809e-02   
   259   6.585907e+00  8.756406e-02   
   260   6.882424e+00  1.898695e-01   
   261   3.938049e+00  1.269198e-01   
   262   7.745228e+00  6.397334e-01   
   263   4.541273e+00 -3.829579e-02   
   264   5.251657e+00 -1.213177e-01   
   265   6.289390e+00 -1.474136e-02   
   266   7.104854e+00  2.624504e-01   
   267   8.183676e+00  9.384202e-01   
   268   7.327284e+00  3.350314e-01   
   269   4.927533e+00 -1.368424e-01   
   270   4.341129e+00 -4.811809e-02   
   271   3.725730e+00  1.212121e-01   
   272   7.980709e+00  6.958859e-01   
   273   4.744156e+00 -1.708843e-01   
   274   7.555594e+00  3.969637e-01   
   275   4.140985e+00 -5.794039e-02   
   276   5.492824e+00 -2.582735e-01   
   277   6.948492e+00  4.020154e-02   
   278   4.999836e+00 -2.542644e-01   
   279   4.560779e+00 -2.049262e-01   
   280   7.783904e+00  4.588960e-01   
   281   7.154147e+00  1.081455e-01   
   282   6.708474e+00 -7.264217e-02   
   283   3.930632e+00 -6.937423e-02   
   284   5.808911e+00 -2.833024e-01   
   285   8.216191e+00  7.520384e-01   
   286   7.359802e+00  1.760895e-01   
   287   6.468456e+00 -1.854859e-01   
   288   4.355799e+00 -2.259403e-01   
   289   4.790061e+00 -3.129106e-01   
   290   5.261459e+00 -3.521303e-01   
   291   7.579154e+00  2.268000e-01   
   292   8.016306e+00  5.122763e-01   
   293   6.124998e+00 -3.083314e-01   
   294   3.720279e+00 -8.080808e-02   
   295   4.150819e+00 -2.469544e-01   
   296   7.014560e+00 -1.094664e-01   
   297   4.580285e+00 -3.715567e-01   
   298   7.798506e+00  2.775105e-01   
   299   7.203440e+00 -4.615939e-02   
   300   5.030095e+00 -4.459871e-01   
   301   7.392320e+00  1.714763e-02   
   302   8.248707e+00  5.656566e-01   
   303   3.939662e+00 -2.648913e-01   
   304   6.831041e+00 -2.328484e-01   
   305   4.370469e+00 -4.037625e-01   
   306   5.482170e+00 -5.281759e-01   
   307   4.820417e+00 -5.032767e-01   
   308   7.602713e+00  5.663628e-02   
   309   8.026745e+00  3.205734e-01   
   310   7.068289e+00 -2.076064e-01   
   311   6.647522e+00 -3.562304e-01   
   312   6.317573e+00 -4.458994e-01   
   313   3.728505e+00 -2.828283e-01   
   314   7.234017e+00 -1.715260e-01   
   315   5.721389e+00 -5.650487e-01   
   316   5.271262e+00 -5.829428e-01   
   317   4.160653e+00 -4.359684e-01   
   318   7.813107e+00  9.612492e-02   
   319   6.938580e+00 -3.290759e-01   
   320   7.399744e+00 -1.354455e-01   
   321   4.610740e+00 -5.605664e-01   
   322   8.254984e+00  3.636364e-01   
   323   5.960607e+00 -6.019214e-01   
   324   5.060353e+00 -6.377097e-01   
   325   7.122017e+00 -3.057465e-01   
   326   3.948692e+00 -4.604084e-01   
   327   7.606713e+00 -1.090077e-01   
   328   6.808871e+00 -4.505453e-01   
   329   4.396561e+00 -5.961482e-01   
   330   5.455707e+00 -6.969080e-01   
   331   8.037183e+00  1.288705e-01   
   332   7.264593e+00 -2.968925e-01   
   333   4.850774e+00 -6.936429e-01   
   334   6.510148e+00 -5.834673e-01   
   335   7.046118e+00 -4.253033e-01   
   336   7.407169e+00 -2.880386e-01   
   337   3.736731e+00 -4.848485e-01   
   338   7.813681e+00 -8.256990e-02   
   339   5.273772e+00 -7.618882e-01   
   340   4.182382e+00 -6.317300e-01   
   341   5.642529e+00 -7.624504e-01   
   342   6.166690e+00 -7.063128e-01   
   343   4.641194e+00 -7.495761e-01   
   344   8.261260e+00  1.616162e-01   
   345   7.207064e+00 -4.360275e-01   
   346   6.970219e+00 -5.448601e-01   
   347   7.610712e+00 -2.746517e-01   
   348   5.091837e+00 -8.268685e-01   
   349   6.693250e+00 -6.559484e-01   
   350   5.829350e+00 -8.279928e-01   
   351   3.963670e+00 -6.592994e-01   
   352   8.040609e+00 -6.148697e-02   
   353   5.429243e+00 -8.656400e-01   
   354   4.422652e+00 -7.885339e-01   
   355   7.368010e+00 -4.467517e-01   
   356   4.886811e+00 -8.882925e-01   
   357   7.149534e+00 -5.751625e-01   
   358   7.814255e+00 -2.612647e-01   
   359   6.372774e+00 -8.107043e-01   
   360   5.276282e+00 -9.408337e-01   
   361   3.744957e+00 -6.868687e-01   
   362   4.204111e+00 -8.274917e-01   
   363   5.563669e+00 -9.598521e-01   
   364   6.876351e+00 -7.284295e-01   
   365   7.576909e+00 -4.488853e-01   
   366   8.267536e+00 -4.040404e-02   
   367   4.681786e+00 -9.497165e-01   
   368   7.328850e+00 -6.054648e-01   
   369   6.036133e+00 -9.612878e-01   
   370   6.577629e+00 -8.613516e-01   
   371   5.123322e+00 -1.016027e+00   
   372   8.044034e+00 -2.518445e-01   
   373   3.978647e+00 -8.581903e-01   
   374   7.072710e+00 -7.647304e-01   
   375   4.460147e+00 -9.905891e-01   
   376   7.785808e+00 -4.510189e-01   
   377   5.698094e+00 -1.054064e+00   
   378   5.388176e+00 -1.077940e+00   
   379   4.922849e+00 -1.082942e+00   
   380   7.543106e+00 -6.231190e-01   
   381   6.782484e+00 -9.119989e-01   
   382   3.753183e+00 -8.888889e-01   
   383   8.273813e+00 -2.424242e-01   
   384   4.238509e+00 -1.031462e+00   
   385   7.269068e+00 -8.010313e-01   
   386   6.242916e+00 -1.094583e+00   
   387   8.017480e+00 -4.477317e-01   
   388   4.722377e+00 -1.149857e+00   
   389   5.212683e+00 -1.196028e+00   
   390   5.500069e+00 -1.215046e+00   
   391   6.995885e+00 -9.542983e-01   
   392   7.757361e+00 -6.407731e-01   
   393   4.007577e+00 -1.061185e+00   
   394   6.478931e+00 -1.111316e+00   
   395   5.905576e+00 -1.216263e+00   
   396   4.497642e+00 -1.192644e+00   
   397   7.489336e+00 -8.231834e-01   
   398   4.998792e+00 -1.275571e+00   
   399   8.249152e+00 -4.444444e-01   
   400   6.714945e+00 -1.128048e+00   
   401   3.776645e+00 -1.090909e+00   
   402   7.209286e+00 -9.965977e-01   
   403   7.990927e+00 -6.436189e-01   
   404   4.272907e+00 -1.235432e+00   
   405   5.302045e+00 -1.376029e+00   
   406   4.784901e+00 -1.355113e+00   
   407   7.709605e+00 -8.453356e-01   
   408   6.925785e+00 -1.167931e+00   
   409   4.036507e+00 -1.264180e+00   
   410   5.671187e+00 -1.418295e+00   
   411   6.113058e+00 -1.378461e+00   
   412   7.435567e+00 -1.023248e+00   
   413   8.224492e+00 -6.464646e-01   
   414   6.380232e+00 -1.361279e+00   
   415   4.551936e+00 -1.404277e+00   
   416   5.074735e+00 -1.468199e+00   
   417   7.954718e+00 -8.469102e-01   
   418   6.647407e+00 -1.344098e+00   
   419   7.136624e+00 -1.207813e+00   
   420   3.800107e+00 -1.292929e+00   
   421   4.318970e+00 -1.453440e+00   
   422   7.661848e+00 -1.049898e+00   
   423   4.847425e+00 -1.560370e+00   
   424   6.855684e+00 -1.381563e+00   
   425   8.199831e+00 -8.484848e-01   
   426   4.071270e+00 -1.474195e+00   
   427   7.360830e+00 -1.251897e+00   
   428   5.436799e+00 -1.620328e+00   
   429   5.842305e+00 -1.621544e+00   
   430   6.638765e+00 -1.505500e+00   
   431   7.918509e+00 -1.050202e+00   
   432   4.606229e+00 -1.615909e+00   
   433   6.433996e+00 -1.560157e+00   
   434   7.063961e+00 -1.419029e+00   
   435   6.229227e+00 -1.614815e+00   
   436   3.823569e+00 -1.494949e+00   
   437   5.182393e+00 -1.708789e+00   
   438   7.585035e+00 -1.295981e+00   
   439   6.813522e+00 -1.560927e+00   
   440   4.365034e+00 -1.671449e+00   
   441   8.175171e+00 -1.050505e+00   
   442   6.630124e+00 -1.666901e+00   
   443   7.286092e+00 -1.480546e+00   
   444   4.927988e+00 -1.797249e+00   
   445   4.106032e+00 -1.684209e+00   
   446   6.988278e+00 -1.616355e+00   
   447   6.006357e+00 -1.826474e+00   
   448   5.571553e+00 -1.864627e+00   
   449   6.487761e+00 -1.759035e+00   
   450   7.837397e+00 -1.334859e+00   
   451   3.847030e+00 -1.696970e+00   
   452   4.682942e+00 -1.864279e+00   
   453   6.771359e+00 -1.740291e+00   
   454   6.345397e+00 -1.851168e+00   
   455   7.508223e+00 -1.542064e+00   
   456   5.290052e+00 -1.949378e+00   
   457   7.198342e+00 -1.698273e+00   
   458   4.437895e+00 -1.931308e+00   
   459   6.637156e+00 -1.873990e+00   
   460   6.912594e+00 -1.813680e+00   
   461   8.089758e+00 -1.373737e+00   
   462   5.008552e+00 -2.034128e+00   
   463   5.783487e+00 -2.038132e+00   
   464   4.175696e+00 -1.975755e+00   
   465   6.170409e+00 -2.031403e+00   
   466   5.525551e+00 -2.095749e+00   
   467   7.756284e+00 -1.619517e+00   
   468   6.502954e+00 -2.007688e+00   
   469   7.408407e+00 -1.780191e+00   
   470   4.759654e+00 -2.112648e+00   
   471   6.786552e+00 -1.988944e+00   
   472   7.110592e+00 -1.915999e+00   
   473   3.913497e+00 -2.020202e+00   
   474   5.299836e+00 -2.184448e+00   
   475   4.510757e+00 -2.191168e+00   
   476   5.995422e+00 -2.211638e+00   
   477   5.693483e+00 -2.251739e+00   
   478   6.339857e+00 -2.191820e+00   
   479   5.074121e+00 -2.273147e+00   
   480   8.004346e+00 -1.696970e+00   
   481   6.660510e+00 -2.164208e+00   
   482   7.650205e+00 -1.879420e+00   
   483   7.308590e+00 -2.018318e+00   
   484   5.479550e+00 -2.326871e+00   
   485   6.978836e+00 -2.116219e+00   
   486   4.245361e+00 -2.267301e+00   
   487   4.837119e+00 -2.363281e+00   
   488   5.309619e+00 -2.419519e+00   
   489   5.861414e+00 -2.407728e+00   
   490   6.176760e+00 -2.375953e+00   
   491   6.509304e+00 -2.352238e+00   
   492   5.603478e+00 -2.465345e+00   
   493   3.979964e+00 -2.343434e+00   
   494   6.847079e+00 -2.316439e+00   
   495   7.892003e+00 -1.978649e+00   
   496   4.600117e+00 -2.453415e+00   
   497   7.171119e+00 -2.243494e+00   
   498   5.139689e+00 -2.512167e+00   
   499   7.544126e+00 -2.139323e+00   
   500   6.035143e+00 -2.564579e+00   
   501   5.434716e+00 -2.604080e+00   
   502   5.727406e+00 -2.603818e+00   
   503   6.358097e+00 -2.540268e+00   
   504   4.914583e+00 -2.613915e+00   
   505   4.343095e+00 -2.560041e+00   
   506   6.692266e+00 -2.513945e+00   
   507   7.033647e+00 -2.468670e+00   
   508   7.395288e+00 -2.393900e+00   
   509   7.779661e+00 -2.260328e+00   
   510   5.265955e+00 -2.742815e+00   
   511   4.689477e+00 -2.715662e+00   
   512   5.893527e+00 -2.753205e+00   
   513   6.208873e+00 -2.721430e+00   
   514   4.086074e+00 -2.666667e+00   
   515   5.559813e+00 -2.788641e+00   
   516   6.537453e+00 -2.711450e+00   
   517   6.875228e+00 -2.675652e+00   
   518   5.037256e+00 -2.845341e+00   
   519   4.440830e+00 -2.852781e+00   
   520   7.246450e+00 -2.648477e+00   
   521   7.619457e+00 -2.544305e+00   
   522   6.059649e+00 -2.902592e+00   
   523   5.738664e+00 -2.928799e+00   
   524   4.808557e+00 -2.947867e+00   
   525   6.381371e+00 -2.891332e+00   
   526   5.392220e+00 -2.973463e+00   
   527   6.716808e+00 -2.882633e+00   
   528   5.159928e+00 -3.076768e+00   
   529   4.192183e+00 -2.989899e+00   
   530   7.077851e+00 -2.868449e+00   
   531   5.917514e+00 -3.068957e+00   
   532   5.583800e+00 -3.104393e+00   
   533   6.225289e+00 -3.071213e+00   
   534   4.564058e+00 -3.090095e+00   
   535   7.459252e+00 -2.828283e+00   
   536   6.553868e+00 -3.061233e+00   
   537   5.389660e+00 -3.165232e+00   
   538   4.927637e+00 -3.180072e+00   
   539   5.775380e+00 -3.235322e+00   
   540   6.909252e+00 -3.088422e+00   
   541   6.069808e+00 -3.231356e+00   
   542   5.218499e+00 -3.268965e+00   
   543   5.538260e+00 -3.274708e+00   
   544   4.319559e+00 -3.232323e+00   
   545   6.390928e+00 -3.239833e+00   
   546   7.280474e+00 -3.061247e+00   
   547   4.687286e+00 -3.327410e+00   
   548   5.387100e+00 -3.357001e+00   
   549   5.047339e+00 -3.372698e+00   
   550   5.686859e+00 -3.384184e+00   
   551   6.739169e+00 -3.263260e+00   
   552   5.914327e+00 -3.391498e+00   
   553   6.222101e+00 -3.393754e+00   
   554   5.492719e+00 -3.445024e+00   
   555   5.277070e+00 -3.461163e+00   
   556   7.101695e+00 -3.294210e+00   
   557   4.446935e+00 -3.474747e+00   
   558   5.803116e+00 -3.518674e+00   
   559   5.598339e+00 -3.533047e+00   
   560   6.569086e+00 -3.438099e+00   
   561   4.859979e+00 -3.541368e+00   
   562   5.399471e+00 -3.559146e+00   
   563   5.167041e+00 -3.565325e+00   
   564   6.053274e+00 -3.547674e+00   
   565   6.924469e+00 -3.465287e+00   
   566   5.691905e+00 -3.645850e+00   
   567   5.521872e+00 -3.657129e+00   
   568   6.361421e+00 -3.596650e+00   
   569   5.306223e+00 -3.673268e+00   
   570   5.919372e+00 -3.653164e+00   
   571   4.672620e+00 -3.710038e+00   
   572   5.608743e+00 -3.741528e+00   
   573   5.032673e+00 -3.755327e+00   
   574   6.747243e+00 -3.636364e+00   
   575   5.785470e+00 -3.758653e+00   
   576   5.445405e+00 -3.781211e+00   
   577   6.153756e+00 -3.755201e+00   
   578   5.695614e+00 -3.825926e+00   
   579   5.525581e+00 -3.837205e+00   
   580   5.229383e+00 -3.856492e+00   
   581   5.993448e+00 -3.832645e+00   
   582   6.500740e+00 -3.799546e+00   
   583   5.605758e+00 -3.893199e+00   
   584   5.833140e+00 -3.910089e+00   
   585   4.898305e+00 -3.945328e+00   
   586   5.426092e+00 -3.957658e+00   
   587   5.712077e+00 -3.963869e+00   
   588   5.508553e+00 -3.987653e+00   
   589   6.254237e+00 -3.962727e+00   
   590   5.591015e+00 -4.017648e+00   
   591   5.152542e+00 -4.039717e+00   
   592   6.067523e+00 -4.012126e+00   
   593   5.880809e+00 -4.061525e+00   
   594   5.728540e+00 -4.101811e+00   
   595   5.406780e+00 -4.134105e+00   
   596   5.491525e+00 -4.138101e+00   
   597   5.576271e+00 -4.142097e+00   
  END_COORDINATES
  BOUNDARIES, ELEMENT
    1         595     597     596         1     
    2         597     593     594         2     
    3         593     589     592         3     
    4         585     595     591         4     
    5         589     574     582         5     
    6         574     556     565         6     
    7         556     535     546         7     
    8         557     585     571         8     
    9         529     557     544         9     
    10         535     509     521         10     
    11         509     480     495         11     
    12         480     441     461         12     
    13         441     413     425         13     
    14         413     383     399         14     
    15         383     344     366         15     
    16         344     302     322         16     
    17         302     267     285         17     
    18         267     234     249         18     
    19         234     190     211         19     
    20         493     529     514         20     
    21         451     493     473         21     
    22         420     451     436         22     
    23         382     420     401         23     
    24         337     382     361         24     
    25         294     337     313         25     
    26         251     294     271         26     
    27         216     251     232         27     
    28         187     216     201         28     
    29         156     187     172         29     
    30         117     156     138         30     
    31         69     117     91         31     
    32         35     69     51         32     
    33         15     35     25         33     
    34         1     15     4         34     
    35         11     1     3         35     
    36         37     11     21         36     
    37         66     37     49         37     
    38         108     66     87         38     
    39         148     108     124         39     
    40         190     148     170         40     
  END_BOUNDARIES
  MATERIALS, NUMBER= 1, DEFAULT=1
  END_MATERIALS
  SUBDOMAINS
  END_SUBDOMAINS
  CHARACTERISTICS
  END_CHARACTERISTICS
