  NODES_PER_ELEMENT 
  1 10
  2 10
  3 10
  4 10
  5 10
  6 10
  7 10
  8 10
  9 10
  10 10
  11 10
  12 10
  13 10
  14 10
  15 10
  16 10
  17 10
  18 10
  19 10
  20 10
  21 10
  22 10
  23 10
  24 10
  25 10
  26 10
  27 10
  28 10
  29 10
  30 10
  31 10
  32 10
  33 10
  34 10
  35 10
  36 10
  37 10
  38 10
  39 10
  40 10
  41 10
  42 10
  43 10
  44 10
  45 10
  46 10
  47 10
  48 10
  49 10
  50 10
  51 10
  52 10
  53 10
  54 10
  55 10
  56 10
  57 10
  58 10
  59 10
  60 10
  61 10
  62 10
  63 10
  64 10
  65 10
  66 10
  67 10
  68 10
  69 10
  70 10
  71 10
  72 10
  73 10
  74 10
  75 10
  76 10
  77 10
  78 10
  79 10
  80 10
  81 10
  82 10
  83 10
  84 10
  85 10
  86 10
  87 10
  88 10
  89 10
  90 10
  91 10
  92 10
  93 10
  94 10
  95 10
  96 10
  97 10
  98 10
  99 10
  100 10
  101 10
  102 10
  103 10
  104 10
  105 10
  106 10
  107 10
  108 10
  109 10
  110 10
  111 10
  112 10
  113 10
  114 10
  115 10
  116 10
  117 10
  118 10
  119 10
  120 10
  121 10
  122 10
  123 10
  124 10
  125 10
  126 10
  127 10
  128 10
  129 10
  130 10
  131 10
  132 10
  133 10
  134 10
  135 10
  136 10
  137 10
  138 10
  139 10
  140 10
  141 10
  142 10
  143 10
  144 10
  145 10
  146 10
  147 10
  148 10
  149 10
  150 10
  151 10
  152 10
  153 10
  154 10
  155 10
  156 10
  157 10
  158 10
  159 10
  160 10
  161 10
  162 10
  163 10
  164 10
  165 10
  166 10
  167 10
  168 10
  169 10
  170 10
  171 10
  172 10
  173 10
  174 10
  175 10
  176 10
  177 10
  178 10
  179 10
  180 10
  181 10
  182 10
  183 10
  184 10
  185 10
  186 10
  187 10
  188 10
  189 10
  190 10
  191 10
  192 10
  193 10
  194 10
  195 10
  196 10
  197 10
  198 10
  199 10
  200 10
  201 10
  202 10
  203 10
  204 10
  205 10
  206 10
  207 10
  208 10
  209 10
  210 10
  211 10
  212 10
  213 10
  214 10
  215 10
  216 10
  217 10
  218 10
  219 10
  220 10
  221 10
  222 10
  223 10
  224 10
  225 10
  226 10
  227 10
  228 10
  229 10
  230 10
  231 10
  232 10
  233 10
  234 10
  235 10
  236 10
  237 10
  238 10
  239 10
  240 10
  241 10
  242 10
  243 10
  244 10
  245 10
  246 10
  247 10
  248 10
  249 10
  250 10
  251 10
  252 10
  253 10
  254 10
  255 10
  256 10
  257 10
  258 10
  259 10
  260 10
  261 10
  262 10
  263 10
  264 10
  265 10
  266 10
  267 10
  268 10
  269 10
  END_NODES_PER_ELEMENT 
  ELEMENTS 
  1 1 2 3 4 5 6 7 8 9 10
  2 11 12 13 14 15 16 17 18 19 20
  3 21 22 23 24 25 26 27 28 29 30
  4 31 32 33 34 35 36 37 38 39 40
  5 41 42 43 44 45 46 47 48 49 50
  6 2 51 52 53 54 55 56 57 58 59
  7 60 61 62 63 64 65 66 67 68 69
  8 13 12 70 17 16 71 72 73 74 75
  9 11 13 76 19 18 77 78 79 80 81
  10 3 2 52 7 6 58 57 82 83 84
  11 3 52 85 83 82 86 87 88 89 90
  12 1 3 91 9 8 92 93 94 95 96
  13 85 52 97 87 86 98 99 100 101 102
  14 3 85 103 89 88 104 105 106 107 108
  15 22 109 110 111 112 113 114 115 116 117
  16 33 32 118 37 36 119 120 121 122 123
  17 31 33 124 39 38 125 126 127 128 129
  18 23 22 110 27 26 116 115 130 131 132
  19 23 110 133 131 130 134 135 136 137 138
  20 133 110 139 135 134 140 141 142 143 144
  21 23 133 145 137 136 146 147 148 149 150
  22 21 23 151 29 28 152 153 154 155 156
  23 43 60 62 157 158 68 67 159 160 161
  24 41 162 163 164 165 166 167 168 169 170
  25 52 51 171 56 55 172 173 174 175 176
  26 62 61 177 66 65 178 179 180 181 182
  27 60 43 42 158 157 47 46 183 184 185
  28 76 13 186 78 77 187 188 189 190 191
  29 11 76 192 80 79 193 194 195 196 197
  30 192 76 198 194 193 199 200 201 202 203
  31 198 76 186 200 199 190 189 204 205 206
  32 192 198 207 202 201 208 209 210 211 212
  33 207 198 213 209 208 214 215 216 217 218
  34 213 198 219 215 214 220 221 222 223 224
  35 207 213 225 217 216 226 227 228 229 230
  36 225 213 231 227 226 232 233 234 235 236
  37 231 213 237 233 232 238 239 240 241 242
  38 225 231 243 235 234 244 245 246 247 248
  39 243 231 249 245 244 250 251 252 253 254
  40 91 3 103 93 92 107 106 255 256 257
  41 91 103 258 256 255 259 260 261 262 263
  42 258 103 264 260 259 265 266 267 268 269
  43 91 258 270 262 261 271 272 273 274 275
  44 91 270 1 274 273 276 277 95 94 278
  45 249 231 279 251 250 280 281 282 283 284
  46 243 249 285 253 252 286 287 288 289 290
  47 219 198 186 221 220 205 204 291 292 293
  48 213 219 237 223 222 294 295 239 238 296
  49 237 219 297 295 294 298 299 300 301 302
  50 297 219 303 299 298 304 305 306 307 308
  51 237 297 309 301 300 310 311 312 313 314
  52 97 52 171 99 98 175 174 315 316 317
  53 97 171 318 316 315 319 320 321 322 323
  54 318 171 324 320 319 325 326 327 328 329
  55 97 318 330 322 321 331 332 333 334 335
  56 103 85 336 105 104 337 338 339 340 341
  57 85 97 342 101 100 343 344 345 346 347
  58 139 110 124 141 140 348 349 350 351 352
  59 124 110 109 349 348 114 113 353 354 355
  60 139 124 33 351 350 126 125 356 357 358
  61 124 109 31 354 353 359 360 128 127 361
  62 133 139 362 143 142 363 364 365 366 367
  63 145 133 368 147 146 369 370 371 372 373
  64 23 145 151 149 148 374 375 153 152 376
  65 151 145 377 375 374 378 379 380 381 382
  66 377 145 383 379 378 384 385 386 387 388
  67 151 377 389 381 380 390 391 392 393 394
  68 118 32 395 120 119 396 397 398 399 400
  69 118 395 401 399 398 402 403 404 405 406
  70 401 395 407 403 402 408 409 410 411 412
  71 118 401 413 405 404 414 415 416 417 418
  72 401 407 419 411 410 420 421 422 423 424
  73 419 407 425 421 420 426 427 428 429 430
  74 401 419 431 423 422 432 433 434 435 436
  75 419 425 437 429 428 438 439 440 441 442
  76 437 425 443 439 438 444 445 446 447 448
  77 419 437 449 441 440 450 451 452 453 454
  78 437 443 455 447 446 456 457 458 459 460
  79 455 443 461 457 456 462 463 464 465 466
  80 437 455 449 459 458 467 468 451 450 469
  81 33 118 470 122 121 471 472 473 474 475
  82 264 103 336 266 265 340 339 476 477 478
  83 264 336 479 477 476 480 481 482 483 484
  84 479 336 485 481 480 486 487 488 489 490
  85 264 479 491 483 482 492 493 494 495 496
  86 258 264 497 268 267 498 499 500 501 502
  87 419 449 431 453 452 503 504 433 432 505
  88 431 449 506 504 503 507 508 509 510 511
  89 506 449 512 508 507 513 514 515 516 517
  90 431 506 518 510 509 519 520 521 522 523
  91 21 151 389 155 154 393 392 524 525 526
  92 389 377 527 391 390 528 529 530 531 532
  93 533 534 535 536 537 538 539 540 541 542
  94 401 431 413 435 434 543 544 415 414 545
  95 413 431 518 544 543 522 521 546 547 548
  96 413 518 470 547 546 549 550 551 552 553
  97 413 470 118 552 551 472 471 417 416 554
  98 383 145 368 385 384 372 371 555 556 557
  99 383 368 186 556 555 558 559 560 561 562
  100 377 383 13 387 386 563 564 565 566 567
  101 485 336 342 487 486 568 569 570 571 572
  102 479 485 573 489 488 574 575 576 577 578
  103 491 479 579 493 492 580 581 582 583 584
  104 264 491 497 495 494 585 586 499 498 587
  105 497 491 588 586 585 589 590 591 592 593
  106 588 491 594 590 589 595 596 597 598 599
  107 497 588 535 592 591 600 601 602 603 604
  108 171 51 605 173 172 606 607 608 609 610
  109 171 605 324 609 608 611 612 326 325 613
  110 177 61 614 179 178 615 616 617 618 619
  111 177 614 620 618 617 621 622 623 624 625
  112 620 614 626 622 621 627 628 629 630 631
  113 177 620 632 624 623 633 634 635 636 637
  114 620 626 638 630 629 639 640 641 642 643
  115 638 626 644 640 639 645 646 647 648 649
  116 620 638 632 642 641 650 651 634 633 652
  117 177 632 653 636 635 654 655 656 657 658
  118 303 219 186 305 304 292 291 659 660 661
  119 309 297 662 311 310 663 664 665 666 667
  120 594 491 579 596 595 583 582 668 669 670
  121 594 579 671 669 668 672 673 674 675 676
  122 671 579 677 673 672 678 679 680 681 682
  123 594 671 683 675 674 684 685 686 687 688
  124 62 177 653 181 180 657 656 689 690 691
  125 62 653 692 690 689 693 694 695 696 697
  126 692 653 698 694 693 699 700 701 702 703
  127 62 692 43 696 695 704 705 160 159 706
  128 43 692 707 705 704 708 709 710 711 712
  129 698 653 713 700 699 714 715 716 717 718
  130 692 330 707 719 720 721 722 709 708 723
  131 43 162 41 724 725 165 164 49 48 726
  132 297 303 727 307 306 728 729 730 731 732
  133 237 279 231 733 734 281 280 241 240 735
  134 588 594 736 598 597 737 738 739 740 741
  135 512 449 455 514 513 468 467 742 743 744
  136 506 512 745 516 515 746 747 748 749 750
  137 518 506 751 520 519 752 753 754 755 756
  138 186 13 383 188 187 564 563 561 560 757
  139 330 318 707 332 331 758 759 722 721 760
  140 707 318 162 759 758 761 762 763 764 765
  141 330 692 698 720 719 702 701 766 767 768
  142 162 318 324 762 761 328 327 769 770 771
  143 707 162 43 764 763 725 724 711 710 772
  144 330 698 342 767 766 773 774 775 776 777
  145 162 324 163 770 769 778 779 167 166 780
  146 330 342 97 776 775 344 343 334 333 781
  147 677 579 573 679 678 782 783 784 785 786
  148 677 573 787 785 784 788 789 790 791 792
  149 683 671 793 685 684 794 795 796 797 798
  150 671 677 799 681 680 800 801 802 803 804
  151 594 683 736 687 686 805 806 738 737 807
  152 736 683 808 806 805 809 810 811 812 813
  153 808 683 814 810 809 815 816 817 818 819
  154 736 808 820 812 811 821 822 823 824 825
  155 814 683 793 816 815 797 796 826 827 828
  156 814 793 829 827 826 830 831 832 833 834
  157 829 793 835 831 830 836 837 838 839 840
  158 814 829 841 833 832 842 843 844 845 846
  159 808 814 745 818 817 847 848 849 850 851
  160 820 808 512 822 821 852 853 854 855 856
  161 736 820 857 824 823 858 859 860 861 862
  162 835 793 799 837 836 863 864 865 866 867
  163 835 799 868 866 865 869 870 871 872 873
  164 829 835 874 839 838 875 876 877 878 879
  165 841 829 880 843 842 881 882 883 884 885
  166 814 841 745 845 844 886 887 848 847 888
  167 336 85 342 338 337 346 345 569 568 889
  168 362 139 890 364 363 891 892 893 894 895
  169 133 362 368 366 365 896 897 370 369 898
  170 33 470 139 474 473 899 900 357 356 901
  171 258 497 902 501 500 903 904 905 906 907
  172 713 653 632 715 714 655 654 908 909 910
  173 713 632 911 909 908 912 913 914 915 916
  174 911 632 638 913 912 651 650 917 918 919
  175 713 911 920 915 914 921 922 923 924 925
  176 920 911 787 922 921 926 927 928 929 930
  177 787 911 931 927 926 932 933 934 935 936
  178 931 911 638 933 932 918 917 937 938 939
  179 787 931 940 935 934 941 942 943 944 945
  180 713 920 946 924 923 947 948 949 950 951
  181 940 931 952 942 941 953 954 955 956 957
  182 787 940 677 944 943 958 959 791 790 960
  183 698 713 946 717 716 950 949 961 962 963
  184 698 946 342 962 961 964 965 774 773 966
  185 342 946 485 965 964 967 968 571 570 969
  186 485 946 920 968 967 948 947 970 971 972
  187 485 920 573 971 970 973 974 575 574 975
  188 573 920 787 974 973 929 928 789 788 976
  189 535 534 902 539 538 977 978 979 980 981
  190 533 535 982 541 540 983 984 985 986 987
  191 868 799 940 870 869 988 989 990 991 992
  192 868 940 952 991 990 956 955 993 994 995
  193 835 868 996 872 871 997 998 999 1000 1001
  194 479 573 579 577 576 783 782 581 580 1002
  195 662 297 727 664 663 731 730 1003 1004 1005
  196 727 303 1006 729 728 1007 1008 1009 1010 1011
  197 309 662 880 666 665 1012 1013 1014 1015 1016
  198 588 736 857 740 739 861 860 1017 1018 1019
  199 588 857 535 1018 1017 1020 1021 601 600 1022
  200 745 512 808 747 746 853 852 850 849 1023
  201 506 745 751 749 748 1024 1025 753 752 1026
  202 518 751 1027 755 754 1028 1029 1030 1031 1032
  203 793 671 799 795 794 803 802 864 863 1033
  204 799 677 940 801 800 959 958 989 988 1034
  205 952 931 1035 954 953 1036 1037 1038 1039 1040
  206 857 820 982 859 858 1041 1042 1043 1044 1045
  207 874 835 996 876 875 1000 999 1046 1047 1048
  208 874 996 1049 1047 1046 1050 1051 1052 1053 1054
  209 1049 996 1055 1051 1050 1056 1057 1058 1059 1060
  210 874 1049 1061 1053 1052 1062 1063 1064 1065 1066
  211 1055 996 1067 1057 1056 1068 1069 1070 1071 1072
  212 1049 1055 1073 1059 1058 1074 1075 1076 1077 1078
  213 1061 1049 279 1063 1062 1079 1080 1081 1082 1083
  214 874 1061 880 1065 1064 1084 1085 1086 1087 1088
  215 880 1061 309 1085 1084 1089 1090 1015 1014 1091
  216 309 1061 279 1090 1089 1082 1081 1092 1093 1094
  217 309 279 237 1093 1092 734 733 313 312 1095
  218 249 279 1073 283 282 1096 1097 1098 1099 1100
  219 249 1073 285 1099 1098 1101 1102 287 286 1103
  220 829 874 880 878 877 1087 1086 882 881 1104
  221 841 880 1105 884 883 1106 1107 1108 1109 1110
  222 890 139 470 892 891 900 899 1111 1112 1113
  223 890 470 1027 1112 1111 1114 1115 1116 1117 1118
  224 362 890 1119 894 893 1120 1121 1122 1123 1124
  225 1067 996 868 1069 1068 998 997 1125 1126 1127
  226 1067 868 952 1126 1125 994 993 1128 1129 1130
  227 1073 1055 1131 1075 1074 1132 1133 1134 1135 1136
  228 279 1049 1073 1080 1079 1077 1076 1097 1096 1137
  229 1055 1067 1138 1071 1070 1139 1140 1141 1142 1143
  230 902 497 535 904 903 603 602 980 979 1144
  231 982 535 857 984 983 1021 1020 1044 1043 1145
  232 258 902 1146 906 905 1147 1148 1149 1150 1151
  233 533 982 461 986 985 1152 1153 1154 1155 1156
  234 1006 303 186 1008 1007 660 659 1157 1158 1159
  235 727 1006 1119 1010 1009 1160 1161 1162 1163 1164
  236 1027 751 1105 1029 1028 1165 1166 1167 1168 1169
  237 518 1027 470 1031 1030 1115 1114 550 549 1170
  238 1105 880 662 1107 1106 1013 1012 1171 1172 1173
  239 1119 890 1027 1121 1120 1117 1116 1174 1175 1176
  240 1119 1027 1177 1175 1174 1178 1179 1180 1181 1182
  241 1177 1027 1105 1179 1178 1168 1167 1183 1184 1185
  242 1119 1177 727 1181 1180 1186 1187 1163 1162 1188
  243 1177 1105 662 1184 1183 1172 1171 1189 1190 1191
  244 1177 662 727 1190 1189 1004 1003 1187 1186 1192
  245 1131 1055 1138 1133 1132 1142 1141 1193 1194 1195
  246 1138 1067 1196 1140 1139 1197 1198 1199 1200 1201
  247 841 1105 751 1109 1108 1166 1165 1202 1203 1204
  248 362 1119 1006 1123 1122 1161 1160 1205 1206 1207
  249 1073 1131 285 1135 1134 1208 1209 1102 1101 1210
  250 285 1131 1211 1209 1208 1212 1213 1214 1215 1216
  251 1211 1131 1138 1213 1212 1194 1193 1217 1218 1219
  252 1211 1138 1220 1218 1217 1221 1222 1223 1224 1225
  253 1196 1067 952 1198 1197 1129 1128 1226 1227 1228
  254 1196 952 1035 1227 1226 1039 1038 1229 1230 1231
  255 1035 931 638 1037 1036 938 937 1232 1233 1234
  256 1196 1035 1220 1230 1229 1235 1236 1237 1238 1239
  257 1035 638 644 1233 1232 648 647 1240 1241 1242
  258 1196 1220 1138 1238 1237 1222 1221 1200 1199 1243
  259 534 1146 902 1244 1245 1148 1147 978 977 1246
  260 70 527 377 1247 1248 529 528 1249 1250 1251
  261 362 1006 368 1206 1205 1252 1253 897 896 1254
  262 368 1006 186 1253 1252 1158 1157 559 558 1255
  263 1035 644 1220 1241 1240 1256 1257 1236 1235 1258
  264 745 841 751 887 886 1203 1202 1025 1024 1259
  265 1146 270 258 1260 1261 272 271 1150 1149 1262
  266 461 982 455 1153 1152 1263 1264 465 464 1265
  267 820 512 455 855 854 743 742 1266 1267 1268
  268 70 377 13 1250 1249 566 565 74 73 1269
  269 820 455 982 1267 1266 1264 1263 1042 1041 1270
  END_ELEMENTS 
  COORDINATES 
   1  7.459252  2.828283
   2  7.220752  3.151515
   3  7.004313  2.742207
   4  7.379752  2.9360269999999997
   5  7.300252  3.043771
   6  7.148605666666667  3.015079
   7  7.076459333333333  2.878643
   8  7.155959333333334  2.770899
   9  7.307605666666666  2.799591
   10  7.228105666666667  2.907335
   11  4.348283  -3.313131
   12  4.564307  -3.636364
   13  4.894213  -3.314686
   14  4.420291000000001  -3.420875333333333
   15  4.492299  -3.5286196666666667
   16  4.6742756666666665  -3.529138
   17  4.7842443333333335  -3.421912
   18  4.712236333333333  -3.3141676666666666
   19  4.530259666666667  -3.3136493333333332
   20  4.602267666666667  -3.421393666666667
   21  6.423729  -3.868619
   22  6.762712  -3.624394
   23  6.340102  -3.395179
   24  6.536723333333333  -3.7872106666666667
   25  6.649717666666667  -3.705802333333333
   26  6.621842  -3.5479890000000003
   27  6.4809719999999995  -3.471584
   28  6.3679776666666665  -3.5529923333333335
   29  6.395853333333333  -3.7108056666666664
   30  6.508847666666665  -3.6293973333333334
   31  7.440678  -2.857346
   32  7.653055  -2.505051
   33  7.180994  -2.460637
   34  7.5114703333333335  -2.7399143333333336
   35  7.582262666666667  -2.6224826666666665
   36  7.495701333333334  -2.4902463333333333
   37  7.3383476666666665  -2.4754416666666668
   38  7.267555333333333  -2.5928733333333334
   39  7.354116666666667  -2.725109666666667
   40  7.4249089999999995  -2.607678
   41  5.067797  4.039001
   42  4.714291  3.79798
   43  5.019279  3.485048
   44  4.949961666666667  3.9586606666666664
   45  4.832126333333333  3.8783203333333334
   46  4.815953666666667  3.6936693333333332
   47  4.917616333333333  3.5893586666666666
   48  5.035451666666667  3.669699
   49  5.051624333333333  3.8543499999999997
   50  4.933789  3.7740096666666667
   51  6.928178  3.474747
   52  6.753432  3.022549
   53  7.123227333333333  3.2592589999999997
   54  7.025702666666667  3.367003
   55  6.869929333333333  3.3240143333333334
   56  6.811680666666667  3.1732816666666666
   57  6.909205333333333  3.0655376666666667
   58  7.064978666666667  3.1085263333333333
   59  6.967454  3.2162703333333336
   60  4.389831  3.385396
   61  4.192183  2.989899
   62  4.678345  2.994078
   63  4.323948333333333  3.2535636666666665
   64  4.258065666666667  3.1217313333333334
   65  4.354237  2.991292
   66  4.516291  2.992685
   67  4.582173666666667  3.1245173333333334
   68  4.486002333333333  3.2549566666666667
   69  4.420119666666667  3.123124333333333
   70  4.921828  -3.959596
   71  4.683480666666667  -3.7441079999999998
   72  4.802654333333333  -3.851852
   73  4.912623  -3.744626
   74  4.903417999999999  -3.529656
   75  4.793449333333333  -3.636882
   76  4.524144  -2.92024
   77  4.770856666666666  -3.183204
   78  4.647500333333333  -3.0517220000000003
   79  4.465523666666667  -3.051203666666667
   80  4.406903333333333  -3.182167333333333
   81  4.58888  -3.1826856666666665
   82  6.837059  2.929101666666667
   83  6.920686  2.8356543333333333
   84  6.992832333333333  2.9720903333333335
   85  6.556201  2.593616
   86  6.687688333333333  2.8795713333333333
   87  6.621944666666667  2.736593666666667
   88  6.705571666666667  2.643146333333333
   89  6.854942333333333  2.692676666666667
   90  6.771315333333334  2.7861239999999996
   91  7.312282  2.359781
   92  7.106969333333333  2.6147316666666667
   93  7.209625666666667  2.4872563333333333
   94  7.361272  2.5159483333333332
   95  7.410262  2.6721156666666666
   96  7.258615666666667  2.6434236666666666
   97  6.261402  2.988982
   98  6.589422  3.0113600000000003
   99  6.425412000000001  3.000171
   100  6.3596683333333335  2.8571933333333335
   101  6.457934666666667  2.7254046666666665
   102  6.523678333333334  2.8683823333333334
   103  6.916544  2.256906
   104  6.676315333333333  2.4813793333333334
   105  6.796429666666667  2.3691426666666664
   106  6.945800333333334  2.418673
   107  6.975056666666666  2.58044
   108  6.825686  2.5309096666666666
   109  7.101695  -3.29421
   110  6.63007  -3.149116
   111  6.8757063333333335  -3.5143326666666668
   112  6.9887006666666665  -3.4042713333333334
   113  6.944486666666667  -3.2458453333333335
   114  6.787278333333333  -3.1974806666666664
   115  6.674284  -3.3075419999999998
   116  6.718497999999999  -3.465968
   117  6.831492333333333  -3.3559066666666664
   118  7.457586  -2.051735
   119  7.587898666666667  -2.3539456666666667
   120  7.522742333333333  -2.202840333333333
   121  7.365388666666667  -2.1880356666666665
   122  7.273191333333333  -2.3243363333333336
   123  7.4305449999999995  -2.339141
   124  6.948542  -2.896147
   125  7.10351  -2.605807
   126  7.026026  -2.7509770000000002
   127  7.112587333333333  -2.8832133333333334
   128  7.276632666666667  -2.870279666666667
   129  7.190071333333333  -2.7380433333333336
   130  6.533414  -3.231137
   131  6.436758  -3.313158
   132  6.577628  -3.3895630000000003
   133  6.204917  -2.941988
   134  6.488352333333333  -3.080073333333333
   135  6.346634666666667  -3.0110306666666666
   136  6.249978666666666  -3.0930516666666668
   137  6.295040333333334  -3.2441153333333332
   138  6.391696333333333  -3.1620943333333336
   139  6.607142  -2.656279
   140  6.622427333333333  -2.9848369999999997
   141  6.614784666666666  -2.820558
   142  6.4730669999999995  -2.7515153333333333
   143  6.338992  -2.8467516666666666
   144  6.480709666666667  -2.915794333333333
   145  5.857564  -3.292359
   146  6.089132666666667  -3.058778333333333
   147  5.973348333333333  -3.1755686666666665
   148  6.01841  -3.3266323333333334
   149  6.179256  -3.3609056666666666
   150  6.134194333333333  -3.209842
   151  6.004351  -3.649488
   152  6.228185  -3.4799486666666666
   153  6.116268  -3.5647183333333334
   154  6.1441436666666664  -3.7225316666666664
   155  6.283936333333333  -3.7955753333333333
   156  6.2560606666666665  -3.637762
   157  4.809463  3.4518306666666665
   158  4.599647  3.4186133333333335
   159  4.791989666666667  3.157734666666667
   160  4.905634333333333  3.321391333333333
   161  4.695818333333333  3.288174
   162  5.564603  3.746914
   163  5.576271  4.142097
   164  5.2333989999999995  3.9416386666666665
   165  5.399001  3.844276333333333
   166  5.568492333333333  3.8786416666666663
   167  5.572381666666667  4.010369333333333
   168  5.406779666666667  4.107731666666666
   169  5.237288333333333  4.073366333333333
   170  5.4028903333333345  3.9760039999999996
   171  6.436902  3.404731
   172  6.764419333333334  3.451408333333333
   173  6.600660666666666  3.4280696666666666
   174  6.542412  3.277337
   175  6.647922  3.149943
   176  6.706170666666666  3.300675666666667
   177  4.438986  2.558992
   178  4.274450666666667  2.8462633333333334
   179  4.356718333333333  2.7026276666666664
   180  4.518772333333334  2.7040206666666666
   181  4.5985586666666665  2.8490493333333333
   182  4.436504666666667  2.847656333333333
   183  4.606137666666667  3.660452
   184  4.497984333333333  3.522924
   185  4.707800333333334  3.556141333333333
   186  5.03679  -2.652766
   187  4.941738666666667  -3.094046
   188  4.989264333333333  -2.873406
   189  4.865908  -2.741924
   190  4.6950259999999995  -2.8310820000000003
   191  4.818382333333333  -2.962564
   192  4.129268  -2.828283
   193  4.392518666666667  -2.889587666666667
   194  4.260893333333333  -2.858935333333333
   195  4.202273  -2.989899
   196  4.275278  -3.151515
   197  4.333898333333333  -3.0205513333333336
   198  4.347498  -2.40855
   199  4.465262  -2.7496766666666668
   200  4.4063799999999995  -2.5791133333333334
   201  4.2747546666666665  -2.548461
   202  4.202011333333333  -2.6883719999999998
   203  4.333636666666666  -2.7190243333333335
   204  4.807026  -2.5713606666666666
   205  4.577262  -2.4899553333333335
   206  4.636144  -2.6605186666666665
   207  3.979964  -2.343434
   208  4.224986666666666  -2.3868446666666667
   209  4.1024753333333335  -2.365139333333333
   210  4.029732  -2.505050333333333
   211  4.0794999999999995  -2.6666666666666665
   212  4.152243333333334  -2.5267556666666664
   213  4.239272  -1.94962
   214  4.311422666666666  -2.2555733333333334
   215  4.275347333333333  -2.1025966666666664
   216  4.152836  -2.080891333333333
   217  4.0664  -2.2121626666666665
   218  4.188911333333333  -2.2338679999999997
   219  4.714837  -2.079696
   220  4.469944333333333  -2.298932
   221  4.592390666666667  -2.189314
   222  4.556315333333333  -2.0363373333333334
   223  4.397793666666667  -1.9929786666666667
   224  4.4338690000000005  -2.145955333333333
   225  3.874526  -1.858586
   226  4.11769  -1.9192753333333332
   227  3.996108  -1.8889306666666668
   228  3.909672  -2.020202
   229  3.9448179999999997  -2.181818
   230  4.031254  -2.0505466666666665
   231  4.228389  -1.437201
   232  4.235644333333333  -1.7788136666666665
   233  4.2320166666666665  -1.6080073333333333
   234  4.1104346666666665  -1.5776626666666667
   235  3.9924803333333334  -1.7181243333333334
   236  4.114062333333333  -1.748469
   237  4.627647  -1.645691
   238  4.368730333333333  -1.8483103333333333
   239  4.498188666666667  -1.7470006666666666
   240  4.494561  -1.5761943333333333
   241  4.3614749999999995  -1.5066976666666667
   242  4.365102666666666  -1.6775039999999999
   243  3.782677  -1.212121
   244  4.079818333333334  -1.3621743333333334
   245  3.9312476666666667  -1.2871476666666666
   246  3.813293333333333  -1.4276093333333333
   247  3.843909666666667  -1.6430976666666668
   248  3.961864  -1.5026359999999999
   249  4.224567  -0.9961701
   250  4.227115  -1.2901907
   251  4.225841  -1.1431803999999999
   252  4.077270333333334  -1.0681537333333333
   253  3.9299736666666667  -1.1401373666666665
   254  4.078544333333333  -1.2151640333333333
   255  7.048456666666667  2.2911976666666667
   256  7.180369333333333  2.325489333333333
   257  7.077713  2.452964666666667
   258  7.324029  1.93526
   259  7.0523723333333335  2.1496906666666664
   260  7.188200666666667  2.0424753333333334
   261  7.3201133333333335  2.076767
   262  7.316197666666667  2.218274
   263  7.184285  2.1839823333333332
   264  6.737497  1.795639
   265  6.856861666666667  2.1031503333333332
   266  6.797179333333333  1.9493946666666666
   267  6.933007666666667  1.8421793333333334
   268  7.128518333333334  1.8887196666666666
   269  6.9926900000000005  1.995935
   270  7.73769  2.343434
   271  7.461916  2.0713179999999998
   272  7.599803  2.207376
   273  7.595887333333333  2.348883
   274  7.454084666666667  2.354332
   275  7.458000333333334  2.212825
   276  7.6448773333333335  2.505050333333333
   277  7.552064666666666  2.6666666666666665
   278  7.503074666666667  2.510499333333333
   279  4.621645  -0.9610175
   280  4.359474333333333  -1.2784731666666667
   281  4.490559666666667  -1.1197453333333334
   282  4.4892856666666665  -0.9727350333333333
   283  4.356926333333334  -0.9844525666666666
   284  4.3582003333333335  -1.1314628666666666
   285  3.7333  -0.5656566
   286  4.0608113333333336  -0.8526655999999999
   287  3.8970556666666667  -0.7091611
   288  3.749759  -0.7811447333333333
   289  3.766218  -0.9966328666666666
   290  3.9135146666666665  -0.9246492333333333
   291  4.929472333333333  -2.461742666666667
   292  4.822154666666667  -2.2707193333333335
   293  4.699708333333334  -2.3803373333333333
   294  4.685773666666667  -1.9350276666666668
   295  4.656710333333333  -1.7903593333333334
   296  4.527252  -1.891669
   297  5.095773  -1.777407
   298  4.841815666666667  -1.978933
   299  4.968794333333333  -1.8781700000000001
   300  4.939731  -1.7335016666666667
   301  4.783689  -1.6895963333333333
   302  4.812752333333333  -1.8342646666666669
   303  5.20635  -2.167072
   304  4.878674666666667  -2.1088213333333337
   305  5.042512333333333  -2.1379466666666667
   306  5.169491  -2.0371836666666665
   307  5.132632  -1.9072953333333333
   308  5.005653333333334  -2.0080583333333335
   309  4.978992  -1.294722
   310  5.056846  -1.616512
   311  5.017919  -1.455617
   312  4.861877  -1.4117116666666667
   313  4.744762  -1.5287013333333332
   314  4.900804  -1.5726066666666665
   315  6.378402  3.266148
   316  6.319902  3.127565
   317  6.483912  3.138754
   318  5.948897  3.402699
   319  6.2742336666666665  3.4040536666666665
   320  6.111565333333333  3.4033763333333336
   321  6.0530653333333335  3.2647933333333334
   322  6.1572336666666665  3.1268876666666667
   323  6.215733666666666  3.265470666666667
   324  6.084746  4.036399
   325  6.319516666666667  3.615287
   326  6.202131333333333  3.8258430000000003
   327  6.039463  3.825165666666667
   328  5.99418  3.6139323333333335
   329  6.156848333333333  3.6146096666666665
   330  5.739909  2.989003
   331  5.879234333333333  3.2648003333333335
   332  5.809571666666667  3.1269016666666665
   333  5.91374  2.9889959999999998
   334  6.0875710000000005  2.988989
   335  5.983402666666667  3.126894666666667
   336  6.440737  2.108876
   337  6.517713  2.432036
   338  6.4792250000000005  2.270456
   339  6.599339333333334  2.1582193333333333
   340  6.7579416666666665  2.2075626666666666
   341  6.637827333333334  2.3197993333333335
   342  6.004022  2.511043
   343  6.175608666666667  2.829669
   344  6.089815333333333  2.670356
   345  6.188081666666666  2.5385673333333334
   346  6.372141333333333  2.5660916666666664
   347  6.273875  2.6978803333333334
   348  6.736227333333333  -3.064793
   349  6.842384666666667  -2.98047
   350  6.834741999999999  -2.816191
   351  6.720942  -2.736235
   352  6.728584666666666  -2.900514
   353  7.050644  -3.1615223333333335
   354  6.999593  -3.0288346666666666
   355  6.893435666666666  -3.1131576666666665
   356  6.98971  -2.5258510000000003
   357  6.798426  -2.591065
   358  6.9122259999999995  -2.671021
   359  7.214689333333333  -3.148588666666667
   360  7.327683666666667  -3.0029673333333333
   361  7.163638333333334  -3.015901
   362  6.155273  -2.446116
   363  6.456519  -2.586224666666667
   364  6.305896  -2.516170333333333
   365  6.1718210000000004  -2.6114066666666664
   366  6.188369  -2.7766973333333334
   367  6.322444  -2.681461
   368  5.723732  -2.812315
   369  6.044522  -2.8987636666666665
   370  5.884127  -2.855539333333333
   371  5.768342666666666  -2.9723296666666665
   372  5.812953333333334  -3.132344333333333
   373  5.928737666666667  -3.015554
   374  5.906493  -3.411402
   375  5.9554219999999995  -3.530445
   376  6.067339  -3.4456753333333334
   377  5.482718  -3.651951
   378  5.732615333333333  -3.412223
   379  5.607666666666667  -3.5320869999999998
   380  5.656595666666667  -3.6511299999999998
   381  5.830473333333333  -3.650309
   382  5.781544333333334  -3.531266
   383  5.379035  -3.121424
   384  5.698054333333333  -3.2353806666666665
   385  5.538544666666667  -3.1784023333333336
   386  5.413596  -3.2982663333333333
   387  5.448157  -3.475108666666667
   388  5.573105666666667  -3.355244666666666
   389  5.915254  -4.092001
   390  5.626896666666667  -3.7986343333333332
   391  5.771075333333333  -3.9453176666666665
   392  5.944953  -3.9444966666666663
   393  5.974652  -3.7969923333333333
   394  5.800774333333333  -3.7978133333333335
   395  7.883907  -2.020202
   396  7.730005666666667  -2.3434346666666666
   397  7.806956333333333  -2.181818333333333
   398  7.7418  -2.030713
   399  7.599693  -2.0412239999999997
   400  7.664849333333334  -2.1923293333333334
   401  7.638806  -1.604135
   402  7.802206666666667  -1.881513
   403  7.720506333333333  -1.742824
   404  7.5783993333333335  -1.753335
   405  7.517992666666666  -1.9025349999999999
   406  7.6600996666666665  -1.8920240000000002
   407  8.055274  -1.535354
   408  7.941029333333334  -1.8585859999999998
   409  7.998151666666667  -1.69697
   410  7.916451333333334  -1.558281
   411  7.777628666666667  -1.5812080000000002
   412  7.859329  -1.7198969999999998
   413  7.234437  -1.665829
   414  7.504016333333333  -1.6246996666666667
   415  7.369226666666666  -1.6452643333333334
   416  7.30882  -1.7944643333333332
   417  7.383203  -1.9230996666666667
   418  7.443609666666667  -1.7738996666666669
   419  7.776481  -1.142519
   420  7.962343000000001  -1.404409
   421  7.8694120000000005  -1.2734640000000002
   422  7.7305893333333335  -1.296391
   423  7.684697666666667  -1.450263
   424  7.823520333333334  -1.4273360000000002
   425  8.175171  -1.050505
   426  8.095239666666668  -1.3737376666666667
   427  8.135205333333333  -1.2121213333333334
   428  8.042274333333333  -1.0811763333333333
   429  7.909377666666667  -1.1118476666666668
   430  8.002308666666666  -1.2427926666666667
   431  7.292693  -1.24957
   432  7.615218333333334  -1.1782026666666667
   433  7.453955666666666  -1.2138863333333334
   434  7.4080639999999995  -1.3677583333333334
   435  7.523435  -1.4859466666666667
   436  7.569326666666666  -1.332074666666667
   437  7.87845  -0.6745903
   438  8.076264  -0.9252001
   439  7.9773570000000005  -0.7998951999999999
   440  7.844460333333333  -0.8305665333333333
   441  7.810470666666667  -0.9865427666666666
   442  7.943367333333334  -0.9558714333333335
   443  8.263734  -0.4040404
   444  8.204692  -0.8350168
   445  8.234213  -0.6195286
   446  8.135306  -0.4942237
   447  8.006878  -0.584407
   448  8.105785  -0.7097119
   449  7.440757  -0.7738369
   450  7.7325523333333335  -0.7076725
   451  7.586654666666666  -0.7407547
   452  7.552665  -0.8967309333333334
   453  7.664573  -1.0196249666666668
   454  7.6985626666666676  -0.8636487333333335
   455  7.697269  -0.2030169
   456  8.074912333333334  -0.3370325666666667
   457  7.886090666666667  -0.2700247333333333
   458  7.757662666666667  -0.3602080333333333
   459  7.818056333333334  -0.5173991666666666
   460  7.946484333333333  -0.4272158666666666
   461  8.273813  0.2424242
   462  8.267093666666666  -0.1885522
   463  8.270453333333334  0.026936000000000015
   464  8.081631666666667  0.09394383333333334
   465  7.8894503333333335  -0.05453653333333333
   466  8.078272  -0.12154436666666668
   467  7.611765  -0.39329023333333335
   468  7.526261  -0.5835635666666668
   469  7.6721586666666655  -0.5504813666666667
   470  6.960625  -2.013576
   471  7.2919323333333335  -2.0390153333333334
   472  7.126278666666667  -2.0262956666666665
   473  7.034081333333334  -2.1625963333333336
   474  7.1075376666666665  -2.3116166666666667
   475  7.199735  -2.175316
   476  6.539657  2.0044636666666666
   477  6.638577000000001  1.9000513333333333
   478  6.698259333333333  2.0538070000000004
   479  6.274775  1.654451
   480  6.385416333333334  1.957401
   481  6.330095666666667  1.805926
   482  6.4290156666666665  1.7015136666666666
   483  6.583256333333334  1.7485763333333333
   484  6.484336333333334  1.8529886666666666
   485  5.95102  2.030209
   486  6.2774980000000005  2.082653666666667
   487  6.114259  2.0564313333333333
   488  6.058938333333333  1.9049563333333335
   489  6.166856666666667  1.7797036666666666
   490  6.222177333333334  1.9311786666666666
   491  6.632508  1.310883
   492  6.3940193333333335  1.5399283333333333
   493  6.513263666666666  1.4254056666666666
   494  6.6675043333333335  1.4724683333333333
   495  6.702500666666666  1.6340536666666667
   496  6.548259999999999  1.586991
   497  7.062356  1.417258
   498  6.845783333333333  1.6695119999999999
   499  6.954069666666667  1.543385
   500  7.149580333333334  1.5899253333333332
   501  7.236804666666667  1.7625926666666667
   502  7.041294000000001  1.716052333333333
   503  7.391402333333333  -0.9324146000000001
   504  7.342047666666667  -1.0909923000000001
   505  7.503310333333334  -1.0553086333333335
   506  6.929236  -0.9248612
   507  7.27025  -0.8241783333333333
   508  7.099743  -0.8745197666666668
   509  7.050388333333333  -1.0330974666666668
   510  7.171540666666667  -1.1413337333333333
   511  7.220895333333334  -0.9827560333333335
   512  7.070409  -0.448464
   513  7.317307666666666  -0.6653792666666667
   514  7.193858333333333  -0.5569216333333333
   515  7.023351333333333  -0.6072630666666666
   516  6.976293666666667  -0.7660621333333333
   517  7.146800666666667  -0.7157207
   518  6.822476  -1.410131
   519  6.893649333333333  -1.0866178
   520  6.858062666666667  -1.2483744
   521  6.979215  -1.3566106666666666
   522  7.135954  -1.3030903333333335
   523  7.014801666666666  -1.1948540666666665
   524  6.084745666666667  -4.017540333333333
   525  6.254237333333333  -3.9430796666666663
   526  6.1144446666666665  -3.8700360000000003
   527  5.40678  -4.134105
   528  5.457405333333334  -3.812669
   529  5.432092666666667  -3.973387
   530  5.576271333333334  -4.1200703333333335
   531  5.745762666666667  -4.106035666666666
   532  5.601584  -3.9593523333333334
   533  8.20427  0.8888889
   534  8.102234  1.373737
   535  7.568772  1.043167
   536  8.170257999999999  1.0505049333333334
   537  8.136246  1.2121209666666666
   538  7.924413333333333  1.263547
   539  7.7465926666666665  1.153357
   540  7.780604666666666  0.9917409666666667
   541  7.992437333333333  0.9403149333333333
   542  7.958425333333332  1.1019309666666666
   543  7.273274333333333  -1.388323
   544  7.2538556666666665  -1.527076
   545  7.388645333333333  -1.5065113333333333
   546  6.959796333333333  -1.4953636666666668
   547  7.0971166666666665  -1.5805963333333333
   548  7.116535333333334  -1.4418433333333331
   549  6.868525666666667  -1.6112793333333333
   550  6.9145753333333335  -1.8124276666666668
   551  7.051895666666667  -1.8976603333333333
   552  7.143166333333333  -1.7817446666666668
   553  7.005846000000001  -1.6965120000000002
   554  7.217549333333333  -1.91038
   555  5.608833  -2.915351333333333
   556  5.493934  -3.018387666666667
   557  5.653443666666667  -3.0753660000000003
   558  5.494751333333333  -2.759132
   559  5.265770666666667  -2.705949
   560  5.150871666666666  -2.8089853333333337
   561  5.264953333333334  -2.9652046666666667
   562  5.379852333333333  -2.8621683333333334
   563  5.217427666666667  -3.1858446666666667
   564  5.055820333333333  -3.2502653333333336
   565  5.090381333333333  -3.4271076666666667
   566  5.286549666666667  -3.5395293333333333
   567  5.251988666666667  -3.3626869999999998
   568  6.295165333333333  2.2429316666666668
   569  6.149593666666667  2.376987333333333
   570  5.986354666666666  2.350765
   571  5.9686873333333335  2.190487
   572  6.131926333333333  2.216709333333333
   573  5.784854  1.559686
   574  5.895631333333333  1.8733680000000001
   575  5.840242666666667  1.716527
   576  5.948161  1.5912743333333332
   577  6.111468  1.6228626666666666
   578  6.003549666666667  1.7481153333333335
   579  6.153701  1.17036
   580  6.234417  1.4930873333333332
   581  6.194059  1.3317236666666667
   582  6.313303333333333  1.217201
   583  6.472905666666667  1.264042
   584  6.353661333333332  1.3785646666666667
   585  6.7757906666666665  1.3463413333333334
   586  6.919073333333333  1.3817996666666665
   587  6.810787  1.5079266666666669
   588  6.951452  0.9437377
   589  6.738822666666667  1.1885012333333334
   590  6.845137333333333  1.0661194666666667
   591  6.98842  1.1015778
   592  7.025388  1.2594178999999999
   593  6.882105333333333  1.2239595666666665
   594  6.465089  0.843335
   595  6.576701666666667  1.1550336666666667
   596  6.520895333333333  0.9991843333333332
   597  6.62721  0.8768025666666667
   598  6.789331  0.9102701333333333
   599  6.683016333333334  1.0326519
   600  7.157225333333333  0.9768808
   601  7.362998666666667  1.0100239
   602  7.399966666666667  1.167864
   603  7.2311613333333336  1.2925609999999998
   604  7.194193333333334  1.1347209
   605  6.529948  3.79798
   606  6.795434666666667  3.582491333333333
   607  6.662691333333333  3.6902356666666667
   608  6.498932666666667  3.666897
   609  6.467917333333333  3.535814
   610  6.631676  3.5591526666666664
   611  6.381547333333334  3.877453
   612  6.233146666666666  3.956926
   613  6.350532  3.74637
   614  4.023749  2.505051
   615  4.1360383333333335  2.828283
   616  4.079893666666666  2.666667
   617  4.162161333333333  2.5230313333333334
   618  4.300573666666667  2.5410116666666664
   619  4.218305999999999  2.684647333333333
   620  4.287149  2.102616
   621  4.111549  2.3709059999999997
   622  4.199349  2.236761
   623  4.337761333333334  2.254741333333333
   624  4.388373666666666  2.4068666666666667
   625  4.249961333333332  2.3888863333333332
   626  3.881356  1.894751
   627  3.9762846666666665  2.3016176666666666
   628  3.928820333333333  2.098184333333333
   629  4.016620333333333  1.9640393333333332
   630  4.151884666666667  2.0333276666666666
   631  4.064084666666667  2.1674726666666664
   632  4.712772  2.177301
   633  4.429023333333333  2.1275109999999997
   634  4.570897666666667  2.152406
   635  4.62151  2.3045313333333333
   636  4.530248  2.4317616666666666
   637  4.479635666666667  2.279636333333333
   638  4.411757  1.701772
   639  4.058156333333333  1.8304246666666668
   640  4.234956666666666  1.7660983333333333
   641  4.370221  1.8353866666666667
   642  4.328685  1.9690013333333332
   643  4.1934206666666665  1.899713
   644  3.801297  1.373737
   645  3.8546696666666667  1.7210796666666668
   646  3.827983333333333  1.5474083333333333
   647  4.0047836666666665  1.483082
   648  4.208270333333333  1.592427
   649  4.03147  1.6567533333333335
   650  4.512095333333333  1.8602816666666666
   651  4.612433666666667  2.018791333333333
   652  4.470559333333334  1.993896333333333
   653  4.925453  2.669372
   654  4.783665666666667  2.3413246666666665
   655  4.8545593333333334  2.5053483333333335
   656  4.763297333333333  2.632578666666667
   657  4.601141666666667  2.595785333333333
   658  4.692403666666667  2.468555
   659  5.09331  -2.4908680000000003
   660  5.14983  -2.32897
   661  4.985992333333333  -2.299844666666667
   662  5.458253  -1.43424
   663  5.216599666666667  -1.6630179999999999
   664  5.337426333333333  -1.548629
   665  5.298499333333333  -1.387734
   666  5.138745666666667  -1.3412279999999999
   667  5.177672666666666  -1.5021229999999999
   668  6.257497  1.0613516666666667
   669  6.361293  0.9523433333333333
   670  6.417099333333333  1.1081926666666668
   671  5.995803  0.7082503
   672  6.101068333333333  1.0163234333333333
   673  6.048435666666667  0.8622868666666668
   674  6.152231666666667  0.7532785333333333
   675  6.308660333333333  0.7983067666666667
   676  6.204864333333333  0.9073151
   677  5.664999  1.079313
   678  5.9908003333333335  1.140011
   679  5.827899666666666  1.109662
   680  5.775267  0.9556254333333333
   681  5.885535  0.8319378666666667
   682  5.938167666666668  0.9859744333333333
   683  6.350226  0.3596763
   684  6.113944  0.5920589666666667
   685  6.2320850000000005  0.4758676333333334
   686  6.388513666666666  0.5208958666666667
   687  6.426801333333334  0.6821154333333332
   688  6.270372666666667  0.6370872
   689  4.843083666666667  2.7776073333333335
   690  4.7607143333333335  2.8858426666666666
   691  4.680928000000001  2.7408140000000003
   692  5.231477  3.011564
   693  5.027461  2.783436
   694  5.129469  2.8975
   695  5.047099666666667  3.0057353333333334
   696  4.862722333333333  2.9999066666666665
   697  4.945091666666667  2.8916713333333335
   698  5.420052  2.68172
   699  5.090319333333333  2.673488
   700  5.255185666666667  2.677604
   701  5.357193666666666  2.791668
   702  5.294335333333334  2.9016159999999998
   703  5.192327333333333  2.787552
   704  5.160744333333334  3.1693919999999998
   705  5.090011666666666  3.32722
   706  4.976367  3.1635633333333337
   707  5.573606  3.338009
   708  5.34552  3.120379
   709  5.459563  3.229194
   710  5.388830333333333  3.387022
   711  5.204054666666667  3.436035
   712  5.274787333333333  3.278207
   713  5.18356  2.242668
   714  5.011488666666667  2.5271373333333336
   715  5.097524333333333  2.3849026666666666
   716  5.262390666666667  2.389018666666667
   717  5.341221333333333  2.535369333333333
   718  5.176355  2.5312533333333334
   719  5.400954333333333  3.0040436666666666
   720  5.570431666666667  2.996523333333333
   721  5.684474666666667  3.105338333333333
   722  5.629040333333333  3.2216736666666668
   723  5.5149973333333335  3.1128586666666664
   724  5.201053666666667  3.5723366666666667
   725  5.382828333333333  3.659625333333333
   726  5.217226333333333  3.756987666666666
   727  5.562662  -1.953958
   728  5.325120666666667  -2.096034
   729  5.443891333333333  -2.0249960000000002
   730  5.407032333333333  -1.8951076666666666
   731  5.251402666666667  -1.8362573333333334
   732  5.288261666666667  -1.9661456666666668
   733  4.625646333333333  -1.4174665
   734  4.6236456666666665  -1.189242
   735  4.4925603333333335  -1.3479698333333332
   736  6.795814  0.4694654
   737  6.575330666666667  0.7187117999999999
   738  6.685572333333333  0.5940886
   739  6.847693333333333  0.6275561666666667
   740  6.899572666666667  0.7856469333333334
   741  6.737451666666666  0.7521793666666666
   742  7.488315666666667  -0.2848326
   743  7.279362333333333  -0.3666483
   744  7.4028116666666675  -0.47510593333333334
   745  6.584655  -0.5636339
   746  6.908491  -0.48685396666666664
   747  6.746573  -0.5252439333333333
   748  6.699515333333333  -0.6840430000000001
   749  6.814375666666667  -0.8044521
   750  6.861433333333333  -0.6456530333333333
   751  6.452957  -1.074457
   752  6.770476333333334  -0.9747264666666667
   753  6.611716666666666  -1.0245917333333334
   754  6.57613  -1.1863483333333333
   755  6.699303  -1.2982396666666667
   756  6.7348896666666676  -1.1364830666666668
   757  5.103346  -3.029625333333333
   758  5.823799999999999  3.3811356666666668
   759  5.698703  3.3595723333333334
   760  5.7541373333333325  3.243237
   761  5.820799  3.5174373333333335
   762  5.692701  3.6321756666666665
   763  5.567604  3.610612333333333
   764  5.570605  3.4743106666666668
   765  5.695702  3.495874
   766  5.526671  2.7841476666666667
   767  5.63329  2.886575333333333
   768  5.463812666666667  2.894095666666667
   769  5.911365  3.9399040000000003
   770  5.737984  3.843409
   771  5.866082  3.7286706666666674
   772  5.385829333333334  3.5233236666666663
   773  5.614708666666667  2.6248276666666666
   774  5.809365333333333  2.5679353333333332
   775  5.915984333333333  2.670363
   776  5.827946666666667  2.8296829999999997
   777  5.721327666666666  2.7272553333333334
   778  5.915254333333333  4.071631666666667
   779  5.745762666666667  4.106864333333333
   780  5.741873333333333  3.9751366666666663
   781  6.0017776666666665  2.8296759999999996
   782  6.030752  1.3001353333333334
   783  5.907803  1.4299106666666666
   784  5.744902333333333  1.3995616666666666
   785  5.704950666666667  1.2394373333333333
   786  5.867851333333333  1.2697863333333332
   787  5.304793  1.424325
   788  5.6248336666666665  1.5145656666666667
   789  5.464813333333334  1.4694453333333333
   790  5.424861666666667  1.309321
   791  5.544930333333333  1.194317
   792  5.584882  1.3544413333333332
   793  5.869386  0.2252404
   794  5.953664000000001  0.547247
   795  5.911525  0.3862437
   796  6.029666000000001  0.27005236666666665
   797  6.189946  0.31486433333333336
   798  6.071805  0.43105566666666667
   799  5.507183  0.6056318
   800  5.612393666666667  0.9214192666666666
   801  5.5597883333333336  0.7635255333333333
   802  5.670056333333334  0.6398379666666667
   803  5.832929666666667  0.6740441333333334
   804  5.722661666666667  0.7977316999999999
   805  6.498755333333333  0.39627266666666666
   806  6.647284666666667  0.4328690333333333
   807  6.537043  0.5574922333333333
   808  6.676612  -0.005867745
   809  6.459021333333333  0.23782828500000003
   810  6.567816666666667  0.11598027000000002
   811  6.716346000000001  0.15257663666666665
   812  6.75608  0.31102101833333334
   813  6.607550666666666  0.2744246516666667
   814  6.190422  -0.1114929
   815  6.296958  0.2026199
   816  6.24369  0.04556349999999998
   817  6.352485333333333  -0.076284515
   818  6.514548666666667  -0.04107613
   819  6.405753333333334  0.080771885
   820  7.15622  0.1264715
   821  6.836481333333333  0.038245336666666664
   822  6.996350666666667  0.08235841833333334
   823  7.0360846666666665  0.24080279999999998
   824  6.915949333333334  0.35513409999999995
   825  6.876215333333334  0.19668971833333335
   826  5.9763980000000005  0.11299596666666667
   827  6.08341  0.0007515333333333318
   828  6.136678000000001  0.15780793333333334
   829  5.7165  -0.2419204
   830  5.818424  0.06952013333333332
   831  5.767462  -0.08620013333333337
   832  5.874474  -0.19844456666666668
   833  6.032448  -0.15496873333333333
   834  5.925436  -0.0427243
   835  5.381408  0.1263414
   836  5.706726666666667  0.19227406666666666
   837  5.5440673333333335  0.1593077333333333
   838  5.493105333333333  0.003587466666666664
   839  5.604802666666667  -0.11916646666666666
   840  5.655764666666667  0.0365538
   841  6.068358  -0.5941976
   842  5.833786  -0.3593461333333333
   843  5.951072  -0.47677186666666665
   844  6.109046  -0.43329603333333333
   845  6.149734  -0.27239446666666667
   846  5.991759999999999  -0.3158703
   847  6.321833  -0.26220656666666664
   848  6.453244  -0.41292023333333333
   849  6.615307333333333  -0.3777118483333334
   850  6.645959666666667  -0.19178979666666668
   851  6.483896333333334  -0.22699818166666666
   852  6.807877666666667  -0.15339983000000001
   853  6.939143333333333  -0.300931915
   854  7.099012666666667  -0.25681883333333333
   855  7.127616333333333  -0.06517366666666669
   856  6.967747  -0.10928674833333334
   857  7.274532  0.6116382
   858  7.195657333333333  0.2881937333333333
   859  7.235094666666667  0.44991596666666667
   860  7.114959333333333  0.5642472666666667
   861  6.955386666666667  0.5168563333333334
   862  7.075522  0.4025250333333334
   863  5.748651666666667  0.3520375333333333
   864  5.627917333333333  0.4788346666666667
   865  5.465258  0.44586833333333337
   866  5.423333  0.2861048666666667
   867  5.5859923333333334  0.3190712
   868  5.025464  0.4758962
   869  5.34661  0.5623866000000001
   870  5.186037000000001  0.5191414
   871  5.144112000000001  0.35937793333333334
   872  5.26276  0.24285966666666667
   873  5.304685  0.4026231333333334
   874  5.228684  -0.3492121
   875  5.330500000000001  -0.03217643333333334
   876  5.279592  -0.19069426666666667
   877  5.391289333333334  -0.3134482
   878  5.553894666666666  -0.2776843
   879  5.4421973333333336  -0.15493036666666668
   880  5.586061  -0.724063
   881  5.6730203333333336  -0.4026346
   882  5.629540666666666  -0.5633488
   883  5.746826666666666  -0.6807745333333334
   884  5.907592333333334  -0.6374860666666666
   885  5.7903063333333336  -0.5200603333333333
   886  6.240457  -0.5840097
   887  6.4125559999999995  -0.5738218
   888  6.2811449999999995  -0.4231081333333333
   889  6.333653333333333  2.4045116666666666
   890  6.563816  -2.158573
   891  6.5927  -2.490377
   892  6.578258  -2.324475
   893  6.427635  -2.254420666666667
   894  6.291454  -2.350268333333333
   895  6.442077  -2.420322666666667
   896  6.011426  -2.568182333333333
   897  5.867579  -2.6902486666666667
   898  6.027974  -2.733473
   899  6.842797333333333  -2.2278103333333332
   900  6.7249696666666665  -2.442044666666667
   901  6.916253666666667  -2.3768306666666668
   902  7.552683  1.513466
   903  7.2257983333333335  1.4493273333333332
   904  7.389240666666667  1.4813966666666667
   905  7.476465  1.654064
   906  7.400247  1.794662
   907  7.313022666666666  1.6219946666666667
   908  4.869701333333333  2.19909
   909  5.026630666666667  2.220879
   910  4.940595000000001  2.3631136666666666
   911  5.029726  1.788386
   912  4.8184233333333335  2.0476626666666666
   913  4.924074666666667  1.9180243333333333
   914  5.081004  1.9398133333333334
   915  5.132282  2.0912406666666667
   916  4.975352666666667  2.0694516666666667
   917  4.617746666666666  1.7306433333333333
   918  4.823736333333334  1.7595146666666668
   919  4.718085  1.889153
   920  5.516778  1.876642
   921  5.192076666666667  1.8178046666666667
   922  5.354427333333334  1.8472233333333332
   923  5.405705333333334  1.9986506666666666
   924  5.294632666666667  2.1206593333333332
   925  5.243354666666667  1.9692319999999999
   926  5.121415  1.6670323333333334
   927  5.213104  1.5456786666666666
   928  5.375454666666667  1.5750973333333333
   929  5.446116333333333  1.7258696666666666
   930  5.283765666666667  1.696451
   931  4.801058  1.327626
   932  4.953503333333334  1.6347993333333333
   933  4.877280666666667  1.4812126666666667
   934  4.968969666666667  1.359859
   935  5.136881333333333  1.392092
   936  5.0451923333333335  1.5134456666666667
   937  4.541524  1.5770566666666668
   938  4.671291  1.4523413333333333
   939  4.747513666666667  1.6059279999999998
   940  5.133178  0.9574886
   941  4.911764666666667  1.2042468666666666
   942  5.022471333333334  1.0808677333333334
   943  5.190383  1.1131007333333334
   944  5.247588  1.2687128666666667
   945  5.079676333333334  1.2364798666666668
   946  5.626615  2.27274
   947  5.553390333333334  2.008674666666667
   948  5.590002666666667  2.1407073333333333
   949  5.47893  2.262716
   950  5.331245  2.252692
   951  5.442317666666667  2.1306833333333337
   952  4.639834  0.8802996
   953  4.747316666666666  1.1785172
   954  4.693575333333333  1.0294084
   955  4.804282  0.9060292666666666
   956  4.96873  0.9317589333333334
   957  4.858023333333333  1.0551380666666665
   958  5.310451666666666  0.9980967333333334
   959  5.487725333333334  1.0387048666666667
   960  5.367656666666666  1.1537088666666666
   961  5.557760666666667  2.409066666666667
   962  5.488906333333333  2.545393333333333
   963  5.410075666666667  2.399042666666667
   964  5.752417333333334  2.3521743333333336
   965  5.878219666666666  2.4316086666666665
   966  5.6835629999999995  2.488501
   967  5.73475  2.1918963333333337
   968  5.842885  2.1110526666666667
   969  5.860552333333334  2.2713306666666666
   970  5.6615253333333335  1.927831
   971  5.806272666666667  1.97902
   972  5.698137666666668  2.0598636666666668
   973  5.606136666666667  1.7709899999999998
   974  5.695495333333334  1.665338
   975  5.750884  1.822179
   976  5.535475000000001  1.6202176666666663
   977  7.919050333333333  1.4203133333333333
   978  7.7358666666666664  1.4668896666666666
   979  7.558046  1.3566996666666666
   980  7.563409  1.1999333333333333
   981  7.7412296666666665  1.3101233333333333
   982  7.833877  0.5534389
   983  7.657140333333333  0.8799243
   984  7.745508666666667  0.7166816
   985  7.957341333333333  0.6652555666666666
   986  8.080805666666667  0.7770722333333333
   987  7.868973  0.8284982666666666
   988  5.382514666666667  0.7229174
   989  5.257846333333333  0.840203
   990  5.097273333333334  0.7969578
   991  5.061368666666667  0.6364270000000001
   992  5.221941666666667  0.6796722000000001
   993  4.7683773333333335  0.7454984666666666
   994  4.8969206666666665  0.6106973333333333
   995  4.932825333333334  0.7712281333333334
   996  4.900035  -0.007827711
   997  4.983654333333334  0.3146548963333333
   998  4.941844666666666  0.15341359266666665
   999  5.060492666666667  0.03689532599999999
   1000  5.220950333333334  0.08161836299999999
   1001  5.102302333333333  0.19813662966666667
   1002  6.07111  1.4614989999999999
   1003  5.527859  -1.7807186666666668
   1004  5.493056  -1.6074793333333333
   1005  5.372229333333333  -1.7218683333333333
   1006  5.62169  -2.371535
   1007  5.344796666666666  -2.2352263333333333
   1008  5.483243333333333  -2.303380666666667
   1009  5.6020140000000005  -2.232342666666667
   1010  5.582338  -2.0931503333333334
   1011  5.463567333333334  -2.1641883333333336
   1012  5.500855666666666  -1.1975143333333333
   1013  5.543458333333334  -0.9607886666666667
   1014  5.383704666666667  -0.9142826666666667
   1015  5.181348333333333  -1.1045023333333333
   1016  5.341102  -1.1510083333333334
   1017  7.166838666666666  0.7223380333333334
   1018  7.059145333333333  0.8330378666666667
   1019  7.007266  0.6749471000000001
   1020  7.372612  0.7554811333333333
   1021  7.470692  0.8993240666666666
   1022  7.2649186666666665  0.8661809666666667
   1023  6.777225333333334  -0.3393218816666667
   1024  6.540755666666667  -0.7339082666666666
   1025  6.496856333333333  -0.9041826333333334
   1026  6.655615999999999  -0.8543173666666668
   1027  6.346561  -1.562807
   1028  6.417491666666667  -1.2372403333333333
   1029  6.382026333333333  -1.4000236666666668
   1030  6.5051993333333336  -1.5119150000000001
   1031  6.663837666666667  -1.461023
   1032  6.540664666666667  -1.3491316666666666
   1033  5.790790666666667  0.5130408333333333
   1034  5.43512  0.8808111333333333
   1035  4.287061  1.213487
   1036  4.629725666666666  1.2895796666666666
   1037  4.458393333333333  1.2515333333333334
   1038  4.404652  1.1024245333333333
   1039  4.522243  0.9913620666666666
   1040  4.575984333333333  1.1404708666666667
   1041  7.382105666666667  0.26879396666666666
   1042  7.6079913333333336  0.41111643333333336
   1043  7.647428666666666  0.5728386666666666
   1044  7.4609803333333335  0.5922384333333334
   1045  7.421543  0.4305162
   1046  5.009584666666667  -0.12162250733333334
   1047  5.119134333333333  -0.23541730366666666
   1048  5.170042333333334  -0.07689947033333334
   1049  4.75241  -0.4788321
   1050  4.850826666666666  -0.16482917399999997
   1051  4.801618333333334  -0.321830637
   1052  4.911168  -0.4356254333333333
   1053  5.069926000000001  -0.3924187666666667
   1054  4.9603763333333335  -0.27862397033333336
   1055  4.41303  -0.1138243
   1056  4.7377  -0.04315990733333334
   1057  4.575365  -0.07849210366666667
   1058  4.526156666666667  -0.23549356666666665
   1059  4.639283333333333  -0.3571628333333333
   1060  4.688491666666667  -0.20016137033333334
   1061  5.104257  -0.8318378
   1062  4.869692333333333  -0.5965006666666667
   1063  4.986974666666667  -0.7141692333333333
   1064  5.1457326666666665  -0.6709625666666666
   1065  5.187208333333333  -0.5100873333333333
   1066  5.028450333333333  -0.5532940000000001
   1067  4.564443  0.3622811
   1068  4.788171  0.11554189266666667
   1069  4.6763069999999995  0.23891149633333336
   1070  4.513972  0.20357930000000002
   1071  4.463501  0.044877500000000015
   1072  4.625836  0.08020969633333334
   1073  4.265604  -0.5911794
   1074  4.363888  -0.27294266666666667
   1075  4.3147459999999995  -0.43206103333333334
   1076  4.427872666666667  -0.5537303
   1077  4.590141333333333  -0.5162812
   1078  4.477014666666666  -0.39461193333333333
   1079  4.708821666666667  -0.6395605666666666
   1080  4.665233333333333  -0.8002890333333332
   1081  4.782515666666667  -0.9179575999999999
   1082  4.943386333333333  -0.8748977
   1083  4.826104  -0.7572291333333333
   1084  5.264858333333333  -0.7959128666666666
   1085  5.425459666666667  -0.7599879333333334
   1086  5.466935333333334  -0.5991127
   1087  5.347809666666667  -0.4741624
   1088  5.306334  -0.6350376333333334
   1089  5.062501999999999  -0.9861325333333333
   1090  5.020747  -1.1404272666666666
   1091  5.223103333333333  -0.9502076
   1092  4.740760666666667  -1.0722523333333334
   1093  4.859876333333333  -1.1834871666666666
   1094  4.9016313333333335  -1.0291924333333333
   1095  4.742761333333333  -1.3004768333333334
   1096  4.502964666666666  -0.8377381333333334
   1097  4.3842843333333334  -0.7144587666666666
   1098  4.251925  -0.7261763
   1099  4.238246  -0.8611732
   1100  4.370605333333334  -0.8494556666666666
   1101  4.088169333333333  -0.5826718
   1102  3.9107346666666665  -0.5741642
   1103  4.074490333333333  -0.7176686999999999
   1104  5.510415000000001  -0.4383985000000001
   1105  5.939794  -1.077251
   1106  5.703972  -0.8417923333333334
   1107  5.821883  -0.9595216666666666
   1108  5.982648666666667  -0.9162332
   1109  6.025503333333333  -0.7552154
   1110  5.864737666666667  -0.7985038666666666
   1111  6.8283553333333336  -2.0619083333333332
   1112  6.696085666666667  -2.110240666666667
   1113  6.710527666666667  -2.276142666666667
   1114  6.755937  -1.8633196666666667
   1115  6.551249  -1.7130633333333334
   1116  6.418979333333334  -1.7613956666666668
   1117  6.491397666666667  -1.9599843333333333
   1118  6.623667333333334  -1.9116520000000001
   1119  6.11032  -1.948244
   1120  6.412650666666667  -2.0884633333333333
   1121  6.261485333333333  -2.0183536666666666
   1122  6.125304333333333  -2.1142013333333334
   1123  6.140288666666667  -2.280158666666667
   1124  6.276469666666666  -2.184311
   1125  4.871790333333333  0.4380245
   1126  4.718116666666667  0.40015280000000003
   1127  4.829980666666667  0.2767831963333333
   1128  4.614703666666666  0.7076267666666667
   1129  4.589573333333333  0.5349539333333333
   1130  4.743247  0.5728256333333334
   1131  3.925586  -0.2247253
   1132  4.250548666666667  -0.1507913
   1133  4.088067333333333  -0.1877583
   1134  4.038925333333333  -0.34687666666666667
   1135  4.1522646666666665  -0.4690280333333333
   1136  4.201406666666666  -0.3099096666666667
   1137  4.546553  -0.6770096666666667
   1138  4.076089  0.2554609
   1139  4.401658333333333  0.32667436666666666
   1140  4.238873666666667  0.29106763333333335
   1141  4.188402666666667  0.13236583333333335
   1142  4.300716333333333  0.00927076666666668
   1143  4.351187333333333  0.16797256666666668
   1144  7.394603666666666  1.3246303333333331
   1145  7.559060333333334  0.7360813666666667
   1146  7.949153  1.860336
   1147  7.684839666666667  1.6290893333333334
   1148  7.816996333333333  1.7447126666666666
   1149  7.740778333333333  1.8853106666666666
   1150  7.532403666666667  1.9102853333333334
   1151  7.608621666666667  1.7696873333333334
   1152  7.980522333333334  0.4497673333333333
   1153  8.127167666666667  0.34609576666666664
   1154  8.250632  0.4579124333333333
   1155  8.227451  0.6734006666666666
   1156  8.103986666666666  0.561584
   1157  5.231756666666667  -2.5590223333333335
   1158  5.426723333333333  -2.465278666666667
   1159  5.2882766666666665  -2.3971243333333336
   1160  5.784566666666667  -2.2304380000000004
   1161  5.947443333333333  -2.089341
   1162  5.927767333333334  -1.9501486666666668
   1163  5.745214666666667  -1.9520533333333334
   1164  5.764890666666666  -2.0912456666666666
   1165  6.281902666666666  -1.0753883333333334
   1166  6.110848333333333  -1.0763196666666666
   1167  6.075383  -1.239103
   1168  6.210972  -1.400955
   1169  6.246437333333333  -1.2381716666666667
   1170  6.7098873333333335  -1.6621713333333332
   1171  5.618766666666667  -1.3152436666666667
   1172  5.779280333333333  -1.1962473333333332
   1173  5.661369333333333  -1.078518
   1174  6.267814  -1.691286
   1175  6.189067  -1.819765
   1176  6.340232333333334  -1.8898746666666668
   1177  5.859255  -1.529246
   1178  6.184125666666667  -1.55162
   1179  6.021690333333334  -1.5404330000000002
   1180  5.942943333333333  -1.6689120000000002
   1181  6.026631666666667  -1.808578
   1182  6.105378666666667  -1.6800990000000002
   1183  5.912947666666667  -1.227916
   1184  5.886101333333333  -1.378581
   1185  6.048536666666667  -1.3897680000000001
   1186  5.760390666666667  -1.6708166666666668
   1187  5.661526333333334  -1.8123873333333334
   1188  5.844079  -1.810482666666667
   1189  5.591920333333333  -1.4659086666666667
   1190  5.725587666666667  -1.4975773333333333
   1191  5.752434  -1.3469123333333333
   1192  5.6267233333333335  -1.6391479999999998
   1193  4.025921333333333  0.09539883333333332
   1194  3.9757536666666664  -0.06466323333333335
   1195  4.138235  -0.027696233333333337
   1196  4.227739  0.7318824
   1197  4.452208333333333  0.4854815333333334
   1198  4.339973666666666  0.6086819666666667
   1199  4.177188999999999  0.5730752333333333
   1200  4.126639  0.41426806666666666
   1201  4.289423666666667  0.4498748000000001
   1202  6.324757333333333  -0.9143705333333333
   1203  6.196557666666666  -0.7542840666666666
   1204  6.153703  -0.9153018666666667
   1205  5.799551  -2.3963953333333334
   1206  5.977412  -2.4212556666666667
   1207  5.962427666666667  -2.2552983333333336
   1208  3.8614906666666666  -0.33836906666666666
   1209  3.7973953333333332  -0.4520128333333333
   1210  3.9748299999999994  -0.4605204333333333
   1211  3.720279  0.08080808
   1212  3.8571503333333332  -0.12288084
   1213  3.788714666666667  -0.02103638000000002
   1214  3.7246193333333335  -0.13468014666666667
   1215  3.7289596666666665  -0.35016837333333334
   1216  3.7930550000000003  -0.23652460666666664
   1217  3.9574856666666665  0.19724329333333332
   1218  3.8388823333333333  0.13902568666666665
   1219  3.907318  0.03718122666666667
   1220  3.742084  0.7272727
   1221  3.9647539999999997  0.41273150000000003
   1222  3.853419  0.5700021
   1223  3.734815666666667  0.5117844933333333
   1224  3.7275473333333333  0.2962962866666667
   1225  3.8461506666666665  0.35451389333333333
   1226  4.502469  0.8308272
   1227  4.365104  0.7813548
   1228  4.477338666666667  0.6581543666666666
   1229  4.267287  1.0529521333333334
   1230  4.247513  0.8924172666666668
   1231  4.384878  0.9418896666666666
   1232  4.370191666666666  1.5390103333333334
   1233  4.328626333333333  1.3762486666666667
   1234  4.499958666666666  1.414295
   1235  4.105402  1.0514155666666667
   1236  3.923743  0.8893441333333334
   1237  3.903969  0.7288092666666667
   1238  4.065854  0.7303458333333334
   1239  4.085628  0.8908807
   1240  3.9632183333333333  1.3203203333333333
   1241  4.125139666666667  1.2669036666666667
   1242  4.166704999999999  1.4296653333333333
   1243  4.0153039999999995  0.5715386666666666
   1244  8.051207  1.5359366666666667
   1245  8.00018  1.6981363333333332
   1246  7.868023333333333  1.5825129999999998
   1247  5.083478666666666  -4.017765666666667
   1248  5.245129333333334  -4.075935333333334
   1249  5.295754666666666  -3.7544993333333334
   1250  5.1087913333333335  -3.8570476666666664
   1251  5.270442  -3.915217333333333
   1252  5.655704  -2.5184616666666666
   1253  5.689718  -2.6653883333333335
   1254  5.833565  -2.543322
   1255  5.460737333333333  -2.6122053333333333
   1256  3.7815593333333335  1.1582489
   1257  3.7618216666666666  0.9427608000000001
   1258  3.9434806666666664  1.1048322333333334
   1259  6.368656666666666  -0.7440961666666667
   1260  7.878665333333333  2.0213686666666666
   1261  7.8081776666666665  2.182401333333333
   1262  7.670290666666666  2.046343333333333
   1263  7.788341  0.30128696666666666
   1264  7.742805000000001  0.049135033333333356
   1265  7.934986333333335  0.19761539999999997
   1266  7.516919333333334  -0.09318743333333333
   1267  7.336569666666667  0.016642033333333334
   1268  7.307966  -0.17500313333333337
   1269  5.099586333333334  -3.6420776666666668
   1270  7.562455333333333  0.15896449999999998
  END_COORDINATES 
  BOUNDARIES, ELEMENT 
    1 1 2 4 5 1
    2 11 12 14 15 2
    3 21 22 24 25 3
    4 31 32 34 35 4
    5 41 42 44 45 5
    6 2 51 53 54 6
    7 60 61 63 64 7
    8 12 70 71 72 8
    9 22 109 111 112 15
    10 163 41 168 169 24
    11 42 60 183 184 27
    12 192 11 195 196 29
    13 207 192 210 211 32
    14 225 207 228 229 35
    15 243 225 246 247 38
    16 270 1 276 277 44
    17 285 243 288 289 46
    18 109 31 359 360 61
    19 32 395 396 397 68
    20 395 407 408 409 70
    21 407 425 426 427 73
    22 425 443 444 445 76
    23 443 461 462 463 79
    24 389 21 524 525 91
    25 527 389 530 531 92
    26 533 534 536 537 93
    27 51 605 606 607 108
    28 605 324 611 612 109
    29 61 614 615 616 110
    30 614 626 627 628 112
    31 626 644 645 646 115
    32 324 163 778 779 145
    33 461 533 1154 1155 233
    34 1211 285 1214 1215 250
    35 1220 1211 1223 1224 252
    36 534 1146 1244 1245 259
    37 70 527 1247 1248 260
    38 644 1220 1256 1257 263
    39 1146 270 1260 1261 265
  END_BOUNDARIES 
  MATERIALS 
     1     0
     2     0
     3     0
     4     0
     5     0
     6     0
     7     0
     8     0
     9     0
     10     0
     11     0
     12     0
     13     0
     14     0
     15     0
     16     0
     17     0
     18     0
     19     0
     20     0
     21     0
     22     0
     23     0
     24     0
     25     0
     26     0
     27     0
     28     0
     29     0
     30     0
     31     0
     32     0
     33     0
     34     0
     35     0
     36     0
     37     0
     38     0
     39     0
     40     0
     41     0
     42     0
     43     0
     44     0
     45     0
     46     0
     47     0
     48     0
     49     0
     50     0
     51     0
     52     0
     53     0
     54     0
     55     0
     56     0
     57     0
     58     0
     59     0
     60     0
     61     0
     62     0
     63     0
     64     0
     65     0
     66     0
     67     0
     68     0
     69     0
     70     0
     71     0
     72     0
     73     0
     74     0
     75     0
     76     0
     77     0
     78     0
     79     0
     80     0
     81     0
     82     0
     83     0
     84     0
     85     0
     86     0
     87     0
     88     0
     89     0
     90     0
     91     0
     92     0
     93     0
     94     0
     95     0
     96     0
     97     0
     98     0
     99     0
     100     0
     101     0
     102     0
     103     0
     104     0
     105     0
     106     0
     107     0
     108     0
     109     0
     110     0
     111     0
     112     0
     113     0
     114     0
     115     0
     116     0
     117     0
     118     0
     119     0
     120     0
     121     0
     122     0
     123     0
     124     0
     125     0
     126     0
     127     0
     128     0
     129     0
     130     0
     131     0
     132     0
     133     0
     134     0
     135     0
     136     0
     137     0
     138     0
     139     0
     140     0
     141     0
     142     0
     143     0
     144     0
     145     0
     146     0
     147     0
     148     0
     149     0
     150     0
     151     0
     152     0
     153     0
     154     0
     155     0
     156     0
     157     0
     158     0
     159     0
     160     0
     161     0
     162     0
     163     0
     164     0
     165     0
     166     0
     167     0
     168     0
     169     0
     170     0
     171     0
     172     0
     173     0
     174     0
     175     0
     176     0
     177     0
     178     0
     179     0
     180     0
     181     0
     182     0
     183     0
     184     0
     185     0
     186     0
     187     0
     188     0
     189     0
     190     0
     191     0
     192     0
     193     0
     194     0
     195     0
     196     0
     197     0
     198     0
     199     0
     200     0
     201     0
     202     0
     203     0
     204     0
     205     0
     206     0
     207     0
     208     0
     209     0
     210     0
     211     0
     212     0
     213     0
     214     0
     215     0
     216     0
     217     0
     218     0
     219     0
     220     0
     221     0
     222     0
     223     0
     224     0
     225     0
     226     0
     227     0
     228     0
     229     0
     230     0
     231     0
     232     0
     233     0
     234     0
     235     0
     236     0
     237     0
     238     0
     239     0
     240     0
     241     0
     242     0
     243     0
     244     0
     245     0
     246     0
     247     0
     248     0
     249     0
     250     0
     251     0
     252     0
     253     0
     254     0
     255     0
     256     0
     257     0
     258     0
     259     0
     260     0
     261     0
     262     0
     263     0
     264     0
     265     0
     266     0
     267     0
     268     0
     269     0
  END_MATERIALS 
  SUBDOMAINS 
  END_SUBDOMAINS 
  CHARACTERISTICS 
  END_CHARACTERISTICS 
