  NODES_PER_ELEMENT 
  1 10
  2 10
  3 10
  4 10
  5 10
  6 10
  7 10
  8 10
  9 10
  10 10
  11 10
  12 10
  13 10
  14 10
  15 10
  16 10
  17 10
  18 10
  19 10
  20 10
  21 10
  22 10
  23 10
  24 10
  25 10
  26 10
  27 10
  28 10
  29 10
  30 10
  31 10
  32 10
  33 10
  34 10
  35 10
  36 10
  37 10
  38 10
  39 10
  40 10
  41 10
  42 10
  43 10
  44 10
  45 10
  46 10
  47 10
  48 10
  49 10
  50 10
  51 10
  52 10
  53 10
  54 10
  55 10
  56 10
  57 10
  58 10
  59 10
  60 10
  61 10
  62 10
  63 10
  64 10
  65 10
  66 10
  67 10
  68 10
  69 10
  70 10
  71 10
  72 10
  73 10
  74 10
  75 10
  76 10
  77 10
  78 10
  79 10
  80 10
  81 10
  82 10
  83 10
  84 10
  85 10
  86 10
  87 10
  88 10
  89 10
  90 10
  91 10
  92 10
  93 10
  94 10
  95 10
  96 10
  97 10
  98 10
  99 10
  100 10
  101 10
  102 10
  103 10
  104 10
  105 10
  106 10
  107 10
  108 10
  109 10
  110 10
  111 10
  112 10
  113 10
  114 10
  115 10
  116 10
  117 10
  118 10
  119 10
  120 10
  121 10
  122 10
  123 10
  124 10
  125 10
  126 10
  127 10
  128 10
  129 10
  130 10
  131 10
  132 10
  133 10
  134 10
  135 10
  136 10
  137 10
  138 10
  139 10
  140 10
  141 10
  142 10
  143 10
  144 10
  145 10
  146 10
  147 10
  148 10
  149 10
  150 10
  151 10
  152 10
  153 10
  154 10
  155 10
  156 10
  157 10
  158 10
  159 10
  160 10
  161 10
  162 10
  163 10
  164 10
  165 10
  166 10
  167 10
  168 10
  169 10
  170 10
  171 10
  172 10
  173 10
  174 10
  175 10
  176 10
  177 10
  178 10
  179 10
  180 10
  181 10
  182 10
  183 10
  184 10
  185 10
  186 10
  187 10
  188 10
  189 10
  190 10
  191 10
  192 10
  193 10
  194 10
  195 10
  196 10
  197 10
  198 10
  199 10
  200 10
  201 10
  202 10
  203 10
  204 10
  205 10
  206 10
  207 10
  208 10
  209 10
  210 10
  211 10
  212 10
  213 10
  214 10
  215 10
  216 10
  217 10
  218 10
  219 10
  220 10
  221 10
  222 10
  223 10
  224 10
  225 10
  226 10
  227 10
  228 10
  229 10
  230 10
  231 10
  232 10
  233 10
  234 10
  235 10
  236 10
  237 10
  238 10
  239 10
  240 10
  241 10
  242 10
  243 10
  244 10
  245 10
  246 10
  247 10
  248 10
  249 10
  250 10
  251 10
  252 10
  253 10
  254 10
  255 10
  256 10
  257 10
  258 10
  259 10
  260 10
  261 10
  262 10
  263 10
  264 10
  265 10
  266 10
  267 10
  268 10
  269 10
  270 10
  271 10
  272 10
  273 10
  274 10
  275 10
  276 10
  277 10
  278 10
  279 10
  280 10
  281 10
  282 10
  283 10
  284 10
  285 10
  286 10
  287 10
  288 10
  289 10
  290 10
  291 10
  292 10
  293 10
  294 10
  295 10
  296 10
  297 10
  298 10
  299 10
  300 10
  301 10
  302 10
  303 10
  304 10
  305 10
  306 10
  307 10
  308 10
  309 10
  310 10
  311 10
  312 10
  313 10
  314 10
  315 10
  316 10
  317 10
  318 10
  319 10
  320 10
  321 10
  322 10
  323 10
  324 10
  325 10
  326 10
  327 10
  328 10
  329 10
  330 10
  331 10
  332 10
  333 10
  334 10
  335 10
  336 10
  337 10
  338 10
  339 10
  340 10
  341 10
  342 10
  343 10
  344 10
  345 10
  346 10
  347 10
  348 10
  349 10
  350 10
  351 10
  352 10
  353 10
  354 10
  355 10
  356 10
  357 10
  358 10
  359 10
  360 10
  361 10
  362 10
  363 10
  364 10
  365 10
  366 10
  367 10
  368 10
  369 10
  370 10
  371 10
  372 10
  373 10
  374 10
  375 10
  376 10
  377 10
  378 10
  END_NODES_PER_ELEMENT 
  ELEMENTS 
  1 1 2 3 4 5 6 7 8 9 10
  2 11 12 13 14 15 16 17 18 19 20
  3 21 22 23 24 25 26 27 28 29 30
  4 31 32 33 34 35 36 37 38 39 40
  5 3 2 41 7 6 42 43 44 45 46
  6 1 3 47 9 8 48 49 50 51 52
  7 53 54 55 56 57 58 59 60 61 62
  8 23 22 63 27 26 64 65 66 67 68
  9 21 23 69 29 28 70 71 72 73 74
  10 75 76 77 78 79 80 81 82 83 84
  11 33 32 85 37 36 86 87 88 89 90
  12 31 33 91 39 38 92 93 94 95 96
  13 13 12 97 17 16 98 99 100 101 102
  14 11 13 103 19 18 104 105 106 107 108
  15 41 2 75 43 42 109 110 111 112 113
  16 41 75 77 112 111 83 82 114 115 116
  17 41 77 117 115 114 118 119 120 121 122
  18 117 77 123 119 118 124 125 126 127 128
  19 41 117 3 121 120 129 130 45 44 131
  20 123 77 103 125 124 132 133 134 135 136
  21 103 77 76 133 132 81 80 137 138 139
  22 123 103 13 135 134 105 104 140 141 142
  23 103 76 11 138 137 143 144 107 106 145
  24 117 123 146 127 126 147 148 149 150 151
  25 47 3 152 49 48 153 154 155 156 157
  26 1 47 158 51 50 159 160 161 162 163
  27 158 47 164 160 159 165 166 167 168 169
  28 164 47 152 166 165 156 155 170 171 172
  29 158 164 85 168 167 173 174 175 176 177
  30 178 179 180 181 182 183 184 185 186 187
  31 63 22 53 65 64 188 189 190 191 192
  32 63 53 55 191 190 61 60 193 194 195
  33 63 55 196 194 193 197 198 199 200 201
  34 196 55 202 198 197 203 204 205 206 207
  35 63 208 23 209 210 211 212 67 66 213
  36 202 55 214 204 203 215 216 217 218 219
  37 196 202 220 206 205 221 222 223 224 225
  38 69 23 226 71 70 227 228 229 230 231
  39 21 69 232 73 72 233 234 235 236 237
  40 232 69 238 234 233 239 240 241 242 243
  41 238 69 244 240 239 245 246 247 248 249
  42 232 238 179 242 241 250 251 252 253 254
  43 179 238 180 251 250 255 256 184 183 257
  44 180 238 258 256 255 259 260 261 262 263
  45 258 238 244 260 259 248 247 264 265 266
  46 258 244 267 265 264 268 269 270 271 272
  47 267 244 273 269 268 274 275 276 277 278
  48 226 244 69 279 280 246 245 230 229 281
  49 258 267 282 271 270 283 284 285 286 287
  50 180 258 288 262 261 289 290 291 292 293
  51 282 267 294 284 283 295 296 297 298 299
  52 258 282 288 286 285 300 301 290 289 302
  53 288 282 303 301 300 304 305 306 307 308
  54 303 282 309 305 304 310 311 312 313 314
  55 288 303 315 307 306 316 317 318 319 320
  56 309 282 294 311 310 298 297 321 322 323
  57 309 294 324 322 321 325 326 327 328 329
  58 324 294 330 326 325 331 332 333 334 335
  59 309 324 336 328 327 337 338 339 340 341
  60 303 309 342 313 312 343 344 345 346 347
  61 315 303 348 317 316 349 350 351 352 353
  62 288 315 354 319 318 355 356 357 358 359
  63 330 294 360 332 331 361 362 363 364 365
  64 324 330 366 334 333 367 368 369 370 371
  65 336 324 372 338 337 373 374 375 376 377
  66 309 336 342 340 339 378 379 344 343 380
  67 342 336 381 379 378 382 383 384 385 386
  68 381 336 387 383 382 388 389 390 391 392
  69 342 381 393 385 384 394 395 396 397 398
  70 180 288 354 292 291 358 357 399 400 401
  71 180 354 178 400 399 402 403 186 185 404
  72 178 354 405 403 402 406 407 408 409 410
  73 387 336 372 389 388 376 375 411 412 413
  74 387 372 414 412 411 415 416 417 418 419
  75 414 372 420 416 415 421 422 423 424 425
  76 387 414 426 418 417 427 428 429 430 431
  77 381 387 432 391 390 433 434 435 436 437
  78 393 381 438 395 394 439 440 441 442 443
  79 342 393 348 397 396 444 445 446 447 448
  80 348 393 449 445 444 450 451 452 453 454
  81 420 372 366 422 421 455 456 457 458 459
  82 420 366 460 458 457 461 462 463 464 465
  83 414 420 466 424 423 467 468 469 470 471
  84 426 414 472 428 427 473 474 475 476 477
  85 387 426 432 430 429 478 479 434 433 480
  86 432 426 481 479 478 482 483 484 485 486
  87 481 426 487 483 482 488 489 490 491 492
  88 432 481 493 485 484 494 495 496 497 498
  89 55 54 214 59 58 499 500 216 215 501
  90 214 54 502 500 499 503 504 505 506 507
  91 214 502 508 506 505 509 510 511 512 513
  92 508 502 514 510 509 515 516 517 518 519
  93 214 508 202 512 511 520 521 218 217 522
  94 508 514 523 518 517 524 525 526 527 528
  95 487 426 472 489 488 476 475 529 530 531
  96 487 472 532 530 529 533 534 535 536 537
  97 532 472 538 534 533 539 540 541 542 543
  98 487 532 544 536 535 545 546 547 548 549
  99 481 487 550 491 490 551 552 553 554 555
  100 493 481 556 495 494 557 558 559 560 561
  101 432 493 438 497 496 562 563 564 565 566
  102 438 493 567 563 562 568 569 570 571 572
  103 91 33 573 93 92 574 575 576 577 578
  104 538 472 466 540 539 579 580 581 582 583
  105 538 466 584 582 581 585 586 587 588 589
  106 544 532 590 546 545 591 592 593 594 595
  107 31 91 596 95 94 597 598 599 600 601
  108 596 91 602 598 597 603 604 605 606 607
  109 602 91 608 604 603 609 610 611 612 613
  110 596 602 614 606 605 615 616 617 618 619
  111 614 602 620 616 615 621 622 623 624 625
  112 620 602 608 622 621 612 611 626 627 628
  113 614 620 629 624 623 630 631 632 633 634
  114 608 91 573 610 609 577 576 635 636 637
  115 620 608 638 627 626 639 640 641 642 643
  116 629 620 644 631 630 645 646 647 648 649
  117 638 608 650 640 639 651 652 653 654 655
  118 620 638 644 642 641 656 657 646 645 658
  119 644 638 659 657 656 660 661 662 663 664
  120 659 638 665 661 660 666 667 668 669 670
  121 644 659 671 663 662 672 673 674 675 676
  122 532 538 677 542 541 678 679 680 681 682
  123 487 544 550 548 547 683 684 552 551 685
  124 550 544 686 684 683 687 688 689 690 691
  125 686 544 692 688 687 693 694 695 696 697
  126 550 686 698 690 689 699 700 701 702 703
  127 294 267 360 296 295 704 705 362 361 706
  128 360 267 273 705 704 277 276 707 708 709
  129 273 244 226 275 274 280 279 710 711 712
  130 273 226 208 711 710 713 714 715 716 717
  131 208 226 23 714 713 228 227 212 211 718
  132 273 208 719 716 715 720 721 722 723 724
  133 360 273 719 708 707 723 722 725 726 727
  134 719 208 220 721 720 728 729 730 731 732
  135 692 544 590 694 693 594 593 733 734 735
  136 692 590 736 734 733 737 738 739 740 741
  137 736 590 742 738 737 743 744 745 746 747
  138 692 736 748 740 739 749 750 751 752 753
  139 698 686 754 700 699 755 756 757 758 759
  140 629 644 760 648 647 761 762 763 764 765
  141 686 692 766 696 695 767 768 769 770 771
  142 550 698 556 702 701 772 773 774 775 776
  143 556 698 777 773 772 778 779 780 781 782
  144 665 638 650 667 666 654 653 783 784 785
  145 665 650 786 784 783 787 788 789 790 791
  146 786 650 792 788 787 793 794 795 796 797
  147 665 786 798 790 789 799 800 801 802 803
  148 671 659 804 673 672 805 806 807 808 809
  149 742 590 677 744 743 810 811 812 813 814
  150 742 677 815 813 812 816 817 818 819 820
  151 748 736 821 750 749 822 823 824 825 826
  152 659 665 821 669 668 827 828 829 830 831
  153 644 671 760 675 674 832 833 762 761 834
  154 760 671 835 833 832 836 837 838 839 840
  155 736 742 841 746 745 842 843 844 845 846
  156 692 748 766 752 751 847 848 768 767 849
  157 766 748 798 848 847 850 851 852 853 854
  158 798 748 821 851 850 825 824 855 856 857
  159 821 736 804 823 822 858 859 860 861 862
  160 798 821 665 856 855 828 827 802 801 863
  161 460 366 864 462 461 865 866 867 868 869
  162 420 460 870 464 463 871 872 873 874 875
  163 97 12 876 99 98 877 878 879 880 881
  164 97 876 882 880 879 883 884 885 886 887
  165 882 876 888 884 883 889 890 891 892 893
  166 882 888 894 892 891 895 896 897 898 899
  167 97 882 900 886 885 901 902 903 904 905
  168 894 888 906 896 895 907 908 909 910 911
  169 894 906 912 910 909 913 914 915 916 917
  170 882 894 918 898 897 919 920 921 922 923
  171 912 906 924 914 913 925 926 927 928 929
  172 894 912 930 916 915 931 932 933 934 935
  173 918 894 930 920 919 934 933 936 937 938
  174 918 930 939 937 936 940 941 942 943 944
  175 939 930 945 941 940 946 947 948 949 950
  176 918 951 900 952 953 954 955 956 957 958
  177 918 900 882 957 956 902 901 922 921 959
  178 945 930 960 947 946 961 962 963 964 965
  179 939 966 777 967 968 969 970 971 972 973
  180 939 777 951 972 971 974 975 976 977 978
  181 951 777 979 975 974 980 981 982 983 984
  182 939 951 918 977 976 953 952 943 942 985
  183 979 777 698 981 980 779 778 986 987 988
  184 979 698 754 987 986 758 757 989 990 991
  185 979 754 992 990 989 993 994 995 996 997
  186 992 754 998 994 993 999 1000 1001 1002 1003
  187 979 992 1004 996 995 1005 1006 1007 1008 1009
  188 998 754 766 1000 999 1010 1011 1012 1013 1014
  189 992 998 1015 1002 1001 1016 1017 1018 1019 1020
  190 1004 992 1021 1006 1005 1022 1023 1024 1025 1026
  191 979 1004 951 1008 1007 1027 1028 983 982 1029
  192 951 1004 900 1028 1027 1030 1031 955 954 1032
  193 97 900 1033 904 903 1034 1035 1036 1037 1038
  194 930 912 960 932 931 1039 1040 962 961 1041
  195 960 912 1042 1040 1039 1043 1044 1045 1046 1047
  196 945 1048 567 1049 1050 1051 1052 1053 1054 1055
  197 945 567 966 1054 1053 1056 1057 1058 1059 1060
  198 966 567 493 1057 1056 569 568 1061 1062 1063
  199 966 493 556 1062 1061 560 559 1064 1065 1066
  200 966 556 777 1065 1064 781 780 970 969 1067
  201 945 966 939 1059 1058 968 967 949 948 1068
  202 220 202 1069 222 221 1070 1071 1072 1073 1074
  203 348 303 342 350 349 346 345 447 446 1075
  204 1015 998 1076 1017 1016 1077 1078 1079 1080 1081
  205 1004 1021 1033 1025 1024 1082 1083 1084 1085 1086
  206 354 315 405 356 355 1087 1088 407 406 1089
  207 992 1015 1021 1019 1018 1090 1091 1023 1022 1092
  208 13 97 1033 101 100 1037 1036 1093 1094 1095
  209 13 1033 123 1094 1093 1096 1097 141 140 1098
  210 196 220 208 224 223 729 728 1099 1100 1101
  211 315 348 1102 352 351 1103 1104 1105 1106 1107
  212 438 567 1108 571 570 1109 1110 1111 1112 1113
  213 146 123 1021 148 147 1114 1115 1116 1117 1118
  214 538 584 1119 588 587 1120 1121 1122 1123 1124
  215 152 3 1125 154 153 1126 1127 1128 1129 1130
  216 786 792 1076 796 795 1131 1132 1133 1134 1135
  217 786 1076 798 1134 1133 1136 1137 800 799 1138
  218 117 146 1125 150 149 1139 1140 1141 1142 1143
  219 584 466 870 586 585 1144 1145 1146 1147 1148
  220 870 466 420 1145 1144 468 467 874 873 1149
  221 584 870 1150 1147 1146 1151 1152 1153 1154 1155
  222 1150 870 1156 1152 1151 1157 1158 1159 1160 1161
  223 584 1150 1162 1154 1153 1163 1164 1165 1166 1167
  224 792 650 1168 794 793 1169 1170 1171 1172 1173
  225 330 360 1174 364 363 1175 1176 1177 1178 1179
  226 324 366 372 370 369 456 455 374 373 1180
  227 366 330 864 368 367 1181 1182 866 865 1183
  228 438 381 432 440 439 436 435 565 564 1184
  229 449 393 1108 451 450 1185 1186 1187 1188 1189
  230 449 1108 1190 1188 1187 1191 1192 1193 1194 1195
  231 1190 1108 1048 1192 1191 1196 1197 1198 1199 1200
  232 449 1190 1201 1194 1193 1202 1203 1204 1205 1206
  233 393 438 1108 442 441 1112 1111 1186 1185 1207
  234 348 449 1102 453 452 1208 1209 1104 1103 1210
  235 414 466 472 470 469 580 579 474 473 1211
  236 815 677 1119 817 816 1212 1213 1214 1215 1216
  237 1119 677 538 1213 1212 679 678 1123 1122 1217
  238 815 1119 1218 1215 1214 1219 1220 1221 1222 1223
  239 1218 1119 1162 1220 1219 1224 1225 1226 1227 1228
  240 815 1218 1229 1222 1221 1230 1231 1232 1233 1234
  241 1218 1162 1235 1227 1226 1236 1237 1238 1239 1240
  242 1190 1048 1042 1199 1198 1241 1242 1243 1244 1245
  243 508 523 1246 527 526 1247 1248 1249 1250 1251
  244 742 815 1252 819 818 1253 1254 1255 1256 1257
  245 449 1201 1102 1205 1204 1258 1259 1209 1208 1260
  246 1033 900 1004 1035 1034 1031 1030 1085 1084 1261
  247 1201 1190 1262 1203 1202 1263 1264 1265 1266 1267
  248 523 514 1268 525 524 1269 1270 1271 1272 1273
  249 523 1268 1274 1272 1271 1275 1276 1277 1278 1279
  250 1274 1268 1280 1276 1275 1281 1282 1283 1284 1285
  251 1274 1280 1286 1284 1283 1287 1288 1289 1290 1291
  252 523 1274 1246 1278 1277 1292 1293 1248 1247 1294
  253 1048 1108 567 1197 1196 1110 1109 1052 1051 1295
  254 573 33 1296 575 574 1297 1298 1299 1300 1301
  255 1150 1156 1302 1160 1159 1303 1304 1305 1306 1307
  256 584 1162 1119 1166 1165 1225 1224 1121 1120 1308
  257 556 481 550 558 557 554 553 775 774 1309
  258 590 532 677 592 591 681 680 811 810 1310
  259 1162 1150 1311 1164 1163 1312 1313 1314 1315 1316
  260 1235 1162 1311 1237 1236 1315 1314 1317 1318 1319
  261 650 608 1168 652 651 1320 1321 1170 1169 1322
  262 1168 608 573 1321 1320 636 635 1323 1324 1325
  263 1168 573 1326 1324 1323 1327 1328 1329 1330 1331
  264 1326 573 1296 1328 1327 1300 1299 1332 1333 1334
  265 1326 1296 152 1333 1332 1335 1336 1337 1338 1339
  266 1168 1326 792 1330 1329 1340 1341 1172 1171 1342
  267 1156 870 460 1158 1157 872 871 1343 1344 1345
  268 1156 460 1346 1344 1343 1347 1348 1349 1350 1351
  269 1346 460 864 1348 1347 868 867 1352 1353 1354
  270 1346 864 1355 1353 1352 1356 1357 1358 1359 1360
  271 1156 1346 1361 1350 1349 1362 1363 1364 1365 1366
  272 1355 864 1174 1357 1356 1367 1368 1369 1370 1371
  273 1346 1355 1372 1359 1358 1373 1374 1375 1376 1377
  274 1361 1346 1372 1363 1362 1376 1375 1378 1379 1380
  275 1156 1361 1302 1365 1364 1381 1382 1304 1303 1383
  276 1302 1361 1384 1382 1381 1385 1386 1387 1388 1389
  277 1372 1355 1390 1374 1373 1391 1392 1393 1394 1395
  278 1361 1372 1396 1379 1378 1397 1398 1399 1400 1401
  279 1384 1361 1396 1386 1385 1400 1399 1402 1403 1404
  280 1384 1396 1405 1403 1402 1406 1407 1408 1409 1410
  281 1302 1384 1411 1388 1387 1412 1413 1414 1415 1416
  282 1405 1396 1417 1407 1406 1418 1419 1420 1421 1422
  283 1384 1405 1423 1409 1408 1424 1425 1426 1427 1428
  284 1396 1372 1429 1398 1397 1430 1431 1432 1433 1434
  285 1417 1396 1429 1419 1418 1433 1432 1435 1436 1437
  286 1417 1429 1438 1436 1435 1439 1440 1441 1442 1443
  287 1438 1429 1444 1440 1439 1445 1446 1447 1448 1449
  288 1417 1438 1450 1442 1441 1451 1452 1453 1454 1455
  289 1405 1417 1456 1421 1420 1457 1458 1459 1460 1461
  290 1423 1405 1462 1425 1424 1463 1464 1465 1466 1467
  291 1384 1423 1411 1427 1426 1468 1469 1413 1412 1470
  292 1411 1471 1472 1473 1474 1475 1476 1477 1478 1479
  293 1302 1411 1311 1415 1414 1480 1481 1482 1483 1484
  294 1311 1411 1485 1481 1480 1486 1487 1488 1489 1490
  295 1485 1411 1472 1487 1486 1478 1477 1491 1492 1493
  296 1485 1472 1494 1492 1491 1495 1496 1497 1498 1499
  297 1311 1485 1235 1489 1488 1500 1501 1318 1317 1502
  298 1444 1429 1390 1446 1445 1503 1504 1505 1506 1507
  299 1444 1390 1508 1506 1505 1509 1510 1511 1512 1513
  300 1390 1429 1372 1504 1503 1431 1430 1394 1393 1514
  301 1508 1390 1515 1510 1509 1516 1517 1518 1519 1520
  302 1444 1508 1069 1512 1511 1521 1522 1523 1524 1525
  303 1515 1390 1355 1517 1516 1392 1391 1526 1527 1528
  304 1515 1355 1174 1527 1526 1370 1369 1529 1530 1531
  305 1515 1174 719 1530 1529 1532 1533 1534 1535 1536
  306 719 1174 360 1533 1532 1176 1175 726 725 1537
  307 1508 1515 220 1519 1518 1538 1539 1540 1541 1542
  308 1438 1444 1543 1448 1447 1544 1545 1546 1547 1548
  309 1450 1438 1549 1452 1451 1550 1551 1552 1553 1554
  310 1417 1450 1456 1454 1453 1555 1556 1458 1457 1557
  311 1456 1450 1558 1556 1555 1559 1560 1561 1562 1563
  312 1456 1558 1462 1562 1561 1564 1565 1566 1567 1568
  313 1456 1462 1405 1567 1566 1464 1463 1460 1459 1569
  314 1543 1444 1069 1545 1544 1524 1523 1570 1571 1572
  315 1438 1543 1549 1547 1546 1573 1574 1551 1550 1575
  316 1450 1549 1576 1553 1552 1577 1578 1579 1580 1581
  317 1218 1235 1582 1239 1238 1583 1584 1585 1586 1587
  318 754 686 766 756 755 770 769 1011 1010 1588
  319 804 659 821 806 805 830 829 861 860 1589
  320 841 742 1252 843 842 1256 1255 1590 1591 1592
  321 841 1252 1593 1591 1590 1594 1595 1596 1597 1598
  322 1593 1252 1599 1595 1594 1600 1601 1602 1603 1604
  323 841 1593 804 1597 1596 1605 1606 1607 1608 1609
  324 841 804 736 1608 1607 859 858 845 844 1610
  325 1599 1252 1229 1601 1600 1611 1612 1613 1614 1615
  326 1593 1599 1616 1603 1602 1617 1618 1619 1620 1621
  327 1616 1599 1622 1618 1617 1623 1624 1625 1626 1627
  328 1229 1218 1582 1231 1230 1586 1585 1628 1629 1630
  329 1229 1582 1622 1629 1628 1631 1632 1633 1634 1635
  330 815 1229 1252 1233 1232 1612 1611 1254 1253 1636
  331 671 804 1593 808 807 1606 1605 1637 1638 1639
  332 1069 202 1246 1071 1070 1640 1641 1642 1643 1644
  333 330 1174 864 1178 1177 1368 1367 1182 1181 1645
  334 1076 998 798 1078 1077 1646 1647 1137 1136 1648
  335 1125 146 1076 1140 1139 1649 1650 1651 1652 1653
  336 315 1102 405 1106 1105 1654 1655 1088 1087 1656
  337 220 1069 1508 1073 1072 1522 1521 1541 1540 1657
  338 1015 1076 146 1080 1079 1650 1649 1658 1659 1660
  339 1015 146 1021 1659 1658 1117 1116 1091 1090 1661
  340 117 1125 3 1142 1141 1127 1126 130 129 1662
  341 1042 1048 960 1242 1241 1663 1664 1046 1045 1665
  342 960 1048 945 1664 1663 1050 1049 964 963 1666
  343 1296 33 85 1298 1297 89 88 1667 1668 1669
  344 1150 1302 1311 1306 1305 1483 1482 1313 1312 1670
  345 1582 1235 1494 1584 1583 1671 1672 1673 1674 1675
  346 1190 1042 1262 1244 1243 1676 1677 1264 1263 1678
  347 1262 1042 924 1677 1676 1679 1680 1681 1682 1683
  348 508 1246 202 1250 1249 1641 1640 521 520 1684
  349 1235 1485 1494 1501 1500 1498 1497 1672 1671 1685
  350 1599 1229 1622 1614 1613 1634 1633 1624 1623 1686
  351 998 766 798 1013 1012 853 852 1647 1646 1687
  352 196 208 63 1100 1099 210 209 200 199 1688
  353 1102 1201 1689 1259 1258 1690 1691 1692 1693 1694
  354 1286 1695 1696 1697 1698 1699 1700 1701 1702 1703
  355 1696 1695 1549 1700 1699 1704 1705 1706 1707 1708
  356 1286 1696 1274 1702 1701 1709 1710 1290 1289 1711
  357 1549 1543 1696 1574 1573 1712 1713 1707 1706 1714
  358 85 164 1296 174 173 1715 1716 1668 1667 1717
  359 1296 164 152 1716 1715 171 170 1336 1335 1718
  360 1622 1582 1494 1632 1631 1674 1673 1719 1720 1721
  361 924 1042 912 1680 1679 1044 1043 928 927 1722
  362 1515 719 220 1535 1534 731 730 1539 1538 1723
  363 1326 152 1125 1338 1337 1129 1128 1724 1725 1726
  364 1558 1450 1576 1560 1559 1580 1579 1727 1728 1729
  365 1102 1689 405 1693 1692 1730 1731 1655 1654 1732
  366 1733 1689 1201 1734 1735 1691 1690 1736 1737 1738
  367 1733 1201 1262 1737 1736 1266 1265 1739 1740 1741
  368 1471 1411 1423 1474 1473 1469 1468 1742 1743 1744
  369 1471 1423 1462 1743 1742 1466 1465 1745 1746 1747
  370 1616 835 1593 1748 1749 1750 1751 1620 1619 1752
  371 1695 1576 1549 1753 1754 1578 1577 1705 1704 1755
  372 1033 1021 123 1083 1082 1115 1114 1097 1096 1756
  373 1069 1246 1543 1643 1642 1757 1758 1571 1570 1759
  374 792 1326 1125 1341 1340 1725 1724 1760 1761 1762
  375 1593 835 671 1751 1750 837 836 1638 1637 1763
  376 1076 792 1125 1132 1131 1761 1760 1652 1651 1764
  377 1274 1696 1246 1710 1709 1765 1766 1293 1292 1767
  378 1696 1543 1246 1713 1712 1758 1757 1766 1765 1768
  END_ELEMENTS 
  COORDINATES 
   1  6.050847  -3.772862
   2  6.357284  -3.590909
   3  6.033869  -3.274522
   4  6.152992666666667  -3.712211
   5  6.255138333333333  -3.65156
   6  6.249479  -3.485446666666667
   7  6.141674  -3.3799843333333333
   8  6.039528333333333  -3.4406353333333333
   9  6.045187666666667  -3.606748666666667
   10  6.147333333333333  -3.546097666666667
   11  7.271186  -2.725302
   12  7.496291  -2.409091
   13  7.101532  -2.3663
   14  7.346221  -2.6198983333333334
   15  7.4212560000000005  -2.5144946666666668
   16  7.3647046666666665  -2.394827333333333
   17  7.2331183333333335  -2.3805636666666667
   18  7.158083333333333  -2.4859673333333334
   19  7.214634666666667  -2.6056346666666665
   20  7.289669666666666  -2.500231
   21  7.303965  2.681818
   22  7.067797  2.967693
   23  6.907562  2.575418
   24  7.225242333333333  2.7771096666666666
   25  7.146519666666666  2.8724013333333334
   26  7.014385333333333  2.8369346666666666
   27  6.960973666666667  2.7061763333333335
   28  7.0396963333333336  2.6108846666666667
   29  7.171830666666667  2.646351333333333
   30  7.093108000000001  2.741643
   31  4.376583  -3.5
   32  4.627119  -3.783296
   33  4.760542  -3.455714
   34  4.460095  -3.594432
   35  4.543607000000001  -3.688864
   36  4.671593333333334  -3.674102
   37  4.7160676666666665  -3.564908
   38  4.632555666666667  -3.470476
   39  4.504569333333333  -3.485238
   40  4.588081333333334  -3.57967
   41  6.376215  -3.193946
   42  6.363594333333333  -3.4585879999999998
   43  6.369904666666667  -3.326267
   44  6.262099666666667  -3.2208046666666665
   45  6.1479843333333335  -3.2476633333333336
   46  6.2557893333333325  -3.3531256666666667
   47  5.693255  -3.599467
   48  5.920331  -3.3828370000000003
   49  5.806793  -3.491152
   50  5.812452333333333  -3.6572653333333336
   51  5.931649666666667  -3.7150636666666665
   52  5.925990333333334  -3.5489503333333334
   53  6.762712  3.272604
   54  6.457627  3.52048
   55  6.391729  3.127686
   56  6.661016999999999  3.3552293333333334
   57  6.559322  3.4378546666666665
   58  6.435661  3.3895486666666668
   59  6.413695  3.2586173333333335
   60  6.51539  3.175992
   61  6.639050999999999  3.224298
   62  6.537356  3.3069233333333337
   63  6.672765  2.917259
   64  6.9361196666666665  2.9508816666666666
   65  6.804442333333333  2.9340703333333336
   66  6.751030666666667  2.803312
   67  6.829296333333334  2.689365
   68  6.882708000000001  2.820123333333333
   69  7.179889  2.303402
   70  6.998337666666667  2.484746
   71  7.089113333333334  2.3940740000000003
   72  7.221247666666667  2.4295406666666666
   73  7.262606333333333  2.5556793333333334
   74  7.130472  2.5202126666666667
   75  6.710114  -3.318182
   76  6.99491  -3.045455
   77  6.612922  -2.931625
   78  6.805046  -3.2272730000000003
   79  6.899978  -3.136364
   80  6.867580666666667  -3.007511666666667
   81  6.740251333333333  -2.969568333333333
   82  6.645319333333333  -3.0604773333333335
   83  6.677716666666667  -3.1893296666666666
   84  6.772648666666666  -3.098420666666667
   85  5.033898  -3.975397
   86  4.7627120000000005  -3.8473296666666665
   87  4.898305  -3.9113633333333335
   88  4.942779333333333  -3.8021693333333335
   89  4.851660666666667  -3.6289416666666665
   90  4.807186333333334  -3.738135666666667
   91  4.491864  -3.11836
   92  4.670982666666666  -3.3432626666666665
   93  4.581423333333333  -3.2308113333333335
   94  4.453437  -3.245573333333333
   95  4.41501  -3.372786666666667
   96  4.542996333333334  -3.3580246666666667
   97  7.336243  -2.043303
   98  7.442941666666667  -2.2871616666666665
   99  7.389592333333333  -2.1652323333333334
   100  7.258006  -2.1509686666666665
   101  7.179768999999999  -2.258634333333333
   102  7.311355333333334  -2.272898
   103  6.920757  -2.710718
   104  7.041273666666666  -2.481106
   105  6.981015333333334  -2.5959119999999998
   106  7.037566666666667  -2.7155793333333333
   107  7.1543763333333334  -2.7204406666666667
   108  7.097825  -2.600773333333333
   109  6.474894  -3.5
   110  6.592504  -3.409091
   111  6.598814333333333  -3.27677
   112  6.487514666666667  -3.235358
   113  6.481204333333333  -3.3676790000000003
   114  6.534019666666667  -3.0190653333333333
   115  6.455117333333334  -3.1065056666666666
   116  6.566417  -3.147917666666667
   117  6.237385  -2.830715
   118  6.487743  -2.897988333333333
   119  6.362564  -2.864351666666667
   120  6.283661666666666  -2.951792
   121  6.329938333333334  -3.072869
   122  6.408840666666666  -2.985428666666667
   123  6.623232  -2.484908
   124  6.616358666666667  -2.782719333333333
   125  6.619795333333333  -2.6338136666666667
   126  6.494616333333333  -2.600177
   127  6.366000666666666  -2.715446
   128  6.4911796666666675  -2.7490826666666663
   129  6.169546333333333  -2.978650666666667
   130  6.101707666666667  -3.1265863333333335
   131  6.215823  -3.0997276666666664
   132  6.7155336666666665  -2.8579893333333333
   133  6.818145333333334  -2.7843536666666666
   134  6.821582  -2.635448
   135  6.722407  -2.560178
   136  6.718970333333334  -2.7090836666666664
   137  6.970192333333333  -2.933876
   138  6.945474666666667  -2.822297
   139  6.842863  -2.895932666666667
   140  6.942098666666666  -2.405836
   141  6.782665333333333  -2.445372
   142  6.881840333333333  -2.520642
   143  7.087002  -2.9387373333333335
   144  7.179094  -2.8320196666666666
   145  7.062284333333333  -2.827158333333333
   146  6.128483  -2.446539
   147  6.458315666666667  -2.4721183333333334
   148  6.293399333333333  -2.4593286666666665
   149  6.164783666666667  -2.5745976666666666
   150  6.201084333333333  -2.7026563333333335
   151  6.3297  -2.5873873333333335
   152  5.560826  -3.252853
   153  5.876188  -3.267299
   154  5.718507  -3.260076
   155  5.604969  -3.368391
   156  5.649112  -3.4839290000000003
   157  5.76265  -3.375614
   158  5.570721  -3.954545
   159  5.652410333333333  -3.7178263333333335
   160  5.6115656666666665  -3.8361856666666667
   161  5.730763  -3.893984
   162  5.890805  -3.833423
   163  5.771607666666667  -3.775624666666667
   164  5.424441  -3.611237
   165  5.603650333333333  -3.6033903333333335
   166  5.514045666666666  -3.6073136666666668
   167  5.4732009999999995  -3.725673
   168  5.521961  -3.840109
   169  5.562805666666667  -3.7217496666666663
   170  5.515364333333333  -3.372314333333333
   171  5.469902666666666  -3.491775666666667
   172  5.5595073333333325  -3.487852333333333
   173  5.2942599999999995  -3.7326236666666666
   174  5.164079  -3.8540103333333335
   175  5.212839  -3.9684463333333335
   176  5.39178  -3.9614956666666665
   177  5.34302  -3.8470596666666665
   178  7.916934  1.590909
   179  7.755956  1.954545
   180  7.519685  1.632501
   181  7.863274666666667  1.712121
   182  7.809615333333333  1.8333329999999999
   183  7.677199  1.847197
   184  7.598442  1.739849
   185  7.652101333333333  1.6186369999999999
   186  7.784517666666667  1.604773
   187  7.730858333333334  1.7259849999999999
   188  6.966101999999999  3.06933
   189  6.864407  3.170967
   190  6.732729666666667  3.1541556666666666
   191  6.702747333333333  3.0357073333333333
   192  6.834424666666667  3.0525186666666664
   193  6.485407666666666  3.0575436666666667
   194  6.579086333333334  2.9874013333333336
   195  6.609068666666666  3.1058496666666664
   196  6.273389  2.813058
   197  6.352282333333333  3.02281
   198  6.3128356666666665  2.917934
   199  6.406514333333333  2.8477916666666667
   200  6.539639666666667  2.882525333333333
   201  6.445961  2.9526676666666667
   202  5.917511  3.06231
   203  6.233656333333333  3.105894
   204  6.075583666666667  3.084102
   205  6.036137  2.979226
   206  6.154763  2.8961419999999998
   207  6.194209666666667  3.001018
   208  6.433191  2.355663
   209  6.592907  2.7300603333333333
   210  6.513049  2.5428616666666666
   211  6.591314666666666  2.4289146666666666
   212  6.749438333333334  2.5021663333333333
   213  6.671172666666666  2.6161133333333333
   214  6.108741  3.405862
   215  6.297399666666666  3.2204113333333333
   216  6.203070333333334  3.313136666666667
   217  6.044997666666667  3.291344666666667
   218  5.981254333333333  3.1768273333333332
   219  6.139326999999999  3.1986193333333333
   220  5.950625  2.491674
   221  5.928549  2.8720980000000003
   222  5.9395869999999995  2.681886
   223  6.058212999999999  2.598802
   224  6.165801  2.70593
   225  6.047174999999999  2.789014
   226  6.787765  2.22667
   227  6.867629666666667  2.459168666666667
   228  6.827697333333334  2.342919333333333
   229  6.9184730000000005  2.2522473333333335
   230  7.049181  2.2778246666666666
   231  6.958405333333334  2.3684966666666667
   232  7.553902  2.318182
   233  7.30456  2.3083286666666667
   234  7.429231  2.3132553333333337
   235  7.470589666666666  2.439394
   236  7.3872773333333335  2.560606
   237  7.345918666666667  2.4344673333333335
   238  7.380574  1.964652
   239  7.246784  2.1904853333333336
   240  7.3136790000000005  2.0775686666666666
   241  7.43835  2.0824953333333336
   242  7.496126  2.2003386666666667
   243  7.371455  2.195412
   244  6.982196  1.957463
   245  7.113991333333334  2.188089
   246  7.0480936666666665  2.072776
   247  7.114988666666667  1.9598593333333334
   248  7.247781333333333  1.9622556666666666
   249  7.1808863333333335  2.075172333333333
   250  7.505701333333334  1.961283
   251  7.630828666666667  1.957914
   252  7.6886046666666665  2.0757573333333332
   253  7.621253333333334  2.196969666666667
   254  7.563477333333334  2.0791263333333334
   255  7.426944333333333  1.853935
   256  7.473314666666667  1.743218
   257  7.5520716666666665  1.850566
   258  7.130611  1.664756
   259  7.297253  1.8646866666666666
   260  7.213932  1.7647213333333334
   261  7.260302333333334  1.6540043333333332
   262  7.389993666666666  1.6432526666666667
   263  7.343623333333333  1.7539696666666666
   264  7.031667666666666  1.859894
   265  7.081139333333334  1.762325
   266  7.164460333333333  1.8622903333333332
   267  6.74744  1.654451
   268  6.903944  1.8564589999999999
   269  6.825692  1.755455
   270  6.8751636666666665  1.657886
   271  7.002887333333334  1.6613209999999998
   272  6.953415666666667  1.7588899999999998
   273  6.582497  2.009152
   274  6.848963  1.9746926666666667
   275  6.71573  1.9919223333333331
   276  6.637478  1.8909183333333333
   277  6.692459  1.7726846666666665
   278  6.7707109999999995  1.8736886666666663
   279  6.852575333333333  2.1369343333333335
   280  6.917385666666667  2.0471986666666666
   281  6.9832833333333335  2.1625116666666666
   282  6.948338  1.313318
   283  6.814406  1.54074
   284  6.881372  1.4270289999999999
   285  7.009095666666666  1.430464
   286  7.0698533333333335  1.54761
   287  6.942129666666666  1.5441749999999999
   288  7.296529  1.303402
   289  7.185917  1.5443046666666667
   290  7.241223  1.4238533333333332
   291  7.370914333333333  1.4131016666666667
   292  7.445299666666666  1.5228013333333332
   293  7.3156083333333335  1.5335530000000002
   294  6.549395  1.308097
   295  6.681425  1.5389996666666665
   296  6.61541  1.4235483333333334
   297  6.682376  1.3098373333333333
   298  6.815357  1.3115776666666668
   299  6.748391000000001  1.4252886666666666
   300  7.064401666666666  1.3100126666666667
   301  7.180465333333333  1.3067073333333332
   302  7.125159333333333  1.4271586666666665
   303  7.112572  0.9620906
   304  7.003082666666667  1.1962422
   305  7.057827333333333  1.0791664
   306  7.173891  1.0758610666666666
   307  7.2352099999999995  1.1896315333333334
   308  7.119146333333333  1.1929368666666667
   309  6.716656  0.9909724
   310  6.871110666666667  1.2058694666666667
   311  6.7938833333333335  1.0984209333333332
   312  6.848628000000001  0.9813451333333333
   313  6.9806  0.9717178666666667
   314  6.925855333333334  1.0887936666666667
   315  7.53412  0.9947798
   316  7.253088  0.972987
   317  7.393604  0.9838834
   318  7.454923  1.0976538666666666
   319  7.375725999999999  1.2005279333333334
   320  7.314407  1.0867574666666666
   321  6.605148666666667  1.2023888
   322  6.6609023333333335  1.0966806
   323  6.738129666666667  1.2041291333333335
   324  6.326622  0.9879283
   325  6.4751373333333335  1.2013741
   326  6.4008796666666665  1.0946512
   327  6.4566333333333334  0.988943
   328  6.586644666666667  0.9899576999999999
   329  6.5308910000000004  1.0956659
   330  6.153658  1.345863
   331  6.4174826666666664  1.3206856666666666
   332  6.285570333333333  1.3332743333333335
   333  6.211312666666667  1.2265514333333334
   334  6.268967333333333  1.1072398666666667
   335  6.343225  1.2139627666666668
   336  6.524343  0.6430507
   337  6.392529000000001  0.8729690999999999
   338  6.458436  0.7580099
   339  6.588447333333334  0.7590245999999999
   340  6.652551666666667  0.8749985
   341  6.5225403333333345  0.8739838
   342  6.889411  0.6310394
   343  6.774241  0.8709947333333333
   344  6.831826  0.7510170666666667
   345  6.963798  0.7413898
   346  7.038185  0.8517402000000001
   347  6.906213  0.8613674666666666
   348  7.316531  0.6188754
   349  7.180558333333334  0.8476855333333333
   350  7.248544666666667  0.7332804666666667
   351  7.3890606666666665  0.7441768666666666
   352  7.4615903333333335  0.8694783333333334
   353  7.321074333333333  0.8585819333333333
   354  7.695352  1.321736
   355  7.587864  1.1037652
   356  7.641608  1.2127506000000001
   357  7.562411  1.3156246666666667
   358  7.429469999999999  1.3095133333333333
   359  7.508667  1.2066392666666668
   360  6.384436  1.671824
   361  6.494408666666667  1.4293393333333333
   362  6.439422333333333  1.5505816666666667
   363  6.30751  1.5631703333333333
   364  6.230584  1.4545166666666667
   365  6.3624963333333335  1.441928
   366  5.928237  1.016176
   367  6.0785176666666665  1.2359673333333334
   368  6.003377333333334  1.1260716666666666
   369  6.061032  1.0067601
   370  6.193827000000001  0.9973442
   371  6.136172333333334  1.1166557666666668
   372  6.124957  0.6431965
   373  6.259400333333334  0.8730177
   374  6.192178666666667  0.7581070999999999
   375  6.258085666666667  0.6431479
   376  6.391214333333333  0.6430992999999999
   377  6.325307333333334  0.7580585000000001
   378  6.646032333333333  0.6390469333333333
   379  6.767721666666667  0.6350431666666667
   380  6.710136666666667  0.7550208333333334
   381  6.695485  0.2908222
   382  6.581390333333333  0.5256411999999999
   383  6.6384376666666665  0.4082317
   384  6.760127  0.40422793333333334
   385  6.824769  0.5176336666666667
   386  6.703079666666667  0.5216374333333333
   387  6.298336  0.3155453
   388  6.449007333333333  0.5338822333333333
   389  6.373671666666667  0.4247137666666666
   390  6.430719  0.30730426666666666
   391  6.563102  0.2990632333333333
   392  6.5060546666666665  0.4164727333333333
   393  7.093401  0.2893864
   394  6.8281236666666665  0.2903436
   395  6.960762333333333  0.289865
   396  7.025404333333333  0.40327073333333335
   397  6.957407666666667  0.5171550666666667
   398  6.892765666666667  0.4037493333333333
   399  7.636796333333333  1.4253243333333334
   400  7.578240666666667  1.5289126666666666
   401  7.503855333333333  1.4192129999999998
   402  7.769212666666666  1.4114603333333333
   403  7.843073333333334  1.5011846666666666
   404  7.710657  1.5150486666666667
   405  8.067463  1.136364
   406  7.819389  1.2599453333333333
   407  7.943426  1.1981546666666667
   408  8.017286666666667  1.287879
   409  7.967110333333333  1.4393939999999998
   410  7.893249666666667  1.3496696666666665
   411  6.18275  0.5339794333333333
   412  6.240543  0.42476236666666667
   413  6.315878666666667  0.5339308333333334
   414  5.905461  0.3173509
   415  6.0517916666666665  0.5345812999999999
   416  5.978626333333334  0.4259661
   417  6.036419333333333  0.3167490333333333
   418  6.167377666666667  0.31614716666666665
   419  6.109584666666667  0.42536423333333334
   420  5.727904  0.6738083
   421  5.992606  0.6534004333333333
   422  5.8602549999999995  0.6636043666666667
   423  5.787089666666667  0.5549891666666666
   424  5.846275333333333  0.4361700333333334
   425  5.919440666666667  0.5447852333333333
   426  6.100307  -0.02995839
   427  5.970409666666667  0.20158113666666666
   428  6.035358333333333  0.08581137333333333
   429  6.166316666666667  0.08520950666666666
   430  6.232326333333333  0.20037740333333331
   431  6.101368  0.20097927000000002
   432  6.475388  -0.04255714
   433  6.357353333333333  0.19617782
   434  6.4163706666666664  0.07681034
   435  6.548753666666666  0.06856930666666666
   436  6.622119333333333  0.17969575333333332
   437  6.489736333333333  0.18793678666666666
   438  6.893193  -0.05630362
   439  6.761387666666667  0.17511359333333332
   440  6.827290333333333  0.05940498666666666
   441  6.959929  0.058926386666666664
   442  7.026665  0.17415639333333333
   443  6.894026333333334  0.17463499333333332
   444  7.167777666666667  0.39921606666666665
   445  7.242154333333334  0.5090457333333334
   446  7.174157666666667  0.6229300666666666
   447  7.031784333333333  0.6269847333333334
   448  7.099781  0.5131004
   449  7.491794  0.2598904
   450  7.226198666666667  0.2795544
   451  7.358996333333333  0.26972240000000003
   452  7.433373  0.3795520666666667
   453  7.374952  0.4992137333333333
   454  7.300575333333334  0.38938406666666664
   455  6.059383666666667  0.767523
   456  5.993810333333333  0.8918495
   457  5.861459333333333  0.9020534333333333
   458  5.7946816666666665  0.7879308666666667
   459  5.927032666666666  0.7777269333333333
   460  5.529084  1.019941
   461  5.795186  1.017431
   462  5.662135  1.018686
   463  5.595357333333333  0.9045634333333333
   464  5.6616306666666665  0.7891858666666667
   465  5.728408333333333  0.9033084333333333
   466  5.506611  0.3411277
   467  5.654139666666667  0.5629147666666667
   468  5.5803753333333335  0.4520212333333333
   469  5.6395610000000005  0.3332021
   470  5.772511  0.32527649999999997
   471  5.713325333333334  0.4440956333333333
   472  5.70077  -0.02579403
   473  5.837230666666667  0.20296925666666665
   474  5.7690003333333335  0.08858761333333331
   475  5.8339490000000005  -0.02718215
   476  5.967128  -0.028570270000000002
   477  5.902179333333334  0.08719949333333332
   478  6.225334  -0.034157973333333334
   479  6.3503609999999995  -0.03835755666666667
   480  6.291343666666666  0.08100992333333333
   481  6.276218  -0.3824727
   482  6.158944  -0.14746315999999998
   483  6.217581  -0.26496792999999996
   484  6.342608  -0.26916751333333333
   485  6.4089979999999995  -0.15586232666666666
   486  6.283971  -0.15166274333333332
   487  5.878302  -0.3608917
   488  6.026305333333333  -0.14026949333333333
   489  5.952303666666666  -0.25058059666666666
   490  6.0109406666666665  -0.36808536666666664
   491  6.143579333333333  -0.37527903333333335
   492  6.084942333333333  -0.2577742633333333
   493  6.674685  -0.3876417
   494  6.4090403333333335  -0.3841957
   495  6.541862666666667  -0.3859187
   496  6.608252666666667  -0.27261351333333333
   497  6.541820333333333  -0.15758532666666666
   498  6.475430333333333  -0.2708905133333333
   499  6.341331666666666  3.482274
   500  6.225036333333334  3.444068
   501  6.319365666666667  3.351342666666666
   502  6.051091  3.772727
   503  6.322115  3.6045623333333334
   504  6.186603  3.688644666666667
   505  6.070307666666667  3.6504386666666666
   506  6.089524333333333  3.5281503333333335
   507  6.205819666666667  3.5663563333333332
   508  5.725746  3.546106
   509  5.942642666666667  3.6971866666666666
   510  5.8341943333333335  3.6216463333333335
   511  5.853411  3.499358
   512  5.981076  3.45261
   513  5.961859333333334  3.5748983333333335
   514  5.644068  3.936086
   515  5.915416666666667  3.8271800000000002
   516  5.779742333333333  3.881633
   517  5.671294  3.806092666666667
   518  5.69852  3.676099333333333
   519  5.806968333333334  3.7516396666666663
   520  5.789667666666666  3.384840666666667
   521  5.853589333333334  3.2235753333333332
   522  5.917332666666667  3.338092666666667
   523  5.345853  3.670084
   524  5.544663  3.8474186666666665
   525  5.445258  3.7587513333333336
   526  5.472484  3.628758
   527  5.599115  3.587432
   528  5.571889  3.7174253333333334
   529  5.759947333333334  -0.13749325333333332
   530  5.819124666666666  -0.24919247666666663
   531  5.893126333333332  -0.13888137333333334
   532  5.483431  -0.3555152
   533  5.628323666666667  -0.13570108666666666
   534  5.555877333333334  -0.2456081433333333
   535  5.6150546666666665  -0.3573073666666666
   536  5.7466783333333336  -0.35909953333333333
   537  5.687501  -0.24740030999999998
   538  5.302871  -6.805587e-06
   539  5.568137  -0.017198288529
   540  5.435504  -0.008602547058
   541  5.363057666666666  -0.11850960372466667
   542  5.423244333333334  -0.23701240186233333
   543  5.495690666666667  -0.12710534519566666
   544  5.67615  -0.7045815
   545  5.547670666666667  -0.4718706333333333
   546  5.611910333333333  -0.5882260666666667
   547  5.7435339999999995  -0.5900182333333333
   548  5.810918  -0.47545496666666665
   549  5.679294333333334  -0.4736628
   550  6.0585  -0.717584
   551  5.938368  -0.47978913333333334
   552  5.9984340000000005  -0.5986865666666666
   553  6.131072666666667  -0.6058802333333333
   554  6.203645333333333  -0.4941764666666667
   555  6.071006666666666  -0.4869828
   556  6.470958  -0.7314382
   557  6.341131333333333  -0.49879453333333335
   558  6.406044666666667  -0.6151163666666667
   559  6.538867000000001  -0.6168393666666667
   560  6.606776  -0.5022405333333333
   561  6.473953666666667  -0.5005175333333334
   562  6.747521  -0.27719567333333334
   563  6.8203570000000004  -0.16674964666666667
   564  6.753924666666666  -0.05172146
   565  6.6146563333333335  -0.0471393
   566  6.681088666666667  -0.16216748666666667
   567  7.073127  -0.4126833
   568  6.807499  -0.3959889
   569  6.940313000000001  -0.4043361
   570  7.013149  -0.29389007333333333
   571  6.953171  -0.17509684666666667
   572  6.880335  -0.28554287333333334
   573  4.881893  -3.031108
   574  4.800992333333333  -3.314178666666667
   575  4.841442666666667  -3.1726433333333333
   576  4.751883333333333  -3.0601920000000002
   577  4.621873666666667  -3.089276
   578  4.711433  -3.201727333333333
   579  5.636050333333333  0.09651321333333333
   580  5.571330666666667  0.21882045666666666
   581  5.438697666666667  0.22741619813766667
   582  5.370784333333333  0.11370469627533333
   583  5.503417333333334  0.10510895480433331
   584  5.107335  0.3481832
   585  5.373519  0.3434795333333333
   586  5.240427  0.3458313666666667
   587  5.172513666666666  0.23211986480433333
   588  5.237692333333333  0.11605652960866666
   589  5.305605666666666  0.229768031471
   590  5.27653  -0.6974785
   591  5.414464000000001  -0.46950296666666663
   592  5.345497  -0.5834907333333333
   593  5.409736666666666  -0.6998461666666667
   594  5.5429433333333336  -0.7022138333333333
   595  5.478703666666667  -0.5858583999999999
   596  4.18892  -3.136364
   597  4.390882666666666  -3.1243613333333333
   598  4.289901333333334  -3.1303626666666666
   599  4.251474333333333  -3.257576
   600  4.314028666666667  -3.378788
   601  4.352455666666667  -3.2515746666666665
   602  4.334853  -2.783033
   603  4.439527  -3.0065843333333335
   604  4.3871899999999995  -2.8948086666666666
   605  4.286208666666667  -2.90081
   606  4.237564333333333  -3.018587
   607  4.338545666666666  -3.0125856666666664
   608  4.65448  -2.573039
   609  4.5460693333333335  -2.9365863333333335
   610  4.6002746666666665  -2.7548126666666666
   611  4.547937666666667  -2.643037
   612  4.441395333333333  -2.713035
   613  4.493732333333333  -2.8248106666666666
   614  4.041484  -2.681818
   615  4.237063333333333  -2.7492946666666667
   616  4.139273666666666  -2.7155563333333332
   617  4.090629333333333  -2.833333333333333
   618  4.139774666666667  -2.9848486666666667
   619  4.188419  -2.8670716666666665
   620  4.297516  -2.405584
   621  4.3224073333333335  -2.657216666666667
   622  4.309961666666666  -2.5314003333333335
   623  4.212172  -2.497662
   624  4.126828  -2.58974
   625  4.224617666666666  -2.6234783333333334
   626  4.5354920000000005  -2.5172206666666668
   627  4.416504  -2.4614023333333335
   628  4.428949666666667  -2.5872186666666668
   629  3.944141  -2.227273
   630  4.179724333333334  -2.346147
   631  4.061932666666666  -2.28671
   632  3.9765886666666668  -2.3787879999999997
   633  4.009036333333333  -2.530303
   634  4.094380333333333  -2.4382249999999996
   635  4.806088666666667  -2.8784183333333333
   636  4.7302843333333335  -2.725728666666667
   637  4.676079  -2.9075023333333334
   638  4.623119  -2.175695
   639  4.644026333333334  -2.440591
   640  4.633572666666667  -2.3081430000000003
   641  4.514584666666667  -2.252324666666667
   642  4.406050333333333  -2.3289543333333333
   643  4.525038333333334  -2.384772666666667
   644  4.276883  -2.00716
   645  4.290638333333333  -2.272776
   646  4.283760666666667  -2.139968
   647  4.165969  -2.0805309999999997
   648  4.055055  -2.153902
   649  4.172846666666667  -2.213339
   650  4.984135  -2.347111
   651  4.764365000000001  -2.497729666666667
   652  4.87425  -2.422420333333333
   653  4.863796333333333  -2.2899723333333335
   654  4.743457666666667  -2.2328336666666666
   655  4.753911333333334  -2.3652816666666667
   656  4.507707  -2.1195166666666667
   657  4.392295  -2.0633383333333333
   658  4.399172666666667  -2.1961463333333335
   659  4.601613  -1.779957
   660  4.615950333333333  -2.0437823333333336
   661  4.608781666666667  -1.9118696666666668
   662  4.493369666666667  -1.8556913333333334
   663  4.385126333333333  -1.9314256666666665
   664  4.500538333333334  -1.987604
   665  4.958266  -1.959029
   666  4.734834666666667  -2.103473
   667  4.846550333333333  -2.031251
   668  4.839381666666667  -1.8993383333333334
   669  4.720497333333333  -1.8396476666666666
   670  4.727666  -1.9715603333333334
   671  4.240658  -1.609724
   672  4.481294666666667  -1.7232126666666667
   673  4.360976333333333  -1.6664683333333332
   674  4.252733  -1.7422026666666666
   675  4.2648079999999995  -1.8746813333333332
   676  4.373051333333334  -1.798947
   677  5.084294  -0.3346272
   678  5.230011999999999  -0.111546937058
   679  5.157153  -0.223087068529
   680  5.217339666666667  -0.3415898666666667
   681  5.3503853333333335  -0.3485525333333333
   682  5.290198666666666  -0.23004973519566665
   683  5.8036  -0.7089156666666666
   684  5.93105  -0.7132498333333334
   685  5.870984  -0.5943524
   686  5.855552  -1.057293
   687  5.735950666666667  -0.822152
   688  5.7957513333333335  -0.9397225
   689  5.923201333333334  -0.9440566666666667
   690  5.990850666666667  -0.8308203333333334
   691  5.863400666666667  -0.8264861666666666
   692  5.457086  -1.037986
   693  5.603128666666667  -0.8157163333333334
   694  5.5301073333333335  -0.9268511666666667
   695  5.589908  -1.0444216666666668
   696  5.72273  -1.0508573333333333
   697  5.6629293333333335  -0.9332868333333334
   698  6.254408  -1.0651
   699  5.988504  -1.0598953333333334
   700  6.121456  -1.0624976666666666
   701  6.189105333333333  -0.9492613333333333
   702  6.123802666666667  -0.8334226666666666
   703  6.056153333333334  -0.946659
   704  6.626438666666667  1.660242
   705  6.505437333333333  1.6660329999999999
   706  6.560423666666666  1.5447906666666666
   707  6.516476666666667  1.8967093333333331
   708  6.450456333333333  1.7842666666666667
   709  6.571457666666667  1.7784756666666663
   710  6.7193423333333335  2.1541639999999997
   711  6.650919666666667  2.081658
   712  6.7841526666666665  2.0644283333333333
   713  6.6695736666666665  2.2696676666666664
   714  6.551382333333334  2.3126653333333334
   715  6.482959666666667  2.240159333333333
   716  6.532728333333333  2.1246556666666665
   717  6.601151000000001  2.1971616666666667
   718  6.709506  2.385917
   719  6.18971  2.045328
   720  6.352030666666667  2.252218
   721  6.270870333333333  2.148773
   722  6.320639  2.033269333333333
   723  6.451568  2.0212106666666667
   724  6.401799333333334  2.1367143333333334
   725  6.2546186666666665  1.9208266666666667
   726  6.319527333333333  1.7963253333333333
   727  6.3855476666666675  1.908768
   728  6.272335666666667  2.401
   729  6.111480333333333  2.446337
   730  6.03032  2.342892
   731  6.110015  2.1941100000000002
   732  6.191175333333333  2.2975549999999996
   733  5.336715333333333  -0.8109810000000001
   734  5.396900666666667  -0.9244835
   735  5.469922  -0.8133486666666667
   736  5.060762  -1.030015
   737  5.204607333333334  -0.8083239999999999
   738  5.132684666666667  -0.9191695
   739  5.19287  -1.032672
   740  5.324978000000001  -1.035329
   741  5.264792666666668  -0.9218264999999999
   742  4.878049  -0.6751914
   743  5.143703  -0.6900494666666667
   744  5.010876  -0.6826204333333333
   745  4.938953333333333  -0.7934659333333333
   746  4.999857666666667  -0.9117404666666666
   747  5.071780333333334  -0.8008949666666667
   748  5.251959  -1.380341
   749  5.124494333333334  -1.1467903333333334
   750  5.188226666666667  -1.2635656666666666
   751  5.320334666666667  -1.2662226666666667
   752  5.388710333333334  -1.1521043333333334
   753  5.256602333333333  -1.1494473333333333
   754  6.048201  -1.40754
   755  5.919768333333334  -1.174042
   756  5.983984666666666  -1.290791
   757  6.116936666666667  -1.2933933333333334
   758  6.185672333333333  -1.1792466666666666
   759  6.052720333333333  -1.1766443333333332
   760  3.877153  -1.772727
   761  4.143639666666666  -1.9290156666666665
   762  4.0103963333333335  -1.8508713333333333
   763  3.8994823333333333  -1.9242423333333332
   764  3.9218116666666667  -2.0757576666666666
   765  4.032725666666667  -2.0023866666666663
   766  5.639554  -1.393643
   767  5.517908666666667  -1.1565383333333334
   768  5.578731333333334  -1.2750906666666666
   769  5.711553333333334  -1.2815263333333333
   770  5.783552666666667  -1.1694096666666667
   771  5.650730666666667  -1.162974
   772  6.326591333333333  -0.9538793999999999
   773  6.398774666666667  -0.8426588
   774  6.333472  -0.7268201333333334
   775  6.195986  -0.7222020666666666
   776  6.261288666666666  -0.8380407333333334
   777  6.65326  -1.086856
   778  6.387358666666667  -1.072352
   779  6.5203093333333335  -1.079604
   780  6.592492666666667  -0.9683834
   781  6.531725333333334  -0.8499108000000001
   782  6.459542  -0.9611314000000001
   783  4.975512  -2.217750333333333
   784  4.966889  -2.0883896666666666
   785  4.855173333333334  -2.1606116666666666
   786  5.242811  -2.132288
   787  5.070360333333333  -2.2755033333333334
   788  5.1565856666666665  -2.2038956666666665
   789  5.1479626666666665  -2.074535
   790  5.053114333333333  -2.016782
   791  5.061737333333333  -2.1461426666666665
   792  5.339782  -2.528687
   793  5.102684  -2.4076363333333335
   794  5.221233  -2.4681616666666666
   795  5.307458333333333  -2.396554
   796  5.275134666666666  -2.264421
   797  5.188909333333333  -2.336028666666667
   798  5.286665  -1.731853
   799  5.257429  -1.9988096666666666
   800  5.272047  -1.8653313333333335
   801  5.1771986666666665  -1.8075783333333333
   802  5.067732333333334  -1.8833036666666667
   803  5.162580666666667  -1.9410566666666667
   804  4.568901  -1.381527
   805  4.590709  -1.647147
   806  4.579805  -1.514337
   807  4.459486666666667  -1.4575926666666665
   808  4.350072333333333  -1.5336583333333333
   809  4.470390666666667  -1.5904026666666666
   810  5.212451333333333  -0.5765280666666667
   811  5.148372666666667  -0.45557763333333334
   812  5.015545666666666  -0.4481486
   813  4.9467973333333335  -0.56167
   814  5.079624333333333  -0.5690990333333333
   815  4.684861  -0.3254645
   816  4.951149666666667  -0.3315729666666667
   817  4.818005333333333  -0.3285187333333333
   818  4.749257  -0.4420401333333333
   819  4.8136529999999995  -0.5586157666666667
   820  4.882401333333333  -0.4450943666666667
   821  4.935376  -1.559913
   822  5.018966666666667  -1.2066476666666666
   823  4.977171333333334  -1.3832803333333334
   824  5.040903666666667  -1.5000556666666667
   825  5.146431333333333  -1.4401983333333335
   826  5.082699  -1.323423
   827  4.950636  -1.8259903333333334
   828  4.943006  -1.6929516666666666
   829  4.824121666666667  -1.633261
   830  4.7128673333333335  -1.706609
   831  4.8317516666666664  -1.7662996666666666
   832  4.1194896666666665  -1.6640583333333332
   833  3.998321333333333  -1.7183926666666667
   834  4.131564666666667  -1.7965369999999998
   835  3.823999  -1.227273
   836  4.101771666666666  -1.4822403333333334
   837  3.9628853333333334  -1.3547566666666666
   838  3.841717  -1.409091
   839  3.859435  -1.590909
   840  3.9806033333333333  -1.5365746666666666
   841  4.645517  -0.9584855
   842  4.800538333333333  -0.7696227666666666
   843  4.723027666666667  -0.8640541333333334
   844  4.783932  -0.9823286666666666
   845  4.922347  -1.0061718333333332
   846  4.861442666666667  -0.8878973
   847  5.381157333333333  -1.384775
   848  5.510355666666667  -1.389209
   849  5.449533  -1.2706566666666668
   850  5.263527666666667  -1.4975116666666668
   851  5.275096333333334  -1.6146823333333333
   852  5.404294666666667  -1.6191163333333334
   853  5.521924333333334  -1.5063796666666667
   854  5.392726  -1.5019456666666666
   855  5.052472333333333  -1.6172263333333334
   856  5.169568666666667  -1.6745396666666668
   857  5.158  -1.5573690000000002
   858  4.896808333333333  -1.1471856666666667
   859  4.732854666666667  -1.2643563333333332
   860  4.6910593333333335  -1.440989
   861  4.813217666666667  -1.500451
   862  4.8550130000000005  -1.3238183333333333
   863  5.060102333333334  -1.750265
   864  5.731928  1.364453
   865  5.862800666666667  1.1322683333333332
   866  5.797364333333333  1.2483606666666667
   867  5.664313333333333  1.2496156666666667
   868  5.596698666666667  1.1347783333333332
   869  5.729749666666667  1.1335233333333334
   870  5.328112  0.6743336
   871  5.462093333333334  0.9047385333333333
   872  5.395102666666666  0.7895360666666666
   873  5.461376  0.6741585
   874  5.59464  0.6739834
   875  5.528366666666667  0.7893609666666667
   876  7.709324  -2.045455
   877  7.567302  -2.287879
   878  7.638313  -2.166667
   879  7.584963666666666  -2.044737666666667
   880  7.460603333333333  -2.044020333333333
   881  7.513952666666666  -2.1659496666666667
   882  7.524781  -1.697974
   883  7.647809666666666  -1.9296280000000001
   884  7.586295333333333  -1.813801
   885  7.4619349999999995  -1.8130836666666668
   886  7.399089  -1.9281933333333332
   887  7.523449333333333  -1.9289106666666669
   888  7.881356  -1.681269
   889  7.766668  -1.9240596666666667
   890  7.824012  -1.8026643333333332
   891  7.7624976666666665  -1.6868373333333333
   892  7.643639333333334  -1.6924056666666667
   893  7.705153666666667  -1.8082326666666664
   894  7.686858  -1.343591
   895  7.8165233333333335  -1.5687096666666667
   896  7.751690666666667  -1.4561503333333332
   897  7.632832333333333  -1.4617186666666666
   898  7.578806666666667  -1.5798463333333335
   899  7.697665000000001  -1.5742779999999998
   900  7.126466  -1.704639
   901  7.392009333333333  -1.7001956666666667
   902  7.2592376666666665  -1.7024173333333334
   903  7.196391666666666  -1.817527
   904  7.266317333333333  -1.930415
   905  7.329163333333334  -1.8153053333333335
   906  8.041339  -1.227273
   907  7.934683666666667  -1.5299369999999999
   908  7.988011333333334  -1.378605
   909  7.923178666666667  -1.2660456666666666
   910  7.805018333333334  -1.3048183333333334
   911  7.869851000000001  -1.4173776666666666
   912  7.756094  -0.9562889
   913  7.9462573333333335  -1.1369449666666667
   914  7.851175666666667  -1.0466169333333333
   915  7.733015333333333  -1.0853896
   916  7.709936666666667  -1.2144903
   917  7.8280970000000005  -1.1757176333333335
   918  7.290793  -1.376706
   919  7.554836333333333  -1.3546293333333332
   920  7.422814666666667  -1.3656676666666667
   921  7.368789  -1.4837953333333334
   922  7.446785  -1.5908846666666667
   923  7.500810666666666  -1.4727570000000003
   924  8.149367  -0.7727273
   925  8.077348333333333  -1.0757577666666667
   926  8.113357666666667  -0.9242425333333333
   927  8.018276  -0.8339145
   928  7.887185  -0.8951017
   929  7.982266666666668  -0.9854297333333334
   930  7.380472  -1.08898
   931  7.630886666666667  -1.0005192666666667
   932  7.505679333333333  -1.0447496333333333
   933  7.4826006666666665  -1.1738503333333334
   934  7.584729333333334  -1.2587206666666666
   935  7.6078079999999995  -1.1296199666666666
   936  7.350579  -1.1848886666666667
   937  7.320686  -1.2807973333333333
   938  7.452707666666666  -1.2697589999999999
   939  7.004914  -1.129764
   940  7.255286  -1.1025746666666667
   941  7.1301000000000005  -1.1161693333333333
   942  7.100207  -1.212078
   943  7.1955  -1.294392
   944  7.225393  -1.1984833333333331
   945  7.155294  -0.7649866
   946  7.305412666666666  -0.9809822
   947  7.230353333333333  -0.8729844
   948  7.105167333333333  -0.8865790666666666
   949  7.055040666666667  -1.0081715333333334
   950  7.180226666666667  -0.9945768666666667
   951  6.850945  -1.398538
   952  7.144177  -1.3839833333333333
   953  6.997561  -1.3912606666666667
   954  6.942785333333333  -1.5005716666666666
   955  7.034625666666667  -1.6026053333333334
   956  7.181241666666667  -1.595328
   957  7.236017333333333  -1.486017
   958  7.089401333333334  -1.4932943333333333
   959  7.314013333333333  -1.5931063333333333
   960  7.552339  -0.7292846
   961  7.437761  -0.9690815333333334
   962  7.49505  -0.8491830666666667
   963  7.419990666666666  -0.7411852666666666
   964  7.287642333333333  -0.7530859333333333
   965  7.362701666666666  -0.8610837333333334
   966  6.776854  -0.6675162
   967  6.9288940000000006  -0.9756814
   968  6.852874  -0.8215988000000001
   969  6.7356560000000005  -0.8072961333333334
   970  6.694458  -0.9470760666666667
   971  6.770478000000001  -1.1011586666666666
   972  6.887696  -1.1154613333333334
   973  6.811675999999999  -0.9613787333333333
   974  6.719155000000001  -1.19075
   975  6.78505  -1.2946440000000001
   976  6.902268  -1.3089466666666667
   977  6.953591  -1.2193553333333333
   978  6.836373000000001  -1.2050526666666668
   979  6.394936  -1.388705
   980  6.567152  -1.1874723333333335
   981  6.481044000000001  -1.2880886666666667
   982  6.546939  -1.3919826666666668
   983  6.698942000000001  -1.3952603333333333
   984  6.633047  -1.2913663333333334
   985  7.048884  -1.3016693333333333
   986  6.301250666666666  -1.1729683333333334
   987  6.348093333333334  -1.2808366666666666
   988  6.434201333333334  -1.1802203333333334
   989  6.163779333333333  -1.4012616666666666
   990  6.279357666666667  -1.3949833333333335
   991  6.232514999999999  -1.287115
   992  6.240358  -1.744023
   993  6.112253333333333  -1.519701
   994  6.176305666666666  -1.6318620000000001
   995  6.291884  -1.6255836666666668
   996  6.34341  -1.5071443333333334
   997  6.227831666666667  -1.5134226666666668
   998  5.843466  -1.747569
   999  5.979956  -1.520883
   1000  5.911711  -1.634226
   1001  5.975763333333333  -1.746387
   1002  6.108060666666667  -1.7452050000000001
   1003  6.044008333333333  -1.633044
   1004  6.635299  -1.704556
   1005  6.372005  -1.7308673333333333
   1006  6.503652  -1.7177116666666667
   1007  6.555178  -1.5992723333333334
   1008  6.4750570000000005  -1.4939886666666666
   1009  6.423531  -1.6124280000000002
   1010  5.911985333333333  -1.4029076666666667
   1011  5.775769666666667  -1.3982753333333333
   1012  5.707524666666667  -1.5116183333333333
   1013  5.775495333333334  -1.6295936666666666
   1014  5.843740333333334  -1.5162506666666669
   1015  6.065958  -2.020375
   1016  5.91763  -1.8385043333333333
   1017  5.9917940000000005  -1.9294396666666667
   1018  6.124091333333333  -1.9282576666666666
   1019  6.1822246666666665  -1.8361403333333335
   1020  6.049927333333334  -1.8373223333333335
   1021  6.472274  -2.068983
   1022  6.317663333333333  -1.852343
   1023  6.394968666666666  -1.9606629999999998
   1024  6.526615666666666  -1.9475073333333333
   1025  6.580957333333333  -1.8260316666666665
   1026  6.449310333333333  -1.8391873333333333
   1027  6.707181  -1.60255
   1028  6.779063  -1.500544
   1029  6.62706  -1.4972663333333334
   1030  6.799021333333333  -1.7045836666666667
   1031  6.962743666666666  -1.7046113333333333
   1032  6.870903333333334  -1.6025776666666667
   1033  6.936864  -2.056386
   1034  7.063265333333333  -1.821888
   1035  7.000064666666667  -1.9391369999999999
   1036  7.069990333333333  -2.052025
   1037  7.203116666666666  -2.0476639999999997
   1038  7.133191  -1.934776
   1039  7.688175666666667  -0.8806208
   1040  7.620257333333333  -0.8049527
   1041  7.562968333333333  -0.9248511666666666
   1042  7.806911  -0.5482931
   1043  7.773033  -0.8202903
   1044  7.789972000000001  -0.6842917
   1045  7.722053666666667  -0.6086235999999999
   1046  7.637196333333334  -0.6689541
   1047  7.705114666666667  -0.7446221999999999
   1048  7.485542  -0.4281201
   1049  7.265376666666667  -0.6526977666666667
   1050  7.375459333333333  -0.5404089333333333
   1051  7.348070333333333  -0.4229745
   1052  7.210598666666667  -0.4178289
   1053  7.100516  -0.5301177333333333
   1054  7.127905  -0.6475521666666666
   1055  7.237987666666666  -0.5352633333333333
   1056  6.974369333333334  -0.4976276
   1057  6.875611666666667  -0.5825719
   1058  6.903000666666666  -0.7000063333333333
   1059  7.029147333333333  -0.7324964666666667
   1060  7.001758333333334  -0.6150620333333333
   1061  6.708741333333333  -0.4809332
   1062  6.742797666666667  -0.5742247
   1063  6.841555333333333  -0.4892804
   1064  6.572923333333334  -0.7101308666666667
   1065  6.674888666666667  -0.6888235333333333
   1066  6.640832333333333  -0.5955320333333334
   1067  6.633690666666666  -0.8286034666666667
   1068  6.979020666666667  -0.8540889333333332
   1069  5.510666  2.74716
   1070  5.781896  2.95726
   1071  5.646281  2.85221
   1072  5.657318999999999  2.661998
   1073  5.803972  2.576836
   1074  5.792934  2.7670480000000004
   1075  7.106171333333333  0.7373351333333334
   1076  5.645208  -2.094758
   1077  5.77738  -1.8632986666666667
   1078  5.7112940000000005  -1.9790283333333334
   1079  5.785458  -2.0699636666666668
   1080  5.925708  -2.0451693333333334
   1081  5.8515440000000005  -1.9542340000000002
   1082  6.627137333333333  -2.064784
   1083  6.782000666666667  -2.0605849999999997
   1084  6.8363423333333335  -1.9391093333333331
   1085  6.735820666666666  -1.8218326666666667
   1086  6.6814789999999995  -1.9433083333333332
   1087  7.711901  1.0419745333333332
   1088  7.889682  1.0891692666666666
   1089  7.765644999999999  1.1509599333333334
   1090  6.201396666666667  -2.0365776666666666
   1091  6.336835333333333  -2.052780333333333
   1092  6.259529999999999  -1.944460333333333
   1093  6.9917533333333335  -2.1596906666666666
   1094  7.046642666666666  -2.262995333333333
   1095  7.124879666666666  -2.1553296666666664
   1096  6.83232  -2.1992266666666667
   1097  6.7277759999999995  -2.342067333333333
   1098  6.887209333333334  -2.302531333333333
   1099  6.3799236666666665  2.5081279999999997
   1100  6.326656333333333  2.660593
   1101  6.219068333333333  2.5534649999999997
   1102  7.716275  0.6262107
   1103  7.449779  0.6213204999999999
   1104  7.583027  0.6237656
   1105  7.655556666666667  0.7490670666666667
   1106  7.594838333333334  0.8719234333333333
   1107  7.5223086666666665  0.7466219666666666
   1108  7.292391  -0.0783648
   1109  7.146215000000001  -0.3012438
   1110  7.219303  -0.1898043
   1111  7.159325  -0.07101107333333333
   1112  7.0262590000000005  -0.06365734666666667
   1113  7.086237  -0.18245057333333334
   1114  6.572912666666666  -2.3462663333333333
   1115  6.522593333333333  -2.2076246666666663
   1116  6.357677  -2.194835
   1117  6.24308  -2.320687
   1118  6.407996333333333  -2.3334766666666664
   1119  4.903062  0.004468123
   1120  5.039244  0.23361150766666666
   1121  4.971153  0.11903981533333333
   1122  5.036331666666666  0.0029764801376666664
   1123  5.1696013333333335  0.001484837275333333
   1124  5.104422666666666  0.11754817247100001
   1125  5.759788  -2.771659
   1126  5.942508666666667  -3.106901
   1127  5.851148333333334  -2.93928
   1128  5.693467333333333  -2.932057
   1129  5.6271466666666665  -3.092455
   1130  5.784827666666668  -3.0996780000000004
   1131  5.4415906666666665  -2.3840440000000003
   1132  5.543399333333333  -2.239401
   1133  5.511075666666667  -2.107268
   1134  5.376943333333333  -2.119778
   1135  5.409267  -2.251911
   1136  5.525693666666667  -1.9737896666666668
   1137  5.406179333333333  -1.8528213333333334
   1138  5.391561333333333  -1.9862996666666666
   1139  6.005584666666667  -2.5549123333333332
   1140  5.882686333333334  -2.663285666666667
   1141  5.918987  -2.7913443333333334
   1142  6.078186  -2.8110296666666668
   1143  6.041885333333333  -2.682971
   1144  5.447111333333334  0.4521963333333333
   1145  5.3876116666666665  0.5632649666666667
   1146  5.254519666666667  0.5656168
   1147  5.180927333333333  0.4569
   1148  5.314019333333333  0.45454816666666664
   1149  5.520875666666666  0.5630898666666666
   1150  4.930857  0.7054427
   1151  5.195693666666666  0.6847033
   1152  5.063275333333333  0.6950729999999999
   1153  4.989682999999999  0.5863562
   1154  5.048509  0.4672697
   1155  5.122101333333333  0.5759865
   1156  5.156529  1.035241
   1157  5.270917666666667  0.7946360666666666
   1158  5.213723333333333  0.9149385333333334
   1159  5.0813049999999995  0.9253082333333333
   1160  5.006081  0.8153754666666667
   1161  5.138499333333333  0.8050057666666667
   1162  4.708513  0.3733916
   1163  4.856742333333333  0.594759
   1164  4.7826276666666665  0.4840753
   1165  4.841453666666666  0.3649888
   1166  4.974394333333334  0.356586
   1167  4.915568333333333  0.4756725
   1168  5.032399  -2.682811
   1169  5.000223  -2.459011
   1170  5.016311  -2.570911
   1171  5.13486  -2.6314363333333333
   1172  5.237321  -2.580061666666667
   1173  5.118772  -2.5195363333333334
   1174  5.986322  1.709011
   1175  6.251731333333334  1.6842196666666667
   1176  6.119026666666667  1.6966153333333334
   1177  6.042100666666667  1.5879616666666667
   1178  6.097879333333333  1.4669123333333334
   1179  6.174805333333334  1.575566
   1180  6.126605333333333  0.8824336
   1181  6.013081333333333  1.3520596666666667
   1182  5.872504666666667  1.3582563333333333
   1183  5.9379409999999995  1.242164
   1184  6.688022  0.06398714666666666
   1185  7.159731  0.16680266666666665
   1186  7.2260610000000005  0.04421893333333332
   1187  7.358858666666666  0.03438693333333334
   1188  7.4253263333333335  0.1471386666666667
   1189  7.292528666666667  0.15697066666666668
   1190  7.695931  -0.1421369
   1191  7.426904333333334  -0.09962216666666666
   1192  7.561417666666666  -0.12087953333333334
   1193  7.627885333333333  -0.00812779999999999
   1194  7.559839666666666  0.12588130000000003
   1195  7.493372000000001  0.013129566666666667
   1196  7.3567746666666665  -0.1949499
   1197  7.4211583333333335  -0.311535
   1198  7.555671666666666  -0.3327923666666667
   1199  7.625801333333333  -0.23746463333333334
   1200  7.491288  -0.21620726666666668
   1201  7.891339  0.2602478
   1202  7.761067  -0.008008666666666692
   1203  7.8262030000000005  0.12611956666666663
   1204  7.758157333333333  0.2601286666666667
   1205  7.624975666666667  0.2600095333333333
   1206  7.693021333333334  0.12600043333333333
   1207  7.092994999999999  0.05157265999999999
   1208  7.566621  0.38199716666666667
   1209  7.6414480000000005  0.5041039333333334
   1210  7.5081999999999995  0.5016588333333334
   1211  5.7042806666666666  0.21089485666666666
   1212  5.023883333333333  -0.22159542566666668
   1213  4.963472666666667  -0.10856365133333334
   1214  4.830328333333333  -0.105509418
   1215  4.757594666666667  -0.215486959
   1216  4.890739  -0.21854119233333333
   1217  5.096742333333333  -0.11005529419566668
   1218  4.505024  0.03059065
   1219  4.770382666666666  0.013175632
   1220  4.6377033333333335  0.021883141000000002
   1221  4.564969666666666  -0.0880944
   1222  4.624915333333333  -0.20677945
   1223  4.697648999999999  -0.096801909
   1224  4.838212333333334  0.12744261533333334
   1225  4.773362666666666  0.2504171076666667
   1226  4.6406833333333335  0.25912461666666664
   1227  4.572853666666666  0.14485763333333332
   1228  4.705533  0.13615012433333332
   1229  4.285735  -0.3036124
   1230  4.431927666666667  -0.08081036666666667
   1231  4.358831333333333  -0.19221138333333335
   1232  4.4187769999999995  -0.31089643333333333
   1233  4.551819  -0.31818046666666666
   1234  4.491873333333333  -0.19949541666666668
   1235  4.308887  0.3788155
   1236  4.575304333333333  0.37519956666666665
   1237  4.442095666666667  0.37700753333333337
   1238  4.374266  0.26274055
   1239  4.439645  0.1466656
   1240  4.507474666666666  0.26093258333333336
   1241  7.592665  -0.46817776666666666
   1242  7.699788  -0.5082354333333333
   1243  7.769917666666667  -0.4129077
   1244  7.732924333333333  -0.2775223
   1245  7.662794666666667  -0.37285003333333333
   1246  5.428327  3.278778
   1247  5.373344333333334  3.539648666666667
   1248  5.400835666666667  3.409213333333333
   1249  5.527466666666667  3.3678873333333335
   1250  5.626606333333333  3.4569966666666665
   1251  5.4999753333333326  3.4983226666666667
   1252  4.478232  -0.6678267
   1253  4.615984666666667  -0.4395852333333333
   1254  4.547108333333333  -0.5537059666666666
   1255  4.611504333333333  -0.6702816
   1256  4.744776666666667  -0.6727365
   1257  4.680380666666666  -0.5561608666666666
   1258  7.832984333333334  0.3822354333333333
   1259  7.774629666666667  0.5042230666666667
   1260  7.699802666666667  0.3821163
   1261  6.899543  -1.8218603333333334
   1262  8.207612  -0.3181818
   1263  7.866491333333333  -0.20081853333333335
   1264  8.037051666666667  -0.2595001666666667
   1265  8.102187666666666  -0.12537193333333335
   1266  7.996763333333333  0.06743793333333331
   1267  7.931627333333334  -0.06669030000000002
   1268  5.135593  3.990471
   1269  5.474576333333333  3.9542143333333333
   1270  5.305084666666667  3.9723426666666666
   1271  5.205679666666667  3.883675333333333
   1272  5.275766333333333  3.776879666666667
   1273  5.375171333333333  3.865547
   1274  4.963699  3.542543
   1275  5.078295  3.841161666666667
   1276  5.020997  3.6918523333333333
   1277  5.091083666666667  3.585056666666667
   1278  5.218468333333333  3.6275703333333333
   1279  5.148381666666666  3.734366
   1280  4.728814  3.855576
   1281  5.0  3.945506
   1282  4.864407  3.900541
   1283  4.807109  3.751231666666667
   1284  4.885404  3.6468873333333334
   1285  4.942702  3.796196666666667
   1286  4.423729  3.568144
   1287  4.6271189999999995  3.7597653333333336
   1288  4.525424  3.6639546666666667
   1289  4.603719  3.5596103333333335
   1290  4.783709  3.551076666666667
   1291  4.705414  3.6554210000000005
   1292  5.118575  3.4546213333333333
   1293  5.2734510000000006  3.366699666666667
   1294  5.245959666666667  3.497135
   1295  7.283686666666667  -0.3063894
   1296  5.151895  -3.326121
   1297  4.890993  -3.4125163333333335
   1298  5.021444  -3.3693186666666666
   1299  5.061894333333333  -3.2277833333333334
   1300  4.971893666666666  -3.129445666666667
   1301  4.931443333333333  -3.2709810000000004
   1302  4.757806  1.065966
   1303  5.023621333333334  1.0454826666666668
   1304  4.890713666666667  1.0557243333333333
   1305  4.815489666666667  0.9457915666666666
   1306  4.873173333333333  0.8256171333333333
   1307  4.948397333333333  0.9355498999999999
   1308  4.906303333333333  0.24201430766666665
   1309  6.268558666666666  -0.6104983
   1310  5.281418333333334  -0.46254029999999996
   1311  4.531845  0.7321565
   1312  4.797853  0.7143473
   1313  4.664848999999999  0.7232519
   1314  4.590734333333333  0.6125682
   1315  4.649623666666667  0.4929799
   1316  4.723738333333333  0.6036636
   1317  4.457525666666666  0.6143761666666667
   1318  4.383206333333334  0.49659583333333335
   1319  4.516414999999999  0.4947878666666667
   1320  4.7804530000000005  -2.6096296666666667
   1321  4.906426  -2.6462203333333334
   1322  4.890338000000001  -2.534320333333333
   1323  4.932061666666667  -2.915009
   1324  4.982230333333333  -2.7989100000000002
   1325  4.856257333333334  -2.7623193333333336
   1326  5.301706  -2.934109
   1327  5.021830666666666  -2.998775
   1328  5.161768333333334  -2.966442
   1329  5.211937  -2.850343
   1330  5.122168  -2.766577
   1331  5.071999333333333  -2.882676
   1332  5.201832  -3.1954503333333335
   1333  5.251769  -3.0647796666666665
   1334  5.111831333333334  -3.0971126666666664
   1335  5.288205333333333  -3.3016983333333334
   1336  5.424515666666666  -3.2772756666666667
   1337  5.474452666666666  -3.146605
   1338  5.388079333333334  -3.0403569999999998
   1339  5.338142333333333  -3.171027666666667
   1340  5.314398  -2.7989683333333333
   1341  5.32709  -2.6638276666666667
   1342  5.224629  -2.7152023333333335
   1343  5.404899  1.025041
   1344  5.280714  1.030141
   1345  5.337908333333334  0.9098385333333333
   1346  5.357021  1.373709
   1347  5.471729666666667  1.1378636666666666
   1348  5.414375333333333  1.2557863333333334
   1349  5.290190333333333  1.2608863333333333
   1350  5.223359666666666  1.1480636666666668
   1351  5.347544666666667  1.1429636666666667
   1352  5.606959  1.3675383333333333
   1353  5.48199  1.3706236666666667
   1354  5.539344333333333  1.252701
   1355  5.553024  1.715386
   1356  5.672293333333333  1.4814306666666666
   1357  5.6126586666666665  1.5984083333333334
   1358  5.487689666666666  1.6014936666666668
   1359  5.422355333333333  1.4876013333333333
   1360  5.547324333333333  1.484516
   1361  4.958729  1.381023
   1362  5.224257  1.376147
   1363  5.091493  1.378585
   1364  5.024662333333334  1.2657623333333332
   1365  5.090595666666666  1.1505016666666668
   1366  5.157426333333333  1.2633243333333333
   1367  5.816726  1.4793056666666666
   1368  5.901524  1.5941583333333333
   1369  5.8418893333333335  1.711136
   1370  5.697456666666667  1.7132610000000001
   1371  5.757091333333334  1.5962833333333333
   1372  5.154542  1.716919
   1373  5.4201966666666666  1.715897
   1374  5.287369333333333  1.7164080000000002
   1375  5.222035  1.6025156666666667
   1376  5.289528  1.4881123333333335
   1377  5.354862333333333  1.6020046666666667
   1378  5.089271  1.6049536666666666
   1379  5.024  1.4929883333333334
   1380  5.156764  1.4905503333333332
   1381  4.8917546666666665  1.276004
   1382  4.824780333333334  1.170985
   1383  4.957688  1.1607433333333332
   1384  4.566197  1.409759
   1385  4.827885  1.3906016666666665
   1386  4.697041  1.4001803333333334
   1387  4.630066666666667  1.2951613333333334
   1388  4.693936333333333  1.1805636666666666
   1389  4.760910666666667  1.2855826666666665
   1390  5.355116  2.06256
   1391  5.487054666666666  1.8311106666666668
   1392  5.421085333333333  1.9468353333333333
   1393  5.288258  1.9473463333333334
   1394  5.2214  1.8321326666666666
   1395  5.354227333333333  1.831621666666667
   1396  4.757365  1.723433
   1397  5.0221496666666665  1.7190903333333334
   1398  4.889757333333334  1.7212616666666667
   1399  4.824486333333334  1.6092963333333332
   1400  4.891607666666666  1.4951596666666667
   1401  4.956878666666667  1.607125
   1402  4.693642333333333  1.618875
   1403  4.629919666666667  1.514317
   1404  4.760763666666667  1.5047383333333333
   1405  4.365977  1.746873
   1406  4.626902333333334  1.7312463333333332
   1407  4.496439666666666  1.7390596666666667
   1408  4.432717  1.6345016666666665
   1409  4.499457  1.5221303333333334
   1410  4.563179666666667  1.6266883333333333
   1411  4.256252  1.076292
   1412  4.462882  1.2986033333333333
   1413  4.359567  1.1874476666666667
   1414  4.4234366666666665  1.07285
   1415  4.590621333333334  1.069408
   1416  4.526751666666667  1.1840056666666665
   1417  4.582381  2.080944
   1418  4.699037  1.8426033333333334
   1419  4.640709  1.9617736666666667
   1420  4.510246333333333  1.969587
   1421  4.438111666666667  1.85823
   1422  4.568574333333333  1.8504166666666666
   1423  4.181645  1.482948
   1424  4.304533  1.658898
   1425  4.2430889999999994  1.5709229999999998
   1426  4.309829  1.4585516666666667
   1427  4.438013  1.4341553333333332
   1428  4.3712729999999995  1.5465266666666668
   1429  4.961634  2.066539
   1430  5.090239333333334  1.8334590000000002
   1431  5.0259366666666665  1.949999
   1432  4.893544333333334  1.9521703333333333
   1433  4.8254546666666664  1.8378016666666668
   1434  4.957847  1.8356303333333333
   1435  4.835216333333333  2.071340666666667
   1436  4.708798666666667  2.0761423333333333
   1437  4.767126666666667  1.9569720000000002
   1438  4.785155  2.419902
   1439  4.902807666666667  2.1843266666666667
   1440  4.843981333333333  2.3021143333333334
   1441  4.717563666666666  2.306916
   1442  4.649972333333333  2.19393
   1443  4.77639  2.189128333333333
   1444  5.183304  2.397998
   1445  5.035524  2.1770253333333334
   1446  5.109414  2.2875116666666666
   1447  5.050587666666666  2.4052993333333332
   1448  4.917871333333333  2.4126006666666666
   1449  4.9766976666666665  2.294813
   1450  4.386492  2.428262
   1451  4.652267333333333  2.4226886666666667
   1452  4.519379666666667  2.4254753333333334
   1453  4.451788333333333  2.3124893333333336
   1454  4.517084666666666  2.1967166666666667
   1455  4.584675999999999  2.309702666666667
   1456  4.183439  2.102244
   1457  4.449400333333333  2.088044
   1458  4.3164196666666665  2.095144
   1459  4.244285  1.9837869999999997
   1460  4.305131  1.86533
   1461  4.377265666666666  1.976687
   1462  3.888629  1.863636
   1463  4.206861  1.7857939999999999
   1464  4.047745  1.824715
   1465  3.9863009999999997  1.73674
   1466  4.083972999999999  1.609844
   1467  4.145417  1.697819
   1468  4.206513999999999  1.347396
   1469  4.231383  1.211844
   1470  4.3346979999999995  1.3229996666666666
   1471  3.831168  1.318182
   1472  3.801268  0.8636364
   1473  4.114557333333333  1.156922
   1474  3.9728626666666664  1.237552
   1475  3.8212013333333332  1.1666668
   1476  3.8112346666666665  1.0151516
   1477  3.952929333333333  0.9345216
   1478  4.104590666666667  1.0054068
   1479  3.962896  1.0860367999999998
   1480  4.3481163333333335  0.9615801666666667
   1481  4.439980666666666  0.8468683333333333
   1482  4.607165333333334  0.8434263333333333
   1483  4.6824856666666665  0.9546961666666667
   1484  4.515301  0.9581381666666666
   1485  4.136225  0.6738164
   1486  4.2162429999999995  0.9421334666666666
   1487  4.176234  0.8079749333333333
   1488  4.268098333333333  0.6932631
   1489  4.399971666666667  0.7127098
   1490  4.308107333333333  0.8274216333333332
   1491  3.912920333333333  0.8003630666666667
   1492  4.024572666666666  0.7370897333333333
   1493  4.064581666666666  0.8712482666666667
   1494  3.782875  0.3181818
   1495  3.795137  0.6818181999999999
   1496  3.789006  0.49999999999999994
   1497  3.9006583333333333  0.43672666666666665
   1498  4.018441666666666  0.5552715333333333
   1499  3.9067893333333337  0.6185448666666667
   1500  4.193779  0.5754827666666666
   1501  4.251333  0.4771491333333333
   1502  4.325652333333333  0.5949294666666667
   1503  5.092794666666666  2.0652126666666666
   1504  5.2239553333333335  2.0638863333333335
   1505  5.297845333333333  2.1743726666666667
   1506  5.240574666666666  2.286185333333333
   1507  5.166684666666666  2.175699
   1508  5.57753  2.3882
   1509  5.429254  2.1711066666666667
   1510  5.503392  2.279653333333333
   1511  5.446121333333333  2.391466
   1512  5.314712666666667  2.394732
   1513  5.371983333333333  2.2829193333333335
   1514  5.157097333333333  1.9486726666666667
   1515  5.752378  2.030003
   1516  5.487536666666666  2.0517076666666667
   1517  5.619957333333334  2.040855333333333
   1518  5.694095333333333  2.149402
   1519  5.635812666666667  2.268801
   1520  5.561674666666666  2.160254333333333
   1521  5.555242  2.5078533333333333
   1522  5.532954  2.6275066666666667
   1523  5.401545333333333  2.6307726666666666
   1524  5.292424666666666  2.5143853333333333
   1525  5.4238333333333335  2.5111193333333333
   1526  5.619475333333333  1.8202583333333333
   1527  5.685926666666667  1.9251306666666665
   1528  5.553506  1.9359830000000002
   1529  5.908340666666667  1.8160083333333332
   1530  5.830359333333334  1.9230056666666666
   1531  5.763908000000001  1.8181333333333332
   1532  6.054118  1.8211166666666667
   1533  6.121914  1.9332223333333334
   1534  6.043932666666667  2.0402196666666668
   1535  5.898155333333333  2.035111333333333
   1536  5.976136666666666  1.928114
   1537  6.186822666666667  1.808721
   1538  5.818460333333333  2.1838933333333332
   1539  5.8845426666666665  2.3377836666666667
   1540  5.8262599999999996  2.4571826666666667
   1541  5.701895  2.4226913333333333
   1542  5.760177666666666  2.3032923333333333
   1543  5.003259  2.754837
   1544  5.123289  2.5169443333333335
   1545  5.063274  2.6358906666666666
   1546  4.930557666666666  2.643192
   1547  4.857856333333333  2.531547
   1548  4.990572666666666  2.524245666666667
   1549  4.593086  2.770416
   1550  4.721132  2.53674
   1551  4.657108999999999  2.653578
   1552  4.524221333333333  2.6563646666666667
   1553  4.455356666666666  2.5423133333333334
   1554  4.588244333333333  2.5395266666666667
   1555  4.318807666666666  2.3195893333333335
   1556  4.251123333333333  2.2109166666666664
   1557  4.384104  2.203816666666667
   1558  3.9608  2.318182
   1559  4.244594666666666  2.3915686666666667
   1560  4.102697333333333  2.3548753333333337
   1561  4.035013  2.2462026666666666
   1562  4.109226  2.1742233333333334
   1563  4.176910333333333  2.282896
   1564  3.936743  2.166666666666667
   1565  3.912686  2.0151513333333333
   1566  3.9868989999999997  1.943172
   1567  4.085169  2.0227079999999997
   1568  4.010955999999999  2.0946873333333333
   1569  4.146014999999999  1.9042509999999997
   1570  5.341530333333333  2.7497190000000002
   1571  5.1723946666666665  2.752278
   1572  5.232409666666666  2.6333316666666664
   1573  4.8665346666666665  2.76003
   1574  4.729810333333333  2.765223
   1575  4.793833333333333  2.648385
   1576  4.066084  2.772727
   1577  4.417418666666666  2.7711863333333335
   1578  4.241751333333333  2.7719566666666666
   1579  4.172886666666667  2.6579053333333333
   1580  4.279689333333333  2.543083666666667
   1581  4.348554  2.6571350000000002
   1582  4.105129  0.03470046
   1583  4.240967666666667  0.2641104866666667
   1584  4.173048333333333  0.14940547333333334
   1585  4.238427333333333  0.033330523333333334
   1586  4.371725666666666  0.031960586666666665
   1587  4.306346666666667  0.14803553666666666
   1588  5.8477689999999996  -1.2861586666666667
   1589  4.7019633333333335  -1.573799
   1590  4.5339936666666665  -0.7647129666666667
   1591  4.589755333333334  -0.8615992333333333
   1592  4.667266  -0.7671678666666667
   1593  4.241643  -1.037868
   1594  4.399369  -0.7911738
   1595  4.320506  -0.9145209
   1596  4.376267666666666  -1.0114071666666666
   1597  4.5108923333333335  -0.9849463333333334
   1598  4.455130666666666  -0.8880600666666667
   1599  4.121323  -0.5948026
   1600  4.359262333333334  -0.6434853333333334
   1601  4.240292666666667  -0.6191439666666666
   1602  4.161429666666667  -0.7424910666666666
   1603  4.201536333333333  -0.8901795333333333
   1604  4.2803993333333334  -0.7668324333333333
   1605  4.350729  -1.152421
   1606  4.459815  -1.266974
   1607  4.594439666666667  -1.2405131666666667
   1608  4.619978333333333  -1.0994993333333334
   1609  4.485353666666667  -1.1259601666666665
   1610  4.758393333333333  -1.1233425
   1611  4.414066333333333  -0.5464219333333333
   1612  4.349900666666667  -0.42501716666666667
   1613  4.230931  -0.40067579999999997
   1614  4.176127  -0.49773919999999994
   1615  4.295096666666667  -0.5220805666666667
   1616  3.796959  -0.7727273
   1617  4.013201666666667  -0.6541108333333333
   1618  3.9050803333333337  -0.7134190666666667
   1619  3.945187  -0.8611075333333333
   1620  4.093415  -0.9494877666666667
   1621  4.053308333333334  -0.8017993
   1622  3.78149  -0.2272727
   1623  4.0080453333333335  -0.4722926333333333
   1624  3.8947676666666666  -0.3497826666666667
   1625  3.786646333333333  -0.40909090000000004
   1626  3.791802666666667  -0.5909091
   1627  3.899924  -0.5316008666666666
   1628  4.165331  -0.07807049333333332
   1629  4.2255329999999995  -0.19084144666666664
   1630  4.298629333333333  -0.07944043
   1631  3.997249333333333  -0.052623926666666654
   1632  3.8893696666666666  -0.1399483133333333
   1633  3.9495716666666665  -0.25271926666666666
   1634  4.117653333333333  -0.27816583333333333
   1635  4.057451333333334  -0.16539488
   1636  4.482942666666667  -0.4323012
   1637  4.241314666666667  -1.2284866666666667
   1638  4.240986333333333  -1.4191053333333332
   1639  4.350400666666666  -1.3430396666666666
   1640  5.754449666666667  3.134466
   1641  5.591388333333334  3.206622
   1642  5.455773333333333  3.101572
   1643  5.483219666666667  2.924366
   1644  5.618834666666667  3.029416
   1645  5.957302666666667  1.473109
   1646  5.657865666666667  -1.7423303333333333
   1647  5.4722653333333335  -1.7370916666666667
   1648  5.591779666666667  -1.85806
   1649  5.9673913333333335  -2.3292786666666667
   1650  5.806299666666667  -2.2120183333333334
   1651  5.683401333333333  -2.3203916666666666
   1652  5.721594666666667  -2.5460253333333336
   1653  5.844493  -2.437652
   1654  7.833337666666667  0.7962618
   1655  7.9504003333333335  0.9663128999999999
   1656  7.772619333333334  0.9191181666666667
   1657  5.679607  2.5423446666666667
   1658  6.1076413333333335  -2.3044843333333334
   1659  6.086799666666667  -2.1624296666666667
   1660  5.946549666666667  -2.187224
   1661  6.222238333333333  -2.1786323333333333
   1662  6.010347333333333  -2.9589653333333334
   1663  7.507807666666666  -0.5285082666666666
   1664  7.530073333333333  -0.6288964333333333
   1665  7.614930666666666  -0.5685659333333333
   1666  7.3977249999999986  -0.6407970999999999
   1667  5.073230333333333  -3.7589716666666666
   1668  5.112562666666666  -3.5425463333333336
   1669  4.982111666666667  -3.585744
   1670  4.740169333333333  0.8345217333333332
   1671  4.133549666666667  0.35860426666666667
   1672  3.9582123333333334  0.33839303333333337
   1673  3.8902930000000002  0.22368802
   1674  3.997711  0.12919424
   1675  4.065630333333334  0.24389925333333337
   1676  7.940478  -0.4715893333333333
   1677  8.074045  -0.39488556666666663
   1678  7.9034846666666665  -0.3362039333333333
   1679  7.921063  -0.6231045
   1680  8.035215  -0.6979159
   1681  8.168782  -0.6212121333333334
   1682  8.188196999999999  -0.46969696666666666
   1683  8.054630000000001  -0.5464007333333334
   1684  5.6905280000000005  3.295731333333334
   1685  4.075995666666667  0.4569379
   1686  4.062849333333333  -0.3752292333333333
   1687  5.589894999999999  -1.6243550000000002
   1688  6.459781666666667  2.6953266666666664
   1689  8.165145  0.6818182
   1690  7.982607666666667  0.4007712666666666
   1691  8.073876333333335  0.5412947333333333
   1692  8.015521666666668  0.6632823666666667
   1693  7.865898333333334  0.6447465333333333
   1694  7.924253  0.5227589
   1695  4.220339  3.211158
   1696  4.623021  3.218166
   1697  4.3559323333333335  3.449148666666667
   1698  4.288135666666666  3.3301533333333335
   1699  4.3545663333333335  3.2134940000000003
   1700  4.488793666666666  3.21583
   1701  4.556590333333333  3.3348253333333333
   1702  4.490159666666666  3.451484666666667
   1703  4.422363  3.3324893333333336
   1704  4.344588  3.064244
   1705  4.468837  2.91733
   1706  4.603064333333333  2.919666
   1707  4.613042666666666  3.068916
   1708  4.478815333333333  3.06658
   1709  4.736580333333333  3.3262916666666666
   1710  4.850139666666666  3.4344173333333337
   1711  4.670149666666666  3.4429510000000003
   1712  4.876513  2.9092800000000003
   1713  4.749766999999999  3.063723
   1714  4.739788666666667  2.9144729999999996
   1715  5.333592333333333  -3.5161983333333335
   1716  5.242743666666667  -3.4211596666666666
   1717  5.2034113333333325  -3.637585
   1718  5.379054  -3.396737
   1719  3.7824133333333334  0.13636363333333337
   1720  3.7819516666666666  -0.04545453333333327
   1721  3.8898313333333334  0.04186985333333334
   1722  7.904124  -0.7591031
   1723  5.9642376666666665  2.1890016666666665
   1724  5.607094  -2.825809
   1725  5.454400000000001  -2.879959
   1726  5.540773333333334  -2.986207
   1727  4.030989333333333  2.6212120000000003
   1728  3.9958946666666666  2.469697
   1729  4.137792  2.5063903333333335
   1730  8.132584333333334  0.8333334666666666
   1731  8.100023666666667  0.9848487333333333
   1732  7.982961  0.8147976333333333
   1733  8.213268  0.2272727
   1734  8.197227  0.37878786666666664
   1735  8.181186  0.5303030333333334
   1736  7.998648666666667  0.24925609999999998
   1737  8.105958333333334  0.2382644
   1738  8.089917333333334  0.38977956666666663
   1739  8.209497333333333  -0.13636363333333337
   1740  8.211382666666665  0.04545453333333327
   1741  8.104073  0.05644623333333332
   1742  4.064819333333333  1.428026
   1743  3.9479936666666666  1.3731039999999999
   1744  4.089688333333333  1.292474
   1745  3.8694753333333334  1.681818
   1746  3.8503216666666664  1.5
   1747  3.967147333333333  1.5549220000000001
   1748  3.8059723333333335  -0.9242425333333334
   1749  3.814985666666667  -1.0757577666666667
   1750  3.963213666666667  -1.1641380000000001
   1751  4.102428333333333  -1.101003
   1752  3.954200333333333  -1.0126227666666667
   1753  4.168920666666667  3.0650143333333335
   1754  4.117502333333333  2.918870666666667
   1755  4.2931696666666666  2.9181003333333337
   1756  6.677456666666667  -2.2034256666666665
   1757  5.286637666666667  3.104131
   1758  5.144948333333334  2.929484
   1759  5.314084  2.926925
   1760  5.619786  -2.6906683333333334
   1761  5.4797839999999995  -2.609677666666667
   1762  5.467092  -2.7448183333333334
   1763  4.1021  -1.2916216666666667
   1764  5.581592666666666  -2.4650346666666665
   1765  4.891456333333333  3.23837
   1766  5.159891666666667  3.258574
   1767  5.005015666666666  3.346495666666667
   1768  5.018202333333334  3.0839270000000005
  END_COORDINATES 
  BOUNDARIES, ELEMENT 
    1 1 2 4 5 1
    2 11 12 14 15 2
    3 21 22 24 25 3
    4 31 32 34 35 4
    5 53 54 56 57 7
    6 75 76 78 79 10
    7 32 85 86 87 11
    8 2 75 109 110 15
    9 76 11 143 144 23
    10 158 1 161 162 26
    11 85 158 175 176 29
    12 178 179 181 182 30
    13 22 53 188 189 31
    14 232 21 235 236 39
    15 179 232 252 253 42
    16 405 178 408 409 72
    17 54 502 503 504 90
    18 502 514 515 516 92
    19 596 31 599 600 107
    20 614 596 617 618 110
    21 629 614 632 633 113
    22 760 629 763 764 140
    23 835 760 838 839 154
    24 12 876 877 878 163
    25 876 888 889 890 165
    26 888 906 907 908 168
    27 906 924 925 926 171
    28 514 1268 1269 1270 248
    29 1268 1280 1281 1282 250
    30 1280 1286 1287 1288 251
    31 1471 1472 1475 1476 292
    32 1472 1494 1495 1496 296
    33 1558 1462 1564 1565 312
    34 1622 1616 1625 1626 327
    35 924 1262 1681 1682 347
    36 1286 1695 1697 1698 354
    37 1494 1622 1719 1720 360
    38 1576 1558 1727 1728 364
    39 1689 405 1730 1731 365
    40 1733 1689 1734 1735 366
    41 1262 1733 1739 1740 367
    42 1462 1471 1745 1746 369
    43 1616 835 1748 1749 370
    44 1695 1576 1753 1754 371
  END_BOUNDARIES 
  MATERIALS, NUMBER= 1, DEFAULT=1 
  END_MATERIALS 
  SUBDOMAINS 
  END_SUBDOMAINS 
  CHARACTERISTICS 
  END_CHARACTERISTICS 
