  NODES_PER_ELEMENT
   1 6
   2 6
   3 6
   4 6
   5 6
   6 6
   7 6
   8 6
   9 6
   10 6
   11 6
   12 6
   13 6
   14 6
   15 6
   16 6
   17 6
   18 6
   19 6
   20 6
   21 6
   22 6
   23 6
   24 6
   25 6
   26 6
   27 6
   28 6
   29 6
   30 6
   31 6
   32 6
   33 6
   34 6
   35 6
   36 6
   37 6
   38 6
   39 6
   40 6
   41 6
   42 6
   43 6
   44 6
   45 6
   46 6
   47 6
   48 6
   49 6
   50 6
   51 6
   52 6
   53 6
   54 6
   55 6
   56 6
   57 6
   58 6
   59 6
   60 6
   61 6
   62 6
   63 6
   64 6
   65 6
   66 6
   67 6
   68 6
   69 6
   70 6
   71 6
   72 6
   73 6
   74 6
   75 6
   76 6
   77 6
   78 6
   79 6
   80 6
   81 6
   82 6
   83 6
   84 6
   85 6
   86 6
   87 6
   88 6
   89 6
   90 6
   91 6
   92 6
   93 6
   94 6
   95 6
   96 6
   97 6
   98 6
   99 6
   100 6
   101 6
   102 6
   103 6
   104 6
   105 6
   106 6
   107 6
   108 6
   109 6
   110 6
   111 6
   112 6
   113 6
   114 6
   115 6
   116 6
   117 6
   118 6
   119 6
   120 6
   121 6
   122 6
   123 6
   124 6
   125 6
   126 6
   127 6
   128 6
   129 6
   130 6
   131 6
   132 6
   133 6
   134 6
   135 6
   136 6
   137 6
   138 6
   139 6
   140 6
   141 6
   142 6
   143 6
   144 6
   145 6
   146 6
   147 6
   148 6
   149 6
   150 6
   151 6
   152 6
   153 6
   154 6
   155 6
   156 6
   157 6
   158 6
   159 6
   160 6
   161 6
   162 6
   163 6
   164 6
   165 6
   166 6
   167 6
   168 6
   169 6
   170 6
   171 6
   172 6
   173 6
   174 6
   175 6
   176 6
   177 6
   178 6
   179 6
   180 6
   181 6
   182 6
   183 6
   184 6
   185 6
   186 6
   187 6
   188 6
   189 6
   190 6
   191 6
   192 6
   193 6
   194 6
   195 6
   196 6
   197 6
   198 6
   199 6
   200 6
   201 6
   202 6
   203 6
   204 6
   205 6
   206 6
   207 6
   208 6
   209 6
   210 6
   211 6
   212 6
   213 6
   214 6
   215 6
   216 6
   217 6
   218 6
   219 6
   220 6
   221 6
   222 6
   223 6
   224 6
   225 6
   226 6
   227 6
   228 6
   229 6
   230 6
   231 6
   232 6
   233 6
   234 6
   235 6
   236 6
   237 6
   238 6
   239 6
   240 6
   241 6
   242 6
   243 6
   244 6
   245 6
   246 6
   247 6
   248 6
   249 6
   250 6
   251 6
   252 6
   253 6
   254 6
   255 6
   256 6
   257 6
   258 6
   259 6
   260 6
   261 6
   262 6
   263 6
   264 6
   265 6
   266 6
   267 6
   268 6
   269 6
   270 6
   271 6
   272 6
   273 6
   274 6
   275 6
   276 6
   277 6
   278 6
   279 6
   280 6
   281 6
   282 6
   283 6
   284 6
   285 6
   286 6
   287 6
   288 6
   289 6
   290 6
   291 6
   292 6
   293 6
   294 6
   295 6
   296 6
   297 6
   298 6
   299 6
   300 6
   301 6
   302 6
   303 6
   304 6
   305 6
   306 6
   307 6
   308 6
   309 6
   310 6
   311 6
   312 6
   313 6
   314 6
   315 6
   316 6
   317 6
   318 6
   319 6
   320 6
   321 6
   322 6
   323 6
   324 6
   325 6
   326 6
   327 6
   328 6
   329 6
   330 6
   331 6
   332 6
   333 6
   334 6
   335 6
   336 6
   337 6
   338 6
   339 6
   340 6
   341 6
   342 6
   343 6
   344 6
   345 6
   346 6
   347 6
   348 6
   349 6
   350 6
   351 6
   352 6
   353 6
   354 6
   355 6
   356 6
   357 6
   358 6
   359 6
   360 6
   361 6
   362 6
   363 6
   364 6
   365 6
   366 6
   367 6
   368 6
   369 6
   370 6
   371 6
   372 6
   373 6
   374 6
   375 6
   376 6
   377 6
   378 6
   379 6
   380 6
   381 6
   382 6
   383 6
   384 6
   385 6
   386 6
   387 6
   388 6
   389 6
   390 6
   391 6
   392 6
   393 6
   394 6
   395 6
   396 6
   397 6
   398 6
   399 6
   400 6
   401 6
   402 6
   403 6
   404 6
   405 6
   406 6
   407 6
   408 6
   409 6
   410 6
   411 6
   412 6
   413 6
   414 6
   415 6
   416 6
   417 6
   418 6
   419 6
   420 6
   421 6
   422 6
   423 6
   424 6
   425 6
   426 6
   427 6
   428 6
   429 6
   430 6
   431 6
   432 6
   433 6
   434 6
   435 6
   436 6
   437 6
   438 6
   439 6
   440 6
   441 6
   442 6
   443 6
   444 6
   445 6
   446 6
   447 6
   448 6
   449 6
   450 6
   451 6
   452 6
   453 6
   454 6
   455 6
   456 6
   457 6
   458 6
   459 6
   460 6
   461 6
   462 6
   463 6
   464 6
   465 6
   466 6
   467 6
   468 6
   469 6
   470 6
   471 6
   472 6
   473 6
   474 6
   475 6
   476 6
   477 6
   478 6
   479 6
   480 6
   481 6
   482 6
   483 6
   484 6
   485 6
   486 6
  END_NODES_PER_ELEMENT
  ELEMENTS
  1 1022 1025 1006 1023 1016 1013  
  2 1006 1025 1027 1016 1026 1018  
  3 1022 1006 995 1013 999 1010  
  4 1009 996 977 1002 985 994  
  5 996 981 959 991 973 978  
  6 157 123 132 140 127 143  
  7 123 96 98 111 97 114  
  8 867 835 825 855 830 847  
  9 835 806 785 823 800 811  
  10 448 406 403 426 404 424  
  11 406 364 356 385 358 381  
  12 679 635 644 653 639 657  
  13 635 594 568 618 585 600  
  14 402 450 407 425 427 405  
  15 450 496 458 473 476 453  
  16 496 541 503 517 520 499  
  17 541 590 547 565 566 542  
  18 308 352 315 327 332 311  
  19 352 402 361 377 380 355  
  20 590 637 593 614 617 591  
  21 637 683 642 661 663 641  
  22 756 718 701 735 705 729  
  23 718 679 644 697 657 681  
  24 594 554 568 575 561 585  
  25 554 513 506 535 509 531  
  26 683 731 688 706 707 686  
  27 731 775 734 755 757 732  
  28 995 1006 972 999 990 982  
  29 1022 995 1000 1010 997 1012  
  30 1000 995 963 997 979 983  
  31 21 7 16 13 9 17  
  32 7 1 8 2 3 5  
  33 981 961 959 974 960 973  
  34 194 157 132 176 143 160  
  35 1027 1029 1005 1028 1019 1017  
  36 977 996 959 985 978 967  
  37 977 959 940 967 950 958  
  38 132 123 98 127 114 116  
  39 132 98 109 116 101 118  
  40 98 96 63 97 77 80  
  41 1009 977 998 994 988 1003  
  42 825 835 785 830 811 805  
  43 825 785 773 805 780 798  
  44 785 806 751 800 776 769  
  45 403 406 356 404 381 379  
  46 403 356 354 379 353 378  
  47 356 364 307 358 338 330  
  48 867 825 859 847 845 863  
  49 448 403 459 424 430 454  
  50 644 635 568 639 600 608  
  51 644 568 576 608 570 611  
  52 503 541 547 520 542 523  
  53 503 547 508 523 528 507  
  54 496 503 458 499 480 476  
  55 458 503 463 480 484 460  
  56 547 590 593 566 591 567  
  57 547 593 557 567 574 553  
  58 407 450 458 427 453 433  
  59 407 458 419 433 435 411  
  60 402 407 361 405 383 380  
  61 361 407 372 383 390 367  
  62 593 637 642 617 641 619  
  63 593 642 597 619 622 596  
  64 642 683 688 663 686 665  
  65 642 688 649 665 668 645  
  66 315 352 361 332 355 342  
  67 315 361 325 342 344 318  
  68 308 315 263 311 288 284  
  69 701 718 644 705 681 672  
  70 756 701 751 729 726 752  
  71 751 701 717 726 704 733  
  72 756 751 806 752 776 778  
  73 506 513 459 509 488 483  
  74 459 513 448 488 482 454  
  75 506 459 434 483 446 468  
  76 554 506 568 531 538 561  
  77 688 731 734 707 732 710  
  78 688 734 695 710 714 692  
  79 734 775 786 757 782 761  
  80 940 959 925 950 942 932  
  81 977 940 962 958 951 970  
  82 109 98 70 101 82 88  
  83 132 109 154 118 131 138  
  84 649 688 695 668 692 670  
  85 649 695 652 670 675 651  
  86 642 649 597 645 623 622  
  87 597 649 563 623 606 584  
  88 557 593 597 574 596 577  
  89 557 597 563 577 584 559  
  90 547 557 508 553 533 528  
  91 508 557 563 533 559 536  
  92 372 407 419 390 411 393  
  93 372 419 384 393 399 374  
  94 384 419 447 399 432 414  
  95 372 384 326 374 351 346  
  96 361 372 325 367 348 344  
  97 325 372 326 348 346 323  
  98 325 326 275 323 299 300  
  99 463 503 508 484 507 487  
  100 463 508 447 487 478 457  
  101 463 447 419 457 432 439  
  102 463 419 458 439 435 460  
  103 563 649 652 606 651 613  
  104 652 695 721 675 702 684  
  105 275 326 280 299 302 277  
  106 325 275 315 300 294 318  
  107 773 785 717 780 754 745  
  108 825 773 821 798 796 822  
  109 354 356 292 353 324 322  
  110 403 354 434 378 395 418  
  111 963 995 972 979 982 964  
  112 1000 963 976 983 969 989  
  113 576 568 524 570 546 548  
  114 644 576 627 611 599 636  
  115 695 734 746 714 738 723  
  116 972 1006 966 990 987 968  
  117 16 7 8 9 5 10  
  118 16 8 26 10 15 20  
  119 21 16 35 17 25 27  
  120 8 1 11 3 4 6  
  121 26 8 19 15 12 22  
  122 16 26 41 20 31 29  
  123 1005 1029 1008 1019 1020 1007  
  124 1027 1005 1006 1017 1004 1018  
  125 63 96 57 77 75 60  
  126 63 57 35 60 45 49  
  127 35 57 21 45 37 27  
  128 63 35 41 49 38 52  
  129 41 35 16 38 25 29  
  130 98 63 70 80 65 82  
  131 70 63 41 65 52 54  
  132 70 41 53 54 46 61  
  133 998 977 962 988 970 980  
  134 998 975 1008 984 993 1001  
  135 998 1008 1021 1001 1014 1011  
  136 1021 1008 1029 1014 1020 1024  
  137 998 1021 1009 1011 1015 1003  
  138 307 364 301 338 329 303  
  139 307 301 256 303 276 279  
  140 256 301 244 276 269 249  
  141 307 256 292 279 272 298  
  142 307 292 356 298 324 330  
  143 859 825 821 845 822 844  
  144 859 821 876 844 850 872  
  145 459 403 434 430 418 446  
  146 785 751 717 769 733 754  
  147 867 859 904 863 884 885  
  148 904 859 876 884 872 888  
  149 717 701 627 704 667 674  
  150 506 434 524 468 481 515  
  151 876 821 813 850 817 848  
  152 263 315 275 288 294 268  
  153 308 263 237 284 248 270  
  154 786 775 832 782 803 808  
  155 786 832 840 808 833 812  
  156 840 832 896 833 861 868  
  157 786 840 791 812 815 788  
  158 734 786 746 761 766 738  
  159 746 786 791 766 788 768  
  160 746 791 721 768 758 730  
  161 746 721 695 730 702 723  
  162 384 447 415 414 431 398  
  163 326 384 349 351 368 337  
  164 925 959 961 942 960 943  
  165 962 940 926 951 933 944  
  166 154 109 136 131 120 142  
  167 940 925 901 932 912 924  
  168 109 70 94 88 79 99  
  169 132 154 194 138 173 160  
  170 652 721 680 684 698 666  
  171 280 326 349 302 337 316  
  172 275 280 233 277 255 252  
  173 53 41 26 46 31 39  
  174 821 773 767 796 770 792  
  175 354 292 304 322 296 328  
  176 524 568 506 546 538 515  
  177 576 524 516 548 519 545  
  178 627 576 573 599 571 598  
  179 644 627 701 636 667 672  
  180 19 8 11 12 6 14  
  181 26 19 50 22 32 36  
  182 1005 1008 975 1007 993 992  
  183 791 840 846 815 843 819  
  184 813 821 767 817 792 790  
  185 813 767 762 790 764 787  
  186 762 767 716 764 742 741  
  187 813 762 816 787 789 814  
  188 876 813 858 848 837 866  
  189 415 447 489 431 465 452  
  190 926 940 901 933 924 911  
  191 901 925 882 912 906 893  
  192 349 384 415 368 398 382  
  193 136 109 94 120 99 115  
  194 962 926 975 944 948 965  
  195 962 975 998 965 984 980  
  196 154 136 179 142 158 166  
  197 680 721 740 698 728 708  
  198 652 680 616 666 650 633  
  199 233 280 247 255 264 238  
  200 275 233 229 252 230 251  
  201 767 773 709 770 743 737  
  202 304 292 257 296 273 278  
  203 354 304 366 328 339 357  
  204 976 963 931 969 946 954  
  205 627 573 638 598 607 632  
  206 813 816 858 814 839 837  
  207 858 816 882 839 852 875  
  208 858 882 905 875 897 883  
  209 905 882 925 897 906 916  
  210 858 905 876 883 889 866  
  211 576 516 573 545 543 571  
  212 762 716 715 741 713 739  
  213 516 524 466 519 494 492  
  214 716 767 709 742 737 711  
  215 716 709 654 711 682 685  
  216 654 709 638 682 676 648  
  217 716 654 659 685 656 689  
  218 816 762 777 789 772 799  
  219 50 19 43 32 30 44  
  220 26 50 53 36 51 39  
  221 1005 975 966 992 971 986  
  222 659 654 604 656 628 629  
  223 716 659 715 689 687 713  
  224 715 659 662 687 660 690  
  225 662 659 605 660 630 631  
  226 715 662 722 690 693 719  
  227 846 840 898 843 869 873  
  228 605 659 604 630 629 603  
  229 605 604 549 603 578 579  
  230 549 604 555 578 581 551  
  231 605 549 556 579 552 582  
  232 722 662 669 693 664 696  
  233 791 846 801 819 824 795  
  234 662 605 612 631 609 634  
  235 715 722 777 719 750 748  
  236 555 604 601 581 602 580  
  237 549 555 497 551 525 521  
  238 556 549 498 552 522 526  
  239 605 556 612 582 583 609  
  240 612 556 560 583 558 586  
  241 560 556 505 558 530 534  
  242 612 560 620 586 589 615  
  243 505 556 498 530 526 502  
  244 505 498 445 502 472 475  
  245 445 498 441 472 470 443  
  246 505 445 456 475 449 479  
  247 560 505 514 534 510 537  
  248 620 560 572 589 564 595  
  249 612 620 669 615 646 640  
  250 669 620 673 646 647 671  
  251 489 447 508 465 478 493  
  252 94 70 53 79 61 73  
  253 94 53 85 73 69 89  
  254 85 53 50 69 51 66  
  255 94 85 124 89 103 108  
  256 124 85 122 103 102 121  
  257 94 124 136 108 128 115  
  258 122 85 90 102 86 104  
  259 124 122 161 121 141 144  
  260 136 124 168 128 146 152  
  261 168 124 161 146 144 163  
  262 136 168 179 152 175 158  
  263 179 168 213 175 191 196  
  264 213 168 203 191 186 206  
  265 179 213 227 196 218 201  
  266 740 721 801 728 759 771  
  267 445 441 389 443 413 417  
  268 90 85 50 86 66 67  
  269 161 122 165 141 145 162  
  270 616 680 643 650 658 624  
  271 441 498 497 470 495 469  
  272 441 497 444 469 471 442  
  273 505 456 514 479 486 510  
  274 514 456 467 486 461 490  
  275 467 456 408 461 429 437  
  276 514 467 532 490 500 518  
  277 415 489 467 452 477 440  
  278 680 740 703 708 725 694  
  279 456 445 394 449 420 423  
  280 122 90 133 104 110 125  
  281 901 882 856 893 871 879  
  282 154 179 205 166 193 178  
  283 652 616 563 633 588 613  
  284 247 280 297 264 289 271  
  285 366 304 335 339 319 350  
  286 466 524 434 494 481 451  
  287 709 773 717 743 745 712  
  288 638 573 601 607 587 621  
  289 638 601 654 621 625 648  
  290 654 601 604 625 602 628  
  291 532 467 489 500 477 511  
  292 229 233 192 230 212 210  
  293 931 963 927 946 945 928  
  294 816 777 856 799 818 834  
  295 257 292 227 273 254 241  
  296 408 456 394 429 423 400  
  297 408 394 347 400 371 376  
  298 347 394 340 371 369 343  
  299 408 347 349 376 345 375  
  300 340 394 389 369 391 363  
  301 340 389 331 363 360 333  
  302 347 340 290 343 313 317  
  303 233 247 199 238 222 216  
  304 354 366 434 357 397 395  
  305 516 466 462 492 464 491  
  306 627 638 717 632 678 674  
  307 777 762 715 772 739 748  
  308 514 532 572 518 550 540  
  309 572 532 616 550 569 592  
  310 275 229 263 251 246 268  
  311 976 931 941 954 938 957  
  312 941 931 898 938 914 919  
  313 467 408 415 437 410 440  
  314 304 257 265 278 259 285  
  315 43 19 28 30 23 34  
  316 722 669 727 696 699 724  
  317 227 213 257 218 234 241  
  318 227 292 256 254 272 239  
  319 662 612 669 634 640 664  
  320 966 975 939 971 956 953  
  321 791 801 721 795 759 758  
  322 444 497 504 471 501 474  
  323 898 840 896 869 868 895  
  324 898 896 941 895 918 919  
  325 203 168 161 186 163 183  
  326 50 43 71 44 56 58  
  327 801 846 851 824 849 828  
  328 179 227 205 201 215 193  
  329 846 898 891 873 894 870  
  330 669 673 727 671 700 699  
  331 1005 966 1006 986 987 1004  
  332 972 966 936 968 952 955  
  333 936 966 939 952 953 937  
  334 972 936 927 955 930 949  
  335 673 620 643 647 626 655  
  336 673 643 703 655 677 691  
  337 673 703 727 691 720 700  
  338 441 444 388 442 416 412  
  339 213 203 265 206 232 236  
  340 620 572 643 595 610 626  
  341 297 280 349 289 316 321  
  342 290 340 283 313 310 286  
  343 394 445 389 420 417 391  
  344 192 233 199 212 216 195  
  345 28 19 11 23 14 18  
  346 498 549 497 522 521 495  
  347 856 882 816 871 852 834  
  348 462 466 409 464 438 436  
  349 161 165 202 162 184 182  
  350 229 192 190 210 189 209  
  351 497 555 504 525 529 501  
  352 133 90 105 110 95 117  
  353 199 247 228 222 235 214  
  354 335 304 265 319 285 295  
  355 71 43 76 56 59 72  
  356 560 514 572 537 540 564  
  357 265 257 213 259 234 236  
  358 616 643 572 624 610 592  
  359 931 927 891 928 909 910  
  360 555 601 573 580 587 562  
  361 247 297 290 271 293 267  
  362 290 297 347 293 320 317  
  363 347 297 349 320 321 345  
  364 643 680 703 658 694 677  
  365 331 389 388 360 387 359  
  366 388 389 441 387 413 412  
  367 331 388 341 359 362 334  
  368 341 388 396 362 392 370  
  369 331 341 282 334 309 305  
  370 396 388 444 392 416 421  
  371 396 444 462 421 455 428  
  372 341 396 335 370 365 336  
  373 282 341 291 309 314 287  
  374 331 282 283 305 281 306  
  375 331 283 340 306 310 333  
  376 43 28 55 34 40 48  
  377 901 856 878 879 864 887  
  378 516 462 504 491 485 512  
  379 703 740 763 725 753 736  
  380 927 963 972 945 964 949  
  381 122 133 165 125 147 145  
  382 366 335 409 350 373 386  
  383 50 71 90 58 78 67  
  384 90 71 105 78 87 95  
  385 105 71 76 87 72 91  
  386 154 205 194 178 197 173  
  387 190 192 148 189 171 169  
  388 282 291 243 287 266 261  
  389 878 856 826 864 841 853  
  390 148 192 155 171 174 151  
  391 190 148 153 169 149 172  
  392 243 291 265 266 274 250  
  393 826 856 777 841 818 802  
  394 155 192 199 174 195 177  
  395 153 148 113 149 129 134  
  396 113 148 105 129 126 106  
  397 153 92 135 119 112 137  
  398 891 898 931 894 914 910  
  399 409 466 434 438 451 422  
  400 199 228 170 214 198 185  
  401 170 208 165 188 187 167  
  402 199 170 155 185 159 177  
  403 878 826 854 853 836 860  
  404 854 826 794 836 807 827  
  405 878 854 903 860 880 890  
  406 794 826 765 807 793 781  
  407 854 794 829 827 810 842  
  408 878 903 926 890 915 902  
  409 794 765 727 781 749 760  
  410 727 765 722 749 744 724  
  411 722 765 777 744 774 750  
  412 829 794 763 810 779 797  
  413 903 854 881 880 865 892  
  414 881 854 829 865 842 857  
  415 903 881 936 892 908 920  
  416 881 829 851 857 838 862  
  417 765 826 777 793 802 774  
  418 939 975 926 956 948 929  
  419 133 105 155 117 130 139  
  420 55 28 42 40 33 47  
  421 763 740 801 753 771 783  
  422 851 846 891 849 870 874  
  423 202 165 208 184 187 204  
  424 208 170 228 188 198 219  
  425 208 228 283 219 253 245  
  426 202 208 242 204 225 221  
  427 242 208 283 225 245 260  
  428 242 283 282 260 281 262  
  429 242 282 243 262 261 240  
  430 242 243 202 240 220 221  
  431 202 243 203 220 223 200  
  432 203 243 265 223 250 232  
  433 190 153 180 172 164 181  
  434 229 190 263 209 226 246  
  435 901 878 926 887 902 911  
  436 444 504 462 474 485 455  
  437 462 409 396 436 401 428  
  438 76 43 55 59 48 64  
  439 148 155 105 151 130 126  
  440 801 851 809 828 831 804  
  441 809 851 829 831 838 820  
  442 809 829 763 820 797 784  
  443 809 763 801 784 783 804  
  444 290 283 228 286 253 258  
  445 228 247 290 235 267 258  
  446 703 763 727 736 747 720  
  447 161 202 203 182 200 183  
  448 291 341 335 314 336 312  
  449 291 335 265 312 295 274  
  450 205 227 256 215 239 231  
  451 76 55 92 64 74 81  
  452 92 55 83 74 68 84  
  453 76 92 113 81 100 93  
  454 113 92 153 100 119 134  
  455 76 113 105 93 106 91  
  456 851 891 900 874 899 877  
  457 900 891 927 899 909 913  
  458 900 927 936 913 930 917  
  459 851 900 881 877 886 862  
  460 165 133 170 147 150 167  
  461 170 133 155 150 139 159  
  462 717 638 709 678 676 712  
  463 504 555 573 529 562 539  
  464 92 83 135 84 107 112  
  465 926 903 939 915 923 929  
  466 939 903 936 923 920 937  
  467 42 28 11 33 18 24  
  468 905 925 961 916 943 934  
  469 396 409 335 401 373 365  
  470 256 244 205 249 224 231  
  471 366 409 434 386 422 397  
  472 237 263 190 248 226 211  
  473 573 516 504 543 512 539  
  474 180 153 135 164 137 156  
  475 55 42 83 47 62 68  
  476 349 415 408 382 410 375  
  477 961 935 905 947 922 934  
  478 244 194 205 217 197 224  
  479 532 489 563 511 527 544  
  480 794 727 763 760 747 779  
  481 935 904 876 921 888 907  
  482 876 905 935 889 922 907  
  483 180 237 190 207 211 181  
  484 563 616 532 588 569 544  
  485 900 936 881 917 908 886  
  486 508 563 489 536 527 493  
  END_ELEMENTS  
  COORDINATES  
   1   5.406780e+00  3.275178e+00   
   2   5.533898e+00  3.278627e+00   
   3   5.473862e+00  3.147046e+00   
   4   5.237288e+00  3.194371e+00   
   5   5.600980e+00  3.150495e+00   
   6   5.304370e+00  3.066239e+00   
   7   5.661017e+00  3.282075e+00   
   8   5.540943e+00  3.018915e+00   
   9   5.728099e+00  3.153943e+00   
   10   5.668062e+00  3.022363e+00   
   11   5.067797e+00  3.113563e+00   
   12   5.445622e+00  2.900845e+00   
   13   5.788136e+00  3.285523e+00   
   14   5.209048e+00  2.948169e+00   
   15   5.608025e+00  2.890783e+00   
   16   5.795181e+00  3.025811e+00   
   17   5.855217e+00  3.157391e+00   
   18   5.072916e+00  2.946522e+00   
   19   5.350300e+00  2.782775e+00   
   20   5.735144e+00  2.894231e+00   
   21   5.915254e+00  3.288971e+00   
   22   5.512704e+00  2.772713e+00   
   23   5.214168e+00  2.781128e+00   
   24   4.920876e+00  2.970923e+00   
   25   5.926595e+00  3.030072e+00   
   26   5.675107e+00  2.762651e+00   
   27   5.986632e+00  3.161652e+00   
   28   5.078036e+00  2.779481e+00   
   29   5.883345e+00  2.906097e+00   
   30   5.285201e+00  2.649036e+00   
   31   5.823308e+00  2.774517e+00   
   32   5.462976e+00  2.619893e+00   
   33   4.925996e+00  2.803882e+00   
   34   5.149069e+00  2.647389e+00   
   35   6.058010e+00  3.034332e+00   
   36   5.625380e+00  2.609831e+00   
   37   6.107968e+00  3.220243e+00   
   38   6.014760e+00  2.910358e+00   
   39   5.791699e+00  2.654927e+00   
   40   4.999142e+00  2.651910e+00   
   41   5.971510e+00  2.786383e+00   
   42   4.773956e+00  2.828283e+00   
   43   5.220102e+00  2.515298e+00   
   44   5.397877e+00  2.486154e+00   
   45   6.179346e+00  3.092924e+00   
   46   5.939901e+00  2.666793e+00   
   47   4.847102e+00  2.676311e+00   
   48   5.070175e+00  2.519819e+00   
   49   6.182716e+00  2.976656e+00   
   50   5.575653e+00  2.457011e+00   
   51   5.741972e+00  2.502107e+00   
   52   6.139466e+00  2.852681e+00   
   53   5.908291e+00  2.547203e+00   
   54   6.100823e+00  2.726998e+00   
   55   4.920249e+00  2.524340e+00   
   56   5.291324e+00  2.383308e+00   
   57   6.300682e+00  3.151515e+00   
   58   5.469099e+00  2.354165e+00   
   59   5.141391e+00  2.387615e+00   
   60   6.304052e+00  3.035247e+00   
   61   6.069214e+00  2.607408e+00   
   62   4.669787e+00  2.666667e+00   
   63   6.307423e+00  2.918980e+00   
   64   4.991464e+00  2.392135e+00   
   65   6.268780e+00  2.793296e+00   
   66   5.735957e+00  2.340667e+00   
   67   5.596308e+00  2.286260e+00   
   68   4.742933e+00  2.514695e+00   
   69   5.902277e+00  2.385763e+00   
   70   6.230137e+00  2.667612e+00   
   71   5.362546e+00  2.251318e+00   
   72   5.212613e+00  2.255625e+00   
   73   6.032605e+00  2.441354e+00   
   74   4.841490e+00  2.396631e+00   
   75   6.446951e+00  3.062340e+00   
   76   5.062680e+00  2.259931e+00   
   77   6.450322e+00  2.946073e+00   
   78   5.489754e+00  2.183414e+00   
   79   6.193528e+00  2.501559e+00   
   80   6.414277e+00  2.820307e+00   
   81   4.912706e+00  2.264427e+00   
   82   6.375634e+00  2.694623e+00   
   83   4.565617e+00  2.505051e+00   
   84   4.664175e+00  2.386986e+00   
   85   5.896262e+00  2.224323e+00   
   86   5.756612e+00  2.169916e+00   
   87   5.297738e+00  2.120529e+00   
   88   6.331590e+00  2.559879e+00   
   89   6.026590e+00  2.279914e+00   
   90   5.616962e+00  2.115510e+00   
   91   5.147805e+00  2.124835e+00   
   92   4.762732e+00  2.268922e+00   
   93   4.968445e+00  2.158610e+00   
   94   6.156918e+00  2.335506e+00   
   95   5.424946e+00  2.052624e+00   
   96   6.593220e+00  2.973166e+00   
   97   6.557176e+00  2.847400e+00   
   98   6.521131e+00  2.721635e+00   
   99   6.294980e+00  2.393826e+00   
   100   4.818471e+00  2.163105e+00   
   101   6.477087e+00  2.586891e+00   
   102   5.873828e+00  2.076522e+00   
   103   6.012393e+00  2.132631e+00   
   104   5.734178e+00  2.022115e+00   
   105   5.232929e+00  1.989739e+00   
   106   5.053570e+00  2.023514e+00   
   107   4.493400e+00  2.343434e+00   
   108   6.142721e+00  2.188222e+00   
   109   6.433042e+00  2.452147e+00   
   110   5.594620e+00  1.967215e+00   
   111   6.677966e+00  2.897658e+00   
   112   4.591957e+00  2.225370e+00   
   113   4.874210e+00  2.057289e+00   
   114   6.641921e+00  2.771892e+00   
   115   6.276718e+00  2.245447e+00   
   116   6.605877e+00  2.646127e+00   
   117   5.402604e+00  1.904329e+00   
   118   6.561832e+00  2.511383e+00   
   119   4.704591e+00  2.065476e+00   
   120   6.414780e+00  2.303768e+00   
   121   5.989959e+00  1.984830e+00   
   122   5.851394e+00  1.928721e+00   
   123   6.762712e+00  2.822150e+00   
   124   6.128524e+00  2.040939e+00   
   125   5.711836e+00  1.873820e+00   
   126   5.081179e+00  1.876077e+00   
   127   6.726667e+00  2.696385e+00   
   128   6.262521e+00  2.098164e+00   
   129   4.901819e+00  1.909852e+00   
   130   5.222666e+00  1.826264e+00   
   131   6.551719e+00  2.363746e+00   
   132   6.690622e+00  2.570619e+00   
   133   5.572278e+00  1.818920e+00   
   134   4.760330e+00  1.959660e+00   
   135   4.421183e+00  2.181818e+00   
   136   6.396518e+00  2.155389e+00   
   137   4.533817e+00  2.021924e+00   
   138   6.680510e+00  2.422982e+00   
   139   5.392340e+00  1.740855e+00   
   140   6.847458e+00  2.746643e+00   
   141   5.969433e+00  1.836368e+00   
   142   6.533457e+00  2.215367e+00   
   143   6.811413e+00  2.620877e+00   
   144   6.107998e+00  1.892477e+00   
   145   5.830367e+00  1.780234e+00   
   146   6.246542e+00  1.950086e+00   
   147   5.690809e+00  1.725333e+00   
   148   4.929428e+00  1.762415e+00   
   149   4.787940e+00  1.812222e+00   
   150   5.535374e+00  1.689080e+00   
   151   5.070915e+00  1.712602e+00   
   152   6.380539e+00  2.007311e+00   
   153   4.646451e+00  1.862030e+00   
   154   6.670397e+00  2.275345e+00   
   155   5.212402e+00  1.662789e+00   
   156   4.367588e+00  2.020202e+00   
   157   6.932203e+00  2.671135e+00   
   158   6.517104e+00  2.066387e+00   
   159   5.355436e+00  1.611014e+00   
   160   6.896159e+00  2.522666e+00   
   161   6.087472e+00  1.744016e+00   
   162   5.948405e+00  1.687881e+00   
   163   6.226016e+00  1.801624e+00   
   164   4.480222e+00  1.860308e+00   
   165   5.809339e+00  1.631747e+00   
   166   6.654043e+00  2.126365e+00   
   167   5.653904e+00  1.595493e+00   
   168   6.364560e+00  1.859233e+00   
   169   4.815551e+00  1.664786e+00   
   170   5.498469e+00  1.559239e+00   
   171   4.957032e+00  1.614978e+00   
   172   4.674062e+00  1.714594e+00   
   173   6.886046e+00  2.375029e+00   
   174   5.098519e+00  1.565166e+00   
   175   6.501125e+00  1.918309e+00   
   176   7.016949e+00  2.572924e+00   
   177   5.240695e+00  1.514402e+00   
   178   6.816474e+00  2.183931e+00   
   179   6.637690e+00  1.977385e+00   
   180   4.313993e+00  1.858586e+00   
   181   4.507833e+00  1.712872e+00   
   182   6.066563e+00  1.595488e+00   
   183   6.208117e+00  1.652772e+00   
   184   5.927496e+00  1.539354e+00   
   185   5.383728e+00  1.462627e+00   
   186   6.346661e+00  1.710380e+00   
   187   5.788399e+00  1.483218e+00   
   188   5.632964e+00  1.446964e+00   
   189   4.843154e+00  1.517350e+00   
   190   4.701673e+00  1.567158e+00   
   191   6.484418e+00  1.769545e+00   
   192   4.984635e+00  1.467542e+00   
   193   6.800121e+00  2.034951e+00   
   194   7.101695e+00  2.474714e+00   
   195   5.126811e+00  1.416778e+00   
   196   6.620984e+00  1.828621e+00   
   197   7.032124e+00  2.283615e+00   
   198   5.529313e+00  1.367303e+00   
   199   5.268987e+00  1.366014e+00   
   200   6.187208e+00  1.504244e+00   
   201   6.758429e+00  1.888506e+00   
   202   6.045654e+00  1.446961e+00   
   203   6.328762e+00  1.561528e+00   
   204   5.906556e+00  1.390825e+00   
   205   6.962552e+00  2.092516e+00   
   206   6.466519e+00  1.620692e+00   
   207   4.267166e+00  1.667514e+00   
   208   5.767459e+00  1.334688e+00   
   209   4.729304e+00  1.419732e+00   
   210   4.870785e+00  1.369924e+00   
   211   4.461006e+00  1.521799e+00   
   212   5.012148e+00  1.320117e+00   
   213   6.604277e+00  1.679856e+00   
   214   5.414572e+00  1.270691e+00   
   215   6.920860e+00  1.946071e+00   
   216   5.154324e+00  1.269353e+00   
   217   7.204584e+00  2.328266e+00   
   218   6.741722e+00  1.739741e+00   
   219   5.663808e+00  1.255028e+00   
   220   6.155277e+00  1.358009e+00   
   221   6.038999e+00  1.316456e+00   
   222   5.295265e+00  1.218364e+00   
   223   6.296831e+00  1.415293e+00   
   224   7.135013e+00  2.137167e+00   
   225   5.899902e+00  1.260320e+00   
   226   4.552860e+00  1.382949e+00   
   227   6.879168e+00  1.799626e+00   
   228   5.560157e+00  1.175367e+00   
   229   4.756935e+00  1.272307e+00   
   230   4.898298e+00  1.222499e+00   
   231   7.070721e+00  1.969364e+00   
   232   6.490503e+00  1.442086e+00   
   233   5.039661e+00  1.172692e+00   
   234   6.737116e+00  1.604411e+00   
   235   5.440850e+00  1.123041e+00   
   236   6.628260e+00  1.501250e+00   
   237   4.220339e+00  1.476441e+00   
   238   5.180601e+00  1.121703e+00   
   239   7.029029e+00  1.822918e+00   
   240   6.148623e+00  1.227505e+00   
   241   6.874561e+00  1.664295e+00   
   242   6.032345e+00  1.185952e+00   
   243   6.264901e+00  1.269058e+00   
   244   7.307473e+00  2.181818e+00   
   245   5.832294e+00  1.117137e+00   
   246   4.580491e+00  1.235524e+00   
   247   5.321542e+00  1.070714e+00   
   248   4.312193e+00  1.337591e+00   
   249   7.243182e+00  2.014014e+00   
   250   6.458572e+00  1.295851e+00   
   251   4.747924e+00  1.127534e+00   
   252   4.889286e+00  1.077726e+00   
   253   5.728643e+00  1.037477e+00   
   254   7.004403e+00  1.654947e+00   
   255   5.065707e+00  1.025456e+00   
   256   7.178890e+00  1.846211e+00   
   257   6.869955e+00  1.528965e+00   
   258   5.583757e+00  9.986649e-01   
   259   6.761099e+00  1.425805e+00   
   260   5.964737e+00  1.042769e+00   
   261   6.225741e+00  1.124261e+00   
   262   6.109464e+00  1.082708e+00   
   263   4.404047e+00  1.198741e+00   
   264   5.206648e+00  9.744674e-01   
   265   6.652244e+00  1.322645e+00   
   266   6.370714e+00  1.162742e+00   
   267   5.464450e+00  9.463383e-01   
   268   4.571480e+00  1.090751e+00   
   269   7.398265e+00  2.020202e+00   
   270   4.184477e+00  1.263473e+00   
   271   5.328025e+00  9.214379e-01   
   272   7.154263e+00  1.678239e+00   
   273   6.999796e+00  1.519616e+00   
   274   6.564385e+00  1.189535e+00   
   275   4.738912e+00  9.827608e-01   
   276   7.333973e+00  1.852398e+00   
   277   4.915333e+00  9.304908e-01   
   278   6.904894e+00  1.383207e+00   
   279   7.267297e+00  1.737580e+00   
   280   5.091753e+00  8.782207e-01   
   281   6.041855e+00  9.395255e-01   
   282   6.186582e+00  9.794650e-01   
   283   5.897129e+00  8.995861e-01   
   284   4.276331e+00  1.124623e+00   
   285   6.796038e+00  1.280047e+00   
   286   5.752243e+00  8.607743e-01   
   287   6.331555e+00  1.017946e+00   
   288   4.396088e+00  1.051291e+00   
   289   5.213130e+00  8.251912e-01   
   290   5.607357e+00  8.219624e-01   
   291   6.476527e+00  1.056426e+00   
   292   7.129637e+00  1.510267e+00   
   293   5.470932e+00  7.970621e-01   
   294   4.563520e+00  9.433012e-01   
   295   6.684079e+00  1.126786e+00   
   296   7.034735e+00  1.373858e+00   
   297   5.334508e+00  7.721618e-01   
   298   7.242671e+00  1.569608e+00   
   299   4.798204e+00  8.398932e-01   
   300   4.686639e+00  8.696296e-01   
   301   7.489057e+00  1.858586e+00   
   302   4.974625e+00  7.876231e-01   
   303   7.422381e+00  1.743768e+00   
   304   6.939833e+00  1.237449e+00   
   305   6.147517e+00  8.346730e-01   
   306   6.002790e+00  7.947335e-01   
   307   7.355704e+00  1.628950e+00   
   308   4.148615e+00  1.050505e+00   
   309   6.292368e+00  8.731626e-01   
   310   5.858278e+00  7.547110e-01   
   311   4.268372e+00  9.771733e-01   
   312   6.596221e+00  9.936770e-01   
   313   5.713392e+00  7.158992e-01   
   314   6.437340e+00  9.116432e-01   
   315   4.388128e+00  9.038415e-01   
   316   5.134334e+00  7.062987e-01   
   317   5.568602e+00  6.770805e-01   
   318   4.511247e+00  8.301699e-01   
   319   6.827874e+00  1.084188e+00   
   320   5.432177e+00  6.521802e-01   
   321   5.255712e+00  6.532693e-01   
   322   7.176632e+00  1.331914e+00   
   323   4.745931e+00  7.267619e-01   
   324   7.283686e+00  1.428934e+00   
   325   4.634365e+00  7.564983e-01   
   326   4.857497e+00  6.970255e-01   
   327   4.136362e+00  9.292929e-01   
   328   7.081730e+00  1.195504e+00   
   329   7.561238e+00  1.696970e+00   
   330   7.396720e+00  1.488276e+00   
   331   6.108451e+00  6.898810e-01   
   332   4.256118e+00  8.559612e-01   
   333   5.963939e+00  6.498585e-01   
   334   6.253302e+00  7.283706e-01   
   335   6.715915e+00  9.309277e-01   
   336   6.557034e+00  8.488939e-01   
   337   5.017206e+00  6.157011e-01   
   338   7.494562e+00  1.582152e+00   
   339   6.975923e+00  1.091971e+00   
   340   5.819427e+00  6.098360e-01   
   341   6.398154e+00  7.668601e-01   
   342   4.375875e+00  7.826294e-01   
   343   5.674637e+00  5.710173e-01   
   344   4.498993e+00  7.089578e-01   
   345   5.353382e+00  5.332876e-01   
   346   4.735851e+00  6.128102e-01   
   347   5.529847e+00  5.321986e-01   
   348   4.624285e+00  6.425466e-01   
   349   5.176916e+00  5.343767e-01   
   350   6.863964e+00  9.387108e-01   
   351   4.862371e+00  5.491536e-01   
   352   4.124108e+00  8.080808e-01   
   353   7.330681e+00  1.250581e+00   
   354   7.223627e+00  1.153560e+00   
   355   4.243865e+00  7.347491e-01   
   356   7.437735e+00  1.347602e+00   
   357   7.117820e+00  1.050027e+00   
   358   7.535577e+00  1.441478e+00   
   359   6.213801e+00  5.837918e-01   
   360   6.070694e+00  5.447603e-01   
   361   4.363622e+00  6.614173e-01   
   362   6.358652e+00  6.222813e-01   
   363   5.926182e+00  5.047378e-01   
   364   7.633419e+00  1.535354e+00   
   365   6.662594e+00  7.423674e-01   
   366   7.012013e+00  9.464938e-01   
   367   4.488914e+00  5.950061e-01   
   368   5.022081e+00  4.678292e-01   
   369   5.780325e+00  4.651224e-01   
   370   6.503714e+00  6.603336e-01   
   371   5.635536e+00  4.263037e-01   
   372   4.614206e+00  5.285949e-01   
   373   6.819636e+00  7.818704e-01   
   374   4.740725e+00  4.649383e-01   
   375   5.315823e+00  3.884668e-01   
   376   5.492288e+00  3.873777e-01   
   377   4.111855e+00  6.868687e-01   
   378   7.367241e+00  1.138768e+00   
   379   7.474296e+00  1.235788e+00   
   380   4.231611e+00  6.135369e-01   
   381   7.572138e+00  1.329664e+00   
   382   5.139874e+00  3.757844e-01   
   383   4.355124e+00  5.480068e-01   
   384   4.867245e+00  4.012817e-01   
   385   7.669980e+00  1.423540e+00   
   386   6.967685e+00  7.896535e-01   
   387   6.176044e+00  4.386711e-01   
   388   6.319151e+00  4.777025e-01   
   389   6.032937e+00  3.996396e-01   
   390   4.480416e+00  4.815956e-01   
   391   5.887081e+00  3.600242e-01   
   392   6.464213e+00  5.157548e-01   
   393   4.607850e+00  4.159121e-01   
   394   5.741224e+00  3.204088e-01   
   395   7.267655e+00  9.545673e-01   
   396   6.609274e+00  5.538071e-01   
   397   7.161849e+00  8.510341e-01   
   398   4.985038e+00  3.092369e-01   
   399   4.734370e+00  3.522555e-01   
   400   5.597977e+00  2.814828e-01   
   401   6.766316e+00  5.933101e-01   
   402   4.099601e+00  5.656566e-01   
   403   7.510856e+00  1.123975e+00   
   404   7.608698e+00  1.217851e+00   
   405   4.223114e+00  5.001265e-01   
   406   7.706540e+00  1.311727e+00   
   407   4.346627e+00  4.345963e-01   
   408   5.454729e+00  2.425568e-01   
   409   6.923357e+00  6.328131e-01   
   410   5.278780e+00  2.298744e-01   
   411   4.474061e+00  3.689128e-01   
   412   6.281880e+00  3.324246e-01   
   413   6.138773e+00  2.933932e-01   
   414   4.845774e+00  2.548957e-01   
   415   5.102832e+00  2.171920e-01   
   416   6.426288e+00  3.727429e-01   
   417   5.993961e+00  2.548285e-01   
   418   7.411270e+00  9.397748e-01   
   419   4.601495e+00  3.032294e-01   
   420   5.848104e+00  2.152131e-01   
   421   6.571350e+00  4.107953e-01   
   422   7.117520e+00  6.941938e-01   
   423   5.703680e+00  1.752197e-01   
   424   7.645259e+00  1.106038e+00   
   425   4.094860e+00  4.444444e-01   
   426   7.743101e+00  1.199914e+00   
   427   4.218373e+00  3.789143e-01   
   428   6.755611e+00  4.436989e-01   
   429   5.560432e+00  1.362937e-01   
   430   7.560873e+00  9.862445e-01   
   431   4.963567e+00  1.628509e-01   
   432   4.712899e+00  2.058696e-01   
   433   4.341885e+00  3.133842e-01   
   434   7.311684e+00  7.555744e-01   
   435   4.469319e+00  2.477007e-01   
   436   6.912652e+00  4.832019e-01   
   437   5.415945e+00  9.777847e-02   
   438   7.047559e+00  5.487188e-01   
   439   4.598621e+00  1.894230e-01   
   440   5.239997e+00  8.509605e-02   
   441   6.244608e+00  1.871467e-01   
   442   6.389017e+00  2.274650e-01   
   443   6.099796e+00  1.485820e-01   
   444   6.533425e+00  2.677834e-01   
   445   5.954984e+00  1.100174e-01   
   446   7.461287e+00  8.020441e-01   
   447   4.824303e+00  1.085097e-01   
   448   7.779661e+00  1.088101e+00   
   449   5.810560e+00  7.002396e-02   
   450   4.090119e+00  3.232323e-01   
   451   7.241723e+00  6.100995e-01   
   452   5.063026e+00  5.155421e-02   
   453   4.213631e+00  2.577022e-01   
   454   7.695275e+00  9.683073e-01   
   455   6.717686e+00  3.006870e-01   
   456   5.666135e+00  3.003054e-02   
   457   4.710025e+00  9.206325e-02   
   458   4.337144e+00  1.921721e-01   
   459   7.610890e+00  8.485137e-01   
   460   4.466445e+00  1.338944e-01   
   461   5.521648e+00 -8.484682e-03   
   462   6.901948e+00  3.335907e-01   
   463   4.595747e+00  7.561674e-02   
   464   7.036855e+00  3.991076e-01   
   465   4.923762e+00 -2.786909e-03   
   466   7.171762e+00  4.646245e-01   
   467   5.377161e+00 -4.699990e-02   
   468   7.464625e+00  6.663276e-01   
   469   6.351498e+00  8.230419e-02   
   470   6.205129e+00  4.258104e-02   
   471   6.495906e+00  1.226225e-01   
   472   6.060317e+00  4.016389e-03   
   473   4.085377e+00  2.020202e-01   
   474   6.640436e+00  1.626958e-01   
   475   5.917749e+00 -3.470591e-02   
   476   4.208890e+00  1.364901e-01   
   477   5.200191e+00 -8.054173e-02   
   478   4.742796e+00 -2.151615e-02   
   479   5.773324e+00 -7.469933e-02   
   480   4.335953e+00  7.833452e-02   
   481   7.365679e+00  5.258123e-01   
   482   7.817521e+00  9.076868e-01   
   483   7.614228e+00  7.127972e-01   
   484   4.465254e+00  2.005684e-02   
   485   6.824698e+00  1.955995e-01   
   486   5.628393e+00 -1.132005e-01   
   487   4.628517e+00 -3.796266e-02   
   488   7.733136e+00  7.878932e-01   
   489   5.023221e+00 -1.140836e-01   
   490   5.483906e+00 -1.517157e-01   
   491   7.026190e+00  2.495892e-01   
   492   7.161097e+00  3.151061e-01   
   493   4.842255e+00 -1.328128e-01   
   494   7.295718e+00  3.803374e-01   
   495   6.312019e+00 -6.226146e-02   
   496   4.080636e+00  8.080808e-02   
   497   6.458387e+00 -2.253832e-02   
   498   6.165650e+00 -1.019846e-01   
   499   4.207699e+00  2.265251e-02   
   500   5.339564e+00 -1.920909e-01   
   501   6.602917e+00  1.753493e-02   
   502   6.023082e+00 -1.407069e-01   
   503   4.334762e+00 -3.550307e-02   
   504   6.747448e+00  5.760817e-02   
   505   5.880513e+00 -1.794292e-01   
   506   7.617567e+00  5.770807e-01   
   507   4.498025e+00 -9.352256e-02   
   508   4.661288e+00 -1.515421e-01   
   509   7.736474e+00  6.521767e-01   
   510   5.735582e+00 -2.179304e-01   
   511   5.162594e+00 -2.256327e-01   
   512   6.948940e+00  1.115979e-01   
   513   7.855381e+00  7.272727e-01   
   514   5.590651e+00 -2.564315e-01   
   515   7.518621e+00  4.365655e-01   
   516   7.150432e+00  1.655877e-01   
   517   4.082996e+00 -4.040404e-02   
   518   5.446309e+00 -2.968067e-01   
   519   7.285053e+00  2.308190e-01   
   520   4.210059e+00 -9.855962e-02   
   521   6.419085e+00 -1.672451e-01   
   522   6.272716e+00 -2.069682e-01   
   523   4.337122e+00 -1.567152e-01   
   524   7.419674e+00  2.960503e-01   
   525   6.563931e+00 -1.290529e-01   
   526   6.128436e+00 -2.472423e-01   
   527   4.947499e+00 -2.942815e-01   
   528   4.500385e+00 -2.147347e-01   
   529   6.708461e+00 -8.897961e-02   
   530   5.985867e+00 -2.859646e-01   
   531   7.750426e+00  5.309646e-01   
   532   5.301966e+00 -3.371818e-01   
   533   4.633113e+00 -2.646848e-01   
   534   5.841495e+00 -3.240902e-01   
   535   7.869334e+00  6.060606e-01   
   536   4.766532e+00 -3.130107e-01   
   537   5.696564e+00 -3.625913e-01   
   538   7.651780e+00  3.941969e-01   
   539   6.905024e+00 -5.850947e-02   
   540   5.552102e+00 -4.028177e-01   
   541   4.085355e+00 -1.616162e-01   
   542   4.212418e+00 -2.197717e-01   
   543   7.106517e+00 -4.519726e-03   
   544   5.086871e+00 -4.058306e-01   
   545   7.275024e+00  8.279383e-02   
   546   7.552833e+00  2.536817e-01   
   547   4.339481e+00 -2.779273e-01   
   548   7.409645e+00  1.480251e-01   
   549   6.379782e+00 -3.119519e-01   
   550   5.407759e+00 -4.431928e-01   
   551   6.524628e+00 -2.737596e-01   
   552   6.235502e+00 -3.522260e-01   
   553   4.472210e+00 -3.278774e-01   
   554   7.883286e+00  4.848485e-01   
   555   6.669474e+00 -2.355674e-01   
   556   6.091221e+00 -3.925001e-01   
   557   4.604938e+00 -3.778275e-01   
   558   5.946849e+00 -4.306256e-01   
   559   4.738357e+00 -4.261535e-01   
   560   5.802476e+00 -4.687511e-01   
   561   7.784639e+00  3.480808e-01   
   562   6.866038e+00 -2.050972e-01   
   563   4.871776e+00 -4.744794e-01   
   564   5.658014e+00 -5.089775e-01   
   565   4.087715e+00 -2.828283e-01   
   566   4.214778e+00 -3.409839e-01   
   567   4.345493e+00 -3.915539e-01   
   568   7.685993e+00  2.113131e-01   
   569   5.233947e+00 -5.403235e-01   
   570   7.542804e+00  1.056565e-01   
   571   7.231109e+00 -8.731355e-02   
   572   5.513553e+00 -5.492039e-01   
   573   7.062601e+00 -1.746271e-01   
   574   4.478221e+00 -4.415040e-01   
   575   7.897238e+00  3.636364e-01   
   576   7.399616e+00  6.661338e-16   
   577   4.586622e+00 -4.823115e-01   
   578   6.484599e+00 -4.181084e-01   
   579   6.343014e+00 -4.565332e-01   
   580   6.765743e+00 -3.280591e-01   
   581   6.629444e+00 -3.799161e-01   
   582   6.198734e+00 -4.968073e-01   
   583   6.053718e+00 -5.349132e-01   
   584   4.720041e+00 -5.306374e-01   
   585   7.798591e+00  2.268687e-01   
   586   5.909346e+00 -5.730387e-01   
   587   6.962306e+00 -2.975890e-01   
   588   5.018852e+00 -6.089723e-01   
   589   5.765185e+00 -6.138670e-01   
   590   4.090074e+00 -4.040404e-01   
   591   4.220789e+00 -4.546104e-01   
   592   5.339740e+00 -6.463345e-01   
   593   4.351505e+00 -5.051804e-01   
   594   7.911190e+00  2.424242e-01   
   595   5.620723e+00 -6.540934e-01   
   596   4.459905e+00 -5.459880e-01   
   597   4.568305e+00 -5.867955e-01   
   598   7.241138e+00 -2.353387e-01   
   599   7.409645e+00 -1.480251e-01   
   600   7.798591e+00  1.056565e-01   
   601   6.862012e+00 -4.205508e-01   
   602   6.725713e+00 -4.724079e-01   
   603   6.447831e+00 -5.626897e-01   
   604   6.589415e+00 -5.242649e-01   
   605   6.306246e+00 -6.011145e-01   
   606   4.757126e+00 -6.516823e-01   
   607   7.117181e+00 -3.196258e-01   
   608   7.687890e+00  6.435783e-03   
   609   6.161231e+00 -6.392204e-01   
   610   5.473520e+00 -7.141121e-01   
   611   7.544702e+00 -9.922076e-02   
   612   6.016215e+00 -6.773262e-01   
   613   4.893543e+00 -6.911989e-01   
   614   4.099738e+00 -5.252525e-01   
   615   5.872054e+00 -7.181546e-01   
   616   5.165928e+00 -7.434652e-01   
   617   4.230453e+00 -5.758225e-01   
   618   7.911190e+00  1.212121e-01   
   619   4.361168e+00 -6.263926e-01   
   620   5.727894e+00 -7.589829e-01   
   621   7.016887e+00 -4.425877e-01   
   622   4.469569e+00 -6.672001e-01   
   623   4.605391e+00 -7.078404e-01   
   624   5.299708e+00 -8.112428e-01   
   625   6.839409e+00 -5.621105e-01   
   626   5.580691e+00 -8.190016e-01   
   627   7.419674e+00 -2.960503e-01   
   628   6.703111e+00 -6.139675e-01   
   629   6.552675e+00 -6.696182e-01   
   630   6.411091e+00 -7.080430e-01   
   631   6.266890e+00 -7.456043e-01   
   632   7.295718e+00 -3.803374e-01   
   633   5.040619e+00 -8.256918e-01   
   634   6.121875e+00 -7.837101e-01   
   635   7.911190e+00  8.881784e-16   
   636   7.554731e+00 -2.472459e-01   
   637   4.109402e+00 -6.464646e-01   
   638   7.171762e+00 -4.646245e-01   
   639   7.800489e+00 -9.922076e-02   
   640   5.977548e+00 -8.243456e-01   
   641   4.240117e+00 -6.970347e-01   
   642   4.370832e+00 -7.476047e-01   
   643   5.433488e+00 -8.790204e-01   
   644   7.689788e+00 -1.984415e-01   
   645   4.506654e+00 -7.882450e-01   
   646   5.833387e+00 -8.651739e-01   
   647   5.705360e+00 -8.847053e-01   
   648   6.994284e+00 -5.841473e-01   
   649   4.642476e+00 -8.288853e-01   
   650   5.174063e+00 -8.931229e-01   
   651   4.778893e+00 -8.684018e-01   
   652   4.915309e+00 -9.079184e-01   
   653   7.911190e+00 -1.212121e-01   
   654   6.816806e+00 -7.036702e-01   
   655   5.558157e+00 -9.447240e-01   
   656   6.666371e+00 -7.593208e-01   
   657   7.800489e+00 -2.204329e-01   
   658   5.307843e+00 -9.609005e-01   
   659   6.515936e+00 -8.149715e-01   
   660   6.371735e+00 -8.525328e-01   
   661   4.119065e+00 -7.676768e-01   
   662   6.227535e+00 -8.900941e-01   
   663   4.249780e+00 -8.182468e-01   
   664   6.083208e+00 -9.307295e-01   
   665   4.384579e+00 -8.603351e-01   
   666   5.048754e+00 -9.753495e-01   
   667   7.528685e+00 -4.253783e-01   
   668   4.520401e+00 -9.009754e-01   
   669   5.938881e+00 -9.713649e-01   
   670   4.657837e+00 -9.426757e-01   
   671   5.810854e+00 -9.908963e-01   
   672   7.663742e+00 -3.765740e-01   
   673   5.682827e+00 -1.010428e+00   
   674   7.393417e+00 -5.345810e-01   
   675   4.794254e+00 -9.821922e-01   
   676   7.107116e+00 -6.786641e-01   
   677   5.441042e+00 -1.029814e+00   
   678   7.269461e+00 -6.188681e-01   
   679   7.911190e+00 -2.424242e-01   
   680   5.182199e+00 -1.042781e+00   
   681   7.786537e+00 -3.416450e-01   
   682   6.929638e+00 -7.981869e-01   
   683   4.128729e+00 -8.888889e-01   
   684   4.922717e+00 -1.055779e+00   
   685   6.774356e+00 -8.629965e-01   
   686   4.263527e+00 -9.309772e-01   
   687   6.478797e+00 -9.561781e-01   
   688   4.398326e+00 -9.730654e-01   
   689   6.623921e+00 -9.186472e-01   
   690   6.334597e+00 -9.937393e-01   
   691   5.565711e+00 -1.095517e+00   
   692   4.535762e+00 -1.014766e+00   
   693   6.190711e+00 -1.035250e+00   
   694   5.315397e+00 -1.111694e+00   
   695   4.673198e+00 -1.056466e+00   
   696   6.046384e+00 -1.075885e+00   
   697   7.897238e+00 -3.636364e-01   
   698   5.056161e+00 -1.123211e+00   
   699   5.902078e+00 -1.116764e+00   
   700   5.774051e+00 -1.136296e+00   
   701   7.637696e+00 -5.547064e-01   
   702   4.801661e+00 -1.130053e+00   
   703   5.448596e+00 -1.180607e+00   
   704   7.502428e+00 -6.639091e-01   
   705   7.760491e+00 -5.197774e-01   
   706   4.146559e+00 -1.010101e+00   
   707   4.281358e+00 -1.052189e+00   
   708   5.189061e+00 -1.192502e+00   
   709   7.042470e+00 -8.927036e-01   
   710   4.416157e+00 -1.094278e+00   
   711   6.887189e+00 -9.575133e-01   
   712   7.204815e+00 -8.329077e-01   
   713   6.586783e+00 -1.059854e+00   
   714   4.553593e+00 -1.135978e+00   
   715   6.441659e+00 -1.097385e+00   
   716   6.731907e+00 -1.022323e+00   
   717   7.367159e+00 -7.731117e-01   
   718   7.883286e+00 -4.848485e-01   
   719   6.297773e+00 -1.138895e+00   
   720   5.656936e+00 -1.221385e+00   
   721   4.930124e+00 -1.203641e+00   
   722   6.153888e+00 -1.180406e+00   
   723   4.661963e+00 -1.184157e+00   
   724   6.009582e+00 -1.221285e+00   
   725   5.322259e+00 -1.261415e+00   
   726   7.624293e+00 -7.016101e-01   
   727   5.865275e+00 -1.262163e+00   
   728   5.063023e+00 -1.272932e+00   
   729   7.746539e+00 -6.409896e-01   
   730   4.790426e+00 -1.257744e+00   
   731   4.164390e+00 -1.131313e+00   
   732   4.299189e+00 -1.173401e+00   
   733   7.489025e+00 -8.108127e-01   
   734   4.433987e+00 -1.215490e+00   
   735   7.869334e+00 -6.060606e-01   
   736   5.455424e+00 -1.330444e+00   
   737   6.991152e+00 -1.065076e+00   
   738   4.542358e+00 -1.263669e+00   
   739   6.546975e+00 -1.204053e+00   
   740   5.195923e+00 -1.342224e+00   
   741   6.692099e+00 -1.166522e+00   
   742   6.835870e+00 -1.129886e+00   
   743   7.134912e+00 -1.023874e+00   
   744   6.104013e+00 -1.309882e+00   
   745   7.297257e+00 -9.640778e-01   
   746   4.650729e+00 -1.311848e+00   
   747   5.663764e+00 -1.371222e+00   
   748   6.387528e+00 -1.278979e+00   
   749   5.959707e+00 -1.350761e+00   
   750   6.243643e+00 -1.320490e+00   
   751   7.610890e+00 -8.485137e-01   
   752   7.733136e+00 -7.878932e-01   
   753   5.329087e+00 -1.411252e+00   
   754   7.439008e+00 -9.485435e-01   
   755   4.182221e+00 -1.252525e+00   
   756   7.855381e+00 -7.272727e-01   
   757   4.317019e+00 -1.294614e+00   
   758   4.841934e+00 -1.388737e+00   
   759   4.987746e+00 -1.423682e+00   
   760   5.839045e+00 -1.439872e+00   
   761   4.448289e+00 -1.362649e+00   
   762   6.652290e+00 -1.310721e+00   
   763   5.462252e+00 -1.480281e+00   
   764   6.796062e+00 -1.274085e+00   
   765   6.054138e+00 -1.439358e+00   
   766   4.556659e+00 -1.410829e+00   
   767   6.939833e+00 -1.237449e+00   
   768   4.702236e+00 -1.442841e+00   
   769   7.560873e+00 -9.862445e-01   
   770   7.083594e+00 -1.196246e+00   
   771   5.120645e+00 -1.492973e+00   
   772   6.492844e+00 -1.385647e+00   
   773   7.227354e+00 -1.155044e+00   
   774   6.193768e+00 -1.449966e+00   
   775   4.200051e+00 -1.373737e+00   
   776   7.695275e+00 -9.683073e-01   
   777   6.333398e+00 -1.460573e+00   
   778   7.817521e+00 -9.076868e-01   
   779   5.637533e+00 -1.548931e+00   
   780   7.369105e+00 -1.139510e+00   
   781   5.933476e+00 -1.528469e+00   
   782   4.331321e+00 -1.441773e+00   
   783   5.253810e+00 -1.562002e+00   
   784   5.399636e+00 -1.597127e+00   
   785   7.510856e+00 -1.123975e+00   
   786   4.462590e+00 -1.509809e+00   
   787   6.759946e+00 -1.412813e+00   
   788   4.608167e+00 -1.541822e+00   
   789   6.616730e+00 -1.456027e+00   
   790   6.903717e+00 -1.376177e+00   
   791   4.753744e+00 -1.573834e+00   
   792   7.048482e+00 -1.340211e+00   
   793   6.070979e+00 -1.588410e+00   
   794   5.812815e+00 -1.617580e+00   
   795   4.899556e+00 -1.608779e+00   
   796   7.192242e+00 -1.299009e+00   
   797   5.516872e+00 -1.638042e+00   
   798   7.332545e+00 -1.251323e+00   
   799   6.457284e+00 -1.530953e+00   
   800   7.645259e+00 -1.106038e+00   
   801   5.045368e+00 -1.643723e+00   
   802   6.210609e+00 -1.599017e+00   
   803   4.235293e+00 -1.535354e+00   
   804   5.191194e+00 -1.678848e+00   
   805   7.474296e+00 -1.235788e+00   
   806   7.779661e+00 -1.088101e+00   
   807   5.950318e+00 -1.677521e+00   
   808   4.366562e+00 -1.603389e+00   
   809   5.337020e+00 -1.713973e+00   
   810   5.692153e+00 -1.706692e+00   
   811   7.608698e+00 -1.217851e+00   
   812   4.505239e+00 -1.649633e+00   
   813   6.867602e+00 -1.514905e+00   
   814   6.724386e+00 -1.558118e+00   
   815   4.650816e+00 -1.681646e+00   
   816   6.581171e+00 -1.601332e+00   
   817   7.012366e+00 -1.478939e+00   
   818   6.348109e+00 -1.658962e+00   
   819   4.796239e+00 -1.717443e+00   
   820   5.454256e+00 -1.754888e+00   
   821   7.157131e+00 -1.442973e+00   
   822   7.297433e+00 -1.395288e+00   
   823   7.743101e+00 -1.199914e+00   
   824   4.942051e+00 -1.752388e+00   
   825   7.437735e+00 -1.347602e+00   
   826   6.087821e+00 -1.737461e+00   
   827   5.829657e+00 -1.766632e+00   
   828   5.132303e+00 -1.784519e+00   
   829   5.571492e+00 -1.795803e+00   
   830   7.572138e+00 -1.329664e+00   
   831   5.278128e+00 -1.819643e+00   
   832   4.270535e+00 -1.696970e+00   
   833   4.409211e+00 -1.743213e+00   
   834   6.471995e+00 -1.729341e+00   
   835   7.706540e+00 -1.311727e+00   
   836   5.967160e+00 -1.826572e+00   
   837   6.845852e+00 -1.651513e+00   
   838   5.395365e+00 -1.860558e+00   
   839   6.702637e+00 -1.694727e+00   
   840   4.547888e+00 -1.789457e+00   
   841   6.225320e+00 -1.797406e+00   
   842   5.708995e+00 -1.855743e+00   
   843   4.693311e+00 -1.825254e+00   
   844   7.256418e+00 -1.535962e+00   
   845   7.396720e+00 -1.488276e+00   
   846   4.838734e+00 -1.861052e+00   
   847   7.535577e+00 -1.441478e+00   
   848   6.996348e+00 -1.649853e+00   
   849   5.028986e+00 -1.893183e+00   
   850   7.141112e+00 -1.613887e+00   
   851   5.219237e+00 -1.925314e+00   
   852   6.609431e+00 -1.789359e+00   
   853   6.104663e+00 -1.886511e+00   
   854   5.846499e+00 -1.915683e+00   
   855   7.669980e+00 -1.423540e+00   
   856   6.362819e+00 -1.857351e+00   
   857   5.554336e+00 -1.946228e+00   
   858   6.824103e+00 -1.788122e+00   
   859   7.355704e+00 -1.628950e+00   
   860   5.984002e+00 -1.975622e+00   
   861   4.330183e+00 -1.896955e+00   
   862   5.378209e+00 -2.010983e+00   
   863   7.494562e+00 -1.582152e+00   
   864   6.242163e+00 -1.946456e+00   
   865   5.691839e+00 -2.006168e+00   
   866   6.974598e+00 -1.786462e+00   
   867   7.633419e+00 -1.535354e+00   
   868   4.468859e+00 -1.943198e+00   
   869   4.615260e+00 -1.968049e+00   
   870   4.880628e+00 -2.005068e+00   
   871   6.500255e+00 -1.917368e+00   
   872   7.240399e+00 -1.706876e+00   
   873   4.760683e+00 -2.003847e+00   
   874   5.070880e+00 -2.037198e+00   
   875   6.730897e+00 -1.882754e+00   
   876   7.125094e+00 -1.784801e+00   
   877   5.216793e+00 -2.072483e+00   
   878   6.121506e+00 -2.035560e+00   
   879   6.379668e+00 -2.006370e+00   
   880   5.837097e+00 -2.078427e+00   
   881   5.537180e+00 -2.096652e+00   
   882   6.637690e+00 -1.977385e+00   
   883   6.866531e+00 -1.925155e+00   
   884   7.422381e+00 -1.743768e+00   
   885   7.561238e+00 -1.696970e+00   
   886   5.375764e+00 -2.158152e+00   
   887   6.259012e+00 -2.095475e+00   
   888   7.307075e+00 -1.821694e+00   
   889   7.017026e+00 -1.923495e+00   
   890   5.974600e+00 -2.138365e+00   
   891   4.922522e+00 -2.149083e+00   
   892   5.682437e+00 -2.168911e+00   
   893   6.517104e+00 -2.066387e+00   
   894   4.802577e+00 -2.147862e+00   
   895   4.536231e+00 -2.121791e+00   
   896   4.389831e+00 -2.096940e+00   
   897   6.773325e+00 -2.019787e+00   
   898   4.682632e+00 -2.146641e+00   
   899   5.068435e+00 -2.184368e+00   
   900   5.214348e+00 -2.219652e+00   
   901   6.396518e+00 -2.155389e+00   
   902   6.131977e+00 -2.208662e+00   
   903   5.827694e+00 -2.241170e+00   
   904   7.489057e+00 -1.858586e+00   
   905   6.908959e+00 -2.062188e+00   
   906   6.666222e+00 -2.129730e+00   
   907   7.216283e+00 -1.983310e+00   
   908   5.514248e+00 -2.303165e+00   
   909   5.028285e+00 -2.297165e+00   
   910   4.882256e+00 -2.301893e+00   
   911   6.269483e+00 -2.268576e+00   
   912   6.545636e+00 -2.218732e+00   
   913   5.174198e+00 -2.332449e+00   
   914   4.762311e+00 -2.300672e+00   
   915   5.985071e+00 -2.311467e+00   
   916   6.801857e+00 -2.172131e+00   
   917   5.352833e+00 -2.364665e+00   
   918   4.474576e+00 -2.294996e+00   
   919   4.620977e+00 -2.319847e+00   
   920   5.659506e+00 -2.375424e+00   
   921   7.398265e+00 -2.020202e+00   
   922   7.108216e+00 -2.122003e+00   
   923   5.827456e+00 -2.374427e+00   
   924   6.414780e+00 -2.303768e+00   
   925   6.694755e+00 -2.282074e+00   
   926   6.142448e+00 -2.381763e+00   
   927   5.134049e+00 -2.445247e+00   
   928   4.988019e+00 -2.449974e+00   
   929   5.984832e+00 -2.444723e+00   
   930   5.312683e+00 -2.477462e+00   
   931   4.841989e+00 -2.454702e+00   
   932   6.563898e+00 -2.367110e+00   
   933   6.287745e+00 -2.416955e+00   
   934   7.005327e+00 -2.268451e+00   
   935   7.307473e+00 -2.181818e+00   
   936   5.491317e+00 -2.509677e+00   
   937   5.659267e+00 -2.508680e+00   
   938   4.700656e+00 -2.473877e+00   
   939   5.827217e+00 -2.507684e+00   
   940   6.433042e+00 -2.452147e+00   
   941   4.559322e+00 -2.493052e+00   
   942   6.692689e+00 -2.426347e+00   
   943   6.898225e+00 -2.378394e+00   
   944   6.186293e+00 -2.524688e+00   
   945   5.079324e+00 -2.584881e+00   
   946   4.933294e+00 -2.589609e+00   
   947   7.204584e+00 -2.328266e+00   
   948   6.050645e+00 -2.579495e+00   
   949   5.249783e+00 -2.612976e+00   
   950   6.561832e+00 -2.511383e+00   
   951   6.331590e+00 -2.559879e+00   
   952   5.575509e+00 -2.633096e+00   
   953   5.743459e+00 -2.632099e+00   
   954   4.785402e+00 -2.612188e+00   
   955   5.428418e+00 -2.645192e+00   
   956   5.893030e+00 -2.642455e+00   
   957   4.644068e+00 -2.631363e+00   
   958   6.477087e+00 -2.586891e+00   
   959   6.690622e+00 -2.570619e+00   
   960   6.896159e+00 -2.522666e+00   
   961   7.101695e+00 -2.474714e+00   
   962   6.230137e+00 -2.667612e+00   
   963   5.024598e+00 -2.724516e+00   
   964   5.195058e+00 -2.752611e+00   
   965   6.094490e+00 -2.722419e+00   
   966   5.659701e+00 -2.756515e+00   
   967   6.605877e+00 -2.646127e+00   
   968   5.512610e+00 -2.768611e+00   
   969   4.876706e+00 -2.747094e+00   
   970   6.375634e+00 -2.694623e+00   
   971   5.809272e+00 -2.766871e+00   
   972   5.365518e+00 -2.780706e+00   
   973   6.811413e+00 -2.620877e+00   
   974   7.016949e+00 -2.572924e+00   
   975   5.958843e+00 -2.777226e+00   
   976   4.728814e+00 -2.769673e+00   
   977   6.521131e+00 -2.721635e+00   
   978   6.726667e+00 -2.696385e+00   
   979   5.105668e+00 -2.839789e+00   
   980   6.268780e+00 -2.793296e+00   
   981   6.932203e+00 -2.671135e+00   
   982   5.276128e+00 -2.867885e+00   
   983   4.971835e+00 -2.857207e+00   
   984   6.133133e+00 -2.848103e+00   
   985   6.641921e+00 -2.771892e+00   
   986   5.725740e+00 -2.891117e+00   
   987   5.565709e+00 -2.898793e+00   
   988   6.414277e+00 -2.820307e+00   
   989   4.823943e+00 -2.879786e+00   
   990   5.418617e+00 -2.910888e+00   
   991   6.847458e+00 -2.746643e+00   
   992   5.875310e+00 -2.901473e+00   
   993   6.006820e+00 -2.904854e+00   
   994   6.557176e+00 -2.847400e+00   
   995   5.186738e+00 -2.955063e+00   
   996   6.762712e+00 -2.822150e+00   
   997   5.052905e+00 -2.972481e+00   
   998   6.307423e+00 -2.918980e+00   
   999   5.329227e+00 -2.998066e+00   
   1000   4.919072e+00 -2.989899e+00   
   1001   6.181110e+00 -2.975731e+00   
   1002   6.677966e+00 -2.897658e+00   
   1003   6.450322e+00 -2.946073e+00   
   1004   5.631747e+00 -3.033394e+00   
   1005   5.791778e+00 -3.025719e+00   
   1006   5.471716e+00 -3.041070e+00   
   1007   5.923287e+00 -3.029101e+00   
   1008   6.054796e+00 -3.032482e+00   
   1009   6.593220e+00 -2.973166e+00   
   1010   5.212013e+00 -3.083741e+00   
   1011   6.304052e+00 -3.035247e+00   
   1012   5.078180e+00 -3.101159e+00   
   1013   5.354502e+00 -3.126744e+00   
   1014   6.177739e+00 -3.091999e+00   
   1015   6.446951e+00 -3.062340e+00   
   1016   5.439248e+00 -3.158124e+00   
   1017   5.722995e+00 -3.153805e+00   
   1018   5.562964e+00 -3.161480e+00   
   1019   5.853516e+00 -3.157345e+00   
   1020   5.985025e+00 -3.160727e+00   
   1021   6.300682e+00 -3.151515e+00   
   1022   5.237288e+00 -3.212419e+00   
   1023   5.322034e+00 -3.243798e+00   
   1024   6.107968e+00 -3.220243e+00   
   1025   5.406780e+00 -3.275178e+00   
   1026   5.530495e+00 -3.278534e+00   
   1027   5.654211e+00 -3.281890e+00   
   1028   5.784733e+00 -3.285431e+00   
   1029   5.915254e+00 -3.288971e+00   
  END_COORDINATES
  BOUNDARIES, ELEMENT
    1         1022     1025     1023         1     
    2         1025     1027     1026         2     
    3         1009     996     1002         4     
    4         996     981     991         5     
    5         157     123     140         6     
    6         123     96     111         7     
    7         867     835     855         8     
    8         835     806     823         9     
    9         448     406     426         10     
    10         406     364     385         11     
    11         679     635     653         12     
    12         635     594     618         13     
    13         402     450     425         14     
    14         450     496     473         15     
    15         496     541     517         16     
    16         541     590     565         17     
    17         308     352     327         18     
    18         352     402     377         19     
    19         590     637     614         20     
    20         637     683     661         21     
    21         756     718     735         22     
    22         718     679     697         23     
    23         594     554     575         24     
    24         554     513     535         25     
    25         683     731     706         26     
    26         731     775     755         27     
    27         1000     1022     1012         29     
    28         21     7     13         31     
    29         7     1     2         32     
    30         981     961     974         33     
    31         194     157     176         34     
    32         1027     1029     1028         35     
    33         806     756     778         72     
    34         513     448     482         74     
    35         976     1000     989         112     
    36         1     11     4         120     
    37         96     57     75         125     
    38         57     21     37         127     
    39         1029     1021     1024         136     
    40         1021     1009     1015         137     
    41         364     301     329         138     
    42         301     244     269         140     
    43         904     867     885         147     
    44         237     308     270         153     
    45         775     832     803         154     
    46         832     896     861         156     
    47         941     976     957         311     
    48         896     941     918         324     
    49         83     135     107         464     
    50         11     42     24         467     
    51         135     180     156         474     
    52         42     83     62         475     
    53         961     935     947         477     
    54         244     194     217         478     
    55         935     904     921         481     
    56         180     237     207         483     
  END_BOUNDARIES
  MATERIALS, NUMBER= 1, DEFAULT=1
  END_MATERIALS
  SUBDOMAINS
  END_SUBDOMAINS
  CHARACTERISTICS
  END_CHARACTERISTICS
