  NODES_PER_ELEMENT
   1 9
   2 9
   3 9
   4 9
   5 9
   6 9
   7 9
   8 9
   9 9
   10 9
   11 9
   12 9
   13 9
   14 9
   15 9
   16 9
   17 9
   18 9
   19 9
   20 9
   21 9
   22 9
   23 9
   24 9
   25 9
   26 9
   27 9
   28 9
   29 9
   30 9
   31 9
   32 9
   33 9
   34 9
   35 9
   36 9
   37 9
   38 9
   39 9
   40 9
   41 9
   42 9
   43 9
   44 9
   45 9
   46 9
   47 9
   48 9
   49 9
   50 9
   51 9
   52 9
   53 9
   54 9
   55 9
   56 9
   57 9
   58 9
   59 9
   60 9
   61 9
   62 9
   63 9
   64 9
   65 9
   66 9
   67 9
   68 9
   69 9
   70 9
   71 9
   72 9
   73 9
   74 9
   75 9
   76 9
   77 9
   78 9
   79 9
   80 9
   81 9
   82 9
   83 9
   84 9
   85 9
   86 9
  END_NODES_PER_ELEMENT
  ELEMENTS
  1 241 213 198 228 227 205 212 232 219  
  2 213 188 171 198 199 178 182 205 192  
  3 188 157 138 171 173 148 153 178 162  
  4 157 132 112 138 142 121 126 148 134  
  5 267 241 228 257 254 232 242 259 246  
  6 294 267 257 286 278 259 271 287 273  
  7 132 97 85 112 114 88 99 121 103  
  8 333 294 286 319 315 287 302 327 309  
  9 355 333 319 343 345 327 332 350 339  
  10 371 355 343 361 363 350 352 366 358  
  11 97 61 57 85 77 56 68 88 70  
  12 61 39 34 57 49 33 47 56 45  
  13 39 11 14 34 23 9 24 33 20  
  14 11 1 7 14 3 2 8 9 5  
  15 1 13 15 7 4 12 10 2 6  
  16 13 36 31 15 25 32 21 12 22  
  17 36 64 53 31 51 55 42 32 43  
  18 64 102 81 53 80 91 67 55 71  
  19 102 136 116 81 118 124 98 91 108  
  20 136 163 143 116 151 154 129 124 137  
  21 163 194 174 143 179 181 158 154 169  
  22 194 218 197 174 207 209 184 181 195  
  23 218 244 226 197 231 235 211 209 222  
  24 244 285 258 226 264 272 243 235 252  
  25 285 324 293 258 304 310 274 272 288  
  26 324 347 322 293 336 335 306 310 323  
  27 347 365 341 322 357 354 331 335 344  
  28 365 372 353 341 369 364 348 354 362  
  29 375 371 361 360 373 366 359 370 368  
  30 372 375 360 353 374 370 356 364 367  
  31 341 353 329 318 348 342 325 330 337  
  32 361 343 338 360 352 340 349 359 351  
  33 353 360 338 329 356 349 334 342 346  
  34 322 341 318 298 331 330 308 311 320  
  35 343 319 313 338 332 316 326 340 328  
  36 319 286 280 313 302 283 297 316 299  
  37 286 257 250 280 271 253 265 283 268  
  38 257 228 220 250 242 224 236 253 238  
  39 228 198 189 220 212 193 204 224 210  
  40 198 171 156 189 182 160 172 193 177  
  41 171 138 125 156 153 131 139 160 144  
  42 138 112 101 125 126 107 113 131 117  
  43 293 322 298 270 306 311 284 281 296  
  44 258 293 270 239 274 281 255 247 263  
  45 226 258 239 206 243 247 223 215 230  
  46 197 226 206 175 211 215 191 187 200  
  47 174 197 175 159 184 187 170 166 176  
  48 143 174 159 135 158 166 149 140 152  
  49 116 143 135 106 129 140 120 110 123  
  50 81 116 106 74 98 110 89 78 93  
  51 53 81 74 48 67 78 60 50 63  
  52 31 53 48 27 42 50 37 29 40  
  53 15 31 27 7 21 29 16 10 18  
  54 14 7 27 28 8 16 26 19 17  
  55 34 14 28 46 24 19 38 41 30  
  56 28 27 48 46 26 37 44 38 35  
  57 57 34 46 65 47 41 54 62 52  
  58 85 57 65 82 68 62 73 84 69  
  59 112 85 82 101 99 84 92 107 95  
  60 46 48 74 75 44 60 72 59 58  
  61 329 338 313 305 334 326 307 317 321  
  62 318 329 305 301 325 317 303 312 314  
  63 298 318 301 282 308 312 292 289 300  
  64 270 298 282 256 284 289 269 260 275  
  65 313 280 276 305 297 277 291 307 295  
  66 305 276 282 301 291 279 292 303 290  
  67 280 250 248 276 265 249 261 277 262  
  68 250 220 216 248 236 217 233 249 234  
  69 220 189 183 216 204 185 201 217 202  
  70 189 156 146 183 172 150 164 185 167  
  71 156 125 115 146 139 119 130 150 133  
  72 125 101 86 115 113 94 100 119 105  
  73 101 82 65 86 92 73 76 94 83  
  74 65 46 75 86 54 59 79 76 66  
  75 239 270 256 225 255 260 240 229 245  
  76 282 276 248 256 279 261 251 269 266  
  77 256 248 216 225 251 233 221 240 237  
  78 206 239 225 190 223 229 208 196 214  
  79 225 216 183 190 221 201 186 208 203  
  80 175 206 190 147 191 196 168 161 180  
  81 190 183 146 147 186 164 145 168 165  
  82 159 175 147 135 170 161 141 149 155  
  83 74 106 109 75 89 104 90 72 87  
  84 106 135 147 109 120 141 127 104 122  
  85 147 146 115 109 145 130 111 127 128  
  86 109 115 86 75 111 100 79 90 96  
  END_ELEMENTS  
  COORDINATES  
   1   5.915254e+00 -3.288971e+00   
   2   5.961749e+00 -3.016520e+00   
   3   5.576271e+00 -3.250695e+00   
   4   6.241664e+00 -3.139435e+00   
   5   5.684882e+00 -2.971722e+00   
   6   6.217339e+00 -2.934621e+00   
   7   6.008244e+00 -2.744068e+00   
   8   5.793494e+00 -2.692749e+00   
   9   5.408016e+00 -2.926924e+00   
   10   6.193014e+00 -2.729806e+00   
   11   5.237288e+00 -3.212419e+00   
   12   6.472929e+00 -2.852722e+00   
   13   6.568074e+00 -2.989899e+00   
   14   5.578743e+00 -2.641429e+00   
   15   6.377785e+00 -2.715544e+00   
   16   6.089259e+00 -2.543305e+00   
   17   5.894044e+00 -2.503641e+00   
   18   6.281066e+00 -2.558166e+00   
   19   5.698828e+00 -2.463978e+00   
   20   5.210129e+00 -2.751209e+00   
   21   6.472873e+00 -2.573027e+00   
   22   6.612491e+00 -2.700655e+00   
   23   5.005622e+00 -3.020351e+00   
   24   5.414636e+00 -2.482067e+00   
   25   6.752109e+00 -2.828283e+00   
   26   5.994594e+00 -2.314534e+00   
   27   6.170275e+00 -2.342542e+00   
   28   5.818913e+00 -2.286526e+00   
   29   6.369118e+00 -2.386526e+00   
   30   5.591247e+00 -2.284621e+00   
   31   6.567962e+00 -2.430510e+00   
   32   6.752053e+00 -2.548588e+00   
   33   5.012242e+00 -2.575494e+00   
   34   5.250528e+00 -2.322705e+00   
   35   5.997993e+00 -2.106489e+00   
   36   6.936144e+00 -2.666667e+00   
   37   6.228128e+00 -2.125804e+00   
   38   5.767858e+00 -2.087174e+00   
   39   4.773956e+00 -2.828283e+00   
   40   6.454359e+00 -2.171893e+00   
   41   5.483666e+00 -2.105263e+00   
   42   6.680590e+00 -2.217982e+00   
   43   6.901199e+00 -2.321112e+00   
   44   6.001392e+00 -1.898443e+00   
   45   4.861935e+00 -2.360260e+00   
   46   5.716803e+00 -1.887822e+00   
   47   5.092683e+00 -2.134661e+00   
   48   6.285981e+00 -1.909065e+00   
   49   4.631187e+00 -2.585859e+00   
   50   6.539600e+00 -1.957259e+00   
   51   7.121808e+00 -2.424242e+00   
   52   5.296012e+00 -1.939648e+00   
   53   6.793219e+00 -2.005454e+00   
   54   5.499340e+00 -1.744635e+00   
   55   7.050346e+00 -2.093636e+00   
   56   4.711628e+00 -2.145025e+00   
   57   4.934838e+00 -1.946616e+00   
   58   6.102383e+00 -1.633470e+00   
   59   5.827551e+00 -1.603267e+00   
   60   6.377216e+00 -1.663672e+00   
   61   4.488417e+00 -2.343434e+00   
   62   5.108358e+00 -1.774033e+00   
   63   6.640651e+00 -1.710605e+00   
   64   7.307473e+00 -2.181818e+00   
   65   5.281877e+00 -1.601449e+00   
   66   5.599370e+00 -1.495761e+00   
   67   6.904087e+00 -1.757538e+00   
   68   4.825290e+00 -1.734926e+00   
   69   4.986956e+00 -1.616900e+00   
   70   4.602383e+00 -1.877564e+00   
   71   7.181454e+00 -1.823080e+00   
   72   6.203375e+00 -1.368496e+00   
   73   5.148621e+00 -1.498873e+00   
   74   6.468450e+00 -1.418279e+00   
   75   5.938299e+00 -1.318713e+00   
   76   5.371190e+00 -1.388256e+00   
   77   4.379476e+00 -2.020202e+00   
   78   6.741702e+00 -1.463951e+00   
   79   5.699401e+00 -1.246888e+00   
   80   7.458821e+00 -1.888621e+00   
   81   7.014955e+00 -1.509623e+00   
   82   5.015365e+00 -1.396297e+00   
   83   5.200867e+00 -1.312571e+00   
   84   4.865554e+00 -1.459767e+00   
   85   4.715742e+00 -1.523237e+00   
   86   5.460502e+00 -1.175062e+00   
   87   6.297499e+00 -1.122923e+00   
   88   4.493139e+00 -1.610103e+00   
   89   6.561212e+00 -1.180993e+00   
   90   6.033786e+00 -1.064852e+00   
   91   7.312562e+00 -1.552524e+00   
   92   5.030545e+00 -1.236886e+00   
   93   6.832447e+00 -1.225019e+00   
   94   5.253114e+00 -1.126269e+00   
   95   4.851219e+00 -1.267465e+00   
   96   5.777621e+00 -1.007117e+00   
   97   4.270535e+00 -1.696970e+00   
   98   7.103682e+00 -1.269046e+00   
   99   4.671892e+00 -1.298043e+00   
   100   5.521456e+00 -9.493813e-01   
   101   5.045725e+00 -1.077476e+00   
   102   7.610169e+00 -1.595424e+00   
   103   4.440734e+00 -1.335890e+00   
   104   6.391623e+00 -8.773493e-01   
   105   5.291907e+00 -9.104832e-01   
   106   6.653974e+00 -9.437069e-01   
   107   4.836884e+00 -1.075163e+00   
   108   7.401698e+00 -1.296005e+00   
   109   6.129272e+00 -8.109918e-01   
   110   6.923192e+00 -9.860882e-01   
   111   5.855841e+00 -7.673462e-01   
   112   4.628042e+00 -1.072850e+00   
   113   5.062358e+00 -8.715850e-01   
   114   4.209575e+00 -1.373737e+00   
   115   5.582411e+00 -7.237006e-01   
   116   7.192410e+00 -1.028469e+00   
   117   4.838720e+00 -8.662777e-01   
   118   7.699715e+00 -1.322965e+00   
   119   5.330701e+00 -6.946975e-01   
   120   6.743104e+00 -7.316061e-01   
   121   4.388329e+00 -1.061677e+00   
   122   6.489472e+00 -6.330126e-01   
   123   6.999549e+00 -7.758055e-01   
   124   7.490835e+00 -1.039487e+00   
   125   5.078991e+00 -6.656943e-01   
   126   4.615083e+00 -8.609704e-01   
   127   6.235839e+00 -5.344191e-01   
   128   5.930359e+00 -5.095027e-01   
   129   7.255993e+00 -8.200050e-01   
   130   5.624879e+00 -4.845864e-01   
   131   4.840557e+00 -6.573927e-01   
   132   4.148615e+00 -1.050505e+00   
   133   5.359424e+00 -4.675723e-01   
   134   4.373744e+00 -8.547276e-01   
   135   6.832235e+00 -5.195053e-01   
   136   7.789260e+00 -1.050505e+00   
   137   7.537868e+00 -8.342449e-01   
   138   4.602124e+00 -6.490911e-01   
   139   5.093970e+00 -4.505582e-01   
   140   7.075906e+00 -5.655229e-01   
   141   6.587320e+00 -3.886759e-01   
   142   4.132405e+00 -8.484848e-01   
   143   7.319577e+00 -6.115405e-01   
   144   4.845465e+00 -4.455996e-01   
   145   6.004876e+00 -2.516593e-01   
   146   5.667347e+00 -2.454721e-01   
   147   6.342405e+00 -2.578464e-01   
   148   4.359159e+00 -6.477779e-01   
   149   6.934439e+00 -3.881230e-01   
   150   5.388148e+00 -2.404471e-01   
   151   7.819743e+00 -8.484848e-01   
   152   7.148774e+00 -4.101691e-01   
   153   4.596959e+00 -4.406411e-01   
   154   7.584901e+00 -6.290026e-01   
   155   6.770584e+00 -2.579799e-01   
   156   5.108949e+00 -2.354220e-01   
   157   4.116194e+00 -6.464646e-01   
   158   7.363109e+00 -4.322152e-01   
   159   7.036643e+00 -2.567407e-01   
   160   4.850372e+00 -2.338065e-01   
   161   6.606729e+00 -1.278367e-01   
   162   4.348471e+00 -4.425428e-01   
   163   7.850225e+00 -6.464646e-01   
   164   5.660361e+00 -9.282102e-03   
   165   5.970429e+00  1.433988e-03   
   166   7.221642e+00 -2.548153e-01   
   167   5.384979e+00 -1.422978e-02   
   168   6.280497e+00  1.215008e-02   
   169   7.621908e+00 -4.383298e-01   
   170   6.953847e+00 -1.272839e-01   
   171   4.591795e+00 -2.321910e-01   
   172   5.109597e+00 -1.917746e-02   
   173   4.099983e+00 -4.444444e-01   
   174   7.406641e+00 -2.528898e-01   
   175   6.871052e+00  2.173011e-03   
   176   7.169841e+00 -9.945765e-02   
   177   4.850944e+00 -2.296513e-02   
   178   4.337784e+00 -2.373076e-01   
   179   7.880708e+00 -4.444444e-01   
   180   6.547427e+00  1.122985e-01   
   181   7.658916e+00 -2.476570e-01   
   182   4.592290e+00 -2.675280e-02   
   183   5.653375e+00  2.269079e-01   
   184   7.385835e+00 -7.163145e-02   
   185   5.381810e+00  2.119875e-01   
   186   5.935982e+00  2.545272e-01   
   187   7.118040e+00  5.589997e-02   
   188   4.083772e+00 -2.424242e-01   
   189   5.110246e+00  1.970671e-01   
   190   6.218590e+00  2.821466e-01   
   191   6.814357e+00  2.124470e-01   
   192   4.340010e+00 -3.357842e-02   
   193   4.851515e+00  1.878763e-01   
   194   7.911190e+00 -2.424242e-01   
   195   7.644613e+00 -5.601775e-02   
   196   6.488126e+00  3.524338e-01   
   197   7.365028e+00  1.096269e-01   
   198   4.592785e+00  1.786854e-01   
   199   4.087730e+00 -4.040404e-02   
   200   7.072536e+00  2.666643e-01   
   201   5.641637e+00  4.480980e-01   
   202   5.379000e+00  4.285516e-01   
   203   5.910858e+00  4.815138e-01   
   204   5.116363e+00  4.090052e-01   
   205   4.342236e+00  1.701508e-01   
   206   6.757661e+00  4.227210e-01   
   207   7.903391e+00 -4.040404e-02   
   208   6.180080e+00  5.149297e-01   
   209   7.630309e+00  1.356215e-01   
   210   4.860105e+00  3.969578e-01   
   211   7.330715e+00  3.208816e-01   
   212   4.603847e+00  3.849104e-01   
   213   4.091687e+00  1.616162e-01   
   214   6.441089e+00  5.847704e-01   
   215   7.027032e+00  4.774286e-01   
   216   5.629899e+00  6.692880e-01   
   217   5.376190e+00  6.451156e-01   
   218   7.895591e+00  1.616162e-01   
   219   4.349745e+00  3.742734e-01   
   220   5.122481e+00  6.209433e-01   
   221   5.885735e+00  7.085004e-01   
   222   7.609253e+00  3.422590e-01   
   223   6.702097e+00  6.546111e-01   
   224   4.868694e+00  6.060393e-01   
   225   6.141570e+00  7.477128e-01   
   226   7.296402e+00  5.321363e-01   
   227   4.095644e+00  3.636364e-01   
   228   4.614908e+00  5.911354e-01   
   229   6.394052e+00  8.171070e-01   
   230   6.967665e+00  7.216963e-01   
   231   7.887791e+00  3.636364e-01   
   232   4.357255e+00  5.783960e-01   
   233   5.622175e+00  8.762368e-01   
   234   5.378169e+00  8.536710e-01   
   235   7.588197e+00  5.488964e-01   
   236   5.134163e+00  8.311052e-01   
   237   5.863387e+00  9.186616e-01   
   238   4.884543e+00  8.150083e-01   
   239   6.646533e+00  8.865013e-01   
   240   6.104599e+00  9.610865e-01   
   241   4.099601e+00  5.656566e-01   
   242   4.634923e+00  7.989113e-01   
   243   7.233232e+00  7.887815e-01   
   244   7.879991e+00  5.656566e-01   
   245   6.343142e+00  1.034705e+00   
   246   4.379818e+00  7.832941e-01   
   247   6.908297e+00  9.659639e-01   
   248   5.614451e+00  1.083186e+00   
   249   5.380148e+00  1.062226e+00   
   250   5.145844e+00  1.041267e+00   
   251   5.841040e+00  1.128823e+00   
   252   7.522495e+00  8.388352e-01   
   253   4.900391e+00  1.023977e+00   
   254   4.124714e+00  7.676768e-01   
   255   6.581685e+00  1.108323e+00   
   256   6.067628e+00  1.174460e+00   
   257   4.654938e+00  1.006687e+00   
   258   7.170062e+00  1.045427e+00   
   259   4.402382e+00  9.881921e-01   
   260   6.292233e+00  1.252302e+00   
   261   5.615753e+00  1.279939e+00   
   262   5.392214e+00  1.263850e+00   
   263   6.828412e+00  1.204855e+00   
   264   7.811758e+00  8.888889e-01   
   265   5.168675e+00  1.247760e+00   
   266   5.824197e+00  1.317784e+00   
   267   4.149826e+00  9.696970e-01   
   268   4.928590e+00  1.234715e+00   
   269   6.032641e+00  1.355629e+00   
   270   6.516838e+00  1.330145e+00   
   271   4.688504e+00  1.221671e+00   
   272   7.456794e+00  1.128774e+00   
   273   4.431721e+00  1.196694e+00   
   274   7.075138e+00  1.301386e+00   
   275   6.231794e+00  1.440179e+00   
   276   5.617055e+00  1.476693e+00   
   277   5.404281e+00  1.465473e+00   
   278   4.174939e+00  1.171717e+00   
   279   5.807355e+00  1.506746e+00   
   280   5.191506e+00  1.454253e+00   
   281   6.748526e+00  1.443746e+00   
   282   5.997654e+00  1.536798e+00   
   283   4.956788e+00  1.445454e+00   
   284   6.430946e+00  1.524728e+00   
   285   7.743526e+00  1.212121e+00   
   286   4.722070e+00  1.436655e+00   
   287   4.461060e+00  1.405196e+00   
   288   7.345715e+00  1.418370e+00   
   289   6.171355e+00  1.628055e+00   
   290   5.803134e+00  1.660306e+00   
   291   5.640831e+00  1.654615e+00   
   292   5.965438e+00  1.665996e+00   
   293   6.980214e+00  1.557346e+00   
   294   4.200051e+00  1.373737e+00   
   295   5.438783e+00  1.659719e+00   
   296   6.644918e+00  1.650457e+00   
   297   5.236735e+00  1.664823e+00   
   298   6.345055e+00  1.719311e+00   
   299   5.009256e+00  1.672633e+00   
   300   6.101023e+00  1.766645e+00   
   301   5.933221e+00  1.795195e+00   
   302   4.781777e+00  1.680443e+00   
   303   5.798914e+00  1.813866e+00   
   304   7.616291e+00  1.535354e+00   
   305   5.664607e+00  1.832537e+00   
   306   6.858890e+00  1.776186e+00   
   307   5.473285e+00  1.853965e+00   
   308   6.236608e+00  1.867294e+00   
   309   4.531772e+00  1.688706e+00   
   310   7.234636e+00  1.707966e+00   
   311   6.541310e+00  1.857169e+00   
   312   6.030691e+00  1.905236e+00   
   313   5.281963e+00  1.875394e+00   
   314   5.883228e+00  1.957401e+00   
   315   4.281766e+00  1.696970e+00   
   316   5.061723e+00  1.899813e+00   
   317   5.735765e+00  2.009565e+00   
   318   6.128161e+00  2.015277e+00   
   319   4.841484e+00  1.924232e+00   
   320   6.407205e+00  2.023066e+00   
   321   5.539931e+00  2.045318e+00   
   322   6.737566e+00  1.995026e+00   
   323   7.101097e+00  1.938598e+00   
   324   7.489057e+00  1.858586e+00   
   325   5.967542e+00  2.100935e+00   
   326   5.344096e+00  2.081070e+00   
   327   4.602483e+00  1.972217e+00   
   328   5.130284e+00  2.110187e+00   
   329   5.806923e+00  2.186593e+00   
   330   6.273101e+00  2.188964e+00   
   331   6.577803e+00  2.178838e+00   
   332   4.916472e+00  2.139304e+00   
   333   4.363482e+00  2.020202e+00   
   334   5.606577e+00  2.236670e+00   
   335   6.967558e+00  2.169230e+00   
   336   7.343304e+00  2.101010e+00   
   337   6.092297e+00  2.292835e+00   
   338   5.406230e+00  2.286747e+00   
   339   4.690511e+00  2.200965e+00   
   340   5.198845e+00  2.320561e+00   
   341   6.418040e+00  2.362650e+00   
   342   5.911494e+00  2.396707e+00   
   343   4.991460e+00  2.354376e+00   
   344   6.780891e+00  2.382348e+00   
   345   4.464549e+00  2.262626e+00   
   346   5.691959e+00  2.451672e+00   
   347   7.197551e+00  2.343434e+00   
   348   6.217053e+00  2.484735e+00   
   349   5.472423e+00  2.506636e+00   
   350   4.778539e+00  2.429713e+00   
   351   5.271506e+00  2.514479e+00   
   352   5.070588e+00  2.522321e+00   
   353   6.016065e+00  2.606821e+00   
   354   6.594223e+00  2.595466e+00   
   355   4.565617e+00  2.505051e+00   
   356   5.777341e+00  2.666673e+00   
   357   6.983978e+00  2.585859e+00   
   358   4.906467e+00  2.634898e+00   
   359   5.344166e+00  2.708396e+00   
   360   5.538616e+00  2.726526e+00   
   361   5.149716e+00  2.690267e+00   
   362   6.376298e+00  2.737317e+00   
   363   4.742345e+00  2.747475e+00   
   364   6.158373e+00  2.879168e+00   
   365   6.770405e+00  2.828283e+00   
   366   5.034394e+00  2.840083e+00   
   367   5.857909e+00  2.947976e+00   
   368   5.295919e+00  2.928433e+00   
   369   6.535543e+00  2.989899e+00   
   370   5.557444e+00  3.016784e+00   
   371   4.919072e+00  2.989899e+00   
   372   6.300682e+00  3.151515e+00   
   373   5.247672e+00  3.148470e+00   
   374   5.938476e+00  3.229278e+00   
   375   5.576271e+00  3.307042e+00   
  END_COORDINATES
  BOUNDARIES, ELEMENT
    1         241     213     227         1     
    2         213     188     199         2     
    3         188     157     173         3     
    4         157     132     142         4     
    5         267     241     254         5     
    6         294     267     278         6     
    7         132     97     114         7     
    8         333     294     315         8     
    9         355     333     345         9     
    10         371     355     363         10     
    11         97     61     77         11     
    12         61     39     49         12     
    13         39     11     23         13     
    14         11     1     3         14     
    15         1     13     4         15     
    16         13     36     25         16     
    17         36     64     51         17     
    18         64     102     80         18     
    19         102     136     118         19     
    20         136     163     151         20     
    21         163     194     179         21     
    22         194     218     207         22     
    23         218     244     231         23     
    24         244     285     264         24     
    25         285     324     304         25     
    26         324     347     336         26     
    27         347     365     357         27     
    28         365     372     369         28     
    29         375     371     373         29     
    30         372     375     374         30     
  END_BOUNDARIES
  MATERIALS, NUMBER= 1, DEFAULT=1
  END_MATERIALS
  SUBDOMAINS
  END_SUBDOMAINS
  CHARACTERISTICS
  END_CHARACTERISTICS
