  NODES_PER_ELEMENT
   1 3
   2 3
   3 3
   4 3
   5 3
   6 3
   7 3
   8 3
   9 3
   10 3
   11 3
   12 3
   13 3
   14 3
   15 3
   16 3
   17 3
   18 3
   19 3
   20 3
   21 3
   22 3
   23 3
   24 3
   25 3
   26 3
   27 3
   28 3
   29 3
   30 3
   31 3
   32 3
   33 3
   34 3
   35 3
   36 3
   37 3
   38 3
   39 3
   40 3
   41 3
   42 3
   43 3
   44 3
   45 3
   46 3
   47 3
   48 3
   49 3
   50 3
   51 3
   52 3
   53 3
   54 3
   55 3
   56 3
   57 3
   58 3
   59 3
   60 3
   61 3
   62 3
   63 3
   64 3
   65 3
   66 3
   67 3
   68 3
   69 3
   70 3
   71 3
   72 3
   73 3
   74 3
   75 3
   76 3
   77 3
   78 3
   79 3
   80 3
   81 3
   82 3
   83 3
   84 3
   85 3
   86 3
   87 3
   88 3
   89 3
   90 3
   91 3
   92 3
   93 3
   94 3
   95 3
   96 3
   97 3
   98 3
   99 3
   100 3
   101 3
   102 3
   103 3
   104 3
   105 3
   106 3
   107 3
   108 3
   109 3
   110 3
   111 3
   112 3
   113 3
   114 3
   115 3
   116 3
   117 3
   118 3
   119 3
   120 3
  END_NODES_PER_ELEMENT
  ELEMENTS
  1 2 4 1  
  2 4 3 1  
  3 5 7 2  
  4 7 4 2  
  5 10 11 5  
  6 11 7 5  
  7 16 17 10  
  8 17 11 10  
  9 23 24 16  
  10 24 17 16  
  11 33 34 23  
  12 34 24 23  
  13 4 8 3  
  14 8 6 3  
  15 7 9 4  
  16 9 8 4  
  17 11 14 7  
  18 14 9 7  
  19 17 21 11  
  20 21 14 11  
  21 24 28 17  
  22 28 21 17  
  23 34 36 24  
  24 36 28 24  
  25 8 13 6  
  26 13 12 6  
  27 9 15 8  
  28 15 13 8  
  29 14 19 9  
  30 19 15 9  
  31 21 25 14  
  32 25 19 14  
  33 28 32 21  
  34 32 25 21  
  35 36 41 28  
  36 41 32 28  
  37 13 20 12  
  38 20 18 12  
  39 15 22 13  
  40 22 20 13  
  41 19 26 15  
  42 26 22 15  
  43 25 31 19  
  44 31 26 19  
  45 32 39 25  
  46 39 31 25  
  47 41 45 32  
  48 45 39 32  
  49 20 29 18  
  50 29 27 18  
  51 22 30 20  
  52 30 29 20  
  53 26 35 22  
  54 35 30 22  
  55 31 40 26  
  56 40 35 26  
  57 39 44 31  
  58 44 40 31  
  59 45 50 39  
  60 50 44 39  
  61 29 38 27  
  62 38 37 27  
  63 30 42 29  
  64 42 38 29  
  65 35 43 30  
  66 43 42 30  
  67 40 47 35  
  68 47 43 35  
  69 44 52 40  
  70 52 47 40  
  71 50 56 44  
  72 56 52 44  
  73 38 48 37  
  74 48 46 37  
  75 42 49 38  
  76 49 48 38  
  77 43 51 42  
  78 51 49 42  
  79 47 53 43  
  80 53 51 43  
  81 52 58 47  
  82 58 53 47  
  83 56 61 52  
  84 61 58 52  
  85 48 55 46  
  86 55 54 46  
  87 49 57 48  
  88 57 55 48  
  89 51 59 49  
  90 59 57 49  
  91 53 60 51  
  92 60 59 51  
  93 58 65 53  
  94 65 60 53  
  95 61 67 58  
  96 67 65 58  
  97 55 63 54  
  98 63 62 54  
  99 57 64 55  
  100 64 63 55  
  101 59 66 57  
  102 66 64 57  
  103 60 68 59  
  104 68 66 59  
  105 65 71 60  
  106 71 68 60  
  107 67 74 65  
  108 74 71 65  
  109 63 70 62  
  110 70 69 62  
  111 64 72 63  
  112 72 70 63  
  113 66 73 64  
  114 73 72 64  
  115 68 75 66  
  116 75 73 66  
  117 71 76 68  
  118 76 75 68  
  119 74 77 71  
  120 77 76 71  
  END_ELEMENTS  
  COORDINATES  
   1   3.500000e+00 -5.000000e+00   
   2   4.416667e+00 -5.000000e+00   
   3   3.500000e+00 -4.000000e+00   
   4   4.416667e+00 -4.000000e+00   
   5   5.333333e+00 -5.000000e+00   
   6   3.500000e+00 -3.000000e+00   
   7   5.333333e+00 -4.000000e+00   
   8   4.416667e+00 -3.000000e+00   
   9   5.333333e+00 -3.000000e+00   
   10   6.250000e+00 -5.000000e+00   
   11   6.250000e+00 -4.000000e+00   
   12   3.500000e+00 -2.000000e+00   
   13   4.416667e+00 -2.000000e+00   
   14   6.250000e+00 -3.000000e+00   
   15   5.333333e+00 -2.000000e+00   
   16   7.166667e+00 -5.000000e+00   
   17   7.166667e+00 -4.000000e+00   
   18   3.500000e+00 -1.000000e+00   
   19   6.250000e+00 -2.000000e+00   
   20   4.416667e+00 -1.000000e+00   
   21   7.166667e+00 -3.000000e+00   
   22   5.333333e+00 -1.000000e+00   
   23   8.083333e+00 -5.000000e+00   
   24   8.083333e+00 -4.000000e+00   
   25   7.166667e+00 -2.000000e+00   
   26   6.250000e+00 -1.000000e+00   
   27   3.500000e+00  0.000000e+00   
   28   8.083333e+00 -3.000000e+00   
   29   4.416667e+00  8.881784e-16   
   30   5.333333e+00  8.881784e-16   
   31   7.166667e+00 -1.000000e+00   
   32   8.083333e+00 -2.000000e+00   
   33   9.000000e+00 -5.000000e+00   
   34   9.000000e+00 -4.000000e+00   
   35   6.250000e+00  8.881784e-16   
   36   9.000000e+00 -3.000000e+00   
   37   3.500000e+00  1.000000e+00   
   38   4.416667e+00  1.000000e+00   
   39   8.083333e+00 -1.000000e+00   
   40   7.166667e+00  8.881784e-16   
   41   9.000000e+00 -2.000000e+00   
   42   5.333333e+00  1.000000e+00   
   43   6.250000e+00  1.000000e+00   
   44   8.083333e+00  8.881784e-16   
   45   9.000000e+00 -1.000000e+00   
   46   3.500000e+00  2.000000e+00   
   47   7.166667e+00  1.000000e+00   
   48   4.416667e+00  2.000000e+00   
   49   5.333333e+00  2.000000e+00   
   50   9.000000e+00  0.000000e+00   
   51   6.250000e+00  2.000000e+00   
   52   8.083333e+00  1.000000e+00   
   53   7.166667e+00  2.000000e+00   
   54   3.500000e+00  3.000000e+00   
   55   4.416667e+00  3.000000e+00   
   56   9.000000e+00  1.000000e+00   
   57   5.333333e+00  3.000000e+00   
   58   8.083333e+00  2.000000e+00   
   59   6.250000e+00  3.000000e+00   
   60   7.166667e+00  3.000000e+00   
   61   9.000000e+00  2.000000e+00   
   62   3.500000e+00  4.000000e+00   
   63   4.416667e+00  4.000000e+00   
   64   5.333333e+00  4.000000e+00   
   65   8.083333e+00  3.000000e+00   
   66   6.250000e+00  4.000000e+00   
   67   9.000000e+00  3.000000e+00   
   68   7.166667e+00  4.000000e+00   
   69   3.500000e+00  5.000000e+00   
   70   4.416667e+00  5.000000e+00   
   71   8.083333e+00  4.000000e+00   
   72   5.333333e+00  5.000000e+00   
   73   6.250000e+00  5.000000e+00   
   74   9.000000e+00  4.000000e+00   
   75   7.166667e+00  5.000000e+00   
   76   8.083333e+00  5.000000e+00   
   77   9.000000e+00  5.000000e+00   
  END_COORDINATES
  BOUNDARIES, ELEMENT
    1         1     2         1     
    2         3     1         2     
    3         2     5         3     
    4         5     10         5     
    5         10     16         7     
    6         16     23         9     
    7         23     33         11     
    8         33     34         11     
    9         6     3         14     
    10         34     36         23     
    11         12     6         26     
    12         36     41         35     
    13         18     12         38     
    14         41     45         47     
    15         27     18         50     
    16         45     50         59     
    17         37     27         62     
    18         50     56         71     
    19         46     37         74     
    20         56     61         83     
    21         54     46         86     
    22         61     67         95     
    23         62     54         98     
    24         67     74         107     
    25         70     69         110     
    26         69     62         110     
    27         72     70         112     
    28         73     72         114     
    29         75     73         116     
    30         76     75         118     
    31         74     77         119     
    32         77     76         120     
  END_BOUNDARIES
  MATERIALS, NUMBER= 1, DEFAULT=1
  END_MATERIALS
  SUBDOMAINS
  END_SUBDOMAINS
  CHARACTERISTICS
  END_CHARACTERISTICS
