  NODES_PER_ELEMENT
   1 3
   2 3
   3 3
   4 3
   5 3
   6 3
   7 3
   8 3
   9 3
   10 3
   11 3
   12 3
   13 3
   14 3
   15 3
   16 3
   17 3
   18 3
   19 3
   20 3
   21 3
   22 3
   23 3
   24 3
   25 3
   26 3
   27 3
   28 3
   29 3
   30 3
   31 3
   32 3
   33 3
   34 3
   35 3
   36 3
   37 3
   38 3
   39 3
   40 3
   41 3
   42 3
   43 3
   44 3
   45 3
   46 3
   47 3
   48 3
   49 3
   50 3
   51 3
   52 3
   53 3
   54 3
   55 3
   56 3
   57 3
   58 3
   59 3
   60 3
   61 3
   62 3
   63 3
   64 3
   65 3
   66 3
   67 3
   68 3
   69 3
   70 3
   71 3
   72 3
   73 3
   74 3
   75 3
   76 3
   77 3
   78 3
   79 3
   80 3
   81 3
   82 3
   83 3
   84 3
   85 3
   86 3
   87 3
   88 3
   89 3
   90 3
   91 3
   92 3
   93 3
   94 3
   95 3
   96 3
   97 3
   98 3
   99 3
   100 3
   101 3
   102 3
   103 3
   104 3
   105 3
   106 3
   107 3
   108 3
   109 3
   110 3
   111 3
   112 3
  END_NODES_PER_ELEMENT
  ELEMENTS
  1 72 70 71  
  2 34 31 23  
  3 35 43 41  
  4 23 31 19  
  5 34 23 26  
  6 41 43 49  
  7 26 23 18  
  8 34 26 38  
  9 49 43 52  
  10 18 23 16  
  11 38 26 33  
  12 16 23 19  
  13 33 26 24  
  14 38 33 42  
  15 24 26 18  
  16 33 24 29  
  17 42 33 40  
  18 29 24 21  
  19 33 29 40  
  20 21 24 15  
  21 40 29 37  
  22 15 24 18  
  23 21 15 13  
  24 37 29 27  
  25 40 37 46  
  26 13 15 9  
  27 21 13 20  
  28 27 29 21  
  29 46 37 44  
  30 9 15 11  
  31 20 13 14  
  32 44 37 36  
  33 46 44 51  
  34 11 15 18  
  35 36 37 27  
  36 46 51 54  
  37 36 27 28  
  38 54 51 59  
  39 28 27 20  
  40 36 28 39  
  41 59 51 57  
  42 28 20 22  
  43 39 28 32  
  44 57 51 50  
  45 22 20 14  
  46 32 28 22  
  47 50 51 44  
  48 32 22 25  
  49 50 44 45  
  50 45 44 36  
  51 50 45 53  
  52 45 36 39  
  53 53 45 47  
  54 47 45 39  
  55 53 47 55  
  56 55 47 49  
  57 53 55 61  
  58 61 55 62  
  59 53 61 58  
  60 62 55 56  
  61 58 61 65  
  62 53 58 50  
  63 56 55 49  
  64 65 61 69  
  65 50 58 57  
  66 57 58 64  
  67 64 58 65  
  68 57 64 63  
  69 64 65 71  
  70 63 64 70  
  71 70 64 71  
  72 14 13 8  
  73 8 13 9  
  74 14 8 10  
  75 8 9 4  
  76 4 9 7  
  77 8 4 5  
  78 7 9 11  
  79 7 11 12  
  80 57 63 59  
  81 54 48 46  
  82 46 48 40  
  83 40 48 42  
  84 35 41 32  
  85 39 32 41  
  86 5 10 8  
  87 21 20 27  
  88 52 60 56  
  89 1 2 3  
  90 17 25 22  
  91 11 18 16  
  92 11 16 12  
  93 22 14 17  
  94 62 56 67  
  95 4 7 3  
  96 31 30 19  
  97 41 49 47  
  98 10 17 14  
  99 2 5 4  
  100 61 62 69  
  101 60 66 67  
  102 25 35 32  
  103 49 52 56  
  104 47 39 41  
  105 6 3 7  
  106 6 7 12  
  107 68 69 62  
  108 68 62 67  
  109 19 12 16  
  110 69 71 65  
  111 2 4 3  
  112 56 60 67  
  END_ELEMENTS  
  COORDINATES  
   1   3.500000e+00  5.000000e+00   
   2   3.500000e+00  4.000000e+00   
   3   4.600000e+00  5.000000e+00   
   4   4.669873e+00  3.500000e+00   
   5   3.500000e+00  3.000000e+00   
   6   5.700000e+00  5.000000e+00   
   7   5.535898e+00  4.000000e+00   
   8   4.669873e+00  2.500000e+00   
   9   5.535898e+00  3.000000e+00   
   10   3.500000e+00  2.000000e+00   
   11   6.468270e+00  3.583333e+00   
   12   6.800000e+00  5.000000e+00   
   13   5.535898e+00  2.000000e+00   
   14   4.669873e+00  1.500000e+00   
   15   6.401924e+00  2.500000e+00   
   16   7.306240e+00  4.033333e+00   
   17   3.500000e+00  1.000000e+00   
   18   7.267949e+00  3.000000e+00   
   19   7.900000e+00  5.000000e+00   
   20   5.535898e+00  1.000000e+00   
   21   6.401924e+00  1.500000e+00   
   22   4.669873e+00  5.000000e-01   
   23   8.094979e+00  3.583333e+00   
   24   7.267949e+00  2.000000e+00   
   25   3.500000e+00 -8.881784e-16   
   26   8.133975e+00  2.500000e+00   
   27   6.401924e+00  5.000000e-01   
   28   5.535898e+00 -3.552714e-15   
   29   7.267949e+00  1.000000e+00   
   30   9.000000e+00  5.000000e+00   
   31   9.000000e+00  4.000000e+00   
   32   4.669873e+00 -5.000000e-01   
   33   8.133975e+00  1.500000e+00   
   34   9.000000e+00  3.000000e+00   
   35   3.500000e+00 -1.000000e+00   
   36   6.401924e+00 -5.000000e-01   
   37   7.267949e+00 -2.220446e-15   
   38   9.000000e+00  2.000000e+00   
   39   5.535898e+00 -1.000000e+00   
   40   8.133975e+00  5.000000e-01   
   41   4.366025e+00 -1.500000e+00   
   42   9.000000e+00  1.000000e+00   
   43   3.500000e+00 -2.000000e+00   
   44   7.267949e+00 -1.000000e+00   
   45   6.401924e+00 -1.500000e+00   
   46   8.133975e+00 -5.000000e-01   
   47   5.535898e+00 -2.000000e+00   
   48   9.000000e+00  8.881784e-16   
   49   4.366025e+00 -2.500000e+00   
   50   7.267949e+00 -2.000000e+00   
   51   8.133975e+00 -1.500000e+00   
   52   3.500000e+00 -3.000000e+00   
   53   6.401924e+00 -2.500000e+00   
   54   9.000000e+00 -1.000000e+00   
   55   5.535898e+00 -3.000000e+00   
   56   4.669873e+00 -3.500000e+00   
   57   8.133975e+00 -2.500000e+00   
   58   7.267949e+00 -3.000000e+00   
   59   9.000000e+00 -2.000000e+00   
   60   3.500000e+00 -4.000000e+00   
   61   6.468270e+00 -3.583333e+00   
   62   5.535898e+00 -4.000000e+00   
   63   9.000000e+00 -3.000000e+00   
   64   8.094979e+00 -3.583333e+00   
   65   7.306240e+00 -4.033333e+00   
   66   3.500000e+00 -5.000000e+00   
   67   4.600000e+00 -5.000000e+00   
   68   5.700000e+00 -5.000000e+00   
   69   6.800000e+00 -5.000000e+00   
   70   9.000000e+00 -4.000000e+00   
   71   7.900000e+00 -5.000000e+00   
   72   9.000000e+00 -5.000000e+00   
  END_COORDINATES
  BOUNDARIES, ELEMENT
    1         71     72         1     
    2         72     70         1     
    3         34     31         2     
    4         35     43         3     
    5         38     34         8     
    6         43     52         9     
    7         42     38         14     
    8         59     54         38     
    9         70     63         70     
    10         63     59         80     
    11         54     48         81     
    12         48     42         83     
    13         5     10         86     
    14         52     60         88     
    15         3     1         89     
    16         1     2         89     
    17         17     25         90     
    18         31     30         96     
    19         30     19         96     
    20         10     17         98     
    21         2     5         99     
    22         66     67         101     
    23         60     66         101     
    24         25     35         102     
    25         6     3         105     
    26         12     6         106     
    27         68     69         107     
    28         67     68         108     
    29         19     12         109     
    30         69     71         110     
  END_BOUNDARIES
  MATERIALS, NUMBER= 1, DEFAULT=1
  END_MATERIALS
  SUBDOMAINS
  END_SUBDOMAINS
  CHARACTERISTICS
  END_CHARACTERISTICS
