  NODES_PER_ELEMENT
   1 3
   2 3
   3 3
   4 3
   5 3
   6 3
   7 3
   8 3
   9 3
   10 3
   11 3
   12 3
   13 3
   14 3
   15 3
   16 3
   17 3
   18 3
   19 3
   20 3
   21 3
   22 3
   23 3
   24 3
   25 3
   26 3
   27 3
   28 3
   29 3
   30 3
   31 3
   32 3
   33 3
   34 3
   35 3
   36 3
   37 3
   38 3
   39 3
   40 3
   41 3
   42 3
   43 3
   44 3
   45 3
   46 3
   47 3
   48 3
   49 3
   50 3
   51 3
   52 3
   53 3
   54 3
   55 3
   56 3
   57 3
   58 3
   59 3
   60 3
   61 3
   62 3
   63 3
   64 3
   65 3
   66 3
   67 3
   68 3
   69 3
   70 3
   71 3
   72 3
   73 3
   74 3
   75 3
   76 3
   77 3
   78 3
   79 3
   80 3
   81 3
   82 3
   83 3
   84 3
   85 3
   86 3
   87 3
   88 3
   89 3
   90 3
   91 3
   92 3
   93 3
   94 3
   95 3
   96 3
   97 3
   98 3
   99 3
   100 3
   101 3
   102 3
   103 3
   104 3
   105 3
   106 3
   107 3
   108 3
   109 3
   110 3
   111 3
   112 3
   113 3
   114 3
   115 3
   116 3
   117 3
   118 3
   119 3
   120 3
   121 3
   122 3
   123 3
   124 3
   125 3
   126 3
   127 3
   128 3
   129 3
   130 3
   131 3
   132 3
   133 3
   134 3
   135 3
   136 3
   137 3
   138 3
   139 3
   140 3
   141 3
   142 3
   143 3
   144 3
   145 3
   146 3
   147 3
   148 3
   149 3
   150 3
   151 3
   152 3
   153 3
   154 3
   155 3
   156 3
   157 3
   158 3
   159 3
   160 3
   161 3
   162 3
   163 3
   164 3
   165 3
   166 3
   167 3
   168 3
   169 3
   170 3
   171 3
   172 3
   173 3
   174 3
   175 3
   176 3
   177 3
   178 3
   179 3
   180 3
   181 3
   182 3
   183 3
   184 3
   185 3
   186 3
   187 3
   188 3
   189 3
   190 3
   191 3
   192 3
   193 3
   194 3
   195 3
   196 3
   197 3
   198 3
   199 3
   200 3
   201 3
   202 3
   203 3
   204 3
   205 3
   206 3
   207 3
   208 3
   209 3
   210 3
   211 3
   212 3
   213 3
   214 3
   215 3
   216 3
   217 3
   218 3
   219 3
   220 3
   221 3
   222 3
   223 3
   224 3
   225 3
   226 3
   227 3
   228 3
   229 3
   230 3
   231 3
   232 3
   233 3
   234 3
   235 3
   236 3
   237 3
   238 3
   239 3
   240 3
   241 3
   242 3
   243 3
   244 3
   245 3
   246 3
   247 3
   248 3
   249 3
   250 3
   251 3
   252 3
   253 3
   254 3
   255 3
   256 3
   257 3
   258 3
   259 3
   260 3
   261 3
   262 3
   263 3
   264 3
   265 3
   266 3
   267 3
   268 3
   269 3
   270 3
   271 3
   272 3
   273 3
   274 3
   275 3
   276 3
   277 3
   278 3
   279 3
   280 3
   281 3
   282 3
   283 3
   284 3
   285 3
   286 3
   287 3
   288 3
   289 3
   290 3
   291 3
   292 3
   293 3
   294 3
   295 3
   296 3
   297 3
   298 3
   299 3
   300 3
   301 3
   302 3
   303 3
   304 3
   305 3
   306 3
   307 3
   308 3
   309 3
   310 3
   311 3
   312 3
   313 3
   314 3
   315 3
   316 3
   317 3
   318 3
   319 3
   320 3
   321 3
   322 3
   323 3
   324 3
   325 3
   326 3
   327 3
   328 3
   329 3
   330 3
   331 3
   332 3
   333 3
   334 3
   335 3
   336 3
   337 3
  END_NODES_PER_ELEMENT
  ELEMENTS
  1 111 113 112  
  2 112 113 116  
  3 111 112 107  
  4 107 112 108  
  5 111 107 102  
  6 108 112 116  
  7 107 108 103  
  8 103 108 105  
  9 107 103 102  
  10 183 181 174  
  11 182 186 176  
  12 186 190 179  
  13 193 196 191  
  14 188 183 177  
  15 181 182 173  
  16 190 193 185  
  17 102 103 96  
  18 192 184 187  
  19 155 158 143  
  20 176 186 179  
  21 182 176 173  
  22 191 196 195  
  23 193 191 185  
  24 174 181 173  
  25 179 190 185  
  26 177 183 174  
  27 188 177 180  
  28 105 108 110  
  29 103 105 99  
  30 176 179 168  
  31 185 191 178  
  32 177 174 164  
  33 173 176 166  
  34 174 173 165  
  35 179 185 171  
  36 138 145 141  
  37 119 122 114  
  38 126 129 125  
  39 133 138 135  
  40 116 119 110  
  41 110 119 114  
  42 122 126 120  
  43 129 133 130  
  44 145 148 149  
  45 108 116 110  
  46 110 114 104  
  47 150 155 143  
  48 196 200 195  
  49 187 184 175  
  50 192 187 194  
  51 191 195 189  
  52 180 177 170  
  53 188 180 198  
  54 141 145 149  
  55 138 141 135  
  56 120 126 125  
  57 122 120 114  
  58 125 129 130  
  59 133 135 130  
  60 149 148 161  
  61 96 103 99  
  62 96 99 93  
  63 102 96 88  
  64 195 200 201  
  65 105 110 104  
  66 99 105 104  
  67 141 149 153  
  68 114 120 109  
  69 130 135 132  
  70 135 141 140  
  71 120 125 118  
  72 125 130 124  
  73 172 167 162  
  74 167 160 156  
  75 152 150 144  
  76 160 157 147  
  77 157 152 146  
  78 199 192 194  
  79 184 172 175  
  80 199 194 201  
  81 175 172 162  
  82 187 175 189  
  83 194 187 189  
  84 189 175 178  
  85 189 178 191  
  86 168 179 171  
  87 168 171 159  
  88 166 176 168  
  89 166 168 154  
  90 185 178 171  
  91 171 178 163  
  92 173 166 165  
  93 165 166 153  
  94 164 174 165  
  95 164 165 153  
  96 177 164 170  
  97 170 164 161  
  98 170 161 169  
  99 189 195 194  
  100 194 195 201  
  101 180 170 169  
  102 161 148 169  
  103 149 161 164  
  104 144 150 143  
  105 152 144 146  
  106 162 167 156  
  107 156 160 147  
  108 147 157 146  
  109 175 162 163  
  110 162 156 151  
  111 201 200 203  
  112 146 144 134  
  113 156 147 142  
  114 147 146 137  
  115 104 114 109  
  116 153 149 164  
  117 140 141 153  
  118 140 153 154  
  119 124 130 132  
  120 124 132 127  
  121 109 120 118  
  122 109 118 106  
  123 118 125 124  
  124 118 124 115  
  125 135 140 132  
  126 132 140 136  
  127 93 99 94  
  128 96 93 88  
  129 199 201 202  
  130 104 109 97  
  131 159 171 163  
  132 159 163 151  
  133 154 168 159  
  134 154 159 139  
  135 163 178 175  
  136 166 154 153  
  137 99 104 94  
  138 134 144 143  
  139 146 134 137  
  140 137 134 123  
  141 151 156 142  
  142 151 142 139  
  143 162 151 163  
  144 142 147 137  
  145 142 137 128  
  146 93 94 86  
  147 88 93 86  
  148 202 201 203  
  149 94 104 97  
  150 94 97 90  
  151 198 180 197  
  152 180 169 197  
  153 106 118 115  
  154 106 115 101  
  155 115 124 127  
  156 115 127 101  
  157 136 140 154  
  158 109 106 97  
  159 97 106 92  
  160 132 136 127  
  161 127 139 128  
  162 86 94 90  
  163 90 97 92  
  164 86 90 82  
  165 139 159 151  
  166 154 139 136  
  167 136 139 127  
  168 123 134 121  
  169 137 123 128  
  170 128 123 101  
  171 142 128 139  
  172 202 203 204  
  173 90 92 82  
  174 88 86 81  
  175 106 101 92  
  176 92 101 87  
  177 134 143 121  
  178 86 82 81  
  179 123 121 100  
  180 121 143 131  
  181 100 121 95  
  182 123 100 101  
  183 101 127 128  
  184 87 101 100  
  185 92 87 82  
  186 89 83 80  
  187 83 79 74  
  188 13 8 12  
  189 8 4 7  
  190 9 14 10  
  191 14 19 17  
  192 19 26 22  
  193 26 34 29  
  194 64 73 68  
  195 73 81 75  
  196 34 41 35  
  197 41 48 45  
  198 48 56 52  
  199 56 64 61  
  200 95 121 131  
  201 100 95 85  
  202 66 60 58  
  203 60 54 50  
  204 87 100 85  
  205 79 72 74  
  206 72 66 58  
  207 117 98 91  
  208 98 89 80  
  209 28 20 24  
  210 20 13 18  
  211 87 85 78  
  212 80 83 74  
  213 80 74 70  
  214 70 74 65  
  215 80 70 77  
  216 12 8 7  
  217 12 7 11  
  218 13 12 18  
  219 18 12 15  
  220 15 12 11  
  221 15 11 16  
  222 16 11 10  
  223 15 16 21  
  224 18 15 23  
  225 7 4 2  
  226 11 7 6  
  227 10 14 17  
  228 10 17 16  
  229 9 10 5  
  230 17 19 22  
  231 17 22 16  
  232 22 26 29  
  233 22 29 25  
  234 29 34 35  
  235 29 35 32  
  236 68 73 75  
  237 68 75 71  
  238 75 81 82  
  239 75 82 78  
  240 22 25 16  
  241 71 75 78  
  242 71 78 67  
  243 67 78 76  
  244 71 67 63  
  245 64 68 61  
  246 61 68 63  
  247 25 29 32  
  248 25 32 30  
  249 30 32 38  
  250 25 30 21  
  251 68 71 63  
  252 35 41 45  
  253 35 45 39  
  254 52 56 61  
  255 52 61 51  
  256 39 45 51  
  257 52 51 45  
  258 52 45 48  
  259 35 39 32  
  260 32 39 38  
  261 38 39 47  
  262 51 61 63  
  263 51 63 57  
  264 57 63 67  
  265 51 57 47  
  266 47 39 51  
  267 38 47 46  
  268 85 95 84  
  269 58 60 50  
  270 58 50 49  
  271 50 54 44  
  272 49 50 42  
  273 58 55 65  
  274 91 98 80  
  275 117 91 95  
  276 87 78 82  
  277 24 20 18  
  278 24 18 23  
  279 24 23 31  
  280 31 23 27  
  281 24 31 33  
  282 28 24 33  
  283 28 33 40  
  284 40 33 44  
  285 40 44 54  
  286 21 16 25  
  287 15 21 23  
  288 23 21 27  
  289 27 21 30  
  290 65 74 72  
  291 70 65 62  
  292 77 70 69  
  293 80 77 91  
  294 7 2 6  
  295 6 2 5  
  296 6 5 10  
  297 11 6 10  
  298 2 4 1  
  299 2 1 3  
  300 9 5 3  
  301 3 5 2  
  302 30 38 37  
  303 31 27 36  
  304 33 31 44  
  305 46 47 57  
  306 38 46 37  
  307 84 95 91  
  308 84 91 77  
  309 85 84 76  
  310 50 44 42  
  311 42 44 31  
  312 49 42 43  
  313 62 65 55  
  314 70 62 69  
  315 77 69 76  
  316 30 37 27  
  317 36 27 37  
  318 31 36 42  
  319 42 36 43  
  320 43 36 37  
  321 76 84 77  
  322 85 76 78  
  323 67 76 69  
  324 49 43 55  
  325 49 55 58  
  326 62 55 53  
  327 53 55 43  
  328 62 53 59  
  329 59 53 46  
  330 46 53 43  
  331 62 59 69  
  332 43 37 46  
  333 69 59 67  
  334 95 131 117  
  335 59 46 57  
  336 59 57 67  
  337 58 65 72  
  END_ELEMENTS  
  COORDINATES  
   1   4.935400e+00  4.719600e+00   
   2   5.186651e+00  4.355342e+00   
   3   4.324600e+00  4.337100e+00   
   4   5.753400e+00  4.534400e+00   
   5   4.619471e+00  3.915873e+00   
   6   5.071479e+00  3.789833e+00   
   7   5.638228e+00  3.968891e+00   
   8   6.152900e+00  4.230000e+00   
   9   4.125300e+00  3.585200e+00   
   10   4.639814e+00  3.321621e+00   
   11   5.523057e+00  3.403382e+00   
   12   6.037728e+00  3.664491e+00   
   13   6.552400e+00  3.925600e+00   
   14   4.115300e+00  3.078550e+00   
   15   5.899696e+00  3.105266e+00   
   16   5.388887e+00  2.846892e+00   
   17   4.629814e+00  2.814971e+00   
   18   6.421716e+00  3.348743e+00   
   19   4.105300e+00  2.571900e+00   
   20   6.976950e+00  3.552600e+00   
   21   5.878824e+00  2.512404e+00   
   22   4.624915e+00  2.318075e+00   
   23   6.380345e+00  2.756092e+00   
   24   6.846266e+00  2.975743e+00   
   25   5.144530e+00  2.064250e+00   
   26   4.105300e+00  2.064250e+00   
   27   6.284901e+00  2.168747e+00   
   28   7.401500e+00  3.179600e+00   
   29   4.624915e+00  1.810425e+00   
   30   5.664146e+00  1.810356e+00   
   31   6.834882e+00  2.395913e+00   
   32   5.144530e+00  1.556462e+00   
   33   7.360089e+00  2.675628e+00   
   34   4.105300e+00  1.556600e+00   
   35   4.624915e+00  1.302500e+00   
   36   6.758259e+00  1.802070e+00   
   37   6.167178e+00  1.485761e+00   
   38   5.632457e+00  1.216545e+00   
   39   5.144530e+00  1.048400e+00   
   40   7.906200e+00  2.464700e+00   
   41   4.105300e+00  1.048400e+00   
   42   7.253963e+00  1.632005e+00   
   43   6.758757e+00  1.295097e+00   
   44   7.738957e+00  1.955359e+00   
   45   4.624915e+00  7.943000e-01   
   46   6.110416e+00  8.620021e-01   
   47   5.557789e+00  6.412099e-01   
   48   4.105300e+00  5.402000e-01   
   49   7.299712e+00  1.037992e+00   
   50   7.784706e+00  1.361346e+00   
   51   5.087369e+00  3.037197e-01   
   52   4.624915e+00  2.861250e-01   
   53   6.501380e+00  5.478272e-01   
   54   8.269700e+00  1.684700e+00   
   55   7.100637e+00  5.758529e-01   
   56   4.105300e+00  3.205000e-02   
   57   5.716050e+00 -4.873253e-03   
   58   7.846756e+00  8.366959e-01   
   59   6.226230e+00  1.466098e-02   
   60   8.331750e+00  1.160050e+00   
   61   4.624915e+00 -2.220250e-01   
   62   6.825537e+00  4.303393e-02   
   63   5.318472e+00 -4.170984e-01   
   64   4.105300e+00 -4.761000e-01   
   65   7.423489e+00  7.053912e-02   
   66   8.393800e+00  6.354000e-01   
   67   5.793585e+00 -6.412845e-01   
   68   4.624915e+00 -7.299250e-01   
   69   6.561572e+00 -5.540273e-01   
   70   7.152466e+00 -4.583847e-01   
   71   5.144530e+00 -9.837500e-01   
   72   8.349750e+00  1.077000e-01   
   73   4.105300e+00 -9.837500e-01   
   74   7.729083e+00 -4.391924e-01   
   75   4.624915e+00 -1.237575e+00   
   76   6.166570e+00 -1.179641e+00   
   77   6.943649e+00 -1.014810e+00   
   78   5.421669e+00 -1.364262e+00   
   79   8.305700e+00 -4.200000e-01   
   80   7.526333e+00 -8.977924e-01   
   81   4.105300e+00 -1.491400e+00   
   82   4.669883e+00 -1.677265e+00   
   83   8.102950e+00 -8.786000e-01   
   84   6.472655e+00 -1.562174e+00   
   85   5.896755e+00 -1.714480e+00   
   86   4.421604e+00 -1.933719e+00   
   87   5.390567e+00 -1.953661e+00   
   88   4.105300e+00 -1.963520e+00   
   89   7.900200e+00 -1.337200e+00   
   90   4.656887e+00 -2.033975e+00   
   91   7.005882e+00 -1.734812e+00   
   92   4.941012e+00 -2.134448e+00   
   93   4.293648e+00 -2.120927e+00   
   94   4.453226e+00 -2.186361e+00   
   95   6.302119e+00 -2.132941e+00   
   96   4.185548e+00 -2.228343e+00   
   97   4.636940e+00 -2.287552e+00   
   98   7.591300e+00 -1.795800e+00   
   99   4.302561e+00 -2.292694e+00   
   100   5.798696e+00 -2.288774e+00   
   101   5.122158e+00 -2.357072e+00   
   102   4.105300e+00 -2.373879e+00   
   103   4.194828e+00 -2.389091e+00   
   104   4.435002e+00 -2.416315e+00   
   105   4.294914e+00 -2.412572e+00   
   106   4.796054e+00 -2.442486e+00   
   107   4.154270e+00 -2.451016e+00   
   108   4.211832e+00 -2.473118e+00   
   109   4.575374e+00 -2.506329e+00   
   110   4.312752e+00 -2.514501e+00   
   111   4.105300e+00 -2.503700e+00   
   112   4.160020e+00 -2.510287e+00   
   113   4.114600e+00 -2.546200e+00   
   114   4.415367e+00 -2.579702e+00   
   115   4.858779e+00 -2.604703e+00   
   116   4.214100e+00 -2.577400e+00   
   117   7.282400e+00 -2.254400e+00   
   118   4.667059e+00 -2.641334e+00   
   119   4.305300e+00 -2.627900e+00   
   120   4.501821e+00 -2.670587e+00   
   121   6.091441e+00 -2.615987e+00   
   122   4.384400e+00 -2.695800e+00   
   123   5.743736e+00 -2.724374e+00   
   124   4.736166e+00 -2.781722e+00   
   125   4.568403e+00 -2.777077e+00   
   126   4.448300e+00 -2.778100e+00   
   127   5.007982e+00 -2.813887e+00   
   128   5.399594e+00 -2.856436e+00   
   129   4.494300e+00 -2.871600e+00   
   130   4.612189e+00 -2.894840e+00   
   131   6.694213e+00 -2.711037e+00   
   132   4.775637e+00 -2.933048e+00   
   133   4.520500e+00 -2.972500e+00   
   134   5.937422e+00 -2.946024e+00   
   135   4.631362e+00 -3.018838e+00   
   136   4.956168e+00 -3.053782e+00   
   137   5.756804e+00 -3.018436e+00   
   138   4.526000e+00 -3.076600e+00   
   139   5.207375e+00 -3.110443e+00   
   140   4.801881e+00 -3.136416e+00   
   141   4.625169e+00 -3.144301e+00   
   142   5.595032e+00 -3.127394e+00   
   143   6.266100e+00 -3.043400e+00   
   144   6.066425e+00 -3.109602e+00   
   145   4.510400e+00 -3.179600e+00   
   146   5.916708e+00 -3.153318e+00   
   147   5.778671e+00 -3.226484e+00   
   148   4.474500e+00 -3.277500e+00   
   149   4.599447e+00 -3.303810e+00   
   150   6.154900e+00 -3.229600e+00   
   151   5.424302e+00 -3.311944e+00   
   152   6.027800e+00 -3.253600e+00   
   153   4.781247e+00 -3.333246e+00   
   154   5.041705e+00 -3.335280e+00   
   155   6.265100e+00 -3.228600e+00   
   156   5.658300e+00 -3.326239e+00   
   157   5.907600e+00 -3.302700e+00   
   158   6.363200e+00 -3.244600e+00   
   159   5.206318e+00 -3.388770e+00   
   160   5.799500e+00 -3.374800e+00   
   161   4.531900e+00 -3.417413e+00   
   162   5.560480e+00 -3.447160e+00   
   163   5.331869e+00 -3.471083e+00   
   164   4.669521e+00 -3.480489e+00   
   165   4.807750e+00 -3.491510e+00   
   166   4.934230e+00 -3.499758e+00   
   167   5.708400e+00 -3.466900e+00   
   168   5.061099e+00 -3.519170e+00   
   169   4.352459e+00 -3.535436e+00   
   170   4.547019e+00 -3.550839e+00   
   171   5.171558e+00 -3.584701e+00   
   172   5.637300e+00 -3.575100e+00   
   173   4.862966e+00 -3.619366e+00   
   174   4.759995e+00 -3.622336e+00   
   175   5.461972e+00 -3.616372e+00   
   176   4.964679e+00 -3.635617e+00   
   177   4.659286e+00 -3.644267e+00   
   178   5.285240e+00 -3.656403e+00   
   179   5.061664e+00 -3.670325e+00   
   180   4.517981e+00 -3.686281e+00   
   181   4.813900e+00 -3.706400e+00   
   182   4.900400e+00 -3.712000e+00   
   183   4.727900e+00 -3.716900e+00   
   184   5.589200e+00 -3.696200e+00   
   185   5.150654e+00 -3.722437e+00   
   186   4.984300e+00 -3.733500e+00   
   187   5.478358e+00 -3.723979e+00   
   188   4.645300e+00 -3.743200e+00   
   189   5.367220e+00 -3.753575e+00   
   190   5.062800e+00 -3.770200e+00   
   191   5.228167e+00 -3.790249e+00   
   192   5.569200e+00 -3.793300e+00   
   193   5.133200e+00 -3.820900e+00   
   194   5.448878e+00 -3.856794e+00   
   195   5.311398e+00 -3.875030e+00   
   196   5.192900e+00 -3.883600e+00   
   197   4.188200e+00 -3.882600e+00   
   198   4.491500e+00 -3.906500e+00   
   199   5.564200e+00 -3.923500e+00   
   200   5.252600e+00 -3.982400e+00   
   201   5.401754e+00 -4.011936e+00   
   202   5.561148e+00 -4.173093e+00   
   203   5.272300e+00 -4.260800e+00   
   204   5.556600e+00 -4.545000e+00   
  END_COORDINATES
  BOUNDARIES, ELEMENT
    1         111     113         1     
    2         113     116         2     
    3         102     111         5     
    4         183     181         10     
    5         182     186         11     
    6         186     190         12     
    7         193     196         13     
    8         188     183         14     
    9         181     182         15     
    10         190     193         16     
    11         192     184         18     
    12         155     158         19     
    13         158     143         19     
    14         138     145         36     
    15         119     122         37     
    16         126     129         38     
    17         133     138         39     
    18         116     119         40     
    19         122     126         42     
    20         129     133         43     
    21         145     148         44     
    22         150     155         47     
    23         196     200         48     
    24         198     188         53     
    25         88     102         63     
    26         172     167         73     
    27         167     160         74     
    28         152     150         75     
    29         160     157         76     
    30         157     152         77     
    31         199     192         78     
    32         184     172         79     
    33         148     169         102     
    34         200     203         111     
    35         202     199         129     
    36         197     198         151     
    37         169     197         152     
    38         203     204         172     
    39         204     202         172     
    40         81     88         174     
    41         143     131         180     
    42         89     83         186     
    43         83     79         187     
    44         13     8         188     
    45         8     4         189     
    46         9     14         190     
    47         14     19         191     
    48         19     26         192     
    49         26     34         193     
    50         64     73         194     
    51         73     81         195     
    52         34     41         196     
    53         41     48         197     
    54         48     56         198     
    55         56     64         199     
    56         66     60         202     
    57         60     54         203     
    58         79     72         205     
    59         72     66         206     
    60         117     98         207     
    61         98     89         208     
    62         28     20         209     
    63         20     13         210     
    64         40     28         283     
    65         54     40         285     
    66         4     1         298     
    67         1     3         299     
    68         3     9         300     
    69         131     117         334     
  END_BOUNDARIES
  MATERIALS, NUMBER= 1, DEFAULT=1
  END_MATERIALS
  SUBDOMAINS
  END_SUBDOMAINS
  CHARACTERISTICS
  END_CHARACTERISTICS
