  NODES_PER_ELEMENT
   1 6
   2 6
   3 6
   4 6
   5 6
   6 6
   7 6
   8 6
   9 6
   10 6
   11 6
   12 6
   13 6
   14 6
   15 6
   16 6
   17 6
   18 6
   19 6
   20 6
   21 6
   22 6
   23 6
   24 6
   25 6
   26 6
   27 6
   28 6
   29 6
   30 6
   31 6
   32 6
   33 6
   34 6
   35 6
   36 6
   37 6
   38 6
   39 6
   40 6
   41 6
   42 6
   43 6
   44 6
   45 6
   46 6
   47 6
   48 6
   49 6
   50 6
   51 6
   52 6
   53 6
   54 6
   55 6
   56 6
   57 6
   58 6
   59 6
   60 6
   61 6
   62 6
   63 6
   64 6
   65 6
   66 6
   67 6
   68 6
   69 6
   70 6
   71 6
   72 6
   73 6
   74 6
   75 6
   76 6
   77 6
   78 6
   79 6
   80 6
   81 6
   82 6
   83 6
   84 6
   85 6
   86 6
   87 6
   88 6
   89 6
   90 6
   91 6
   92 6
   93 6
   94 6
   95 6
   96 6
   97 6
   98 6
   99 6
   100 6
   101 6
   102 6
   103 6
   104 6
   105 6
   106 6
   107 6
   108 6
   109 6
   110 6
   111 6
   112 6
   113 6
   114 6
   115 6
   116 6
   117 6
   118 6
   119 6
   120 6
   121 6
   122 6
   123 6
   124 6
   125 6
   126 6
   127 6
   128 6
   129 6
   130 6
   131 6
   132 6
   133 6
   134 6
   135 6
   136 6
   137 6
   138 6
   139 6
   140 6
   141 6
   142 6
   143 6
   144 6
   145 6
   146 6
   147 6
   148 6
   149 6
   150 6
   151 6
   152 6
   153 6
   154 6
   155 6
   156 6
   157 6
   158 6
   159 6
   160 6
   161 6
   162 6
   163 6
   164 6
   165 6
   166 6
   167 6
   168 6
   169 6
   170 6
   171 6
   172 6
   173 6
   174 6
   175 6
   176 6
   177 6
   178 6
   179 6
   180 6
   181 6
   182 6
   183 6
   184 6
   185 6
   186 6
   187 6
   188 6
   189 6
   190 6
   191 6
   192 6
   193 6
   194 6
   195 6
   196 6
   197 6
   198 6
   199 6
   200 6
   201 6
   202 6
   203 6
   204 6
   205 6
   206 6
   207 6
   208 6
   209 6
   210 6
   211 6
   212 6
   213 6
   214 6
   215 6
   216 6
   217 6
   218 6
   219 6
   220 6
   221 6
   222 6
   223 6
   224 6
   225 6
   226 6
   227 6
   228 6
   229 6
   230 6
   231 6
   232 6
   233 6
   234 6
   235 6
   236 6
   237 6
   238 6
   239 6
   240 6
   241 6
   242 6
   243 6
   244 6
   245 6
   246 6
   247 6
   248 6
   249 6
   250 6
   251 6
   252 6
   253 6
   254 6
   255 6
   256 6
   257 6
   258 6
   259 6
   260 6
   261 6
   262 6
   263 6
   264 6
   265 6
   266 6
   267 6
   268 6
   269 6
   270 6
   271 6
   272 6
   273 6
   274 6
   275 6
   276 6
   277 6
   278 6
   279 6
   280 6
   281 6
   282 6
   283 6
   284 6
   285 6
   286 6
   287 6
   288 6
   289 6
   290 6
   291 6
   292 6
   293 6
   294 6
   295 6
   296 6
   297 6
   298 6
   299 6
   300 6
   301 6
   302 6
   303 6
   304 6
   305 6
   306 6
   307 6
   308 6
   309 6
   310 6
   311 6
   312 6
   313 6
   314 6
   315 6
   316 6
   317 6
   318 6
   319 6
   320 6
   321 6
   322 6
   323 6
   324 6
   325 6
   326 6
   327 6
   328 6
   329 6
   330 6
   331 6
   332 6
   333 6
   334 6
   335 6
   336 6
   337 6
   338 6
   339 6
   340 6
   341 6
   342 6
   343 6
   344 6
   345 6
   346 6
   347 6
   348 6
   349 6
   350 6
   351 6
   352 6
   353 6
   354 6
   355 6
   356 6
   357 6
   358 6
   359 6
   360 6
   361 6
   362 6
   363 6
   364 6
   365 6
   366 6
   367 6
   368 6
   369 6
   370 6
   371 6
   372 6
   373 6
   374 6
   375 6
   376 6
   377 6
   378 6
   379 6
   380 6
   381 6
   382 6
   383 6
   384 6
   385 6
   386 6
   387 6
   388 6
   389 6
   390 6
   391 6
   392 6
   393 6
   394 6
   395 6
   396 6
   397 6
   398 6
   399 6
   400 6
   401 6
   402 6
   403 6
   404 6
   405 6
   406 6
   407 6
   408 6
   409 6
   410 6
   411 6
   412 6
   413 6
   414 6
   415 6
   416 6
   417 6
   418 6
   419 6
   420 6
   421 6
   422 6
   423 6
   424 6
   425 6
   426 6
   427 6
   428 6
   429 6
   430 6
   431 6
   432 6
   433 6
   434 6
   435 6
   436 6
   437 6
   438 6
   439 6
   440 6
   441 6
   442 6
   443 6
   444 6
   445 6
   446 6
   447 6
   448 6
   449 6
   450 6
   451 6
   452 6
   453 6
   454 6
   455 6
   456 6
   457 6
   458 6
   459 6
   460 6
   461 6
   462 6
   463 6
   464 6
   465 6
   466 6
   467 6
   468 6
   469 6
   470 6
   471 6
   472 6
   473 6
   474 6
   475 6
   476 6
   477 6
   478 6
   479 6
   480 6
   481 6
   482 6
   483 6
   484 6
   485 6
   486 6
   487 6
   488 6
   489 6
   490 6
   491 6
   492 6
   493 6
   494 6
   495 6
   496 6
   497 6
   498 6
   499 6
   500 6
   501 6
   502 6
   503 6
   504 6
   505 6
   506 6
   507 6
   508 6
   509 6
   510 6
   511 6
   512 6
   513 6
   514 6
   515 6
   516 6
   517 6
   518 6
   519 6
   520 6
   521 6
   522 6
   523 6
   524 6
   525 6
   526 6
   527 6
   528 6
   529 6
   530 6
   531 6
   532 6
   533 6
   534 6
   535 6
   536 6
   537 6
   538 6
   539 6
   540 6
   541 6
   542 6
   543 6
   544 6
   545 6
   546 6
   547 6
   548 6
   549 6
   550 6
   551 6
   552 6
   553 6
   554 6
   555 6
   556 6
   557 6
   558 6
   559 6
   560 6
   561 6
   562 6
   563 6
   564 6
   565 6
   566 6
   567 6
   568 6
   569 6
   570 6
   571 6
   572 6
   573 6
   574 6
   575 6
   576 6
   577 6
   578 6
   579 6
   580 6
   581 6
   582 6
   583 6
   584 6
   585 6
   586 6
   587 6
   588 6
   589 6
   590 6
   591 6
   592 6
   593 6
   594 6
   595 6
   596 6
   597 6
   598 6
   599 6
   600 6
   601 6
   602 6
   603 6
   604 6
   605 6
   606 6
   607 6
   608 6
   609 6
   610 6
   611 6
   612 6
   613 6
   614 6
   615 6
   616 6
   617 6
   618 6
   619 6
   620 6
   621 6
   622 6
   623 6
   624 6
   625 6
   626 6
   627 6
   628 6
   629 6
   630 6
   631 6
   632 6
   633 6
   634 6
   635 6
   636 6
   637 6
   638 6
   639 6
   640 6
   641 6
   642 6
   643 6
   644 6
   645 6
   646 6
   647 6
   648 6
   649 6
   650 6
   651 6
   652 6
   653 6
   654 6
   655 6
   656 6
   657 6
   658 6
   659 6
   660 6
   661 6
   662 6
   663 6
   664 6
   665 6
   666 6
   667 6
   668 6
   669 6
   670 6
   671 6
   672 6
   673 6
   674 6
   675 6
   676 6
   677 6
   678 6
   679 6
   680 6
   681 6
   682 6
   683 6
   684 6
   685 6
   686 6
   687 6
   688 6
   689 6
   690 6
   691 6
   692 6
   693 6
   694 6
   695 6
   696 6
   697 6
   698 6
   699 6
   700 6
   701 6
   702 6
   703 6
   704 6
   705 6
   706 6
   707 6
   708 6
   709 6
   710 6
   711 6
   712 6
   713 6
   714 6
   715 6
   716 6
   717 6
   718 6
   719 6
   720 6
   721 6
   722 6
   723 6
   724 6
   725 6
   726 6
   727 6
   728 6
   729 6
   730 6
   731 6
   732 6
   733 6
   734 6
   735 6
   736 6
   737 6
   738 6
   739 6
  END_NODES_PER_ELEMENT
  ELEMENTS
  1 34 57 42 46 47 38  
  2 57 82 63 70 73 60  
  3 297 342 296 320 319 295  
  4 342 388 345 361 364 343  
  5 777 840 781 806 808 778  
  6 840 900 845 874 876 842  
  7 930 877 869 902 872 899  
  8 877 817 823 848 820 852  
  9 666 719 671 691 693 668  
  10 719 777 724 747 748 721  
  11 1032 983 975 1007 978 1004  
  12 983 930 919 954 924 952  
  13 900 957 905 931 934 903  
  14 957 1016 965 989 990 959  
  15 562 616 565 586 590 563  
  16 616 666 620 642 643 618  
  17 1016 1068 1020 1043 1044 1017  
  18 1068 1123 1073 1096 1099 1070  
  19 817 761 755 788 758 786  
  20 761 708 703 732 705 728  
  21 464 511 446 484 479 450  
  22 511 562 513 537 538 512  
  23 1130 1081 1067 1104 1072 1097  
  24 1081 1032 1021 1058 1028 1049  
  25 1123 1176 1125 1146 1147 1122  
  26 1176 1228 1180 1203 1206 1178  
  27 173 134 142 153 136 160  
  28 1501 1522 1487 1511 1505 1495  
  29 1544 1540 1519 1542 1531 1534  
  30 1540 1535 1510 1537 1525 1527  
  31 1275 1232 1224 1254 1227 1249  
  32 1232 1191 1172 1208 1181 1202  
  33 42 57 63 47 60 51  
  34 42 63 55 51 59 45  
  35 34 42 10 38 21 19  
  36 63 82 119 73 98 91  
  37 296 342 345 319 343 321  
  38 296 345 301 321 324 298  
  39 297 296 243 295 269 270  
  40 345 388 405 364 393 374  
  41 781 840 845 808 842 812  
  42 781 845 790 812 816 785  
  43 777 781 724 778 750 748  
  44 724 781 738 750 760 729  
  45 845 900 905 876 903 878  
  46 845 905 853 878 881 850  
  47 671 719 724 693 721 694  
  48 671 724 678 694 696 673  
  49 666 671 620 668 645 643  
  50 620 671 623 645 647 621  
  51 869 877 823 872 852 844  
  52 869 823 805 844 813 837  
  53 930 869 919 899 894 924  
  54 919 869 805 894 837 866  
  55 823 817 755 820 786 789  
  56 823 755 805 789 779 813  
  57 905 957 965 934 959 936  
  58 905 965 914 936 939 911  
  59 965 1016 1020 990 1017 991  
  60 965 1020 977 991 996 970  
  61 975 983 919 978 952 948  
  62 975 919 912 948 916 941  
  63 1032 975 1021 1004 995 1028  
  64 1021 975 912 995 941 966  
  65 565 616 620 590 618 591  
  66 565 620 571 591 594 568  
  67 562 565 513 563 540 538  
  68 513 565 521 540 543 516  
  69 1020 1068 1073 1044 1070 1046  
  70 1020 1073 1026 1046 1048 1023  
  71 1073 1123 1125 1099 1122 1100  
  72 1073 1125 1075 1100 1102 1074  
  73 446 511 513 479 512 480  
  74 446 513 472 480 492 455  
  75 464 446 405 450 424 435  
  76 755 761 703 758 728 726  
  77 755 703 698 726 697 725  
  78 703 708 641 705 677 672  
  79 1067 1081 1021 1072 1049 1042  
  80 1067 1021 1008 1042 1013 1037  
  81 1125 1176 1180 1147 1178 1149  
  82 1125 1180 1132 1149 1152 1129  
  83 1180 1228 1241 1206 1234 1209  
  84 1130 1067 1126 1097 1093 1128  
  85 464 405 388 435 393 422  
  86 55 63 85 59 76 68  
  87 42 55 25 45 39 30  
  88 301 345 365 324 355 333  
  89 296 301 247 298 273 271  
  90 521 565 571 543 568 547  
  91 521 571 531 547 551 527  
  92 531 571 599 551 584 564  
  93 521 531 468 527 503 494  
  94 513 521 472 516 497 492  
  95 472 521 468 497 494 470  
  96 472 468 401 470 433 437  
  97 1075 1125 1132 1102 1129 1103  
  98 1075 1132 1082 1103 1106 1078  
  99 1073 1075 1026 1074 1051 1048  
  100 1026 1075 1031 1051 1055 1029  
  101 1031 1075 1082 1055 1078 1057  
  102 1031 1082 1036 1057 1062 1033  
  103 1026 1031 958 1029 994 992  
  104 1036 1082 1110 1062 1092 1071  
  105 1031 1036 969 1033 1005 998  
  106 853 905 914 881 911 885  
  107 853 914 862 885 888 858  
  108 623 671 678 647 673 651  
  109 623 678 599 651 634 610  
  110 623 599 571 610 584 598  
  111 623 571 620 598 594 621  
  112 977 1020 1026 996 1023 999  
  113 977 1026 958 999 992 968  
  114 977 958 914 968 937 944  
  115 845 853 790 850 821 816  
  116 790 853 799 821 826 793  
  117 799 853 862 826 858 833  
  118 799 862 811 833 834 804  
  119 811 862 895 834 879 855  
  120 799 811 737 804 772 768  
  121 790 799 727 793 766 759  
  122 965 977 914 970 944 939  
  123 914 958 862 937 915 888  
  124 738 781 790 760 785 767  
  125 738 790 727 767 759 733  
  126 738 727 678 733 700 706  
  127 738 678 724 706 696 729  
  128 401 468 413 433 440 407  
  129 472 401 446 437 419 455  
  130 1082 1132 1150 1106 1140 1114  
  131 1487 1522 1515 1505 1517 1499  
  132 1501 1487 1461 1495 1476 1480  
  133 912 919 805 916 866 861  
  134 698 703 636 697 669 667  
  135 755 698 805 725 749 779  
  136 1008 1021 912 1013 966 956  
  137 1067 1008 1089 1037 1047 1077  
  138 1132 1180 1192 1152 1183 1163  
  139 405 446 365 424 408 385  
  140 142 134 101 136 113 121  
  141 173 142 193 160 169 184  
  142 1519 1540 1510 1531 1527 1516  
  143 1519 1510 1481 1516 1497 1500  
  144 1544 1519 1529 1534 1524 1538  
  145 1510 1535 1504 1525 1520 1507  
  146 1481 1510 1474 1497 1492 1478  
  147 1519 1481 1496 1500 1490 1508  
  148 1224 1232 1172 1227 1202 1198  
  149 1224 1172 1160 1198 1167 1189  
  150 1275 1224 1260 1249 1240 1267  
  151 1172 1191 1126 1181 1159 1145  
  152 1126 1191 1130 1159 1161 1128  
  153 1172 1126 1089 1145 1108 1135  
  154 1089 1126 1067 1108 1093 1077  
  155 1160 1172 1089 1167 1135 1119  
  156 1224 1160 1219 1189 1188 1221  
  157 1521 1503 1483 1512 1493 1502  
  158 1472 1447 1427 1460 1436 1452  
  159 243 296 247 269 271 244  
  160 243 247 197 244 223 222  
  161 297 243 239 270 241 267  
  162 239 243 200 241 224 218  
  163 345 405 365 374 385 355  
  164 365 446 401 408 419 384  
  165 197 247 207 223 227 202  
  166 641 708 617 677 659 627  
  167 703 641 636 672 639 669  
  168 636 641 576 639 607 604  
  169 576 641 617 607 627 596  
  170 636 576 577 604 573 605  
  171 1241 1228 1286 1234 1257 1265  
  172 1241 1286 1293 1265 1288 1270  
  173 1293 1286 1354 1288 1322 1325  
  174 1241 1293 1230 1270 1261 1235  
  175 1180 1241 1192 1209 1220 1183  
  176 1192 1241 1230 1220 1235 1207  
  177 1192 1230 1150 1207 1195 1171  
  178 1192 1150 1132 1171 1140 1163  
  179 1110 1082 1150 1092 1114 1134  
  180 1110 1150 1177 1134 1168 1142  
  181 1177 1150 1230 1168 1195 1205  
  182 1110 1177 1136 1142 1155 1116  
  183 1036 1110 1065 1071 1087 1053  
  184 969 1036 982 1005 1010 976  
  185 1031 969 958 998 963 994  
  186 958 969 895 963 932 929  
  187 895 969 918 932 943 906  
  188 85 63 119 76 91 100  
  189 25 55 52 39 50 33  
  190 895 862 958 879 915 929  
  191 737 811 752 772 780 742  
  192 55 85 80 68 81 67  
  193 42 25 10 30 13 21  
  194 811 895 835 855 867 824  
  195 799 737 727 768 731 766  
  196 727 737 655 731 690 688  
  197 655 737 685 690 712 665  
  198 727 655 678 688 660 700  
  199 247 301 256 273 279 251  
  200 301 365 328 333 348 312  
  201 531 599 557 564 578 544  
  202 468 531 481 503 507 474  
  203 413 468 481 440 474 447  
  204 401 340 328 370 331 360  
  205 1515 1522 1541 1517 1532 1530  
  206 1515 1541 1523 1530 1533 1518  
  207 1523 1541 1546 1533 1543 1536  
  208 1523 1546 1529 1536 1539 1526  
  209 1529 1546 1544 1539 1545 1538  
  210 1523 1529 1496 1526 1514 1509  
  211 1496 1529 1519 1514 1524 1508  
  212 1515 1523 1486 1518 1506 1498  
  213 1487 1515 1486 1499 1498 1485  
  214 1461 1487 1440 1476 1466 1453  
  215 1501 1461 1465 1480 1462 1482  
  216 1465 1461 1426 1462 1446 1448  
  217 1426 1461 1440 1446 1453 1433  
  218 1465 1426 1419 1448 1424 1444  
  219 1089 1008 1012 1047 1009 1052  
  220 698 636 640 667 638 670  
  221 101 134 78 113 102 89  
  222 1474 1510 1504 1492 1507 1489  
  223 1474 1504 1483 1489 1494 1479  
  224 1483 1504 1521 1494 1513 1502  
  225 1521 1504 1535 1513 1520 1528  
  226 193 142 168 169 154 181  
  227 1496 1481 1457 1490 1471 1477  
  228 142 101 115 121 107 129  
  229 1481 1474 1443 1478 1459 1464  
  230 173 193 240 184 215 206  
  231 1260 1224 1219 1240 1221 1239  
  232 1260 1219 1274 1239 1246 1266  
  233 1275 1260 1320 1267 1290 1299  
  234 1320 1260 1274 1290 1266 1297  
  235 1219 1160 1154 1188 1157 1186  
  236 1274 1219 1215 1246 1217 1244  
  237 1483 1503 1467 1493 1484 1475  
  238 1427 1447 1398 1436 1423 1412  
  239 1472 1427 1467 1452 1449 1468  
  240 918 969 982 943 976 950  
  241 918 982 935 950 955 926  
  242 935 982 1011 955 993 974  
  243 918 935 859 926 897 890  
  244 1011 982 1065 993 1025 1034  
  245 935 1011 964 974 987 949  
  246 859 935 883 897 908 868  
  247 918 859 835 890 847 880  
  248 835 859 794 847 827 815  
  249 918 835 895 880 867 906  
  250 794 859 803 827 832 798  
  251 835 794 752 815 771 795  
  252 752 794 718 771 754 736  
  253 718 794 803 754 798 762  
  254 752 718 685 736 701 715  
  255 803 859 883 832 868 841  
  256 803 883 831 841 856 814  
  257 685 718 633 701 680 657  
  258 752 685 737 715 712 742  
  259 831 883 913 856 896 871  
  260 803 831 746 814 787 773  
  261 207 247 256 227 251 230  
  262 207 256 221 230 238 213  
  263 221 256 278 238 265 249  
  264 207 221 170 213 195 186  
  265 197 207 157 202 182 175  
  266 1486 1523 1496 1506 1509 1491  
  267 1230 1293 1300 1261 1295 1264  
  268 633 718 664 680 689 654  
  269 685 633 614 657 624 650  
  270 1136 1177 1204 1155 1193 1170  
  271 1110 1136 1065 1116 1098 1087  
  272 1065 1136 1090 1098 1111 1076  
  273 1090 1136 1165 1111 1144 1131  
  274 1065 1090 1011 1076 1054 1034  
  275 655 685 614 665 650 632  
  276 913 883 964 896 921 938  
  277 831 913 865 871 891 846  
  278 746 831 776 787 802 764  
  279 803 746 718 773 734 762  
  280 577 576 514 573 548 549  
  281 982 1036 1065 1010 1053 1025  
  282 207 170 157 186 161 182  
  283 157 170 122 161 146 137  
  284 122 170 138 146 152 131  
  285 157 122 112 137 114 133  
  286 221 278 245 249 261 233  
  287 636 577 640 605 606 638  
  288 640 577 583 606 582 611  
  289 583 577 520 582 550 553  
  290 640 583 652 611 619 644  
  291 278 256 328 265 289 299  
  292 170 221 190 195 204 179  
  293 52 55 80 50 67 66  
  294 80 85 112 81 97 94  
  295 112 85 126 97 105 117  
  296 126 85 119 105 100 120  
  297 112 126 159 117 139 135  
  298 159 126 172 139 149 162  
  299 112 159 157 135 156 133  
  300 157 159 197 156 177 175  
  301 197 159 200 177 178 198  
  302 200 159 172 178 162 185  
  303 200 172 239 185 205 218  
  304 200 243 197 224 222 198  
  305 256 301 328 279 312 289  
  306 557 599 655 578 626 603  
  307 752 811 835 780 824 795  
  308 328 365 401 348 384 360  
  309 481 531 557 507 544 518  
  310 25 52 26 33 36 22  
  311 1440 1487 1450 1466 1470 1445  
  312 698 640 707 670 675 704  
  313 1012 1008 933 1009 971 973  
  314 115 101 72 107 83 93  
  315 112 122 80 114 99 94  
  316 168 142 115 154 129 140  
  317 138 170 190 152 179 163  
  318 138 190 166 163 176 151  
  319 166 190 217 176 203 192  
  320 138 166 118 151 141 128  
  321 1089 1012 1080 1052 1045 1084  
  322 193 168 229 181 196 209  
  323 122 138 95 131 116 109  
  324 1457 1481 1443 1471 1464 1451  
  325 1154 1160 1080 1157 1115 1113  
  326 964 1011 1039 987 1027 1003  
  327 1090 1165 1124 1131 1143 1109  
  328 1443 1474 1434 1459 1456 1439  
  329 1215 1219 1154 1217 1186 1184  
  330 1215 1154 1156 1184 1153 1185  
  331 1156 1154 1091 1153 1120 1121  
  332 1215 1156 1223 1185 1187 1218  
  333 883 935 964 908 949 921  
  334 1496 1457 1486 1477 1473 1491  
  335 1274 1215 1283 1244 1252 1279  
  336 1165 1136 1204 1144 1170 1182  
  337 1165 1204 1231 1182 1222 1200  
  338 1231 1204 1269 1222 1238 1251  
  339 1165 1231 1197 1200 1212 1179  
  340 1467 1503 1472 1484 1488 1468  
  341 1398 1447 1411 1423 1430 1403  
  342 1398 1411 1369 1403 1391 1380  
  343 1369 1411 1367 1391 1389 1366  
  344 1398 1369 1345 1380 1353 1371  
  345 1345 1317 1283 1333 1303 1313  
  346 1398 1345 1382 1371 1362 1390  
  347 217 190 245 203 216 231  
  348 118 166 150 141 158 132  
  349 1483 1467 1441 1475 1455 1463  
  350 1427 1398 1382 1412 1390 1404  
  351 1427 1382 1416 1404 1400 1421  
  352 1416 1382 1365 1400 1373 1392  
  353 1427 1416 1467 1421 1442 1449  
  354 1365 1382 1329 1373 1355 1347  
  355 1416 1365 1401 1392 1381 1407  
  356 1329 1382 1345 1355 1362 1336  
  357 1329 1345 1283 1336 1313 1308  
  358 1365 1329 1312 1347 1321 1338  
  359 1401 1365 1349 1381 1356 1374  
  360 166 217 201 192 208 183  
  361 138 118 95 128 106 116  
  362 95 118 79 106 96 86  
  363 79 118 108 96 111 92  
  364 95 79 52 86 65 75  
  365 1416 1401 1441 1407 1422 1429  
  366 1441 1401 1434 1422 1418 1438  
  367 1441 1434 1474 1438 1456 1458  
  368 1434 1401 1386 1418 1395 1409  
  369 1416 1441 1467 1429 1455 1442  
  370 1386 1401 1349 1395 1374 1370  
  371 1386 1349 1335 1370 1341 1359  
  372 1434 1386 1443 1409 1415 1439  
  373 1335 1349 1298 1341 1323 1314  
  374 1386 1335 1375 1359 1352 1377  
  375 1298 1349 1312 1323 1330 1306  
  376 1298 1312 1256 1306 1285 1280  
  377 1256 1312 1271 1285 1289 1262  
  378 1298 1256 1236 1280 1247 1268  
  379 1335 1298 1282 1314 1287 1311  
  380 1375 1335 1324 1352 1327 1350  
  381 1386 1375 1443 1377 1410 1415  
  382 240 193 229 215 209 232  
  383 108 118 150 111 132 127  
  384 108 150 144 127 147 125  
  385 144 150 191 147 171 165  
  386 108 144 103 125 123 104  
  387 79 108 74 92 90 77  
  388 1300 1293 1340 1295 1316 1319  
  389 652 583 597 619 587 622  
  390 1197 1231 1259 1212 1248 1229  
  391 103 144 148 123 143 124  
  392 520 577 514 550 549 517  
  393 520 514 456 517 486 488  
  394 456 514 457 486 485 454  
  395 520 456 467 488 461 493  
  396 1269 1204 1243 1238 1225 1255  
  397 191 150 201 171 174 194  
  398 191 201 252 194 226 220  
  399 1230 1300 1243 1264 1272 1237  
  400 640 652 707 644 679 675  
  401 707 652 714 679 682 713  
  402 714 652 661 682 656 687  
  403 707 714 775 713 745 741  
  404 1165 1197 1124 1179 1164 1143  
  405 1124 1197 1158 1164 1174 1141  
  406 1158 1197 1236 1174 1216 1199  
  407 1124 1158 1088 1141 1118 1107  
  408 108 103 74 104 88 90  
  409 74 103 72 88 84 69  
  410 583 520 530 553 525 556  
  411 1231 1269 1291 1251 1281 1263  
  412 144 191 188 165 187 164  
  413 664 718 746 689 734 709  
  414 1204 1177 1243 1193 1210 1225  
  415 1243 1177 1230 1210 1205 1237  
  416 746 776 702 764 740 722  
  417 614 633 566 624 600 589  
  418 831 865 776 846 822 802  
  419 633 664 592 654 631 613  
  420 1124 1088 1039 1107 1064 1083  
  421 865 913 945 891 928 904  
  422 1088 1158 1112 1118 1138 1101  
  423 514 576 528 548 552 519  
  424 1256 1271 1211 1262 1242 1233  
  425 467 456 403 461 429 434  
  426 190 221 245 204 233 216  
  427 1335 1282 1324 1311 1305 1327  
  428 775 714 792 745 751 783  
  429 245 278 305 261 291 275  
  430 1298 1236 1282 1268 1258 1287  
  431 1282 1236 1259 1258 1250 1273  
  432 661 652 597 656 622 630  
  433 661 597 612 630 602 637  
  434 612 597 546 602 570 580  
  435 661 612 683 637 649 676  
  436 26 52 48 36 49 32  
  437 1375 1324 1368 1350 1346 1372  
  438 25 26 7 22 14 15  
  439 520 467 530 493 500 525  
  440 530 467 478 500 473 505  
  441 478 467 414 473 441 445  
  442 530 478 546 505 510 535  
  443 1236 1256 1196 1247 1226 1213  
  444 457 514 528 485 519 490  
  445 457 528 466 490 496 459  
  446 466 528 533 496 529 502  
  447 457 466 402 459 432 428  
  448 707 775 805 741 791 753  
  449 805 851 912 829 882 861  
  450 714 661 735 687 695 723  
  451 1271 1312 1329 1289 1321 1302  
  452 456 457 395 454 426 425  
  453 229 168 214 196 189 219  
  454 201 217 254 208 236 228  
  455 252 201 254 226 228 253  
  456 612 546 567 580 555 588  
  457 72 101 78 83 89 71  
  458 1039 1011 1090 1027 1054 1066  
  459 1223 1156 1166 1187 1162 1194  
  460 414 467 403 441 434 409  
  461 414 403 352 409 378 381  
  462 352 403 341 378 372 347  
  463 414 352 363 381 358 389  
  464 933 1008 912 971 956 920  
  465 1091 1154 1080 1120 1113 1086  
  466 150 166 201 158 183 174  
  467 683 612 635 649 625 658  
  468 1080 1012 1022 1045 1015 1050  
  469 1283 1215 1223 1252 1218 1253  
  470 1283 1223 1271 1253 1245 1277  
  471 546 597 530 570 560 535  
  472 402 466 412 432 439 406  
  473 698 707 805 704 753 749  
  474 191 252 234 220 242 211  
  475 478 414 430 445 418 451  
  476 115 72 103 93 84 110  
  477 964 1039 997 1003 1019 980  
  478 1483 1441 1474 1463 1458 1479  
  479 1012 933 951 973 940 981  
  480 122 95 80 109 87 99  
  481 1156 1091 1105 1121 1094 1133  
  482 661 683 735 676 711 695  
  483 735 683 756 711 717 743  
  484 756 683 710 717 692 730  
  485 735 756 810 743 782 770  
  486 710 683 635 692 658 674  
  487 710 635 663 674 653 686  
  488 663 635 593 653 615 629  
  489 710 663 739 686 699 720  
  490 756 710 784 730 744 769  
  491 810 756 838 782 796 825  
  492 735 810 792 770 801 765  
  493 1089 1080 1160 1084 1115 1119  
  494 1090 1124 1039 1109 1083 1066  
  495 1274 1283 1317 1279 1303 1296  
  496 457 402 395 428 398 426  
  497 395 402 338 398 371 368  
  498 338 402 350 371 376 346  
  499 395 338 341 368 337 369  
  500 350 402 412 376 406 380  
  501 350 412 387 380 397 366  
  502 387 412 460 397 438 421  
  503 460 412 466 438 439 462  
  504 338 350 285 346 316 313  
  505 1291 1269 1315 1281 1292 1307  
  506 775 792 851 783 819 809  
  507 341 403 395 372 399 369  
  508 633 592 566 613 579 600  
  509 593 635 567 615 601 581  
  510 593 567 526 581 545 558  
  511 79 74 48 77 62 64  
  512 79 48 52 64 49 65  
  513 48 74 37 62 54 43  
  514 37 74 72 54 69 53  
  515 48 37 26 43 27 32  
  516 746 702 664 722 684 709  
  517 414 363 430 389 394 418  
  518 430 363 386 394 377 411  
  519 386 363 323 377 344 354  
  520 430 386 452 411 417 443  
  521 323 363 300 344 332 309  
  522 386 323 349 354 334 367  
  523 452 386 415 417 400 436  
  524 430 452 501 443 476 465  
  525 103 148 115 124 130 110  
  526 1088 1112 1030 1101 1069 1061  
  527 1349 1365 1312 1356 1338 1330  
  528 188 191 234 187 211 210  
  529 188 234 237 210 235 212  
  530 237 234 286 235 259 262  
  531 188 237 214 212 225 199  
  532 245 305 277 275 290 260  
  533 1197 1259 1236 1229 1250 1216  
  534 1282 1259 1324 1273 1294 1305  
  535 865 945 901 904 922 886  
  536 1300 1340 1364 1319 1351 1331  
  537 614 566 557 589 559 585  
  538 739 663 702 699 681 716  
  539 1269 1243 1304 1255 1276 1284  
  540 352 341 286 347 314 317  
  541 1231 1291 1259 1263 1278 1248  
  542 305 278 340 291 307 326  
  543 945 913 997 928 953 972  
  544 1340 1293 1354 1316 1325 1348  
  545 1340 1354 1419 1348 1387 1378  
  546 663 593 628 629 609 646  
  547 702 776 739 740 757 716  
  548 528 576 617 552 596 569  
  549 597 583 530 587 556 560  
  550 1112 1158 1196 1138 1173 1151  
  551 1112 1196 1139 1151 1169 1127  
  552 1139 1196 1211 1169 1201 1175  
  553 1112 1056 1030 1085 1040 1069  
  554 363 352 300 358 327 332  
  555 300 352 286 327 317 293  
  556 300 286 234 293 259 266  
  557 237 286 280 262 282 257  
  558 280 286 341 282 314 310  
  559 237 280 214 257 246 225  
  560 144 188 148 164 167 143  
  561 714 735 792 723 765 751  
  562 592 664 628 631 648 608  
  563 710 739 784 720 763 744  
  564 784 739 818 763 774 800  
  565 818 739 776 774 757 797  
  566 818 776 865 797 822 839  
  567 818 865 901 839 886 863  
  568 784 818 870 800 843 828  
  569 870 818 901 843 863 887  
  570 870 901 947 887 923 910  
  571 947 901 979 923 942 961  
  572 870 947 907 910 925 889  
  573 979 901 945 942 922 960  
  574 979 945 1030 960 988 1006  
  575 947 979 1024 961 1000 985  
  576 907 947 984 925 962 946  
  577 870 907 838 889 875 854  
  578 838 907 884 875 893 860  
  579 884 907 951 893 927 917  
  580 884 951 864 917 909 873  
  581 838 884 810 860 849 825  
  582 810 884 864 849 873 836  
  583 864 951 933 909 940 898  
  584 810 864 792 836 830 801  
  585 792 864 851 830 857 819  
  586 851 864 933 857 898 892  
  587 1024 979 1056 1000 1018 1035  
  588 947 1024 984 985 1002 962  
  589 907 984 951 946 967 927  
  590 870 838 784 854 807 828  
  591 1056 979 1030 1018 1006 1040  
  592 1056 1112 1139 1085 1127 1095  
  593 1024 1056 1105 1035 1079 1063  
  594 1211 1271 1223 1242 1245 1214  
  595 305 340 373 326 357 335  
  596 373 340 413 357 379 391  
  597 305 373 339 335 356 325  
  598 339 373 410 356 390 375  
  599 305 339 277 325 306 290  
  600 410 373 442 390 404 420  
  601 442 373 413 404 391 423  
  602 254 217 277 236 248 264  
  603 415 386 349 400 367 382  
  604 7 26 12 14 17 8  
  605 12 26 37 17 27 23  
  606 7 12 1 8 5 2  
  607 7 1 10 2 3 6  
  608 1317 1345 1369 1333 1353 1343  
  609 1317 1369 1367 1343 1366 1342  
  610 338 285 280 313 281 308  
  611 1223 1166 1211 1194 1190 1214  
  612 1211 1166 1139 1190 1148 1175  
  613 1139 1166 1105 1148 1137 1117  
  614 756 784 838 769 807 796  
  615 339 410 383 375 392 359  
  616 383 410 448 392 427 416  
  617 339 383 315 359 353 329  
  618 448 410 477 427 444 463  
  619 383 448 415 416 431 396  
  620 383 415 349 396 382 362  
  621 383 349 315 362 330 353  
  622 315 349 288 330 318 303  
  623 288 349 323 318 334 304  
  624 288 323 252 304 284 268  
  625 315 288 254 303 272 283  
  626 254 288 252 272 268 253  
  627 339 315 277 329 294 306  
  628 448 477 515 463 499 482  
  629 515 477 566 499 523 541  
  630 448 515 483 482 504 469  
  631 483 515 561 504 539 524  
  632 448 483 415 469 449 431  
  633 561 515 592 539 554 574  
  634 477 410 442 444 420 453  
  635 477 442 508 453 475 491  
  636 508 442 481 475 458 495  
  637 508 481 557 495 518 534  
  638 481 442 413 458 423 447  
  639 508 557 566 534 559 536  
  640 477 508 566 491 536 523  
  641 483 561 526 524 542 506  
  642 285 350 292 316 322 287  
  643 292 350 387 322 366 336  
  644 285 292 229 287 258 255  
  645 775 851 805 809 829 791  
  646 912 851 933 882 892 920  
  647 1269 1304 1315 1284 1310 1292  
  648 403 456 395 429 425 399  
  649 1105 1091 1024 1094 1059 1063  
  650 663 628 702 646 662 681  
  651 612 567 635 588 601 625  
  652 501 452 526 476 489 509  
  653 1196 1256 1211 1226 1233 1201  
  654 234 252 300 242 276 266  
  655 1291 1360 1368 1326 1363 1328  
  656 1300 1364 1304 1331 1334 1301  
  657 1368 1324 1291 1346 1309 1328  
  658 1022 1012 951 1015 981 986  
  659 245 277 217 260 248 231  
  660 214 168 148 189 155 180  
  661 997 1039 1088 1019 1064 1041  
  662 593 526 561 558 542 575  
  663 628 593 561 609 575 595  
  664 567 546 501 555 522 532  
  665 452 415 483 436 449 471  
  666 25 7 10 15 6 13  
  667 1317 1367 1320 1342 1344 1318  
  668 1317 1320 1274 1318 1297 1296  
  669 1340 1419 1364 1378 1393 1351  
  670 1419 1426 1364 1424 1396 1393  
  671 478 430 501 451 465 487  
  672 478 501 546 487 522 510  
  673 323 300 252 309 276 284  
  674 1088 1030 997 1061 1014 1041  
  675 526 567 501 545 532 509  
  676 1236 1196 1158 1213 1173 1199  
  677 1156 1105 1166 1133 1137 1162  
  678 1304 1243 1300 1276 1272 1301  
  679 1375 1368 1417 1372 1394 1397  
  680 1417 1368 1408 1394 1388 1414  
  681 1375 1417 1443 1397 1431 1410  
  682 1408 1368 1360 1388 1363 1385  
  683 1417 1408 1457 1414 1435 1437  
  684 1417 1457 1443 1437 1451 1431  
  685 1360 1291 1315 1326 1307 1339  
  686 1360 1315 1357 1339 1337 1358  
  687 1357 1315 1304 1337 1310 1332  
  688 1360 1357 1405 1358 1383 1384  
  689 1405 1357 1399 1383 1376 1402  
  690 1360 1405 1408 1384 1406 1385  
  691 1408 1405 1450 1406 1428 1432  
  692 1450 1405 1440 1428 1425 1445  
  693 1440 1405 1399 1425 1402 1420  
  694 1450 1487 1486 1470 1485 1469  
  695 1450 1486 1457 1469 1473 1454  
  696 1408 1450 1457 1432 1454 1435  
  697 1399 1357 1364 1376 1361 1379  
  698 1080 1022 1091 1050 1060 1086  
  699 229 214 285 219 250 255  
  700 964 997 913 980 953 938  
  701 340 278 328 307 299 331  
  702 340 401 413 370 407 379  
  703 277 315 254 294 283 264  
  704 1440 1399 1426 1420 1413 1433  
  705 1426 1399 1364 1413 1379 1396  
  706 341 338 280 337 308 310  
  707 1271 1329 1283 1302 1308 1277  
  708 1022 951 984 986 967 1001  
  709 566 592 515 579 554 541  
  710 148 188 214 167 199 180  
  711 1259 1291 1324 1278 1309 1294  
  712 561 592 628 574 608 595  
  713 655 614 557 632 585 603  
  714 280 285 214 281 250 246  
  715 526 452 483 489 471 506  
  716 1022 984 1091 1001 1038 1060  
  717 126 119 172 120 145 149  
  718 80 95 52 87 75 66  
  719 1024 1091 984 1059 1038 1002  
  720 702 628 664 662 648 684  
  721 168 115 148 140 130 155  
  722 945 997 1030 972 1014 988  
  723 460 466 533 462 502 498  
  724 1357 1304 1364 1332 1334 1361  
  725 11 1 12 4 5 9  
  726 11 12 24 9 18 16  
  727 24 12 37 18 23 29  
  728 11 24 35 16 28 20  
  729 35 24 44 28 31 41  
  730 44 24 37 31 29 40  
  731 35 44 78 41 61 56  
  732 78 44 72 61 58 71  
  733 72 44 37 58 40 53  
  734 1056 1139 1105 1095 1117 1079  
  735 599 678 655 634 660 626  
  736 387 311 292 351 302 336  
  737 292 311 240 302 274 263  
  738 617 533 528 572 529 569  
  739 229 292 240 258 263 232  
  END_ELEMENTS  
  COORDINATES  
   1   5.576271e+00  4.142097e+00   
   2   5.521702e+00  4.005725e+00   
   3   5.406780e+00  4.121481e+00   
   4   5.745763e+00  4.117049e+00   
   5   5.668499e+00  3.974930e+00   
   6   5.352211e+00  3.985109e+00   
   7   5.467134e+00  3.869353e+00   
   8   5.613931e+00  3.838558e+00   
   9   5.837991e+00  3.949882e+00   
   10   5.237288e+00  4.100865e+00   
   11   5.915254e+00  4.092001e+00   
   12   5.760728e+00  3.807763e+00   
   13   5.257675e+00  3.886887e+00   
   14   5.513843e+00  3.726843e+00   
   15   5.372598e+00  3.771131e+00   
   16   5.968743e+00  3.953741e+00   
   17   5.660640e+00  3.696049e+00   
   18   5.891479e+00  3.811622e+00   
   19   5.067797e+00  4.023097e+00   
   20   6.087531e+00  4.025799e+00   
   21   5.106265e+00  3.897758e+00   
   22   5.419307e+00  3.628622e+00   
   23   5.850937e+00  3.669197e+00   
   24   6.022231e+00  3.815481e+00   
   25   5.278062e+00  3.672910e+00   
   26   5.560552e+00  3.584334e+00   
   27   5.750849e+00  3.557482e+00   
   28   6.141020e+00  3.887539e+00   
   29   5.981688e+00  3.673056e+00   
   30   5.126652e+00  3.683781e+00   
   31   6.128224e+00  3.751448e+00   
   32   5.606954e+00  3.441724e+00   
   33   5.326827e+00  3.484196e+00   
   34   4.898305e+00  3.945328e+00   
   35   6.259808e+00  3.959596e+00   
   36   5.468072e+00  3.439908e+00   
   37   5.941146e+00  3.530630e+00   
   38   4.936773e+00  3.819990e+00   
   39   5.173115e+00  3.549801e+00   
   40   6.087682e+00  3.609022e+00   
   41   6.247013e+00  3.823505e+00   
   42   4.975241e+00  3.694652e+00   
   43   5.797250e+00  3.414872e+00   
   44   6.234218e+00  3.687414e+00   
   45   5.021704e+00  3.560672e+00   
   46   4.814805e+00  3.868087e+00   
   47   4.853274e+00  3.742749e+00   
   48   5.653355e+00  3.299114e+00   
   49   5.514473e+00  3.297298e+00   
   50   5.221879e+00  3.361087e+00   
   51   4.891742e+00  3.617411e+00   
   52   5.375591e+00  3.295483e+00   
   53   6.113105e+00  3.454771e+00   
   54   5.919073e+00  3.336156e+00   
   55   5.068167e+00  3.426691e+00   
   56   6.426514e+00  3.857948e+00   
   57   4.731306e+00  3.790846e+00   
   58   6.259641e+00  3.533163e+00   
   59   4.938204e+00  3.483430e+00   
   60   4.769774e+00  3.665508e+00   
   61   6.413719e+00  3.721857e+00   
   62   5.775177e+00  3.220398e+00   
   63   4.808242e+00  3.540170e+00   
   64   5.635299e+00  3.166402e+00   
   65   5.496417e+00  3.164587e+00   
   66   5.242998e+00  3.213085e+00   
   67   5.089286e+00  3.278689e+00   
   68   4.951209e+00  3.336008e+00   
   69   6.091032e+00  3.260297e+00   
   70   4.647806e+00  3.713605e+00   
   71   6.439142e+00  3.567606e+00   
   72   6.285064e+00  3.378912e+00   
   73   4.686274e+00  3.588267e+00   
   74   5.897000e+00  3.141682e+00   
   75   5.358473e+00  3.108217e+00   
   76   4.821247e+00  3.392748e+00   
   77   5.757122e+00  3.087686e+00   
   78   6.593220e+00  3.756300e+00   
   79   5.617243e+00  3.033690e+00   
   80   5.110405e+00  3.130687e+00   
   81   4.972328e+00  3.188006e+00   
   82   4.564307e+00  3.636364e+00   
   83   6.459730e+00  3.404549e+00   
   84   6.231654e+00  3.185108e+00   
   85   4.834252e+00  3.245326e+00   
   86   5.479299e+00  2.977321e+00   
   87   5.225880e+00  3.025820e+00   
   88   6.037622e+00  3.066493e+00   
   89   6.613808e+00  3.593243e+00   
   90   5.873613e+00  2.993578e+00   
   91   4.599036e+00  3.462783e+00   
   92   5.733734e+00  2.939583e+00   
   93   6.401144e+00  3.246891e+00   
   94   4.967295e+00  3.063533e+00   
   95   5.341355e+00  2.920952e+00   
   96   5.593685e+00  2.886548e+00   
   97   4.829219e+00  3.120853e+00   
   98   4.477069e+00  3.510880e+00   
   99   5.085864e+00  2.972271e+00   
   100   4.612041e+00  3.315361e+00   
   101   6.634396e+00  3.430186e+00   
   102   6.760699e+00  3.615524e+00   
   103   6.178244e+00  2.991304e+00   
   104   6.014235e+00  2.918390e+00   
   105   4.701507e+00  3.174358e+00   
   106   5.455741e+00  2.830178e+00   
   107   6.575810e+00  3.272528e+00   
   108   5.850225e+00  2.845475e+00   
   109   5.201339e+00  2.867404e+00   
   110   6.347734e+00  3.053087e+00   
   111   5.710176e+00  2.792440e+00   
   112   4.824185e+00  2.996380e+00   
   113   6.781287e+00  3.452467e+00   
   114   4.942754e+00  2.905117e+00   
   115   6.517224e+00  3.114870e+00   
   116   5.317400e+00  2.772972e+00   
   117   4.696473e+00  3.049885e+00   
   118   5.570127e+00  2.739405e+00   
   119   4.389831e+00  3.385396e+00   
   120   4.479296e+00  3.244393e+00   
   121   6.731007e+00  3.317315e+00   
   122   5.061323e+00  2.813855e+00   
   123   6.131850e+00  2.826615e+00   
   124   6.271011e+00  2.882463e+00   
   125   5.967841e+00  2.753701e+00   
   126   4.568762e+00  3.103389e+00   
   127   5.828510e+00  2.700382e+00   
   128   5.431786e+00  2.682199e+00   
   129   6.672421e+00  3.159658e+00   
   130   6.440501e+00  2.944246e+00   
   131   5.177385e+00  2.719424e+00   
   132   5.688461e+00  2.647347e+00   
   133   4.805730e+00  2.847898e+00   
   134   6.928178e+00  3.474747e+00   
   135   4.699693e+00  2.915353e+00   
   136   6.877898e+00  3.339596e+00   
   137   4.924299e+00  2.756635e+00   
   138   5.293446e+00  2.624992e+00   
   139   4.571981e+00  2.968857e+00   
   140   6.638579e+00  3.013891e+00   
   141   5.549472e+00  2.591135e+00   
   142   6.827619e+00  3.204445e+00   
   143   6.224617e+00  2.717774e+00   
   144   6.085456e+00  2.661926e+00   
   145   4.305085e+00  3.220458e+00   
   146   5.037114e+00  2.667350e+00   
   147   5.946126e+00  2.608607e+00   
   148   6.363778e+00  2.773622e+00   
   149   4.394550e+00  3.079455e+00   
   150   5.806795e+00  2.555289e+00   
   151   5.411132e+00  2.533928e+00   
   152   5.153175e+00  2.572919e+00   
   153   7.014937e+00  3.384479e+00   
   154   6.793776e+00  3.058678e+00   
   155   6.561856e+00  2.843267e+00   
   156   4.681238e+00  2.766871e+00   
   157   4.787274e+00  2.699416e+00   
   158   5.667806e+00  2.499076e+00   
   159   4.575201e+00  2.834325e+00   
   160   6.964657e+00  3.249328e+00   
   161   4.900090e+00  2.610130e+00   
   162   4.397770e+00  2.944923e+00   
   163   5.271890e+00  2.481445e+00   
   164   6.202169e+00  2.567783e+00   
   165   6.062219e+00  2.513943e+00   
   166   5.528818e+00  2.442864e+00   
   167   6.341330e+00  2.623632e+00   
   168   6.759934e+00  2.912911e+00   
   169   6.936570e+00  3.103435e+00   
   170   5.012905e+00  2.520845e+00   
   171   5.922888e+00  2.460624e+00   
   172   4.220339e+00  3.055520e+00   
   173   7.101695e+00  3.294210e+00   
   174   5.784156e+00  2.404523e+00   
   175   4.647293e+00  2.646218e+00   
   176   5.389576e+00  2.390381e+00   
   177   4.541257e+00  2.713673e+00   
   178   4.449649e+00  2.778735e+00   
   179   5.131620e+00  2.429371e+00   
   180   6.532804e+00  2.650813e+00   
   181   6.902728e+00  2.957668e+00   
   182   4.762494e+00  2.551732e+00   
   183   5.645167e+00  2.348311e+00   
   184   7.073608e+00  3.148318e+00   
   185   4.272218e+00  2.889332e+00   
   186   4.875309e+00  2.462446e+00   
   187   6.178932e+00  2.419800e+00   
   188   6.318881e+00  2.473641e+00   
   189   6.730882e+00  2.720457e+00   
   190   5.250335e+00  2.337897e+00   
   191   6.038982e+00  2.365960e+00   
   192   5.505014e+00  2.295067e+00   
   193   7.045522e+00  3.002425e+00   
   194   5.900249e+00  2.309858e+00   
   195   4.992872e+00  2.372718e+00   
   196   6.905233e+00  2.816386e+00   
   197   4.507312e+00  2.593020e+00   
   198   4.415704e+00  2.658082e+00   
   199   6.510355e+00  2.500822e+00   
   200   4.324096e+00  2.723144e+00   
   201   5.761517e+00  2.253757e+00   
   202   4.622513e+00  2.498534e+00   
   203   5.365773e+00  2.242583e+00   
   204   5.111587e+00  2.281244e+00   
   205   4.146757e+00  2.861094e+00   
   206   7.223238e+00  3.142055e+00   
   207   4.737713e+00  2.404048e+00   
   208   5.621364e+00  2.200513e+00   
   209   7.048027e+00  2.861143e+00   
   210   6.297262e+00  2.327652e+00   
   211   6.157312e+00  2.273812e+00   
   212   6.436574e+00  2.381617e+00   
   213   4.855276e+00  2.314319e+00   
   214   6.701829e+00  2.528003e+00   
   215   7.195152e+00  2.996162e+00   
   216   5.226716e+00  2.185296e+00   
   217   5.481211e+00  2.147270e+00   
   218   4.198636e+00  2.694906e+00   
   219   6.876181e+00  2.623932e+00   
   220   6.029673e+00  2.189188e+00   
   221   4.972838e+00  2.224590e+00   
   222   4.375883e+00  2.529605e+00   
   223   4.481881e+00  2.449325e+00   
   224   4.284275e+00  2.594667e+00   
   225   6.628048e+00  2.408798e+00   
   226   5.890940e+00  2.133086e+00   
   227   4.597081e+00  2.354839e+00   
   228   5.737574e+00  2.105699e+00   
   229   7.050532e+00  2.719861e+00   
   230   4.716088e+00  2.264329e+00   
   231   5.342154e+00  2.089982e+00   
   232   7.197657e+00  2.854880e+00   
   233   5.087968e+00  2.128642e+00   
   234   6.275643e+00  2.181664e+00   
   235   6.414955e+00  2.235628e+00   
   236   5.597421e+00  2.052455e+00   
   237   6.554267e+00  2.289593e+00   
   238   4.833650e+00  2.174600e+00   
   239   4.073176e+00  2.666667e+00   
   240   7.344781e+00  2.989899e+00   
   241   4.158815e+00  2.566428e+00   
   242   6.148003e+00  2.097040e+00   
   243   4.244454e+00  2.466189e+00   
   244   4.350452e+00  2.385909e+00   
   245   5.203097e+00  2.032695e+00   
   246   6.762944e+00  2.355214e+00   
   247   4.456450e+00  2.305630e+00   
   248   5.457132e+00  1.993662e+00   
   249   4.947154e+00  2.077337e+00   
   250   6.901938e+00  2.435346e+00   
   251   4.575456e+00  2.215120e+00   
   252   6.020364e+00  2.012416e+00   
   253   5.866997e+00  1.985029e+00   
   254   5.713630e+00  1.957641e+00   
   255   7.076289e+00  2.531275e+00   
   256   4.694463e+00  2.124610e+00   
   257   6.689163e+00  2.236009e+00   
   258   7.199805e+00  2.631549e+00   
   259   6.437835e+00  2.097414e+00   
   260   5.318075e+00  1.936374e+00   
   261   5.062283e+00  1.981390e+00   
   262   6.577147e+00  2.151378e+00   
   263   7.346930e+00  2.766568e+00   
   264   5.573342e+00  1.898847e+00   
   265   4.807966e+00  2.027348e+00   
   266   6.312925e+00  2.014681e+00   
   267   4.026570e+00  2.505051e+00   
   268   5.961867e+00  1.904581e+00   
   269   4.216377e+00  2.323124e+00   
   270   4.112209e+00  2.404812e+00   
   271   4.322375e+00  2.242844e+00   
   272   5.808500e+00  1.877193e+00   
   273   4.436924e+00  2.158875e+00   
   274   7.452374e+00  2.828283e+00   
   275   5.177160e+00  1.884987e+00   
   276   6.185285e+00  1.930057e+00   
   277   5.433053e+00  1.840053e+00   
   278   4.921469e+00  1.930085e+00   
   279   4.555931e+00  2.068366e+00   
   280   6.824059e+00  2.182426e+00   
   281   6.963053e+00  2.262557e+00   
   282   6.712043e+00  2.097795e+00   
   283   5.688291e+00  1.802364e+00   
   284   6.059782e+00  1.847932e+00   
   285   7.102046e+00  2.342689e+00   
   286   6.600027e+00  2.013164e+00   
   287   7.225562e+00  2.442963e+00   
   288   5.903370e+00  1.796746e+00   
   289   4.658114e+00  1.959218e+00   
   290   5.292138e+00  1.788667e+00   
   291   5.036346e+00  1.833682e+00   
   292   7.349079e+00  2.543238e+00   
   293   6.475117e+00  1.930431e+00   
   294   5.548002e+00  1.743570e+00   
   295   4.084132e+00  2.261747e+00   
   296   4.188299e+00  2.180059e+00   
   297   3.979964e+00  2.343434e+00   
   298   4.302849e+00  2.096090e+00   
   299   4.771617e+00  1.861955e+00   
   300   6.350207e+00  1.847699e+00   
   301   4.417399e+00  2.012121e+00   
   302   7.454522e+00  2.604952e+00   
   303   5.783161e+00  1.721916e+00   
   304   6.001285e+00  1.740097e+00   
   305   5.151223e+00  1.737280e+00   
   306   5.407052e+00  1.692258e+00   
   307   4.895403e+00  1.782375e+00   
   308   6.971234e+00  2.112800e+00   
   309   6.224703e+00  1.765573e+00   
   310   6.845919e+00  2.030179e+00   
   311   7.559966e+00  2.666667e+00   
   312   4.519582e+00  1.902973e+00   
   313   7.110227e+00  2.192932e+00   
   314   6.733903e+00  1.945548e+00   
   315   5.662952e+00  1.647087e+00   
   316   7.235801e+00  2.274836e+00   
   317   6.608469e+00  1.863419e+00   
   318   5.875863e+00  1.657846e+00   
   319   4.059480e+00  2.149576e+00   
   320   3.955312e+00  2.231264e+00   
   321   4.163647e+00  2.067888e+00   
   322   7.359317e+00  2.375110e+00   
   323   6.099200e+00  1.683447e+00   
   324   4.278197e+00  1.983919e+00   
   325   5.266137e+00  1.640871e+00   
   326   5.010280e+00  1.685973e+00   
   327   6.483559e+00  1.780686e+00   
   328   4.621765e+00  1.793826e+00   
   329   5.522001e+00  1.595774e+00   
   330   5.755654e+00  1.583017e+00   
   331   4.745550e+00  1.714246e+00   
   332   6.358528e+00  1.697944e+00   
   333   4.373592e+00  1.870703e+00   
   334   5.973778e+00  1.601197e+00   
   335   5.125187e+00  1.589559e+00   
   336   7.543384e+00  2.443336e+00   
   337   6.993094e+00  1.960553e+00   
   338   7.118408e+00  2.043174e+00   
   339   5.381051e+00  1.544462e+00   
   340   4.869336e+00  1.634666e+00   
   341   6.867779e+00  1.877932e+00   
   342   3.930660e+00  2.119093e+00   
   343   4.034828e+00  2.037405e+00   
   344   6.233025e+00  1.615818e+00   
   345   4.138995e+00  1.955718e+00   
   346   7.243981e+00  2.125079e+00   
   347   6.742345e+00  1.795803e+00   
   348   4.475775e+00  1.761555e+00   
   349   5.848356e+00  1.518947e+00   
   350   7.369555e+00  2.206983e+00   
   351   7.648828e+00  2.505051e+00   
   352   6.616911e+00  1.713674e+00   
   353   5.636914e+00  1.499364e+00   
   354   6.107742e+00  1.533748e+00   
   355   4.234390e+00  1.842501e+00   
   356   5.240101e+00  1.493150e+00   
   357   4.984243e+00  1.538252e+00   
   358   6.491880e+00  1.630932e+00   
   359   5.495964e+00  1.448052e+00   
   360   4.564190e+00  1.634368e+00   
   361   3.906008e+00  2.006922e+00   
   362   5.729617e+00  1.435294e+00   
   363   6.366850e+00  1.548189e+00   
   364   4.010176e+00  1.925235e+00   
   365   4.329785e+00  1.729285e+00   
   366   7.553623e+00  2.275209e+00   
   367   5.982320e+00  1.451498e+00   
   368   7.127469e+00  1.893754e+00   
   369   7.002154e+00  1.811133e+00   
   370   4.687975e+00  1.554788e+00   
   371   7.251862e+00  1.975362e+00   
   372   6.875945e+00  1.728225e+00   
   373   5.099151e+00  1.441838e+00   
   374   4.104499e+00  1.814063e+00   
   375   5.355014e+00  1.396739e+00   
   376   7.377435e+00  2.057267e+00   
   377   6.241567e+00  1.466119e+00   
   378   6.750510e+00  1.646096e+00   
   379   4.819896e+00  1.484429e+00   
   380   7.502592e+00  2.139904e+00   
   381   6.626161e+00  1.564241e+00   
   382   5.857228e+00  1.368748e+00   
   383   5.610877e+00  1.351641e+00   
   384   4.418199e+00  1.602097e+00   
   385   4.199894e+00  1.700847e+00   
   386   6.116284e+00  1.384049e+00   
   387   7.737690e+00  2.343434e+00   
   388   3.881356e+00  1.894751e+00   
   389   6.501131e+00  1.481499e+00   
   390   5.214064e+00  1.345427e+00   
   391   4.934803e+00  1.388015e+00   
   392   5.469927e+00  1.300329e+00   
   393   3.975679e+00  1.783580e+00   
   394   6.375640e+00  1.399368e+00   
   395   7.136529e+00  1.744334e+00   
   396   5.738489e+00  1.285095e+00   
   397   7.686659e+00  2.208129e+00   
   398   7.260922e+00  1.825942e+00   
   399   7.010320e+00  1.661426e+00   
   400   5.991192e+00  1.301299e+00   
   401   4.506614e+00  1.474910e+00   
   402   7.385316e+00  1.907550e+00   
   403   6.884110e+00  1.578517e+00   
   404   5.073113e+00  1.294115e+00   
   405   4.070003e+00  1.672409e+00   
   406   7.510472e+00  1.990187e+00   
   407   4.638535e+00  1.404551e+00   
   408   4.225606e+00  1.582664e+00   
   409   6.759761e+00  1.496663e+00   
   410   5.328976e+00  1.249016e+00   
   411   6.250357e+00  1.317298e+00   
   412   7.635628e+00  2.072824e+00   
   413   4.770456e+00  1.334192e+00   
   414   6.635411e+00  1.414809e+00   
   415   5.866100e+00  1.218548e+00   
   416   5.584840e+00  1.203918e+00   
   417   6.125424e+00  1.234385e+00   
   418   6.509921e+00  1.332678e+00   
   419   4.314020e+00  1.455477e+00   
   420   5.188026e+00  1.197704e+00   
   421   7.810799e+00  2.181818e+00   
   422   3.852023e+00  1.715052e+00   
   423   4.908766e+00  1.240292e+00   
   424   4.095715e+00  1.554226e+00   
   425   7.144567e+00  1.594581e+00   
   426   7.270190e+00  1.676323e+00   
   427   5.443889e+00  1.152606e+00   
   428   7.394583e+00  1.757931e+00   
   429   7.018358e+00  1.511672e+00   
   430   6.384430e+00  1.250547e+00   
   431   5.712451e+00  1.137372e+00   
   432   7.519378e+00  1.840475e+00   
   433   4.517801e+00  1.318618e+00   
   434   6.893452e+00  1.428840e+00   
   435   3.946346e+00  1.603881e+00   
   436   6.000332e+00  1.151635e+00   
   437   4.405579e+00  1.354470e+00   
   438   7.759768e+00  2.046513e+00   
   439   7.644535e+00  1.923112e+00   
   440   4.649722e+00  1.248259e+00   
   441   6.769102e+00  1.346985e+00   
   442   5.047075e+00  1.146392e+00   
   443   6.259497e+00  1.167634e+00   
   444   5.302939e+00  1.101293e+00   
   445   6.643828e+00  1.265134e+00   
   446   4.121427e+00  1.436043e+00   
   447   4.779714e+00  1.174384e+00   
   448   5.558802e+00  1.056195e+00   
   449   5.845936e+00  1.064932e+00   
   450   3.972058e+00  1.485698e+00   
   451   6.518338e+00  1.183003e+00   
   452   6.134564e+00  1.084721e+00   
   453   5.161988e+00  1.049981e+00   
   454   7.278228e+00  1.526570e+00   
   455   4.212985e+00  1.335037e+00   
   456   7.152606e+00  1.444828e+00   
   457   7.403851e+00  1.608312e+00   
   458   4.918023e+00  1.080484e+00   
   459   7.528646e+00  1.690856e+00   
   460   7.883907e+00  2.020202e+00   
   461   7.027700e+00  1.361995e+00   
   462   7.768674e+00  1.896801e+00   
   463   5.417852e+00  1.004883e+00   
   464   3.822690e+00  1.535354e+00   
   465   6.393796e+00  1.100854e+00   
   466   7.653441e+00  1.773401e+00   
   467   6.902794e+00  1.279162e+00   
   468   4.528988e+00  1.162326e+00   
   469   5.692287e+00  9.837558e-01   
   470   4.416765e+00  1.198178e+00   
   471   5.980168e+00  9.980188e-01   
   472   4.304543e+00  1.234031e+00   
   473   6.777519e+00  1.197311e+00   
   474   4.658979e+00  1.088451e+00   
   475   5.021038e+00  9.986692e-01   
   476   6.268863e+00  1.017941e+00   
   477   5.276902e+00  9.535705e-01   
   478   6.652245e+00  1.115459e+00   
   479   3.958056e+00  1.364486e+00   
   480   4.076938e+00  1.289338e+00   
   481   4.788971e+00  1.014577e+00   
   482   5.532765e+00  9.084725e-01   
   483   5.825771e+00  9.113163e-01   
   484   3.808688e+00  1.414141e+00   
   485   7.411400e+00  1.458626e+00   
   486   7.285777e+00  1.376884e+00   
   487   6.527703e+00  1.033310e+00   
   488   7.162079e+00  1.295625e+00   
   489   6.143222e+00  9.322379e-01   
   490   7.559125e+00  1.543654e+00   
   491   5.135951e+00  9.022584e-01   
   492   4.168496e+00  1.188332e+00   
   493   7.037173e+00  1.212793e+00   
   494   4.404430e+00  1.082285e+00   
   495   4.891986e+00  9.327615e-01   
   496   7.683921e+00  1.626199e+00   
   497   4.292208e+00  1.118137e+00   
   498   7.944126e+00  1.858586e+00   
   499   5.391815e+00  8.571601e-01   
   500   6.911596e+00  1.130852e+00   
   501   6.403161e+00  9.511612e-01   
   502   7.828893e+00  1.735185e+00   
   503   4.529164e+00  1.014268e+00   
   504   5.666250e+00  8.360329e-01   
   505   6.786322e+00  1.049001e+00   
   506   5.988826e+00  8.455353e-01   
   507   4.659155e+00  9.403934e-01   
   508   4.995000e+00  8.509462e-01   
   509   6.277521e+00  8.654578e-01   
   510   6.661785e+00  9.645864e-01   
   511   3.794685e+00  1.292929e+00   
   512   3.913567e+00  1.217781e+00   
   513   4.032449e+00  1.142633e+00   
   514   7.418949e+00  1.308940e+00   
   515   5.506728e+00  7.607496e-01   
   516   4.156161e+00  1.072438e+00   
   517   7.295251e+00  1.227682e+00   
   518   4.775057e+00  8.459371e-01   
   519   7.566675e+00  1.393969e+00   
   520   7.171553e+00  1.146423e+00   
   521   4.279873e+00  1.002244e+00   
   522   6.537243e+00  8.824373e-01   
   523   5.232986e+00  7.610603e-01   
   524   5.781163e+00  7.396224e-01   
   525   7.045976e+00  1.064483e+00   
   526   6.151880e+00  7.797543e-01   
   527   4.404606e+00  9.342268e-01   
   528   7.714400e+00  1.478997e+00   
   529   7.859373e+00  1.587983e+00   
   530   6.920399e+00  9.825430e-01   
   531   4.529339e+00  8.662101e-01   
   532   6.412246e+00  7.995637e-01   
   533   8.004346e+00  1.696970e+00   
   534   4.878072e+00  7.641219e-01   
   535   6.795862e+00  8.981282e-01   
   536   5.092036e+00  7.097481e-01   
   537   3.780683e+00  1.171717e+00   
   538   3.899565e+00  1.096569e+00   
   539   5.621641e+00  6.643391e-01   
   540   4.021276e+00  1.027296e+00   
   541   5.347899e+00  6.646498e-01   
   542   5.944217e+00  6.738415e-01   
   543   4.144987e+00  9.571014e-01   
   544   4.645242e+00  7.717538e-01   
   545   6.286605e+00  7.138603e-01   
   546   6.671325e+00  8.137134e-01   
   547   4.270412e+00  8.875729e-01   
   548   7.553059e+00  1.242058e+00   
   549   7.428558e+00  1.159386e+00   
   550   7.304860e+00  1.078127e+00   
   551   4.395145e+00  8.195562e-01   
   552   7.700785e+00  1.327086e+00   
   553   7.179811e+00  9.968674e-01   
   554   5.484318e+00  5.987371e-01   
   555   6.546328e+00  7.308398e-01   
   556   7.054234e+00  9.149273e-01   
   557   4.761144e+00  6.772975e-01   
   558   6.148063e+00  6.263997e-01   
   559   4.975107e+00  6.229238e-01   
   560   6.929927e+00  8.310733e-01   
   561   5.736554e+00  5.679286e-01   
   562   3.766680e+00  1.050505e+00   
   563   3.888391e+00  9.812322e-01   
   564   4.504900e+00  7.201830e-01   
   565   4.010102e+00  9.119594e-01   
   566   5.189071e+00  5.685500e-01   
   567   6.421330e+00  6.479662e-01   
   568   4.135526e+00  8.424309e-01   
   569   7.916522e+00  1.395090e+00   
   570   6.805390e+00  7.466586e-01   
   571   4.260951e+00  7.729023e-01   
   572   8.061495e+00  1.504077e+00   
   573   7.562668e+00  1.092504e+00   
   574   5.599231e+00  5.023266e-01   
   575   5.940400e+00  5.204868e-01   
   576   7.687170e+00  1.175176e+00   
   577   7.438167e+00  1.009832e+00   
   578   4.620802e+00  6.257268e-01   
   579   5.325490e+00  5.026373e-01   
   580   6.680636e+00  6.641038e-01   
   581   6.282788e+00  5.605056e-01   
   582   7.313118e+00  9.285718e-01   
   583   7.188069e+00  8.473117e-01   
   584   4.370706e+00  6.735292e-01   
   585   4.851700e+00  5.377380e-01   
   586   3.758335e+00  9.292929e-01   
   587   7.063762e+00  7.634577e-01   
   588   6.555639e+00  5.812303e-01   
   589   5.065663e+00  4.833642e-01   
   590   3.880046e+00  8.600201e-01   
   591   4.001757e+00  7.907472e-01   
   592   5.461909e+00  4.367246e-01   
   593   6.144246e+00  4.730450e-01   
   594   4.127181e+00  7.212187e-01   
   595   5.787231e+00  4.318742e-01   
   596   7.902907e+00  1.243180e+00   
   597   6.939455e+00  6.796037e-01   
   598   4.254023e+00  6.567643e-01   
   599   4.480461e+00  5.741560e-01   
   600   5.200981e+00  4.190699e-01   
   601   6.431230e+00  4.974753e-01   
   602   6.814701e+00  5.970490e-01   
   603   4.707778e+00  4.825239e-01   
   604   7.697357e+00  1.027741e+00   
   605   7.572855e+00  9.450684e-01   
   606   7.447364e+00  8.636225e-01   
   607   7.816315e+00  1.103325e+00   
   608   5.649909e+00  3.662722e-01   
   609   5.991077e+00  3.844324e-01   
   610   4.363778e+00  5.573911e-01   
   611   7.322315e+00  7.823625e-01   
   612   6.689947e+00  5.144943e-01   
   613   5.337399e+00  3.531572e-01   
   614   4.942255e+00  3.981784e-01   
   615   6.292688e+00  4.100147e-01   
   616   3.749990e+00  8.080808e-01   
   617   8.118644e+00  1.311184e+00   
   618   3.871701e+00  7.388080e-01   
   619   7.198617e+00  6.979000e-01   
   620   3.993412e+00  6.695351e-01   
   621   4.120253e+00  6.050807e-01   
   622   7.074310e+00  6.140460e-01   
   623   4.247094e+00  5.406263e-01   
   624   5.077573e+00  3.338841e-01   
   625   6.565538e+00  4.307394e-01   
   626   4.567437e+00  4.309532e-01   
   627   8.032052e+00  1.171329e+00   
   628   5.837908e+00  2.958198e-01   
   629   6.167972e+00  3.271527e-01   
   630   6.949194e+00  5.315482e-01   
   631   5.522125e+00  2.787638e-01   
   632   4.798334e+00  3.429644e-01   
   633   5.212890e+00  2.695898e-01   
   634   4.381884e+00  4.395349e-01   
   635   6.441129e+00  3.469844e-01   
   636   7.707544e+00  8.803051e-01   
   637   6.824440e+00  4.489935e-01   
   638   7.582053e+00  7.988591e-01   
   639   7.826502e+00  9.558894e-01   
   640   7.456562e+00  7.174132e-01   
   641   7.945460e+00  1.031474e+00   
   642   3.741645e+00  6.868687e-01   
   643   3.863356e+00  6.175958e-01   
   644   7.332864e+00  6.329508e-01   
   645   3.987611e+00  5.536091e-01   
   646   6.014803e+00  2.385402e-01   
   647   4.114453e+00  4.891547e-01   
   648   5.710124e+00  2.083114e-01   
   649   6.700315e+00  3.649543e-01   
   650   4.954874e+00  2.488958e-01   
   651   4.265201e+00  4.227700e-01   
   652   7.209166e+00  5.484883e-01   
   653   6.316414e+00  2.641224e-01   
   654   5.397615e+00  1.951964e-01   
   655   4.654413e+00  2.877504e-01   
   656   7.084050e+00  4.659905e-01   
   657   5.090191e+00  1.846015e-01   
   658   6.575906e+00  2.811994e-01   
   659   8.161457e+00  1.100036e+00   
   660   4.468860e+00  2.963321e-01   
   661   6.958934e+00  3.834927e-01   
   662   5.874305e+00  1.454885e-01   
   663   6.191698e+00  1.812605e-01   
   664   5.582341e+00  1.208029e-01   
   665   4.810952e+00  1.936818e-01   
   666   3.733300e+00  5.656566e-01   
   667   7.715952e+00  7.321324e-01   
   668   3.857555e+00  5.016698e-01   
   669   7.837457e+00  8.085520e-01   
   670   7.590461e+00  6.506865e-01   
   671   3.981811e+00  4.376831e-01   
   672   7.956415e+00  8.841363e-01   
   673   4.132559e+00  3.712985e-01   
   674   6.450941e+00  1.983774e-01   
   675   7.465571e+00  5.677830e-01   
   676   6.834808e+00  2.994535e-01   
   677   8.074865e+00  9.601813e-01   
   678   4.283307e+00  3.049138e-01   
   679   7.341873e+00  4.833206e-01   
   680   5.255906e+00  9.144376e-02   
   681   6.051200e+00  8.820888e-02   
   682   7.218260e+00  3.993011e-01   
   683   6.710683e+00  2.154143e-01   
   684   5.746521e+00  5.798010e-02   
   685   4.967492e+00  9.961322e-02   
   686   6.326226e+00  1.155154e-01   
   687   7.093144e+00  3.168033e-01   
   688   4.541628e+00  1.578348e-01   
   689   5.440631e+00  1.705031e-02   
   690   4.689672e+00  1.064921e-01   
   691   3.730044e+00  4.444444e-01   
   692   6.585718e+00  1.325923e-01   
   693   3.854300e+00  3.804577e-01   
   694   3.978556e+00  3.164710e-01   
   695   6.968233e+00  2.338147e-01   
   696   4.129304e+00  2.500864e-01   
   697   7.845865e+00  6.603793e-01   
   698   7.724360e+00  5.839597e-01   
   699   6.201924e+00  3.167621e-02   
   700   4.356075e+00  1.664166e-01   
   701   5.133207e+00  6.455453e-03   
   702   5.910701e+00 -4.842744e-03   
   703   7.967369e+00  7.367989e-01   
   704   7.599471e+00  5.010563e-01   
   705   8.085820e+00  8.128439e-01   
   706   4.230519e+00  1.867794e-01   
   707   7.474581e+00  4.181529e-01   
   708   8.204270e+00  8.888889e-01   
   709   5.634539e+00 -4.176241e-02   
   710   6.460753e+00  4.977036e-02   
   711   6.844107e+00  1.497755e-01   
   712   4.846211e+00  1.242358e-02   
   713   7.350968e+00  3.341333e-01   
   714   7.227354e+00  2.501138e-01   
   715   4.984200e+00 -4.509350e-02   
   716   6.061425e+00 -6.137541e-02   
   717   6.720052e+00  6.603275e-02   
   718   5.298921e+00 -8.670231e-02   
   719   3.726789e+00  3.232323e-01   
   720   6.336451e+00 -3.406886e-02   
   721   3.851045e+00  2.592456e-01   
   722   5.798719e+00 -1.045852e-01   
   723   7.102443e+00  1.671253e-01   
   724   3.975301e+00  1.952589e-01   
   725   7.860731e+00  5.391672e-01   
   726   7.982235e+00  6.155868e-01   
   727   4.428843e+00  2.791927e-02   
   728   8.100686e+00  6.916318e-01   
   729   4.076515e+00  1.319520e-01   
   730   6.595087e+00 -1.678922e-02   
   731   4.576887e+00 -2.342340e-02   
   732   8.219136e+00  7.676768e-01   
   733   4.303287e+00  4.828216e-02   
   734   5.492829e+00 -1.455150e-01   
   735   6.977531e+00  8.413669e-02   
   736   5.149915e+00 -1.382513e-01   
   737   4.724931e+00 -7.476606e-02   
   738   4.177730e+00  6.864505e-02   
   739   6.212149e+00 -1.179081e-01   
   740   5.940960e+00 -1.517200e-01   
   741   7.485798e+00  2.687070e-01   
   742   4.862919e+00 -1.322831e-01   
   743   6.853476e+00  3.939391e-04   
   744   6.470247e+00 -9.990860e-02   
   745   7.362185e+00  1.846875e-01   
   746   5.686737e+00 -2.043277e-01   
   747   3.723534e+00  2.020202e-01   
   748   3.847790e+00  1.380335e-01   
   749   7.756876e+00  3.640431e-01   
   750   3.974484e+00  7.911174e-02   
   751   7.238058e+00  1.005297e-01   
   752   5.000908e+00 -1.898002e-01   
   753   7.631986e+00  2.811397e-01   
   754   5.250505e+00 -2.232498e-01   
   755   7.997101e+00  4.943747e-01   
   756   6.729420e+00 -8.334881e-02   
   757   6.091684e+00 -2.082527e-01   
   758   8.115552e+00  5.704197e-01   
   759   4.331958e+00 -6.342618e-02   
   760   4.075699e+00  1.580482e-02   
   761   8.234002e+00  6.464646e-01   
   762   5.382486e+00 -2.462168e-01   
   763   6.345945e+00 -1.837478e-01   
   764   5.828978e+00 -2.514625e-01   
   765   7.113147e+00  1.754117e-02   
   766   4.463223e+00 -1.181683e-01   
   767   4.206402e+00 -4.306329e-02   
   768   4.611267e+00 -1.695110e-01   
   769   6.604580e+00 -1.664682e-01   
   770   6.988184e+00 -6.540317e-02   
   771   5.101498e+00 -2.747987e-01   
   772   4.743057e+00 -2.216251e-01   
   773   5.576394e+00 -3.050295e-01   
   774   6.221691e+00 -2.673837e-01   
   775   7.497015e+00  1.192612e-01   
   776   5.971219e+00 -2.985973e-01   
   777   3.720279e+00  8.080808e-02   
   778   3.846973e+00  2.188633e-02   
   779   7.893247e+00  3.192506e-01   
   780   4.881045e+00 -2.791421e-01   
   781   3.973667e+00 -3.703541e-02   
   782   6.864129e+00 -1.491459e-01   
   783   7.372889e+00  3.510341e-02   
   784   6.479740e+00 -2.495876e-01   
   785   4.104370e+00 -9.590352e-02   
   786   8.130418e+00  4.492075e-01   
   787   5.716685e+00 -3.506819e-01   
   788   8.248868e+00  5.252525e-01   
   789   8.034657e+00  3.740568e-01   
   790   4.235073e+00 -1.547716e-01   
   791   7.643204e+00  1.316938e-01   
   792   7.248762e+00 -4.905435e-02   
   793   4.366338e+00 -2.095138e-01   
   794   5.202088e+00 -3.597972e-01   
   795   4.996824e+00 -3.414727e-01   
   796   6.739762e+00 -2.329716e-01   
   797   6.101225e+00 -3.577284e-01   
   798   5.334069e+00 -3.827643e-01   
   799   4.497603e+00 -2.642559e-01   
   800   6.355486e+00 -3.332235e-01   
   801   7.123800e+00 -1.319987e-01   
   802   5.858926e+00 -3.978167e-01   
   803   5.466051e+00 -4.057313e-01   
   804   4.629393e+00 -3.163700e-01   
   805   7.789392e+00  1.441265e-01   
   806   3.721901e+00 -4.040404e-02   
   807   6.614922e+00 -3.160909e-01   
   808   3.848595e+00 -9.932579e-02   
   809   7.497462e+00 -1.915350e-02   
   810   6.998837e+00 -2.149430e-01   
   811   4.761182e+00 -3.684841e-01   
   812   3.975289e+00 -1.582475e-01   
   813   7.930802e+00  1.989327e-01   
   814   5.606342e+00 -4.513837e-01   
   815   5.097414e+00 -4.264712e-01   
   816   4.105992e+00 -2.171156e-01   
   817   8.263734e+00  4.040404e-01   
   818   6.231232e+00 -4.168594e-01   
   819   7.373336e+00 -1.033113e-01   
   820   8.167973e+00  3.288896e-01   
   821   4.237871e+00 -2.705327e-01   
   822   5.998893e+00 -4.513273e-01   
   823   8.072212e+00  2.537389e-01   
   824   4.876962e+00 -4.308146e-01   
   825   6.874470e+00 -2.987687e-01   
   826   4.369136e+00 -3.252749e-01   
   827   5.216966e+00 -4.732119e-01   
   828   6.490150e+00 -3.991708e-01   
   829   7.643650e+00 -6.720866e-03   
   830   7.259665e+00 -1.805375e-01   
   831   5.746634e+00 -4.970361e-01   
   832   5.348948e+00 -4.961789e-01   
   833   4.501531e+00 -3.774916e-01   
   834   4.633321e+00 -4.296057e-01   
   835   4.992741e+00 -4.931452e-01   
   836   7.134703e+00 -2.634818e-01   
   837   7.929230e+00  1.035701e-01   
   838   6.750103e+00 -3.825943e-01   
   839   6.128900e+00 -5.104583e-01   
   840   3.723522e+00 -1.616162e-01   
   841   5.490989e+00 -5.433584e-01   
   842   3.850217e+00 -2.205379e-01   
   843   6.365896e+00 -4.828067e-01   
   844   8.070640e+00  1.583763e-01   
   845   3.976911e+00 -2.794597e-01   
   846   5.886600e+00 -5.505467e-01   
   847   5.112293e+00 -5.398859e-01   
   848   8.267518e+00  2.828283e-01   
   849   7.012248e+00 -3.397716e-01   
   850   4.108790e+00 -3.328767e-01   
   851   7.497909e+00 -1.575682e-01   
   852   8.171757e+00  2.076775e-01   
   853   4.240669e+00 -3.862938e-01   
   854   6.625332e+00 -4.656741e-01   
   855   4.753277e+00 -5.162461e-01   
   856   5.631280e+00 -5.890108e-01   
   857   7.384239e+00 -2.347944e-01   
   858   4.373064e+00 -4.385105e-01   
   859   5.231845e+00 -5.866265e-01   
   860   6.887880e+00 -4.235973e-01   
   861   7.771054e+00 -7.365552e-02   
   862   4.505459e+00 -4.907273e-01   
   863   6.268840e+00 -5.644389e-01   
   864   7.270569e+00 -3.120207e-01   
   865   6.026567e+00 -6.040573e-01   
   866   7.904477e+00 -2.111543e-02   
   867   4.869056e+00 -5.785766e-01   
   868   5.373886e+00 -6.338060e-01   
   869   8.069068e+00  6.301374e-02   
   870   6.500560e+00 -5.487539e-01   
   871   5.769941e+00 -6.445935e-01   
   872   8.170185e+00  1.123149e-01   
   873   7.148113e+00 -3.883104e-01   
   874   3.725144e+00 -2.828283e-01   
   875   6.768895e+00 -5.042581e-01   
   876   3.851838e+00 -3.417500e-01   
   877   8.271302e+00  1.616162e-01   
   878   3.981024e+00 -3.954972e-01   
   879   4.625416e+00 -5.773677e-01   
   880   5.003895e+00 -6.416500e-01   
   881   4.112903e+00 -4.489143e-01   
   882   7.625312e+00 -2.245028e-01   
   883   5.515926e+00 -6.809855e-01   
   884   7.025658e+00 -4.646002e-01   
   885   4.245916e+00 -5.024529e-01   
   886   6.166507e+00 -6.580379e-01   
   887   6.403504e+00 -6.303862e-01   
   888   4.378312e+00 -5.546696e-01   
   889   6.644123e+00 -5.873379e-01   
   890   5.123447e+00 -6.883907e-01   
   891   5.909908e+00 -6.981041e-01   
   892   7.485829e+00 -3.314658e-01   
   893   6.906672e+00 -5.452611e-01   
   894   8.044316e+00 -6.167179e-02   
   895   4.745372e+00 -6.640081e-01   
   896   5.654588e+00 -7.365682e-01   
   897   5.261251e+00 -7.323706e-01   
   898   7.372159e+00 -4.086920e-01   
   899   8.173969e+00 -8.897173e-03   
   900   3.726766e+00 -4.040404e-01   
   901   6.306447e+00 -7.120185e-01   
   902   8.275086e+00  4.040404e-02   
   903   3.855952e+00 -4.577876e-01   
   904   6.049768e+00 -7.522134e-01   
   905   3.985137e+00 -5.115348e-01   
   906   4.880211e+00 -7.270815e-01   
   907   6.787686e+00 -6.259219e-01   
   908   5.403292e+00 -7.795501e-01   
   909   7.228453e+00 -4.979165e-01   
   910   6.535648e+00 -6.889852e-01   
   911   4.118151e+00 -5.650734e-01   
   912   7.752716e+00 -2.914375e-01   
   913   5.793249e+00 -7.921509e-01   
   914   4.251164e+00 -6.186120e-01   
   915   4.502737e+00 -6.826110e-01   
   916   7.886139e+00 -2.388974e-01   
   917   7.105997e+00 -5.742062e-01   
   918   5.015049e+00 -7.901549e-01   
   919   8.019563e+00 -1.863573e-01   
   920   7.613232e+00 -3.984004e-01   
   921   5.539602e+00 -8.413640e-01   
   922   6.189708e+00 -8.061941e-01   
   923   6.438592e+00 -7.706174e-01   
   924   8.149217e+00 -1.335827e-01   
   925   6.679211e+00 -7.275691e-01   
   926   5.152853e+00 -8.341348e-01   
   927   6.987011e+00 -6.548671e-01   
   928   5.933109e+00 -8.462603e-01   
   929   4.622693e+00 -7.692514e-01   
   930   8.278871e+00 -8.080808e-02   
   931   3.733370e+00 -5.252525e-01   
   932   4.755927e+00 -8.090154e-01   
   933   7.473748e+00 -5.053633e-01   
   934   3.862556e+00 -5.789997e-01   
   935   5.290657e+00 -8.781146e-01   
   936   3.991741e+00 -6.327469e-01   
   937   4.375589e+00 -7.465533e-01   
   938   5.678264e+00 -8.969467e-01   
   939   4.124755e+00 -6.862855e-01   
   940   7.330042e+00 -5.945878e-01   
   941   7.902691e+00 -3.472555e-01   
   942   6.319860e+00 -8.600695e-01   
   943   4.890765e+00 -8.720888e-01   
   944   4.230987e+00 -7.405916e-01   
   945   6.072969e+00 -9.003696e-01   
   946   6.822273e+00 -7.715361e-01   
   947   6.570736e+00 -8.292164e-01   
   948   8.036115e+00 -2.947154e-01   
   949   5.426968e+00 -9.399286e-01   
   950   5.033635e+00 -9.160576e-01   
   951   7.186337e+00 -6.838122e-01   
   952   8.141676e+00 -2.547948e-01   
   953   5.814453e+00 -9.597669e-01   
   954   8.271330e+00 -2.020202e-01   
   955   5.171440e+00 -9.600375e-01   
   956   7.728009e+00 -5.111869e-01   
   957   3.739975e+00 -6.464646e-01   
   958   4.500014e+00 -8.744947e-01   
   959   3.869160e+00 -7.002118e-01   
   960   6.203120e+00 -9.542451e-01   
   961   6.452004e+00 -9.186684e-01   
   962   6.713798e+00 -8.731834e-01   
   963   4.633248e+00 -9.142587e-01   
   964   5.563278e+00 -1.001742e+00   
   965   3.998346e+00 -7.539590e-01   
   966   7.865636e+00 -4.700605e-01   
   967   7.021598e+00 -8.004813e-01   
   968   4.355412e+00 -8.685329e-01   
   969   4.766481e+00 -9.540228e-01   
   970   4.104578e+00 -8.082651e-01   
   971   7.588525e+00 -6.181498e-01   
   972   5.954313e+00 -1.013876e+00   
   973   7.452703e+00 -6.808843e-01   
   974   5.304619e+00 -1.026139e+00   
   975   8.052666e+00 -4.030734e-01   
   976   4.909352e+00 -9.979916e-01   
   977   4.210810e+00 -8.625711e-01   
   978   8.158228e+00 -3.631529e-01   
   979   6.333272e+00 -1.008120e+00   
   980   5.699467e+00 -1.064563e+00   
   981   7.308997e+00 -7.701087e-01   
   982   5.052222e+00 -1.041960e+00   
   983   8.263789e+00 -3.232323e-01   
   984   6.856859e+00 -9.171504e-01   
   985   6.589537e+00 -9.776962e-01   
   986   7.173328e+00 -8.340359e-01   
   987   5.440929e+00 -1.087953e+00   
   988   6.090919e+00 -1.067409e+00   
   989   3.746579e+00 -7.676768e-01   
   990   3.875765e+00 -8.214240e-01   
   991   4.007662e+00 -8.695380e-01   
   992   4.393779e+00 -9.775839e-01   
   993   5.185401e+00 -1.108062e+00   
   994   4.529385e+00 -1.019583e+00   
   995   8.015611e+00 -5.258784e-01   
   996   4.113894e+00 -9.238441e-01   
   997   5.835656e+00 -1.127383e+00   
   998   4.662618e+00 -1.059347e+00   
   999   4.249177e+00 -9.716221e-01   
   1000   6.470805e+00 -1.067148e+00   
   1001   7.008590e+00 -9.507049e-01   
   1002   6.732599e+00 -1.021663e+00   
   1003   5.576928e+00 -1.151038e+00   
   1004   8.150687e+00 -4.843650e-01   
   1005   4.798621e+00 -1.098410e+00   
   1006   6.221071e+00 -1.121285e+00   
   1007   8.256248e+00 -4.444444e-01   
   1008   7.703302e+00 -7.309363e-01   
   1009   7.567480e+00 -7.936708e-01   
   1010   4.941491e+00 -1.142379e+00   
   1011   5.318580e+00 -1.174163e+00   
   1012   7.431658e+00 -8.564052e-01   
   1013   7.840929e+00 -6.898099e-01   
   1014   5.972263e+00 -1.180916e+00   
   1015   7.295989e+00 -9.203324e-01   
   1016   3.753183e+00 -8.888889e-01   
   1017   3.885081e+00 -9.370029e-01   
   1018   6.350805e+00 -1.157008e+00   
   1019   5.713117e+00 -1.213858e+00   
   1020   4.016979e+00 -9.851170e-01   
   1021   7.978556e+00 -6.486835e-01   
   1022   7.160320e+00 -9.842595e-01   
   1023   4.152262e+00 -1.032895e+00   
   1024   6.608339e+00 -1.126176e+00   
   1025   5.074040e+00 -1.211488e+00   
   1026   4.287545e+00 -1.080673e+00   
   1027   5.454579e+00 -1.237248e+00   
   1028   8.113632e+00 -6.071700e-01   
   1029   4.423150e+00 -1.122672e+00   
   1030   6.108870e+00 -1.234449e+00   
   1031   4.558755e+00 -1.164671e+00   
   1032   8.248707e+00 -5.656566e-01   
   1033   4.694758e+00 -1.203734e+00   
   1034   5.207219e+00 -1.277589e+00   
   1035   6.488338e+00 -1.216036e+00   
   1036   4.830760e+00 -1.242797e+00   
   1037   7.822545e+00 -8.110220e-01   
   1038   6.942692e+00 -1.122948e+00   
   1039   5.590578e+00 -1.300333e+00   
   1040   6.238604e+00 -1.270173e+00   
   1041   5.857060e+00 -1.308263e+00   
   1042   7.960172e+00 -7.698956e-01   
   1043   3.765212e+00 -1.010101e+00   
   1044   3.897110e+00 -1.058215e+00   
   1045   7.419234e+00 -1.005792e+00   
   1046   4.029007e+00 -1.106329e+00   
   1047   7.692565e+00 -9.128090e-01   
   1048   4.164290e+00 -1.154107e+00   
   1049   8.095248e+00 -7.283821e-01   
   1050   7.283565e+00 -1.069719e+00   
   1051   4.300657e+00 -1.194422e+00   
   1052   7.556742e+00 -9.755434e-01   
   1053   4.963309e+00 -1.311906e+00   
   1054   5.340476e+00 -1.343463e+00   
   1055   4.436262e+00 -1.236420e+00   
   1056   6.368338e+00 -1.305896e+00   
   1057   4.573078e+00 -1.275961e+00   
   1058   8.230323e+00 -6.868687e-01   
   1059   6.818432e+00 -1.227461e+00   
   1060   7.094423e+00 -1.156503e+00   
   1061   5.993667e+00 -1.361796e+00   
   1062   4.709081e+00 -1.315024e+00   
   1063   6.647458e+00 -1.291087e+00   
   1064   5.734521e+00 -1.394738e+00   
   1065   5.095858e+00 -1.381015e+00   
   1066   5.476475e+00 -1.406549e+00   
   1067   7.941788e+00 -8.911077e-01   
   1068   3.777240e+00 -1.131313e+00   
   1069   6.136697e+00 -1.405117e+00   
   1070   3.909138e+00 -1.179427e+00   
   1071   4.836227e+00 -1.390618e+00   
   1072   8.076863e+00 -8.495943e-01   
   1073   4.041036e+00 -1.227541e+00   
   1074   4.177402e+00 -1.267856e+00   
   1075   4.313768e+00 -1.308170e+00   
   1076   5.229115e+00 -1.446890e+00   
   1077   7.811807e+00 -9.928947e-01   
   1078   4.450585e+00 -1.347711e+00   
   1079   6.527458e+00 -1.380947e+00   
   1080   7.406810e+00 -1.155179e+00   
   1081   8.211939e+00 -8.080808e-01   
   1082   4.587401e+00 -1.387251e+00   
   1083   5.609022e+00 -1.476591e+00   
   1084   7.544319e+00 -1.124930e+00   
   1085   6.266431e+00 -1.440840e+00   
   1086   7.217668e+00 -1.241963e+00   
   1087   4.968776e+00 -1.459726e+00   
   1088   5.878463e+00 -1.489143e+00   
   1089   7.681827e+00 -1.094682e+00   
   1090   5.362372e+00 -1.512764e+00   
   1091   7.028525e+00 -1.328746e+00   
   1092   4.714548e+00 -1.462844e+00   
   1093   7.942210e+00 -1.021461e+00   
   1094   6.857552e+00 -1.392372e+00   
   1095   6.406186e+00 -1.477858e+00   
   1096   3.789269e+00 -1.252525e+00   
   1097   8.058479e+00 -9.708064e-01   
   1098   5.102870e+00 -1.525370e+00   
   1099   3.921166e+00 -1.300639e+00   
   1100   4.056203e+00 -1.342233e+00   
   1101   6.021494e+00 -1.532463e+00   
   1102   4.192570e+00 -1.382547e+00   
   1103   4.330170e+00 -1.423754e+00   
   1104   8.193555e+00 -9.292929e-01   
   1105   6.686578e+00 -1.455998e+00   
   1106   4.466987e+00 -1.463294e+00   
   1107   5.752965e+00 -1.570996e+00   
   1108   7.812230e+00 -1.123248e+00   
   1109   5.494919e+00 -1.582806e+00   
   1110   4.841695e+00 -1.538438e+00   
   1111   5.236127e+00 -1.591244e+00   
   1112   6.164524e+00 -1.575784e+00   
   1113   7.324245e+00 -1.347397e+00   
   1114   4.582362e+00 -1.535384e+00   
   1115   7.468565e+00 -1.307743e+00   
   1116   4.975788e+00 -1.604081e+00   
   1117   6.565307e+00 -1.552909e+00   
   1118   5.903629e+00 -1.634279e+00   
   1119   7.606074e+00 -1.277494e+00   
   1120   7.135103e+00 -1.434181e+00   
   1121   6.990783e+00 -1.473835e+00   
   1122   3.936334e+00 -1.415331e+00   
   1123   3.801297e+00 -1.373737e+00   
   1124   5.627467e+00 -1.652848e+00   
   1125   4.071371e+00 -1.456924e+00   
   1126   7.942632e+00 -1.151815e+00   
   1127   6.304280e+00 -1.612802e+00   
   1128   8.058901e+00 -1.101160e+00   
   1129   4.208972e+00 -1.498131e+00   
   1130   8.175171e+00 -1.050505e+00   
   1131   5.367832e+00 -1.662328e+00   
   1132   4.346572e+00 -1.539337e+00   
   1133   6.819809e+00 -1.537461e+00   
   1134   4.709509e+00 -1.610977e+00   
   1135   7.749052e+00 -1.255852e+00   
   1136   5.109882e+00 -1.669725e+00   
   1137   6.701885e+00 -1.581212e+00   
   1138   6.046660e+00 -1.677599e+00   
   1139   6.444035e+00 -1.649821e+00   
   1140   4.461948e+00 -1.611427e+00   
   1141   5.778131e+00 -1.716131e+00   
   1142   4.850545e+00 -1.685348e+00   
   1143   5.500380e+00 -1.732370e+00   
   1144   5.241588e+00 -1.740808e+00   
   1145   7.879455e+00 -1.284418e+00   
   1146   3.819604e+00 -1.494949e+00   
   1147   3.954641e+00 -1.536543e+00   
   1148   6.580613e+00 -1.678123e+00   
   1149   4.089678e+00 -1.578136e+00   
   1150   4.577323e+00 -1.683516e+00   
   1151   6.218498e+00 -1.735556e+00   
   1152   4.227279e+00 -1.619343e+00   
   1153   7.097361e+00 -1.579269e+00   
   1154   7.241681e+00 -1.539615e+00   
   1155   4.984639e+00 -1.750992e+00   
   1156   6.953041e+00 -1.618923e+00   
   1157   7.386000e+00 -1.499961e+00   
   1158   5.928796e+00 -1.779415e+00   
   1159   8.022433e+00 -1.262776e+00   
   1160   7.530320e+00 -1.460307e+00   
   1161   8.138702e+00 -1.212121e+00   
   1162   6.835116e+00 -1.662675e+00   
   1163   4.335866e+00 -1.667468e+00   
   1164   5.634026e+00 -1.799995e+00   
   1165   5.373293e+00 -1.811892e+00   
   1166   6.717191e+00 -1.706426e+00   
   1167   7.673299e+00 -1.438664e+00   
   1168   4.718359e+00 -1.757887e+00   
   1169   6.358254e+00 -1.772574e+00   
   1170   5.117970e+00 -1.819331e+00   
   1171   4.451242e+00 -1.739558e+00   
   1172   7.816277e+00 -1.417022e+00   
   1173   6.100634e+00 -1.837371e+00   
   1174   5.784690e+00 -1.863278e+00   
   1175   6.507168e+00 -1.797624e+00   
   1176   3.837912e+00 -1.616162e+00   
   1177   4.859395e+00 -1.832259e+00   
   1178   3.972948e+00 -1.657755e+00   
   1179   5.506939e+00 -1.879517e+00   
   1180   4.107985e+00 -1.699349e+00   
   1181   7.959256e+00 -1.395380e+00   
   1182   5.249676e+00 -1.890415e+00   
   1183   4.216573e+00 -1.747474e+00   
   1184   7.204668e+00 -1.683604e+00   
   1185   7.060348e+00 -1.723258e+00   
   1186   7.348988e+00 -1.643950e+00   
   1187   6.916138e+00 -1.764228e+00   
   1188   7.493308e+00 -1.604296e+00   
   1189   7.635187e+00 -1.559876e+00   
   1190   6.643746e+00 -1.825927e+00   
   1191   8.102234e+00 -1.373737e+00   
   1192   4.325160e+00 -1.795599e+00   
   1193   4.992727e+00 -1.900598e+00   
   1194   6.798213e+00 -1.807979e+00   
   1195   4.540520e+00 -1.845865e+00   
   1196   6.272472e+00 -1.895328e+00   
   1197   5.640584e+00 -1.947141e+00   
   1198   7.778166e+00 -1.538234e+00   
   1199   5.959029e+00 -1.947829e+00   
   1200   5.381136e+00 -1.960806e+00   
   1201   6.421387e+00 -1.920378e+00   
   1202   7.921144e+00 -1.516592e+00   
   1203   3.856219e+00 -1.737374e+00   
   1204   5.126058e+00 -1.968938e+00   
   1205   4.681556e+00 -1.920236e+00   
   1206   3.991256e+00 -1.778967e+00   
   1207   4.414438e+00 -1.901907e+00   
   1208   8.064123e+00 -1.494949e+00   
   1209   4.122819e+00 -1.846475e+00   
   1210   4.865084e+00 -1.979281e+00   
   1211   6.570301e+00 -1.945428e+00   
   1212   5.514782e+00 -2.028430e+00   
   1213   6.130867e+00 -2.005786e+00   
   1214   6.724768e+00 -1.927480e+00   
   1215   7.167656e+00 -1.827593e+00   
   1216   5.814923e+00 -2.031692e+00   
   1217   7.311976e+00 -1.787939e+00   
   1218   7.023445e+00 -1.868563e+00   
   1219   7.456296e+00 -1.748285e+00   
   1220   4.231406e+00 -1.894600e+00   
   1221   7.598175e+00 -1.703866e+00   
   1222   5.257519e+00 -2.039329e+00   
   1223   6.879235e+00 -1.909532e+00   
   1224   7.740054e+00 -1.659446e+00   
   1225   4.998416e+00 -2.047621e+00   
   1226   6.325435e+00 -2.035634e+00   
   1227   7.883033e+00 -1.637804e+00   
   1228   3.874526e+00 -1.858586e+00   
   1229   5.648185e+00 -2.096893e+00   
   1230   4.503716e+00 -2.008214e+00   
   1231   5.388980e+00 -2.109719e+00   
   1232   8.026011e+00 -1.616162e+00   
   1233   6.474349e+00 -2.060684e+00   
   1234   4.006089e+00 -1.926094e+00   
   1235   4.320685e+00 -2.000908e+00   
   1236   5.989262e+00 -2.116243e+00   
   1237   4.687245e+00 -2.067259e+00   
   1238   5.130468e+00 -2.118654e+00   
   1239   7.565013e+00 -1.822780e+00   
   1240   7.706892e+00 -1.778361e+00   
   1241   4.137653e+00 -1.993602e+00   
   1242   6.628273e+00 -2.072369e+00   
   1243   4.870774e+00 -2.126304e+00   
   1244   7.287665e+00 -1.932918e+00   
   1245   6.782740e+00 -2.054421e+00   
   1246   7.431985e+00 -1.893264e+00   
   1247   6.183830e+00 -2.146091e+00   
   1248   5.522383e+00 -2.178183e+00   
   1249   7.844921e+00 -1.759016e+00   
   1250   5.822524e+00 -2.181444e+00   
   1251   5.261929e+00 -2.189044e+00   
   1252   7.099907e+00 -2.012389e+00   
   1253   6.955697e+00 -2.053359e+00   
   1254   7.987900e+00 -1.737374e+00   
   1255   5.002826e+00 -2.197337e+00   
   1256   6.378397e+00 -2.175940e+00   
   1257   3.907643e+00 -2.020202e+00   
   1258   5.941966e+00 -2.234433e+00   
   1259   5.655785e+00 -2.246646e+00   
   1260   7.673730e+00 -1.897276e+00   
   1261   4.361225e+00 -2.141863e+00   
   1262   6.532321e+00 -2.187625e+00   
   1263   5.394252e+00 -2.259572e+00   
   1264   4.506153e+00 -2.179735e+00   
   1265   4.039206e+00 -2.087710e+00   
   1266   7.540702e+00 -1.967759e+00   
   1267   7.811759e+00 -1.877931e+00   
   1268   6.089306e+00 -2.261920e+00   
   1269   5.134879e+00 -2.268369e+00   
   1270   4.178193e+00 -2.134557e+00   
   1271   6.686246e+00 -2.199311e+00   
   1272   4.689681e+00 -2.238780e+00   
   1273   5.775227e+00 -2.299634e+00   
   1274   7.407673e+00 -2.038243e+00   
   1275   7.949788e+00 -1.858586e+00   
   1276   4.875261e+00 -2.276223e+00   
   1277   6.859202e+00 -2.198248e+00   
   1278   5.527655e+00 -2.328035e+00   
   1279   7.219916e+00 -2.117714e+00   
   1280   6.283874e+00 -2.291768e+00   
   1281   5.267202e+00 -2.338897e+00   
   1282   5.894669e+00 -2.352623e+00   
   1283   7.032158e+00 -2.197185e+00   
   1284   5.007314e+00 -2.347256e+00   
   1285   6.429822e+00 -2.316319e+00   
   1286   3.940760e+00 -2.181818e+00   
   1287   6.042010e+00 -2.380110e+00   
   1288   4.079747e+00 -2.228665e+00   
   1289   6.583746e+00 -2.328005e+00   
   1290   7.744285e+00 -2.039547e+00   
   1291   5.399525e+00 -2.409424e+00   
   1292   5.123752e+00 -2.398287e+00   
   1293   4.218734e+00 -2.275513e+00   
   1294   5.677284e+00 -2.418397e+00   
   1295   4.363661e+00 -2.313384e+00   
   1296   7.358367e+00 -2.182697e+00   
   1297   7.611257e+00 -2.110031e+00   
   1298   6.189351e+00 -2.407597e+00   
   1299   7.882314e+00 -2.020202e+00   
   1300   4.508589e+00 -2.351256e+00   
   1301   4.694169e+00 -2.388699e+00   
   1302   6.731191e+00 -2.355196e+00   
   1303   7.170609e+00 -2.262168e+00   
   1304   4.879749e+00 -2.426142e+00   
   1305   5.796726e+00 -2.471386e+00   
   1306   6.335299e+00 -2.432148e+00   
   1307   5.256075e+00 -2.468814e+00   
   1308   6.904147e+00 -2.354134e+00   
   1309   5.549154e+00 -2.499786e+00   
   1310   4.996187e+00 -2.477173e+00   
   1311   5.944919e+00 -2.493831e+00   
   1312   6.481247e+00 -2.456698e+00   
   1313   7.034567e+00 -2.369455e+00   
   1314   6.092259e+00 -2.521318e+00   
   1315   5.112626e+00 -2.528205e+00   
   1316   4.258355e+00 -2.420132e+00   
   1317   7.309061e+00 -2.327151e+00   
   1318   7.561950e+00 -2.254484e+00   
   1319   4.403282e+00 -2.458004e+00   
   1320   7.814840e+00 -2.181818e+00   
   1321   6.628692e+00 -2.483890e+00   
   1322   3.995804e+00 -2.388714e+00   
   1323   6.237746e+00 -2.549079e+00   
   1324   5.698783e+00 -2.590148e+00   
   1325   4.134791e+00 -2.435562e+00   
   1326   5.307470e+00 -2.595166e+00   
   1327   5.846976e+00 -2.612594e+00   
   1328   5.455843e+00 -2.617193e+00   
   1329   6.776136e+00 -2.511082e+00   
   1330   6.383694e+00 -2.573629e+00   
   1331   4.545398e+00 -2.543605e+00   
   1332   4.906654e+00 -2.591160e+00   
   1333   7.173018e+00 -2.434438e+00   
   1334   4.730979e+00 -2.581048e+00   
   1335   5.995168e+00 -2.635040e+00   
   1336   6.906555e+00 -2.526403e+00   
   1337   5.023093e+00 -2.642191e+00   
   1338   6.531647e+00 -2.597904e+00   
   1339   5.164020e+00 -2.654557e+00   
   1340   4.297975e+00 -2.564751e+00   
   1341   6.140655e+00 -2.662800e+00   
   1342   7.481058e+00 -2.416101e+00   
   1343   7.317787e+00 -2.464547e+00   
   1344   7.733948e+00 -2.343434e+00   
   1345   7.036975e+00 -2.541725e+00   
   1346   5.605472e+00 -2.707555e+00   
   1347   6.679091e+00 -2.625096e+00   
   1348   4.174411e+00 -2.580181e+00   
   1349   6.286141e+00 -2.690561e+00   
   1350   5.753820e+00 -2.729561e+00   
   1351   4.440092e+00 -2.650353e+00   
   1352   5.902012e+00 -2.752006e+00   
   1353   7.181744e+00 -2.571834e+00   
   1354   4.050847e+00 -2.595611e+00   
   1355   6.825444e+00 -2.652452e+00   
   1356   6.434094e+00 -2.714835e+00   
   1357   4.933560e+00 -2.756178e+00   
   1358   5.074487e+00 -2.768543e+00   
   1359   6.050120e+00 -2.772580e+00   
   1360   5.215415e+00 -2.780909e+00   
   1361   4.757884e+00 -2.746066e+00   
   1362   6.955863e+00 -2.667774e+00   
   1363   5.363788e+00 -2.802935e+00   
   1364   4.582208e+00 -2.735955e+00   
   1365   6.582047e+00 -2.739110e+00   
   1366   7.489784e+00 -2.553497e+00   
   1367   7.653055e+00 -2.505051e+00   
   1368   5.512162e+00 -2.824962e+00   
   1369   7.326513e+00 -2.601944e+00   
   1370   6.195607e+00 -2.800340e+00   
   1371   7.105598e+00 -2.674618e+00   
   1372   5.660509e+00 -2.846967e+00   
   1373   6.728399e+00 -2.766466e+00   
   1374   6.339320e+00 -2.830744e+00   
   1375   5.808856e+00 -2.868973e+00   
   1376   4.856499e+00 -2.858112e+00   
   1377   5.956964e+00 -2.889546e+00   
   1378   4.245079e+00 -2.777325e+00   
   1379   4.680823e+00 -2.848001e+00   
   1380   7.250367e+00 -2.704728e+00   
   1381   6.487272e+00 -2.855018e+00   
   1382   6.874752e+00 -2.793823e+00   
   1383   4.992669e+00 -2.891767e+00   
   1384   5.133596e+00 -2.904133e+00   
   1385   5.281765e+00 -2.923474e+00   
   1386   6.105072e+00 -2.910120e+00   
   1387   4.121515e+00 -2.792755e+00   
   1388   5.430138e+00 -2.945501e+00   
   1389   7.556154e+00 -2.666667e+00   
   1390   7.024487e+00 -2.800667e+00   
   1391   7.392883e+00 -2.715113e+00   
   1392   6.635191e+00 -2.878189e+00   
   1393   4.387196e+00 -2.862927e+00   
   1394   5.567274e+00 -2.964462e+00   
   1395   6.248785e+00 -2.940523e+00   
   1396   4.569564e+00 -2.913946e+00   
   1397   5.715621e+00 -2.986468e+00   
   1398   7.174222e+00 -2.807512e+00   
   1399   4.779438e+00 -2.960047e+00   
   1400   6.781544e+00 -2.905546e+00   
   1401   6.392498e+00 -2.970927e+00   
   1402   4.915608e+00 -2.993702e+00   
   1403   7.316737e+00 -2.817897e+00   
   1404   6.926789e+00 -2.914118e+00   
   1405   5.051778e+00 -3.027357e+00   
   1406   5.199947e+00 -3.046699e+00   
   1407   6.540417e+00 -2.994098e+00   
   1408   5.348115e+00 -3.066040e+00   
   1409   6.161038e+00 -3.045934e+00   
   1410   5.868103e+00 -3.064078e+00   
   1411   7.459252e+00 -2.828283e+00   
   1412   7.076524e+00 -2.920963e+00   
   1413   4.668179e+00 -3.025992e+00   
   1414   5.485251e+00 -3.085002e+00   
   1415   6.016211e+00 -3.084651e+00   
   1416   6.688336e+00 -3.017269e+00   
   1417   5.622386e+00 -3.103963e+00   
   1418   6.304751e+00 -3.076338e+00   
   1419   4.192183e+00 -2.989899e+00   
   1420   4.804453e+00 -3.085085e+00   
   1421   6.833581e+00 -3.025841e+00   
   1422   6.425674e+00 -3.087861e+00   
   1423   7.222704e+00 -2.949164e+00   
   1424   4.374552e+00 -3.040919e+00   
   1425   4.940623e+00 -3.118740e+00   
   1426   4.556920e+00 -3.091938e+00   
   1427   6.978827e+00 -3.034414e+00   
   1428   5.094568e+00 -3.161951e+00   
   1429   6.573593e+00 -3.111032e+00   
   1430   7.365219e+00 -2.959550e+00   
   1431   5.774868e+00 -3.181573e+00   
   1432   5.242737e+00 -3.181293e+00   
   1433   4.693194e+00 -3.151030e+00   
   1434   6.217004e+00 -3.181749e+00   
   1435   5.438518e+00 -3.211731e+00   
   1436   7.125007e+00 -3.062616e+00   
   1437   5.575654e+00 -3.230693e+00   
   1438   6.337927e+00 -3.193272e+00   
   1439   6.072176e+00 -3.220466e+00   
   1440   4.829468e+00 -3.210122e+00   
   1441   6.458851e+00 -3.204795e+00   
   1442   6.710620e+00 -3.171872e+00   
   1443   5.927349e+00 -3.259183e+00   
   1444   4.270233e+00 -3.151515e+00   
   1445   4.983413e+00 -3.253334e+00   
   1446   4.587787e+00 -3.215827e+00   
   1447   7.271186e+00 -3.090817e+00   
   1448   4.452602e+00 -3.202535e+00   
   1449   6.855865e+00 -3.180444e+00   
   1450   5.137358e+00 -3.296545e+00   
   1451   5.728135e+00 -3.308303e+00   
   1452   7.031201e+00 -3.173773e+00   
   1453   4.724061e+00 -3.274919e+00   
   1454   5.333140e+00 -3.326984e+00   
   1455   6.595877e+00 -3.265635e+00   
   1456   6.204135e+00 -3.314540e+00   
   1457   5.528921e+00 -3.357422e+00   
   1458   6.325059e+00 -3.326063e+00   
   1459   6.059308e+00 -3.353257e+00   
   1460   7.177381e+00 -3.201974e+00   
   1461   4.618653e+00 -3.339716e+00   
   1462   4.483468e+00 -3.326423e+00   
   1463   6.474931e+00 -3.353856e+00   
   1464   5.889555e+00 -3.403984e+00   
   1465   4.348283e+00 -3.313131e+00   
   1466   4.831063e+00 -3.377627e+00   
   1467   6.732904e+00 -3.326474e+00   
   1468   6.908239e+00 -3.319803e+00   
   1469   5.189641e+00 -3.433492e+00   
   1470   4.985008e+00 -3.420839e+00   
   1471   5.690342e+00 -3.453104e+00   
   1472   7.083575e+00 -3.313131e+00   
   1473   5.385423e+00 -3.463931e+00   
   1474   6.191267e+00 -3.447331e+00   
   1475   6.611958e+00 -3.414696e+00   
   1476   4.725656e+00 -3.442424e+00   
   1477   5.552140e+00 -3.507727e+00   
   1478   6.021514e+00 -3.498058e+00   
   1479   6.341139e+00 -3.475124e+00   
   1480   4.588988e+00 -3.485038e+00   
   1481   5.851762e+00 -3.548786e+00   
   1482   4.453803e+00 -3.471745e+00   
   1483   6.491011e+00 -3.502917e+00   
   1484   6.747808e+00 -3.475434e+00   
   1485   5.037291e+00 -3.557786e+00   
   1486   5.241924e+00 -3.570439e+00   
   1487   4.832658e+00 -3.545132e+00   
   1488   6.923143e+00 -3.468762e+00   
   1489   6.265579e+00 -3.562730e+00   
   1490   5.713560e+00 -3.603409e+00   
   1491   5.408641e+00 -3.614235e+00   
   1492   6.122133e+00 -3.601544e+00   
   1493   6.626861e+00 -3.563656e+00   
   1494   6.415451e+00 -3.590523e+00   
   1495   4.695990e+00 -3.587746e+00   
   1496   5.575359e+00 -3.658031e+00   
   1497   5.952381e+00 -3.652271e+00   
   1498   5.132388e+00 -3.671606e+00   
   1499   4.927755e+00 -3.658952e+00   
   1500   5.832950e+00 -3.691892e+00   
   1501   4.559322e+00 -3.630360e+00   
   1502   6.510479e+00 -3.650449e+00   
   1503   6.762712e+00 -3.624394e+00   
   1504   6.339892e+00 -3.678128e+00   
   1505   4.780736e+00 -3.678542e+00   
   1506   5.271716e+00 -3.716539e+00   
   1507   6.196446e+00 -3.716942e+00   
   1508   5.694749e+00 -3.746515e+00   
   1509   5.438433e+00 -3.760335e+00   
   1510   6.053000e+00 -3.755757e+00   
   1511   4.644068e+00 -3.721156e+00   
   1512   6.646330e+00 -3.711187e+00   
   1513   6.434920e+00 -3.738054e+00   
   1514   5.575109e+00 -3.790114e+00   
   1515   5.022853e+00 -3.772773e+00   
   1516   5.933569e+00 -3.795378e+00   
   1517   4.875833e+00 -3.792362e+00   
   1518   5.162180e+00 -3.817706e+00   
   1519   5.814139e+00 -3.834999e+00   
   1520   6.297065e+00 -3.820428e+00   
   1521   6.529948e+00 -3.797980e+00   
   1522   4.728814e+00 -3.811952e+00   
   1523   5.301507e+00 -3.862639e+00   
   1524   5.694499e+00 -3.878598e+00   
   1525   6.153618e+00 -3.859242e+00   
   1526   5.438184e+00 -3.892418e+00   
   1527   6.034188e+00 -3.898863e+00   
   1528   6.392092e+00 -3.880354e+00   
   1529   5.574860e+00 -3.922197e+00   
   1530   5.045325e+00 -3.905887e+00   
   1531   5.914758e+00 -3.938484e+00   
   1532   4.898305e+00 -3.925476e+00   
   1533   5.184652e+00 -3.950820e+00   
   1534   5.795327e+00 -3.978106e+00   
   1535   6.254237e+00 -3.962727e+00   
   1536   5.354144e+00 -3.998372e+00   
   1537   6.134807e+00 -4.002349e+00   
   1538   5.675688e+00 -4.021705e+00   
   1539   5.490820e+00 -4.028151e+00   
   1540   6.015376e+00 -4.041970e+00   
   1541   5.067797e+00 -4.039001e+00   
   1542   5.895946e+00 -4.081591e+00   
   1543   5.237288e+00 -4.086553e+00   
   1544   5.776515e+00 -4.121212e+00   
   1545   5.591648e+00 -4.127659e+00   
   1546   5.406780e+00 -4.134105e+00   
  END_COORDINATES
  BOUNDARIES, ELEMENT
    1         34     57     46         1     
    2         57     82     70         2     
    3         297     342     320         3     
    4         342     388     361         4     
    5         777     840     806         5     
    6         840     900     874         6     
    7         930     877     902         7     
    8         877     817     848         8     
    9         666     719     691         9     
    10         719     777     747         10     
    11         1032     983     1007         11     
    12         983     930     954         12     
    13         900     957     931         13     
    14         957     1016     989         14     
    15         562     616     586         15     
    16         616     666     642         16     
    17         1016     1068     1043         17     
    18         1068     1123     1096         18     
    19         817     761     788         19     
    20         761     708     732         20     
    21         464     511     484         21     
    22         511     562     537         22     
    23         1130     1081     1104         23     
    24         1081     1032     1058         24     
    25         1123     1176     1146         25     
    26         1176     1228     1203         26     
    27         173     134     153         27     
    28         1501     1522     1511         28     
    29         1544     1540     1542         29     
    30         1540     1535     1537         30     
    31         1275     1232     1254         31     
    32         1232     1191     1208         32     
    33         10     34     19         35     
    34         82     119     98         36     
    35         388     464     422         85     
    36         1191     1130     1161         152     
    37         1521     1503     1512         157     
    38         1472     1447     1460         158     
    39         239     297     267         161     
    40         708     617     659         166     
    41         1228     1286     1257         171     
    42         1286     1354     1322         173     
    43         1522     1541     1532         205     
    44         1541     1546     1543         207     
    45         1546     1544     1545         209     
    46         1465     1501     1482         215     
    47         1419     1465     1444         218     
    48         134     78     102         221     
    49         1535     1521     1528         225     
    50         240     173     206         230     
    51         1320     1275     1299         233     
    52         172     239     205         303     
    53         1503     1472     1488         340     
    54         1447     1411     1430         341     
    55         1411     1367     1389         343     
    56         460     387     421         502     
    57         1354     1419     1387         545     
    58         1     10     3         607     
    59         1367     1320     1344         667     
    60         119     172     145         717     
    61         533     460     498         723     
    62         11     1     4         725     
    63         35     11     20         728     
    64         78     35     56         731     
    65         387     311     351         736     
    66         311     240     274         737     
    67         617     533     572         738     
  END_BOUNDARIES
  MATERIALS, NUMBER= 1, DEFAULT=1
  END_MATERIALS
  SUBDOMAINS
  END_SUBDOMAINS
  CHARACTERISTICS
  END_CHARACTERISTICS
