  NODES_PER_ELEMENT
   1 6
   2 6
   3 6
   4 6
   5 6
   6 6
   7 6
   8 6
   9 6
   10 6
   11 6
   12 6
   13 6
   14 6
   15 6
   16 6
   17 6
   18 6
   19 6
   20 6
   21 6
   22 6
   23 6
   24 6
   25 6
   26 6
   27 6
   28 6
   29 6
   30 6
   31 6
   32 6
   33 6
   34 6
   35 6
   36 6
   37 6
   38 6
   39 6
   40 6
   41 6
   42 6
   43 6
   44 6
   45 6
   46 6
   47 6
   48 6
   49 6
   50 6
   51 6
   52 6
   53 6
   54 6
   55 6
   56 6
   57 6
   58 6
   59 6
   60 6
   61 6
   62 6
   63 6
   64 6
   65 6
   66 6
   67 6
   68 6
   69 6
   70 6
   71 6
   72 6
   73 6
   74 6
   75 6
   76 6
   77 6
   78 6
   79 6
   80 6
   81 6
   82 6
   83 6
   84 6
   85 6
   86 6
   87 6
   88 6
   89 6
   90 6
   91 6
   92 6
   93 6
   94 6
   95 6
   96 6
   97 6
   98 6
   99 6
   100 6
   101 6
   102 6
   103 6
   104 6
   105 6
   106 6
   107 6
   108 6
   109 6
   110 6
   111 6
   112 6
   113 6
   114 6
   115 6
   116 6
   117 6
   118 6
   119 6
   120 6
   121 6
   122 6
   123 6
   124 6
   125 6
   126 6
   127 6
   128 6
   129 6
   130 6
   131 6
   132 6
   133 6
   134 6
   135 6
   136 6
   137 6
   138 6
   139 6
   140 6
   141 6
   142 6
   143 6
   144 6
   145 6
   146 6
   147 6
   148 6
   149 6
   150 6
   151 6
   152 6
   153 6
   154 6
   155 6
   156 6
   157 6
   158 6
   159 6
   160 6
   161 6
   162 6
   163 6
   164 6
   165 6
   166 6
   167 6
   168 6
   169 6
   170 6
   171 6
   172 6
   173 6
   174 6
   175 6
   176 6
   177 6
   178 6
   179 6
   180 6
   181 6
   182 6
   183 6
   184 6
   185 6
   186 6
   187 6
   188 6
   189 6
   190 6
   191 6
   192 6
   193 6
   194 6
   195 6
   196 6
   197 6
   198 6
   199 6
   200 6
   201 6
   202 6
   203 6
   204 6
   205 6
   206 6
   207 6
   208 6
   209 6
   210 6
   211 6
   212 6
   213 6
   214 6
   215 6
   216 6
   217 6
   218 6
   219 6
   220 6
   221 6
   222 6
   223 6
   224 6
   225 6
   226 6
   227 6
   228 6
   229 6
   230 6
   231 6
   232 6
   233 6
   234 6
   235 6
   236 6
   237 6
   238 6
   239 6
   240 6
   241 6
   242 6
   243 6
   244 6
   245 6
   246 6
   247 6
   248 6
   249 6
   250 6
   251 6
   252 6
   253 6
   254 6
   255 6
   256 6
   257 6
   258 6
   259 6
   260 6
   261 6
   262 6
   263 6
   264 6
   265 6
   266 6
   267 6
   268 6
   269 6
   270 6
   271 6
   272 6
   273 6
   274 6
   275 6
   276 6
   277 6
   278 6
   279 6
   280 6
   281 6
   282 6
   283 6
   284 6
   285 6
   286 6
   287 6
   288 6
   289 6
   290 6
   291 6
   292 6
   293 6
   294 6
   295 6
   296 6
   297 6
   298 6
   299 6
   300 6
   301 6
   302 6
   303 6
   304 6
   305 6
   306 6
   307 6
   308 6
   309 6
   310 6
   311 6
   312 6
   313 6
   314 6
   315 6
   316 6
   317 6
   318 6
   319 6
   320 6
   321 6
   322 6
   323 6
   324 6
   325 6
   326 6
   327 6
   328 6
   329 6
   330 6
   331 6
   332 6
   333 6
   334 6
   335 6
   336 6
   337 6
   338 6
   339 6
   340 6
   341 6
   342 6
   343 6
   344 6
   345 6
   346 6
   347 6
   348 6
   349 6
   350 6
   351 6
   352 6
   353 6
   354 6
   355 6
   356 6
   357 6
   358 6
   359 6
   360 6
   361 6
   362 6
   363 6
   364 6
   365 6
   366 6
   367 6
   368 6
   369 6
   370 6
   371 6
   372 6
   373 6
   374 6
   375 6
   376 6
   377 6
   378 6
   379 6
   380 6
   381 6
   382 6
   383 6
   384 6
   385 6
   386 6
   387 6
   388 6
   389 6
   390 6
   391 6
   392 6
   393 6
   394 6
   395 6
   396 6
   397 6
   398 6
   399 6
   400 6
   401 6
   402 6
   403 6
   404 6
   405 6
   406 6
   407 6
   408 6
   409 6
   410 6
   411 6
   412 6
   413 6
   414 6
   415 6
   416 6
   417 6
   418 6
   419 6
   420 6
   421 6
   422 6
   423 6
   424 6
   425 6
   426 6
   427 6
   428 6
   429 6
   430 6
   431 6
   432 6
   433 6
   434 6
   435 6
   436 6
   437 6
   438 6
   439 6
   440 6
   441 6
   442 6
   443 6
   444 6
   445 6
   446 6
   447 6
   448 6
   449 6
   450 6
   451 6
   452 6
   453 6
   454 6
   455 6
   456 6
   457 6
   458 6
   459 6
   460 6
   461 6
   462 6
   463 6
   464 6
   465 6
   466 6
   467 6
   468 6
   469 6
   470 6
   471 6
   472 6
   473 6
   474 6
   475 6
   476 6
   477 6
   478 6
   479 6
   480 6
   481 6
   482 6
   483 6
   484 6
   485 6
   486 6
   487 6
   488 6
   489 6
   490 6
   491 6
   492 6
   493 6
   494 6
   495 6
   496 6
   497 6
   498 6
   499 6
   500 6
   501 6
   502 6
   503 6
   504 6
   505 6
   506 6
   507 6
   508 6
   509 6
   510 6
   511 6
   512 6
   513 6
   514 6
   515 6
   516 6
   517 6
   518 6
   519 6
   520 6
   521 6
   522 6
   523 6
   524 6
   525 6
   526 6
   527 6
   528 6
   529 6
   530 6
   531 6
   532 6
   533 6
   534 6
   535 6
   536 6
   537 6
   538 6
   539 6
   540 6
   541 6
   542 6
   543 6
   544 6
   545 6
   546 6
   547 6
   548 6
   549 6
   550 6
   551 6
   552 6
   553 6
   554 6
   555 6
   556 6
   557 6
   558 6
   559 6
   560 6
   561 6
   562 6
   563 6
   564 6
   565 6
   566 6
   567 6
   568 6
   569 6
   570 6
   571 6
   572 6
   573 6
   574 6
   575 6
   576 6
   577 6
   578 6
   579 6
   580 6
   581 6
   582 6
   583 6
   584 6
   585 6
   586 6
   587 6
   588 6
   589 6
   590 6
   591 6
   592 6
   593 6
   594 6
   595 6
   596 6
   597 6
   598 6
   599 6
   600 6
   601 6
   602 6
   603 6
   604 6
   605 6
   606 6
   607 6
   608 6
   609 6
   610 6
   611 6
   612 6
  END_NODES_PER_ELEMENT
  ELEMENTS
  1 1217 1221 1163 1218 1193 1191  
  2 562 550 480 554 513 520  
  3 480 550 456 513 502 466  
  4 562 480 493 520 485 526  
  5 493 480 416 485 446 454  
  6 562 493 580 526 534 568  
  7 416 480 406 446 441 411  
  8 493 416 436 454 423 460  
  9 406 480 456 441 466 432  
  10 416 406 347 411 376 381  
  11 436 416 360 423 387 398  
  12 493 436 517 460 476 504  
  13 416 347 360 381 351 387  
  14 360 347 295 351 321 327  
  15 295 347 286 321 315 290  
  16 360 295 314 327 302 336  
  17 436 360 383 398 371 407  
  18 517 436 459 476 447 486  
  19 314 295 250 302 270 281  
  20 436 383 459 407 421 447  
  21 459 383 413 421 396 437  
  22 250 295 236 270 266 244  
  23 413 383 339 396 358 375  
  24 459 413 491 437 452 477  
  25 236 295 286 266 290 261  
  26 339 383 314 358 348 326  
  27 314 383 360 348 371 336  
  28 339 314 271 326 293 304  
  29 271 314 250 293 281 260  
  30 271 250 214 260 232 241  
  31 214 250 195 232 220 204  
  32 271 214 238 241 227 256  
  33 339 271 299 304 288 320  
  34 413 339 370 375 355 390  
  35 491 413 448 452 426 470  
  36 214 195 164 204 178 190  
  37 299 271 238 288 256 268  
  38 299 238 269 268 255 287  
  39 269 238 213 255 226 240  
  40 299 269 337 287 300 319  
  41 448 413 370 426 390 409  
  42 214 164 183 190 173 198  
  43 269 213 246 240 230 259  
  44 448 370 410 409 388 425  
  45 183 164 134 173 149 158  
  46 246 213 193 230 202 219  
  47 410 370 337 388 353 372  
  48 337 370 299 353 334 319  
  49 410 337 382 372 357 393  
  50 299 370 339 334 355 320  
  51 382 337 312 357 323 345  
  52 410 382 455 393 417 434  
  53 134 164 119 149 141 127  
  54 193 213 163 202 186 174  
  55 312 337 269 323 300 291  
  56 312 269 246 291 259 279  
  57 312 246 292 279 267 298  
  58 292 246 233 267 239 262  
  59 312 292 356 298 324 332  
  60 119 164 148 141 152 131  
  61 163 213 183 186 196 171  
  62 163 183 134 171 158 147  
  63 193 163 145 174 151 168  
  64 356 292 342 324 316 349  
  65 148 164 195 152 178 170  
  66 183 213 238 196 226 209  
  67 193 145 181 168 165 187  
  68 342 292 280 316 285 311  
  69 181 145 136 165 142 157  
  70 193 181 233 187 206 211  
  71 280 292 233 285 262 257  
  72 342 280 333 311 307 338  
  73 136 145 105 142 125 121  
  74 333 280 275 307 277 303  
  75 342 333 401 338 366 369  
  76 105 145 116 125 130 110  
  77 136 105 99 121 102 118  
  78 275 280 225 277 251 248  
  79 401 333 394 366 363 397  
  80 116 145 163 130 151 139  
  81 225 280 233 251 257 229  
  82 401 394 465 397 429 433  
  83 465 394 462 429 427 461  
  84 401 465 475 433 468 438  
  85 462 394 399 427 395 430  
  86 465 462 535 461 496 497  
  87 475 465 541 468 503 508  
  88 399 394 331 395 362 364  
  89 535 462 538 496 501 536  
  90 541 465 535 503 497 537  
  91 331 394 333 362 363 330  
  92 538 462 473 501 467 505  
  93 331 333 275 330 303 301  
  94 473 462 399 467 430 435  
  95 331 275 278 301 276 305  
  96 473 399 408 435 403 440  
  97 278 275 223 276 247 249  
  98 331 278 341 305 310 335  
  99 408 399 341 403 367 373  
  100 223 275 225 247 248 221  
  101 341 278 289 310 282 313  
  102 341 399 331 367 364 335  
  103 289 278 231 282 253 258  
  104 341 289 352 313 322 346  
  105 289 231 245 258 235 265  
  106 352 289 306 322 296 328  
  107 245 231 191 235 208 217  
  108 289 245 306 265 272 296  
  109 191 231 179 208 205 182  
  110 306 245 264 272 254 283  
  111 179 231 223 205 228 201  
  112 191 179 144 182 160 166  
  113 264 245 207 254 224 234  
  114 223 231 278 228 253 249  
  115 144 179 135 160 156 140  
  116 207 245 191 224 217 197  
  117 135 179 175 156 176 153  
  118 144 135 103 140 120 123  
  119 175 179 223 176 201 199  
  120 135 175 136 153 154 133  
  121 103 135 99 120 117 101  
  122 175 223 225 199 221 200  
  123 175 225 181 200 203 177  
  124 99 105 73 102 89 84  
  125 73 105 81 89 91 75  
  126 99 73 72 84 71 83  
  127 81 105 116 91 110 98  
  128 73 81 51 75 65 60  
  129 72 73 44 71 58 57  
  130 81 116 94 98 106 88  
  131 51 81 64 65 70 54  
  132 44 73 51 58 60 46  
  133 94 116 134 106 126 113  
  134 134 116 163 126 139 147  
  135 94 134 119 113 127 107  
  136 94 119 80 107 97 86  
  137 64 81 94 70 88 77  
  138 94 80 64 86 69 77  
  139 64 80 52 69 66 56  
  140 52 80 62 66 67 55  
  141 538 473 552 505 509 543  
  142 552 473 484 509 478 518  
  143 538 552 616 543 585 582  
  144 484 473 408 478 440 445  
  145 552 484 566 518 524 559  
  146 616 552 626 585 592 621  
  147 484 408 424 445 415 453  
  148 566 484 506 524 492 533  
  149 626 552 566 592 559 598  
  150 424 408 352 415 380 386  
  151 506 484 424 492 453 463  
  152 566 506 589 533 549 578  
  153 352 408 341 380 373 346  
  154 424 352 374 386 361 400  
  155 589 506 530 549 521 564  
  156 566 589 640 578 618 605  
  157 374 352 306 361 328 340  
  158 530 506 451 521 479 489  
  159 640 589 663 618 627 653  
  160 566 640 626 605 633 598  
  161 451 506 424 479 463 439  
  162 530 451 482 489 464 507  
  163 663 589 617 627 603 639  
  164 626 640 695 633 667 662  
  165 482 451 402 464 422 442  
  166 530 482 567 507 523 551  
  167 617 589 530 603 564 575  
  168 695 640 713 667 680 701  
  169 402 451 374 422 412 385  
  170 567 482 545 523 514 558  
  171 567 545 629 558 590 599  
  172 713 640 663 680 653 688  
  173 695 713 760 701 735 727  
  174 374 451 424 412 439 400  
  175 713 663 729 688 697 723  
  176 760 713 780 735 747 769  
  177 695 760 749 727 754 722  
  178 729 663 689 697 676 711  
  179 780 713 729 747 723 755  
  180 749 760 812 754 786 782  
  181 695 749 686 722 717 690  
  182 689 663 617 676 639 654  
  183 812 760 827 786 790 816  
  184 749 812 802 782 806 776  
  185 686 749 741 717 744 712  
  186 827 760 780 790 769 803  
  187 812 827 871 816 847 841  
  188 802 812 863 806 836 832  
  189 741 749 802 744 776 770  
  190 871 827 890 847 859 880  
  191 812 871 863 841 867 836  
  192 741 802 795 770 798 767  
  193 890 827 842 859 834 866  
  194 863 871 924 867 898 894  
  195 795 802 856 798 829 826  
  196 741 795 733 767 764 736  
  197 842 827 780 834 803 810  
  198 924 871 931 898 901 927  
  199 856 802 863 829 832 860  
  200 733 795 791 764 793 761  
  201 842 780 800 810 787 818  
  202 931 871 890 901 880 912  
  203 856 863 915 860 889 886  
  204 791 795 849 793 823 821  
  205 800 780 729 787 755 765  
  206 915 863 924 889 894 920  
  207 856 915 909 886 911 882  
  208 849 795 856 823 826 852  
  209 800 729 757 765 745 779  
  210 915 924 974 920 948 945  
  211 909 915 966 911 940 936  
  212 849 856 909 852 882 879  
  213 974 924 983 948 954 979  
  214 909 966 960 936 963 934  
  215 983 924 931 954 927 956  
  216 974 983 1031 979 1007 1003  
  217 960 966 1019 963 993 990  
  218 983 931 996 956 965 986  
  219 1031 983 1040 1007 1012 1035  
  220 1019 966 1025 993 995 1021  
  221 996 931 952 965 944 975  
  222 1040 983 996 1012 986 1018  
  223 1025 966 974 995 969 999  
  224 952 931 890 944 912 921  
  225 974 966 915 969 940 945  
  226 1025 974 1031 999 1003 1029  
  227 1025 1031 1083 1029 1057 1055  
  228 1083 1031 1089 1057 1059 1086  
  229 1025 1083 1077 1055 1080 1051  
  230 1089 1031 1040 1059 1035 1065  
  231 1077 1083 1131 1080 1109 1105  
  232 1089 1040 1102 1065 1068 1093  
  233 1131 1083 1139 1109 1111 1135  
  234 1077 1131 1127 1105 1129 1101  
  235 1102 1040 1058 1068 1050 1082  
  236 1139 1083 1089 1111 1086 1114  
  237 1127 1131 1181 1129 1157 1154  
  238 1058 1040 996 1050 1018 1028  
  239 1181 1131 1185 1157 1159 1183  
  240 1127 1181 1178 1154 1180 1151  
  241 1185 1131 1139 1159 1135 1162  
  242 1181 1185 1231 1183 1208 1207  
  243 1178 1181 1228 1180 1205 1204  
  244 1231 1185 1245 1208 1215 1236  
  245 1181 1231 1228 1207 1229 1205  
  246 1245 1185 1192 1215 1188 1219  
  247 1228 1231 1263 1229 1250 1248  
  248 1192 1185 1139 1188 1162 1167  
  249 1245 1192 1240 1219 1216 1242  
  250 1263 1231 1265 1250 1251 1264  
  251 1192 1139 1147 1167 1142 1171  
  252 1240 1192 1203 1216 1198 1222  
  253 1265 1231 1245 1251 1236 1255  
  254 1147 1139 1089 1142 1114 1118  
  255 1203 1192 1147 1198 1171 1175  
  256 1265 1245 1280 1255 1268 1274  
  257 1203 1147 1160 1175 1153 1182  
  258 1160 1147 1102 1153 1119 1132  
  259 1203 1160 1213 1182 1187 1209  
  260 1102 1147 1089 1119 1118 1093  
  261 1160 1102 1117 1132 1110 1140  
  262 1213 1160 1173 1187 1170 1194  
  263 1160 1117 1173 1140 1146 1170  
  264 1173 1117 1134 1146 1120 1155  
  265 1134 1117 1073 1120 1092 1106  
  266 1173 1134 1190 1155 1164 1184  
  267 1073 1117 1058 1092 1087 1063  
  268 1134 1073 1091 1106 1084 1113  
  269 1190 1134 1158 1164 1144 1172  
  270 1058 1117 1102 1087 1110 1082  
  271 1091 1073 1032 1084 1054 1061  
  272 1158 1134 1091 1144 1113 1122  
  273 1032 1073 1011 1054 1041 1022  
  274 1011 1073 1058 1041 1063 1033  
  275 1032 1011 970 1022 988 1001  
  276 1011 1058 996 1033 1028 1005  
  277 970 1011 952 988 982 957  
  278 1032 970 991 1001 980 1009  
  279 952 1011 996 982 1005 975  
  280 970 952 903 957 928 937  
  281 991 970 926 980 950 958  
  282 903 952 890 928 921 897  
  283 970 903 926 937 919 950  
  284 926 903 864 919 887 896  
  285 864 903 842 887 873 854  
  286 926 864 891 896 874 908  
  287 842 903 890 873 897 866  
  288 864 842 800 854 818 833  
  289 891 864 824 874 843 858  
  290 824 864 800 843 833 811  
  291 891 824 850 858 838 869  
  292 850 824 785 838 805 817  
  293 891 850 918 869 885 900  
  294 785 824 757 805 789 771  
  295 918 850 904 885 876 913  
  296 918 904 973 913 941 946  
  297 891 918 955 900 930 923  
  298 757 824 800 789 811 779  
  299 955 918 981 930 949 967  
  300 891 955 926 923 942 908  
  301 981 918 973 949 946 977  
  302 981 973 1036 977 1006 1008  
  303 926 955 991 942 972 958  
  304 991 955 1014 972 984 1004  
  305 1014 955 981 984 967 998  
  306 991 1014 1056 1004 1034 1024  
  307 1014 981 1042 998 1010 1030  
  308 1056 1014 1081 1034 1048 1064  
  309 991 1056 1032 1024 1039 1009  
  310 1042 981 1036 1010 1008 1038  
  311 1042 1036 1100 1038 1066 1067  
  312 1081 1014 1042 1048 1030 1060  
  313 1032 1056 1091 1039 1072 1061  
  314 1081 1042 1108 1060 1076 1090  
  315 1091 1056 1116 1072 1085 1107  
  316 1108 1042 1100 1076 1067 1104  
  317 1108 1100 1163 1104 1133 1136  
  318 1081 1108 1143 1090 1121 1112  
  319 1116 1056 1081 1085 1064 1094  
  320 1143 1108 1169 1121 1138 1156  
  321 1081 1143 1116 1112 1130 1094  
  322 1169 1108 1163 1138 1136 1165  
  323 1169 1163 1221 1165 1193 1195  
  324 1169 1221 1225 1195 1223 1197  
  325 1116 1143 1174 1130 1161 1145  
  326 1174 1143 1225 1161 1186 1200  
  327 1116 1174 1158 1145 1168 1137  
  328 1158 1174 1232 1168 1206 1196  
  329 1116 1158 1091 1137 1122 1107  
  330 757 729 689 745 711 724  
  331 757 689 720 724 699 737  
  332 720 689 647 699 666 684  
  333 757 720 785 737 752 771  
  334 647 689 617 666 654 631  
  335 785 720 774 752 746 781  
  336 785 774 840 781 808 813  
  337 1025 1077 1019 1051 1047 1021  
  338 1019 1077 1070 1047 1074 1045  
  339 1070 1077 1127 1074 1101 1097  
  340 1019 1070 1015 1045 1043 1016  
  341 1015 1070 1071 1043 1069 1044  
  342 1019 1015 960 1016 987 990  
  343 1071 1070 1123 1069 1095 1096  
  344 960 1015 962 987 989 959  
  345 1123 1070 1127 1095 1097 1124  
  346 962 1015 1020 989 1017 992  
  347 960 962 905 959 933 932  
  348 1020 1015 1071 1017 1044 1046  
  349 962 1020 968 992 994 964  
  350 905 962 910 933 935 907  
  351 1020 1071 1079 1046 1075 1049  
  352 968 1020 1026 994 1023 997  
  353 910 962 968 935 964 938  
  354 1079 1071 1128 1075 1098 1103  
  355 1026 1020 1079 1023 1049 1053  
  356 1128 1071 1123 1098 1096 1126  
  357 1079 1128 1148 1103 1141 1115  
  358 1148 1128 1199 1141 1166 1176  
  359 1128 1123 1179 1126 1150 1152  
  360 1179 1123 1178 1150 1149 1177  
  361 1128 1179 1199 1152 1189 1166  
  362 1199 1179 1243 1189 1211 1224  
  363 1178 1123 1127 1149 1124 1151  
  364 720 647 700 684 670 710  
  365 720 700 774 710 739 746  
  366 1179 1178 1226 1177 1201 1202  
  367 1226 1178 1228 1201 1204 1227  
  368 1179 1226 1243 1202 1235 1211  
  369 1243 1226 1270 1235 1253 1257  
  370 1226 1228 1260 1227 1247 1246  
  371 1260 1228 1263 1247 1248 1261  
  372 1226 1260 1270 1246 1267 1253  
  373 1270 1260 1286 1267 1275 1279  
  374 1260 1263 1281 1261 1272 1271  
  375 1281 1263 1285 1272 1276 1283  
  376 1260 1281 1286 1271 1284 1275  
  377 1286 1281 1293 1284 1289 1291  
  378 99 72 103 83 87 101  
  379 686 741 677 712 708 681  
  380 677 741 733 708 736 705  
  381 686 677 616 681 648 651  
  382 677 733 671 705 703 673  
  383 616 677 609 648 643 612  
  384 686 616 626 651 621 656  
  385 671 733 734 703 732 704  
  386 677 671 609 673 641 643  
  387 686 626 695 656 662 690  
  388 734 733 791 732 761 762  
  389 609 671 611 641 642 608  
  390 734 791 796 762 794 766  
  391 611 671 679 642 675 645  
  392 609 611 535 608 574 572  
  393 796 791 851 794 822 825  
  394 679 671 734 675 704 706  
  395 609 535 538 572 536 576  
  396 851 791 849 822 821 848  
  397 609 538 616 576 582 612  
  398 851 849 905 848 877 878  
  399 905 849 909 877 879 906  
  400 851 905 910 878 907 881  
  401 851 910 857 881 884 855  
  402 857 910 917 884 914 888  
  403 851 857 796 855 828 825  
  404 917 910 968 914 938 943  
  405 796 857 804 828 831 801  
  406 917 968 976 943 971 947  
  407 804 857 865 831 862 835  
  408 976 968 1026 971 997 1000  
  409 865 857 917 862 888 892  
  410 976 1026 1052 1000 1037 1013  
  411 1052 1026 1099 1037 1062 1078  
  412 865 917 925 892 922 895  
  413 925 917 976 922 947 951  
  414 865 925 875 895 899 870  
  415 875 925 953 899 939 916  
  416 953 925 1002 939 961 978  
  417 865 875 814 870 845 839  
  418 814 875 830 845 853 819  
  419 865 814 804 839 809 835  
  420 830 875 902 853 893 868  
  421 902 875 953 893 916 929  
  422 804 814 751 809 783 777  
  423 751 814 763 783 788 758  
  424 804 751 743 777 748 772  
  425 763 814 830 788 819 797  
  426 743 751 687 748 721 714  
  427 687 751 698 721 725 691  
  428 743 687 679 714 682 709  
  429 698 751 763 725 758 728  
  430 679 687 620 682 652 650  
  431 698 763 718 728 742 707  
  432 620 687 630 652 659 625  
  433 718 763 784 742 775 750  
  434 698 718 649 707 685 669  
  435 630 687 698 659 691 664  
  436 784 763 830 775 797 807  
  437 649 718 668 685 692 658  
  438 630 698 649 664 669 637  
  439 668 718 740 692 726 702  
  440 649 668 595 658 632 623  
  441 630 649 570 637 610 602  
  442 740 718 784 726 750 759  
  443 595 668 624 632 646 607  
  444 570 649 595 610 623 584  
  445 624 668 696 646 683 660  
  446 595 624 540 607 586 569  
  447 696 668 740 683 702 719  
  448 624 696 655 660 674 638  
  449 540 624 577 586 600 560  
  450 655 696 730 674 716 693  
  451 730 696 773 716 731 753  
  452 624 655 577 638 619 600  
  453 577 655 615 619 634 596  
  454 615 655 694 634 672 657  
  455 694 655 730 672 693 715  
  456 577 615 529 596 573 555  
  457 529 615 581 573 597 557  
  458 577 529 490 555 510 531  
  459 581 615 661 597 636 622  
  460 661 615 694 636 657 678  
  461 529 581 491 557 532 511  
  462 491 581 542 532 563 519  
  463 529 491 448 511 470 488  
  464 542 581 628 563 604 588  
  465 491 542 459 519 498 477  
  466 529 448 490 488 469 510  
  467 628 581 661 604 622 644  
  468 459 542 517 498 527 486  
  469 490 448 410 469 425 450  
  470 517 542 601 527 571 561  
  471 490 410 455 450 434 474  
  472 601 542 628 571 588 614  
  473 734 796 743 766 768 738  
  474 743 796 804 768 801 772  
  475 734 743 679 738 709 706  
  476 535 611 541 574 579 537  
  477 541 611 620 579 613 583  
  478 620 611 679 613 645 650  
  479 541 620 553 583 587 548  
  480 553 620 630 587 625 594  
  481 541 553 475 548 515 508  
  482 553 630 570 594 602 565  
  483 475 553 487 515 522 481  
  484 553 570 487 565 528 522  
  485 475 487 414 481 449 443  
  486 487 570 512 528 539 495  
  487 414 487 431 449 458 420  
  488 475 414 401 443 405 438  
  489 512 570 595 539 584 556  
  490 431 487 512 458 495 472  
  491 414 431 356 420 392 384  
  492 401 414 342 405 377 369  
  493 431 512 455 472 483 444  
  494 455 512 540 483 525 494  
  495 431 455 382 444 417 404  
  496 431 382 356 404 368 392  
  497 356 382 312 368 345 332  
  498 342 414 356 377 384 349  
  499 540 512 595 525 556 569  
  500 905 909 960 906 934 932  
  501 925 976 1002 951 985 961  
  502 1002 976 1052 985 1013 1027  
  503 1245 1240 1273 1242 1258 1262  
  504 148 195 185 170 192 167  
  505 185 195 236 192 218 210  
  506 236 195 250 218 220 244  
  507 185 236 242 210 237 212  
  508 148 185 137 167 159 143  
  509 530 567 617 551 593 575  
  510 617 567 647 593 606 631  
  511 647 567 629 606 599 635  
  512 647 629 700 635 665 670  
  513 72 44 49 57 45 59  
  514 49 44 28 45 33 38  
  515 72 49 76 59 61 74  
  516 28 44 29 33 36 27  
  517 76 49 63 61 53 68  
  518 29 44 51 36 46 39  
  519 28 29 12 27 20 19  
  520 29 51 37 39 41 31  
  521 12 29 18 20 22 14  
  522 37 51 64 41 54 50  
  523 29 37 18 31 26 22  
  524 37 64 52 50 56 43  
  525 37 52 34 43 42 32  
  526 18 37 34 26 32 23  
  527 49 28 35 38 30 40  
  528 1143 1169 1225 1156 1197 1186  
  529 286 347 308 315 325 294  
  530 207 191 155 197 172 180  
  531 155 191 144 172 166 150  
  532 207 155 189 180 169 194  
  533 155 144 112 150 129 132  
  534 112 144 103 129 123 108  
  535 155 112 138 132 124 146  
  536 112 103 76 108 90 93  
  537 1190 1158 1232 1172 1196 1210  
  538 238 214 183 227 198 209  
  539 540 577 490 560 531 516  
  540 540 490 455 516 474 494  
  541 119 148 109 131 128 111  
  542 109 148 137 128 143 122  
  543 119 109 80 111 92 97  
  544 784 830 861 807 844 820  
  545 861 830 902 844 868 883  
  546 696 740 773 719 756 731  
  547 773 740 815 756 778 792  
  548 246 193 233 219 211 239  
  549 740 784 815 759 799 778  
  550 815 784 861 799 820 837  
  551 264 207 243 234 222 252  
  552 264 243 309 252 274 284  
  553 1203 1213 1266 1209 1244 1239  
  554 136 99 135 118 117 133  
  555 850 785 840 817 813 846  
  556 850 840 904 846 872 876  
  557 347 378 308 359 343 325  
  558 28 12 17 19 13 21  
  559 374 306 329 340 317 350  
  560 329 306 264 317 283 297  
  561 374 329 402 350 365 385  
  562 329 264 309 297 284 318  
  563 329 309 379 318 344 354  
  564 402 329 379 365 354 389  
  565 402 379 457 389 419 428  
  566 12 18 5 14 9 7  
  567 72 76 103 74 90 87  
  568 1263 1265 1285 1264 1278 1276  
  569 493 517 580 504 547 534  
  570 580 517 601 547 561 591  
  571 482 402 457 442 428 471  
  572 482 457 545 471 500 514  
  573 1173 1190 1249 1184 1220 1212  
  574 1026 1079 1099 1053 1088 1062  
  575 1099 1079 1148 1088 1115 1125  
  576 1213 1173 1249 1194 1212 1233  
  577 181 136 175 157 154 177  
  578 1240 1203 1266 1222 1239 1254  
  579 236 286 242 261 263 237  
  580 80 109 62 92 82 67  
  581 233 181 225 206 203 229  
  582 207 189 243 194 216 222  
  583 1273 1240 1266 1258 1254 1269  
  584 112 76 96 93 85 104  
  585 155 138 189 146 161 169  
  586 17 35 28 25 30 21  
  587 1273 1280 1245 1277 1268 1262  
  588 1265 1280 1285 1274 1282 1278  
  589 137 95 109 114 100 122  
  590 109 95 62 100 78 82  
  591 1238 1249 1190 1241 1220 1214  
  592 1238 1190 1232 1214 1210 1234  
  593 378 347 406 359 376 391  
  594 16 5 18 10 9 15  
  595 16 18 34 15 23 24  
  596 1225 1232 1174 1230 1206 1200  
  597 544 456 550 499 502 546  
  598 63 96 76 79 85 68  
  599 1285 1290 1281 1288 1287 1283  
  600 1281 1290 1293 1287 1292 1289  
  601 62 34 52 47 42 55  
  602 1256 1266 1213 1259 1244 1237  
  603 1256 1213 1249 1237 1233 1252  
  604 242 188 185 215 184 212  
  605 185 188 137 184 162 159  
  606 1 6 5 3 4 2  
  607 35 63 49 48 53 40  
  608 308 242 286 273 263 294  
  609 456 378 406 418 391 432  
  610 96 138 112 115 124 104  
  611 6 17 12 11 13 8  
  612 6 12 5 8 7 4  
  END_ELEMENTS  
  COORDINATES  
   1   3.000000e+00  5.500000e+00   
   2   3.250000e+00  5.500000e+00   
   3   3.000000e+00  5.250000e+00   
   4   3.250000e+00  5.250000e+00   
   5   3.500000e+00  5.500000e+00   
   6   3.000000e+00  5.000000e+00   
   7   3.492045e+00  5.142662e+00   
   8   3.242045e+00  4.892662e+00   
   9   3.705087e+00  5.263650e+00   
   10   3.750000e+00  5.500000e+00   
   11   3.000000e+00  4.750000e+00   
   12   3.484090e+00  4.785324e+00   
   13   3.242045e+00  4.642662e+00   
   14   3.697132e+00  4.906312e+00   
   15   3.955087e+00  5.263650e+00   
   16   4.000000e+00  5.500000e+00   
   17   3.000000e+00  4.500000e+00   
   18   3.910174e+00  5.027300e+00   
   19   3.482348e+00  4.540330e+00   
   20   3.695390e+00  4.661318e+00   
   21   3.240303e+00  4.397668e+00   
   22   3.908432e+00  4.782306e+00   
   23   4.205087e+00  5.263650e+00   
   24   4.250000e+00  5.500000e+00   
   25   3.000000e+00  4.250000e+00   
   26   4.135107e+00  4.922518e+00   
   27   3.693648e+00  4.416324e+00   
   28   3.480606e+00  4.295336e+00   
   29   3.906690e+00  4.537312e+00   
   30   3.240303e+00  4.147668e+00   
   31   4.133364e+00  4.677524e+00   
   32   4.430020e+00  5.158868e+00   
   33   3.691906e+00  4.171330e+00   
   34   4.500000e+00  5.500000e+00   
   35   3.000000e+00  4.000000e+00   
   36   3.904948e+00  4.292318e+00   
   37   4.360039e+00  4.817735e+00   
   38   3.478864e+00  4.050342e+00   
   39   4.117990e+00  4.413306e+00   
   40   3.238561e+00  3.902674e+00   
   41   4.344664e+00  4.553518e+00   
   42   4.629354e+00  5.260611e+00   
   43   4.559374e+00  4.919479e+00   
   44   3.903205e+00  4.047325e+00   
   45   3.690163e+00  3.926336e+00   
   46   4.116247e+00  4.168313e+00   
   47   4.750000e+00  5.500000e+00   
   48   3.000000e+00  3.750000e+00   
   49   3.477121e+00  3.805348e+00   
   50   4.557706e+00  4.674506e+00   
   51   4.329289e+00  4.289301e+00   
   52   4.758708e+00  5.021222e+00   
   53   3.238561e+00  3.652674e+00   
   54   4.542331e+00  4.410289e+00   
   55   4.879354e+00  5.260611e+00   
   56   4.757041e+00  4.776250e+00   
   57   3.901463e+00  3.802331e+00   
   58   4.114505e+00  3.923319e+00   
   59   3.688421e+00  3.681343e+00   
   60   4.327547e+00  4.044307e+00   
   61   3.475379e+00  3.560355e+00   
   62   5.000000e+00  5.500000e+00   
   63   3.000000e+00  3.500000e+00   
   64   4.755373e+00  4.531277e+00   
   65   4.540589e+00  4.165295e+00   
   66   4.954645e+00  4.916979e+00   
   67   5.075291e+00  5.156368e+00   
   68   3.236818e+00  3.407680e+00   
   69   4.952978e+00  4.672006e+00   
   70   4.753631e+00  4.286283e+00   
   71   4.112763e+00  3.678325e+00   
   72   3.899721e+00  3.557337e+00   
   73   4.325805e+00  3.799313e+00   
   74   3.686679e+00  3.436349e+00   
   75   4.538847e+00  3.920301e+00   
   76   3.473637e+00  3.315361e+00   
   77   4.966673e+00  4.407271e+00   
   78   5.250000e+00  5.500000e+00   
   79   3.000000e+00  3.250000e+00   
   80   5.150582e+00  4.812735e+00   
   81   4.751889e+00  4.041289e+00   
   82   5.303766e+00  5.257658e+00   
   83   4.111021e+00  3.433331e+00   
   84   4.324063e+00  3.554319e+00   
   85   3.236818e+00  3.157680e+00   
   86   5.164278e+00  4.548000e+00   
   87   3.897590e+00  3.310717e+00   
   88   4.964931e+00  4.162277e+00   
   89   4.537105e+00  3.675307e+00   
   90   3.684548e+00  3.189729e+00   
   91   4.750146e+00  3.796295e+00   
   92   5.379057e+00  4.914026e+00   
   93   3.471700e+00  3.068400e+00   
   94   5.177973e+00  4.283265e+00   
   95   5.500000e+00  5.500000e+00   
   96   3.000000e+00  3.000000e+00   
   97   5.377246e+00  4.669032e+00   
   98   4.963188e+00  3.917283e+00   
   99   4.322320e+00  3.309325e+00   
   100   5.553766e+00  5.257658e+00   
   101   4.108890e+00  3.186711e+00   
   102   4.535362e+00  3.430314e+00   
   103   3.895459e+00  3.064097e+00   
   104   3.234881e+00  2.910720e+00   
   105   4.748404e+00  3.551302e+00   
   106   5.176230e+00  4.038272e+00   
   107   5.390941e+00  4.404297e+00   
   108   3.682611e+00  2.942768e+00   
   109   5.607532e+00  5.015316e+00   
   110   4.961446e+00  3.672290e+00   
   111   5.605720e+00  4.770323e+00   
   112   3.469763e+00  2.821440e+00   
   113   5.389129e+00  4.159304e+00   
   114   5.750000e+00  5.500000e+00   
   115   3.000000e+00  2.750000e+00   
   116   5.174488e+00  3.793278e+00   
   117   4.320388e+00  3.063043e+00   
   118   4.533620e+00  3.185320e+00   
   119   5.603909e+00  4.525329e+00   
   120   4.106957e+00  2.940429e+00   
   121   4.746662e+00  3.306308e+00   
   122   5.803766e+00  5.257658e+00   
   123   3.894109e+00  2.819101e+00   
   124   3.234881e+00  2.660720e+00   
   125   4.959704e+00  3.427296e+00   
   126   5.387387e+00  3.914310e+00   
   127   5.602097e+00  4.280336e+00   
   128   5.818797e+00  4.891250e+00   
   129   3.681261e+00  2.697772e+00   
   130   5.172746e+00  3.548284e+00   
   131   5.816985e+00  4.646257e+00   
   132   3.468412e+00  2.576443e+00   
   133   4.531687e+00  2.939038e+00   
   134   5.600286e+00  4.035343e+00   
   135   4.318455e+00  2.816762e+00   
   136   4.744920e+00  3.061314e+00   
   137   6.000000e+00  5.500000e+00   
   138   3.000000e+00  2.500000e+00   
   139   5.385788e+00  3.669272e+00   
   140   4.105607e+00  2.695433e+00   
   141   5.815173e+00  4.401264e+00   
   142   4.957962e+00  3.182302e+00   
   143   6.015031e+00  5.133592e+00   
   144   3.892758e+00  2.574104e+00   
   145   5.171004e+00  3.303290e+00   
   146   3.233531e+00  2.415724e+00   
   147   5.598687e+00  3.790304e+00   
   148   6.030061e+00  4.767185e+00   
   149   5.813362e+00  4.156271e+00   
   150   3.679910e+00  2.452776e+00   
   151   5.384046e+00  3.424278e+00   
   152   6.028249e+00  4.522191e+00   
   153   4.529953e+00  2.693094e+00   
   154   4.743185e+00  2.815370e+00   
   155   3.467062e+00  2.331447e+00   
   156   4.317104e+00  2.571765e+00   
   157   4.956219e+00  2.937308e+00   
   158   5.811551e+00  3.911279e+00   
   159   6.228118e+00  5.254506e+00   
   160   4.104256e+00  2.450437e+00   
   161   3.000000e+00  2.250000e+00   
   162   6.250000e+00  5.500000e+00   
   163   5.597088e+00  3.545266e+00   
   164   6.026437e+00  4.277198e+00   
   165   5.169261e+00  3.058296e+00   
   166   3.891408e+00  2.329108e+00   
   167   6.243149e+00  4.888098e+00   
   168   5.382303e+00  3.179284e+00   
   169   3.233531e+00  2.165724e+00   
   170   6.241329e+00  4.643102e+00   
   171   5.809952e+00  3.666240e+00   
   172   3.678560e+00  2.207779e+00   
   173   6.024626e+00  4.032206e+00   
   174   5.595345e+00  3.300272e+00   
   175   4.741450e+00  2.569426e+00   
   176   4.528602e+00  2.448098e+00   
   177   4.954485e+00  2.691364e+00   
   178   6.239517e+00  4.398109e+00   
   179   4.315754e+00  2.326769e+00   
   180   3.465711e+00  2.086451e+00   
   181   5.167519e+00  2.813303e+00   
   182   4.102906e+00  2.205440e+00   
   183   6.022815e+00  3.787214e+00   
   184   6.478118e+00  5.254506e+00   
   185   6.456236e+00  5.009012e+00   
   186   5.808387e+00  3.421259e+00   
   187   5.380561e+00  2.934291e+00   
   188   6.500000e+00  5.500000e+00   
   189   3.000000e+00  2.000000e+00   
   190   6.237699e+00  4.153138e+00   
   191   3.890057e+00  2.084112e+00   
   192   6.454416e+00  4.764016e+00   
   193   5.593603e+00  3.055279e+00   
   194   3.232180e+00  1.920727e+00   
   195   6.452596e+00  4.519020e+00   
   196   6.021251e+00  3.542234e+00   
   197   3.677209e+00  1.962783e+00   
   198   6.235888e+00  3.908146e+00   
   199   4.740099e+00  2.324430e+00   
   200   4.952948e+00  2.445759e+00   
   201   4.527251e+00  2.203101e+00   
   202   5.806644e+00  3.176266e+00   
   203   5.165983e+00  2.567697e+00   
   204   6.450778e+00  4.274049e+00   
   205   4.314403e+00  2.081773e+00   
   206   5.378923e+00  2.689149e+00   
   207   3.464361e+00  1.841455e+00   
   208   4.101555e+00  1.960444e+00   
   209   6.234302e+00  3.663173e+00   
   210   6.677198e+00  4.905745e+00   
   211   5.591965e+00  2.810137e+00   
   212   6.728118e+00  5.254506e+00   
   213   6.019686e+00  3.297253e+00   
   214   6.448960e+00  4.029078e+00   
   215   6.750000e+00  5.500000e+00   
   216   3.000000e+00  1.750000e+00   
   217   3.888707e+00  1.839116e+00   
   218   6.675378e+00  4.660749e+00   
   219   5.804903e+00  2.931276e+00   
   220   6.663799e+00  4.394893e+00   
   221   4.951597e+00  2.200763e+00   
   222   3.232180e+00  1.670727e+00   
   223   4.738749e+00  2.079434e+00   
   224   3.675859e+00  1.717787e+00   
   225   5.164446e+00  2.322092e+00   
   226   6.232737e+00  3.418193e+00   
   227   6.447374e+00  3.784105e+00   
   228   4.525901e+00  1.958105e+00   
   229   5.377387e+00  2.443543e+00   
   230   6.017945e+00  3.052263e+00   
   231   4.313053e+00  1.836776e+00   
   232   6.661981e+00  4.149922e+00   
   233   5.590327e+00  2.564995e+00   
   234   3.463010e+00  1.596458e+00   
   235   4.100205e+00  1.715448e+00   
   236   6.898161e+00  4.802479e+00   
   237   6.949080e+00  5.151239e+00   
   238   6.445788e+00  3.539133e+00   
   239   5.803266e+00  2.686134e+00   
   240   6.230976e+00  3.173262e+00   
   241   6.660281e+00  3.905285e+00   
   242   7.000000e+00  5.500000e+00   
   243   3.000000e+00  1.500000e+00   
   244   6.886581e+00  4.536622e+00   
   245   3.887356e+00  1.594119e+00   
   246   6.016204e+00  2.807273e+00   
   247   4.950247e+00  1.955766e+00   
   248   5.163095e+00  2.077095e+00   
   249   4.737399e+00  1.834437e+00   
   250   6.875002e+00  4.270766e+00   
   251   5.375944e+00  2.198424e+00   
   252   3.230830e+00  1.425731e+00   
   253   4.524551e+00  1.713109e+00   
   254   3.674508e+00  1.472791e+00   
   255   6.444027e+00  3.294202e+00   
   256   6.658696e+00  3.660313e+00   
   257   5.588884e+00  2.319875e+00   
   258   4.311702e+00  1.591780e+00   
   259   6.229235e+00  2.928272e+00   
   260   6.873302e+00  4.026130e+00   
   261   7.101193e+00  4.902750e+00   
   262   5.801733e+00  2.441201e+00   
   263   7.152112e+00  5.251511e+00   
   264   3.461660e+00  1.351462e+00   
   265   4.098854e+00  1.470452e+00   
   266   7.099532e+00  4.657766e+00   
   267   6.014672e+00  2.562340e+00   
   268   6.656916e+00  3.415332e+00   
   269   6.442266e+00  3.049271e+00   
   270   7.087953e+00  4.391910e+00   
   271   6.871603e+00  3.781493e+00   
   272   3.886006e+00  1.349123e+00   
   273   7.250000e+00  5.500000e+00   
   274   3.000000e+00  1.250000e+00   
   275   5.161745e+00  1.832099e+00   
   276   4.948897e+00  1.710770e+00   
   277   5.374593e+00  1.953427e+00   
   278   4.736048e+00  1.589441e+00   
   279   6.227450e+00  2.683666e+00   
   280   5.587441e+00  2.074756e+00   
   281   7.086395e+00  4.146924e+00   
   282   4.523200e+00  1.468112e+00   
   283   3.673158e+00  1.227794e+00   
   284   3.230830e+00  1.175731e+00   
   285   5.800290e+00  2.196081e+00   
   286   7.304225e+00  5.003022e+00   
   287   6.655155e+00  3.170401e+00   
   288   6.869823e+00  3.536512e+00   
   289   4.310352e+00  1.346784e+00   
   290   7.302564e+00  4.758037e+00   
   291   6.440481e+00  2.804665e+00   
   292   6.013139e+00  2.317407e+00   
   293   7.084695e+00  3.902288e+00   
   294   7.402112e+00  5.251511e+00   
   295   7.300904e+00  4.513053e+00   
   296   4.097504e+00  1.225455e+00   
   297   3.460310e+00  1.106464e+00   
   298   6.225918e+00  2.438732e+00   
   299   6.868044e+00  3.291532e+00   
   300   6.653639e+00  2.925422e+00   
   301   5.160394e+00  1.587102e+00   
   302   7.299346e+00  4.268068e+00   
   303   5.373242e+00  1.708431e+00   
   304   7.082850e+00  3.657500e+00   
   305   4.947546e+00  1.465773e+00   
   306   3.884655e+00  1.104127e+00   
   307   5.586091e+00  1.829760e+00   
   308   7.500000e+00  5.500000e+00   
   309   3.000000e+00  1.000000e+00   
   310   4.734698e+00  1.344445e+00   
   311   5.798938e+00  1.951089e+00   
   312   6.438697e+00  2.560058e+00   
   313   4.521850e+00  1.223116e+00   
   314   7.297788e+00  4.023082e+00   
   315   7.518624e+00  4.950546e+00   
   316   6.011787e+00  2.072414e+00   
   317   3.671807e+00  9.827968e-01   
   318   3.229480e+00  9.307334e-01   
   319   6.866528e+00  3.046552e+00   
   320   7.081071e+00  3.412520e+00   
   321   7.516964e+00  4.705561e+00   
   322   4.309001e+00  1.101788e+00   
   323   6.651855e+00  2.680815e+00   
   324   6.224626e+00  2.193751e+00   
   325   7.616512e+00  5.199035e+00   
   326   7.295943e+00  3.778295e+00   
   327   7.512271e+00  4.389241e+00   
   328   4.096153e+00  9.804590e-01   
   329   3.458960e+00  8.614668e-01   
   330   5.371892e+00  1.463435e+00   
   331   5.159044e+00  1.342105e+00   
   332   6.437405e+00  2.315077e+00   
   333   5.584740e+00  1.584764e+00   
   334   7.079311e+00  3.167526e+00   
   335   4.946196e+00  1.220777e+00   
   336   7.510713e+00  4.144255e+00   
   337   6.865012e+00  2.801572e+00   
   338   5.797588e+00  1.706093e+00   
   339   7.294098e+00  3.533508e+00   
   340   3.883306e+00  8.591288e-01   
   341   4.733347e+00  1.099448e+00   
   342   6.010435e+00  1.827422e+00   
   343   7.750000e+00  5.500000e+00   
   344   3.000000e+00  7.500000e-01   
   345   6.649877e+00  2.435876e+00   
   346   4.520499e+00  9.781199e-01   
   347   7.733024e+00  4.898070e+00   
   348   7.508995e+00  3.899260e+00   
   349   6.223274e+00  1.948759e+00   
   350   3.670458e+00  7.377988e-01   
   351   7.728331e+00  4.581749e+00   
   352   4.307651e+00  8.567913e-01   
   353   7.077796e+00  2.922547e+00   
   354   3.229480e+00  6.807334e-01   
   355   7.292339e+00  3.288515e+00   
   356   6.436113e+00  2.070096e+00   
   357   6.863035e+00  2.556633e+00   
   358   7.507150e+00  3.654473e+00   
   359   7.866512e+00  5.199035e+00   
   360   7.723639e+00  4.265428e+00   
   361   4.094803e+00  7.354611e-01   
   362   5.370542e+00  1.218438e+00   
   363   5.583390e+00  1.339767e+00   
   364   5.157694e+00  1.097109e+00   
   365   3.457610e+00  6.164697e-01   
   366   5.796238e+00  1.461096e+00   
   367   4.944846e+00  9.757807e-01   
   368   6.648586e+00  2.190894e+00   
   369   6.009086e+00  1.582425e+00   
   370   7.290579e+00  3.043521e+00   
   371   7.721921e+00  4.020433e+00   
   372   7.076058e+00  2.677548e+00   
   373   4.731998e+00  8.544516e-01   
   374   3.881956e+00  6.141308e-01   
   375   7.505388e+00  3.409489e+00   
   376   7.942865e+00  4.947789e+00   
   377   6.221934e+00  1.703755e+00   
   378   8.000000e+00  5.500000e+00   
   379   3.000000e+00  5.000000e-01   
   380   4.519150e+00  7.331230e-01   
   381   7.941358e+00  4.702773e+00   
   382   6.861058e+00  2.311693e+00   
   383   7.720203e+00  3.775438e+00   
   384   6.434773e+00  1.825092e+00   
   385   3.669108e+00  4.928018e-01   
   386   4.306302e+00  6.117939e-01   
   387   7.936666e+00  4.386453e+00   
   388   7.288841e+00  2.798523e+00   
   389   3.228130e+00  4.357363e-01   
   390   7.503628e+00  3.164496e+00   
   391   8.076353e+00  5.248754e+00   
   392   6.647621e+00  1.946421e+00   
   393   7.074081e+00  2.432609e+00   
   394   5.582040e+00  1.094771e+00   
   395   5.369192e+00  9.734420e-01   
   396   7.718440e+00  3.530454e+00   
   397   5.794888e+00  1.216100e+00   
   398   7.934954e+00  4.141439e+00   
   399   5.156344e+00  8.521129e-01   
   400   4.093454e+00  4.904637e-01   
   401   6.007736e+00  1.337429e+00   
   402   3.456260e+00  3.714727e-01   
   403   4.943496e+00  7.307838e-01   
   404   6.860093e+00  2.067219e+00   
   405   6.220584e+00  1.458758e+00   
   406   8.152707e+00  4.997507e+00   
   407   7.933236e+00  3.896444e+00   
   408   4.730648e+00  6.094547e-01   
   409   7.501894e+00  2.919503e+00   
   410   7.287104e+00  2.553524e+00   
   411   8.151200e+00  4.752492e+00   
   412   3.880606e+00  3.691346e-01   
   413   7.716677e+00  3.285470e+00   
   414   6.433432e+00  1.580087e+00   
   415   4.517800e+00  4.881256e-01   
   416   8.149693e+00  4.507477e+00   
   417   7.072308e+00  2.187628e+00   
   418   8.250000e+00  5.500000e+00   
   419   3.000000e+00  2.500000e-01   
   420   6.646280e+00  1.701417e+00   
   421   7.931467e+00  3.651449e+00   
   422   3.667758e+00  2.478055e-01   
   423   8.147981e+00  4.262463e+00   
   424   4.304952e+00  3.667965e-01   
   425   7.500156e+00  2.674504e+00   
   426   7.714943e+00  3.040477e+00   
   427   5.580690e+00  8.497748e-01   
   428   3.228130e+00  1.857363e-01   
   429   5.793538e+00  9.711039e-01   
   430   5.367842e+00  7.284457e-01   
   431   6.859128e+00  1.822746e+00   
   432   8.326353e+00  5.248754e+00   
   433   6.006386e+00  1.092433e+00   
   434   7.285331e+00  2.308543e+00   
   435   5.154994e+00  6.071166e-01   
   436   8.146269e+00  4.017450e+00   
   437   7.929704e+00  3.406465e+00   
   438   6.219234e+00  1.213762e+00   
   439   4.092105e+00  2.454674e-01   
   440   4.942146e+00  4.857875e-01   
   441   8.357589e+00  4.895784e+00   
   442   3.454911e+00  1.264764e-01   
   443   6.432082e+00  1.335091e+00   
   444   7.071343e+00  1.943154e+00   
   445   4.729298e+00  3.644584e-01   
   446   8.356082e+00  4.650769e+00   
   447   8.144500e+00  3.772455e+00   
   448   7.713209e+00  2.795484e+00   
   449   6.644930e+00  1.456420e+00   
   450   7.498812e+00  2.430793e+00   
   451   3.879257e+00  1.241383e-01   
   452   7.927979e+00  3.161474e+00   
   453   4.516451e+00  2.431293e-01   
   454   8.361059e+00  4.383428e+00   
   455   7.283557e+00  2.063563e+00   
   456   8.500000e+00  5.500000e+00   
   457   3.000000e+00  0.000000e+00   
   458   6.857778e+00  1.577749e+00   
   459   8.142730e+00  3.527460e+00   
   460   8.359347e+00  4.138415e+00   
   461   5.792188e+00  7.261076e-01   
   462   5.579340e+00  6.047785e-01   
   463   4.303603e+00  1.218002e-01   
   464   3.666409e+00  2.809227e-03   
   465   6.005036e+00  8.474367e-01   
   466   8.531235e+00  5.147030e+00   
   467   5.366492e+00  4.834494e-01   
   468   6.217884e+00  9.687658e-01   
   469   7.711864e+00  2.551773e+00   
   470   7.926245e+00  2.916480e+00   
   471   3.226780e+00 -5.925993e-02   
   472   7.070626e+00  1.699078e+00   
   473   5.153644e+00  3.621203e-01   
   474   7.497039e+00  2.185812e+00   
   475   6.430732e+00  1.090095e+00   
   476   8.357558e+00  3.893416e+00   
   477   8.141006e+00  3.282469e+00   
   478   4.940797e+00  2.407912e-01   
   479   4.090755e+00  4.711340e-04   
   480   8.562471e+00  4.794061e+00   
   481   6.643580e+00  1.211424e+00   
   482   3.453561e+00 -1.185199e-01   
   483   7.282841e+00  1.819487e+00   
   484   4.727949e+00  1.194621e-01   
   485   8.567448e+00  4.526720e+00   
   486   8.355789e+00  3.648421e+00   
   487   6.856428e+00  1.332753e+00   
   488   7.924712e+00  2.673102e+00   
   489   3.877907e+00 -1.208580e-01   
   490   7.710520e+00  2.308062e+00   
   491   8.139281e+00  3.037477e+00   
   492   4.515101e+00 -1.866959e-03   
   493   8.572425e+00  4.259380e+00   
   494   7.495689e+00  1.940816e+00   
   495   7.069276e+00  1.454082e+00   
   496   5.790838e+00  4.811113e-01   
   497   6.003686e+00  6.024404e-01   
   498   8.352782e+00  3.405176e+00   
   499   8.750000e+00  5.500000e+00   
   500   3.000000e+00 -2.500000e-01   
   501   5.577990e+00  3.597822e-01   
   502   8.750000e+00  5.250000e+00   
   503   6.216534e+00  7.237695e-01   
   504   8.570636e+00  4.014381e+00   
   505   5.365143e+00  2.384531e-01   
   506   4.302253e+00 -1.231961e-01   
   507   3.665059e+00 -2.421871e-01   
   508   6.429382e+00  8.450986e-01   
   509   5.152295e+00  1.171240e-01   
   510   7.923368e+00  2.429391e+00   
   511   8.137748e+00  2.794099e+00   
   512   7.282124e+00  1.575411e+00   
   513   8.781235e+00  4.897030e+00   
   514   3.226780e+00 -3.092599e-01   
   515   6.642230e+00  9.664277e-01   
   516   7.709170e+00  2.063066e+00   
   517   8.568848e+00  3.769383e+00   
   518   4.939447e+00 -4.205052e-03   
   519   8.351057e+00  3.160185e+00   
   520   8.781235e+00  4.647030e+00   
   521   4.089405e+00 -2.445251e-01   
   522   6.855078e+00  1.087757e+00   
   523   3.452211e+00 -3.635161e-01   
   524   4.726599e+00 -1.255341e-01   
   525   7.494972e+00  1.696740e+00   
   526   8.786212e+00  4.379690e+00   
   527   8.565840e+00  3.526138e+00   
   528   7.067926e+00  1.209086e+00   
   529   8.136216e+00  2.550720e+00   
   530   3.876557e+00 -3.658542e-01   
   531   7.922018e+00  2.184395e+00   
   532   8.350596e+00  2.915428e+00   
   533   4.513751e+00 -2.468632e-01   
   534   8.786212e+00  4.129690e+00   
   535   6.002336e+00  3.574441e-01   
   536   5.789489e+00  2.361150e-01   
   537   6.215184e+00  4.787732e-01   
   538   5.576641e+00  1.147859e-01   
   539   7.280774e+00  1.330415e+00   
   540   7.707820e+00  1.818069e+00   
   541   6.428032e+00  6.001023e-01   
   542   8.562833e+00  3.282893e+00   
   543   5.363793e+00 -6.543145e-03   
   544   9.000000e+00  5.500000e+00   
   545   3.000000e+00 -5.000000e-01   
   546   9.000000e+00  5.250000e+00   
   547   8.784424e+00  3.884691e+00   
   548   6.640880e+00  7.214314e-01   
   549   4.300903e+00 -3.681923e-01   
   550   9.000000e+00  5.000000e+00   
   551   3.663709e+00 -4.871833e-01   
   552   5.150945e+00 -1.278722e-01   
   553   6.853728e+00  8.427605e-01   
   554   9.000000e+00  4.750000e+00   
   555   8.134866e+00  2.305724e+00   
   556   7.493622e+00  1.451744e+00   
   557   8.349064e+00  2.672049e+00   
   558   3.225430e+00 -5.542562e-01   
   559   4.938097e+00 -2.492013e-01   
   560   7.920668e+00  1.939399e+00   
   561   8.784424e+00  3.634691e+00   
   562   9.000000e+00  4.500000e+00   
   563   8.562372e+00  3.038136e+00   
   564   4.088055e+00 -4.895214e-01   
   565   7.066576e+00  9.640896e-01   
   566   4.725249e+00 -3.705304e-01   
   567   3.450861e+00 -6.085124e-01   
   568   9.000000e+00  4.250000e+00   
   569   7.706470e+00  1.573073e+00   
   570   7.279424e+00  1.085419e+00   
   571   8.781417e+00  3.391446e+00   
   572   6.000987e+00  1.124479e-01   
   573   8.347714e+00  2.427053e+00   
   574   6.213835e+00  2.337770e-01   
   575   3.875207e+00 -6.108505e-01   
   576   5.788139e+00 -8.881238e-03   
   577   8.133516e+00  2.060728e+00   
   578   4.512401e+00 -4.918595e-01   
   579   6.426682e+00  3.551061e-01   
   580   9.000000e+00  4.000000e+00   
   581   8.561912e+00  2.793378e+00   
   582   5.575291e+00 -1.302103e-01   
   583   6.639530e+00  4.764351e-01   
   584   7.492272e+00  1.206748e+00   
   585   5.362443e+00 -2.515394e-01   
   586   7.919318e+00  1.694402e+00   
   587   6.852378e+00  5.977642e-01   
   588   8.781417e+00  3.141446e+00   
   589   4.299553e+00 -6.131886e-01   
   590   3.000000e+00 -7.500000e-01   
   591   9.000000e+00  3.750000e+00   
   592   5.149595e+00 -3.728685e-01   
   593   3.662359e+00 -7.321796e-01   
   594   7.065226e+00  7.190933e-01   
   595   7.705120e+00  1.328077e+00   
   596   8.346364e+00  2.182057e+00   
   597   8.560562e+00  2.548382e+00   
   598   4.936747e+00 -4.941976e-01   
   599   3.225430e+00 -8.042562e-01   
   600   8.132166e+00  1.815731e+00   
   601   9.000000e+00  3.500000e+00   
   602   7.278074e+00  8.404224e-01   
   603   4.086705e+00 -7.345177e-01   
   604   8.780956e+00  2.896689e+00   
   605   4.723899e+00 -6.155267e-01   
   606   3.449511e+00 -8.535087e-01   
   607   7.917968e+00  1.449406e+00   
   608   6.212485e+00 -1.121933e-02   
   609   5.999637e+00 -1.325484e-01   
   610   7.490922e+00  9.617515e-01   
   611   6.425333e+00  1.101098e-01   
   612   5.786789e+00 -2.538775e-01   
   613   6.638181e+00  2.314389e-01   
   614   9.000000e+00  3.250000e+00   
   615   8.559212e+00  2.303386e+00   
   616   5.573941e+00 -3.752066e-01   
   617   3.873857e+00 -8.558468e-01   
   618   4.511051e+00 -7.368558e-01   
   619   8.345014e+00  1.937060e+00   
   620   6.851028e+00  3.527680e-01   
   621   5.361093e+00 -4.965357e-01   
   622   8.780956e+00  2.646689e+00   
   623   7.703770e+00  1.083081e+00   
   624   8.130816e+00  1.570735e+00   
   625   7.063876e+00  4.740970e-01   
   626   5.148245e+00 -6.178648e-01   
   627   4.298203e+00 -8.581849e-01   
   628   9.000000e+00  3.000000e+00   
   629   3.000000e+00 -1.000000e+00   
   630   7.276724e+00  5.954261e-01   
   631   3.661009e+00 -9.771759e-01   
   632   7.916618e+00  1.204410e+00   
   633   4.935397e+00 -7.391939e-01   
   634   8.557862e+00  2.058390e+00   
   635   3.224081e+00 -1.049252e+00   
   636   8.779606e+00  2.401693e+00   
   637   7.489572e+00  7.167552e-01   
   638   8.343664e+00  1.692064e+00   
   639   4.085355e+00 -9.795140e-01   
   640   4.722549e+00 -8.605230e-01   
   641   6.211135e+00 -2.562156e-01   
   642   6.423983e+00 -1.348865e-01   
   643   5.998287e+00 -3.775447e-01   
   644   9.000000e+00  2.750000e+00   
   645   6.636831e+00 -1.355742e-02   
   646   8.129466e+00  1.325739e+00   
   647   3.448161e+00 -1.098505e+00   
   648   5.785439e+00 -4.988738e-01   
   649   7.702420e+00  8.380843e-01   
   650   6.849679e+00  1.077717e-01   
   651   5.572591e+00 -6.202029e-01   
   652   7.062527e+00  2.291008e-01   
   653   4.509701e+00 -9.818521e-01   
   654   3.872507e+00 -1.100843e+00   
   655   8.556512e+00  1.813393e+00   
   656   5.359743e+00 -7.415320e-01   
   657   8.779606e+00  2.151693e+00   
   658   7.915268e+00  9.594134e-01   
   659   7.275375e+00  3.504299e-01   
   660   8.342314e+00  1.447068e+00   
   661   9.000000e+00  2.500000e+00   
   662   5.146895e+00 -8.628611e-01   
   663   4.296853e+00 -1.103181e+00   
   664   7.488222e+00  4.717590e-01   
   665   3.000000e+00 -1.250000e+00   
   666   3.659659e+00 -1.222172e+00   
   667   4.934047e+00 -9.841902e-01   
   668   8.128116e+00  1.080743e+00   
   669   7.701070e+00  5.930880e-01   
   670   3.224081e+00 -1.299252e+00   
   671   6.422633e+00 -3.798828e-01   
   672   8.778256e+00  1.906697e+00   
   673   6.209785e+00 -5.012119e-01   
   674   8.555162e+00  1.568397e+00   
   675   6.635481e+00 -2.585537e-01   
   676   4.084005e+00 -1.224510e+00   
   677   5.996937e+00 -6.225410e-01   
   678   9.000000e+00  2.250000e+00   
   679   6.848329e+00 -1.372246e-01   
   680   4.721199e+00 -1.105519e+00   
   681   5.784089e+00 -7.438701e-01   
   682   7.061177e+00 -1.589552e-02   
   683   8.340964e+00  1.202072e+00   
   684   3.446811e+00 -1.343501e+00   
   685   7.913918e+00  7.144171e-01   
   686   5.571241e+00 -8.651992e-01   
   687   7.274025e+00  1.054336e-01   
   688   4.508351e+00 -1.226848e+00   
   689   3.871157e+00 -1.345839e+00   
   690   5.358393e+00 -9.865283e-01   
   691   7.486873e+00  2.267627e-01   
   692   8.126766e+00  8.357462e-01   
   693   8.778256e+00  1.656697e+00   
   694   9.000000e+00  2.000000e+00   
   695   5.145545e+00 -1.107857e+00   
   696   8.553812e+00  1.323401e+00   
   697   4.295503e+00 -1.348177e+00   
   698   7.699721e+00  3.480918e-01   
   699   3.658309e+00 -1.467168e+00   
   700   3.000000e+00 -1.500000e+00   
   701   4.932697e+00 -1.229186e+00   
   702   8.339614e+00  9.570753e-01   
   703   6.421283e+00 -6.248791e-01   
   704   6.634131e+00 -5.035500e-01   
   705   6.208435e+00 -7.462082e-01   
   706   6.846979e+00 -3.822209e-01   
   707   7.912568e+00  4.694209e-01   
   708   5.995587e+00 -8.675373e-01   
   709   7.059827e+00 -2.608918e-01   
   710   3.222731e+00 -1.544249e+00   
   711   4.082655e+00 -1.469507e+00   
   712   5.782739e+00 -9.888664e-01   
   713   4.719849e+00 -1.350516e+00   
   714   7.272675e+00 -1.395627e-01   
   715   9.000000e+00  1.750000e+00   
   716   8.776906e+00  1.411700e+00   
   717   5.569891e+00 -1.110195e+00   
   718   8.125416e+00  5.907500e-01   
   719   8.552462e+00  1.078404e+00   
   720   3.445461e+00 -1.588498e+00   
   721   7.485523e+00 -1.823361e-02   
   722   5.357043e+00 -1.231525e+00   
   723   4.507001e+00 -1.471845e+00   
   724   3.869807e+00 -1.590836e+00   
   725   7.698371e+00  1.030955e-01   
   726   8.338264e+00  7.120790e-01   
   727   5.144195e+00 -1.352854e+00   
   728   7.911219e+00  2.244246e-01   
   729   4.294153e+00 -1.593174e+00   
   730   9.000000e+00  1.500000e+00   
   731   8.776906e+00  1.161700e+00   
   732   6.632781e+00 -7.485463e-01   
   733   6.419933e+00 -8.698754e-01   
   734   6.845629e+00 -6.272172e-01   
   735   4.931347e+00 -1.474183e+00   
   736   6.207085e+00 -9.912045e-01   
   737   3.656959e+00 -1.712165e+00   
   738   7.058477e+00 -5.058881e-01   
   739   3.000000e+00 -1.750000e+00   
   740   8.551112e+00  8.334081e-01   
   741   5.994237e+00 -1.112534e+00   
   742   8.124067e+00  3.457537e-01   
   743   7.271325e+00 -3.845590e-01   
   744   5.781389e+00 -1.233863e+00   
   745   4.081305e+00 -1.714503e+00   
   746   3.222731e+00 -1.794249e+00   
   747   4.718499e+00 -1.595512e+00   
   748   7.484173e+00 -2.632299e-01   
   749   5.568541e+00 -1.355192e+00   
   750   8.336914e+00  4.670828e-01   
   751   7.697021e+00 -1.419008e-01   
   752   3.444111e+00 -1.833494e+00   
   753   9.000000e+00  1.250000e+00   
   754   5.355693e+00 -1.476521e+00   
   755   4.505651e+00 -1.716841e+00   
   756   8.775556e+00  9.167041e-01   
   757   3.868457e+00 -1.835832e+00   
   758   7.909869e+00 -2.057170e-02   
   759   8.549762e+00  5.884119e-01   
   760   5.142845e+00 -1.597850e+00   
   761   6.631431e+00 -9.935425e-01   
   762   6.844279e+00 -8.722135e-01   
   763   8.122717e+00  1.007574e-01   
   764   6.418583e+00 -1.114872e+00   
   765   4.292803e+00 -1.838170e+00   
   766   7.057127e+00 -7.508844e-01   
   767   6.205735e+00 -1.236201e+00   
   768   7.269975e+00 -6.295553e-01   
   769   4.929997e+00 -1.719179e+00   
   770   5.992887e+00 -1.357530e+00   
   771   3.655609e+00 -1.957161e+00   
   772   7.482823e+00 -5.082262e-01   
   773   9.000000e+00  1.000000e+00   
   774   3.000000e+00 -2.000000e+00   
   775   8.335565e+00  2.220865e-01   
   776   5.780039e+00 -1.478859e+00   
   777   7.695671e+00 -3.868971e-01   
   778   8.775556e+00  6.667041e-01   
   779   4.079955e+00 -1.959499e+00   
   780   4.717149e+00 -1.840508e+00   
   781   3.221381e+00 -2.039245e+00   
   782   5.567191e+00 -1.600188e+00   
   783   7.908519e+00 -2.655680e-01   
   784   8.548413e+00  3.434156e-01   
   785   3.442761e+00 -2.078490e+00   
   786   5.354343e+00 -1.721517e+00   
   787   4.504301e+00 -1.961837e+00   
   788   8.121367e+00 -1.442389e-01   
   789   3.867107e+00 -2.080828e+00   
   790   5.141495e+00 -1.842846e+00   
   791   6.842929e+00 -1.117210e+00   
   792   9.000000e+00  7.500000e-01   
   793   6.630081e+00 -1.238539e+00   
   794   7.055777e+00 -9.958806e-01   
   795   6.417233e+00 -1.359868e+00   
   796   7.268625e+00 -8.745515e-01   
   797   8.334215e+00 -2.290980e-02   
   798   6.204385e+00 -1.481197e+00   
   799   8.774206e+00  4.217078e-01   
   800   4.291453e+00 -2.083166e+00   
   801   7.481473e+00 -7.532225e-01   
   802   5.991537e+00 -1.602526e+00   
   803   4.928647e+00 -1.964175e+00   
   804   7.694321e+00 -6.318934e-01   
   805   3.654260e+00 -2.202157e+00   
   806   5.778689e+00 -1.723855e+00   
   807   8.547063e+00  9.841930e-02   
   808   3.000000e+00 -2.250000e+00   
   809   7.907169e+00 -5.105643e-01   
   810   4.715799e+00 -2.085504e+00   
   811   4.078606e+00 -2.204495e+00   
   812   5.565841e+00 -1.845184e+00   
   813   3.221381e+00 -2.289245e+00   
   814   8.120017e+00 -3.892352e-01   
   815   9.000000e+00  5.000000e-01   
   816   5.352993e+00 -1.966513e+00   
   817   3.441412e+00 -2.323486e+00   
   818   4.502952e+00 -2.206833e+00   
   819   8.332865e+00 -2.679061e-01   
   820   8.774206e+00  1.717078e-01   
   821   6.841579e+00 -1.362206e+00   
   822   7.054427e+00 -1.240877e+00   
   823   6.628731e+00 -1.483535e+00   
   824   3.865758e+00 -2.325824e+00   
   825   7.267275e+00 -1.119548e+00   
   826   6.415883e+00 -1.604864e+00   
   827   5.140145e+00 -2.087842e+00   
   828   7.480123e+00 -9.982187e-01   
   829   6.203035e+00 -1.726193e+00   
   830   8.545713e+00 -1.465770e-01   
   831   7.692971e+00 -8.768896e-01   
   832   5.990187e+00 -1.847522e+00   
   833   4.290104e+00 -2.328163e+00   
   834   4.927298e+00 -2.209172e+00   
   835   7.905819e+00 -7.555605e-01   
   836   5.777339e+00 -1.968851e+00   
   837   9.000000e+00  2.500000e-01   
   838   3.652910e+00 -2.447154e+00   
   839   8.118667e+00 -6.342315e-01   
   840   3.000000e+00 -2.500000e+00   
   841   5.564491e+00 -2.090181e+00   
   842   4.714450e+00 -2.330501e+00   
   843   4.077256e+00 -2.449492e+00   
   844   8.772856e+00 -7.328849e-02   
   845   8.331515e+00 -5.129024e-01   
   846   3.220031e+00 -2.534241e+00   
   847   5.351644e+00 -2.211510e+00   
   848   7.053077e+00 -1.485873e+00   
   849   6.840229e+00 -1.607202e+00   
   850   3.440062e+00 -2.568483e+00   
   851   7.265925e+00 -1.364544e+00   
   852   6.627381e+00 -1.728531e+00   
   853   8.544363e+00 -3.915733e-01   
   854   4.501602e+00 -2.451830e+00   
   855   7.478773e+00 -1.243215e+00   
   856   6.414533e+00 -1.849860e+00   
   857   7.691621e+00 -1.121886e+00   
   858   3.864408e+00 -2.570821e+00   
   859   5.138796e+00 -2.332839e+00   
   860   6.201685e+00 -1.971190e+00   
   861   9.000000e+00  0.000000e+00   
   862   7.904469e+00 -1.000557e+00   
   863   5.988837e+00 -2.092519e+00   
   864   4.288754e+00 -2.573159e+00   
   865   8.117317e+00 -8.792277e-01   
   866   4.925948e+00 -2.454168e+00   
   867   5.775990e+00 -2.213848e+00   
   868   8.772856e+00 -3.232885e-01   
   869   3.651560e+00 -2.692150e+00   
   870   8.330165e+00 -7.578986e-01   
   871   5.563142e+00 -2.335177e+00   
   872   3.000000e+00 -2.750000e+00   
   873   4.713100e+00 -2.575497e+00   
   874   4.075906e+00 -2.694488e+00   
   875   8.543013e+00 -6.365695e-01   
   876   3.220031e+00 -2.784241e+00   
   877   7.051727e+00 -1.730869e+00   
   878   7.264575e+00 -1.609540e+00   
   879   6.838879e+00 -1.852199e+00   
   880   5.350294e+00 -2.456506e+00   
   881   7.477423e+00 -1.488211e+00   
   882   6.626031e+00 -1.973528e+00   
   883   9.000000e+00 -2.500000e-01   
   884   7.690271e+00 -1.366882e+00   
   885   3.438712e+00 -2.813479e+00   
   886   6.413184e+00 -2.094857e+00   
   887   4.500252e+00 -2.696826e+00   
   888   7.903119e+00 -1.245553e+00   
   889   6.200336e+00 -2.216186e+00   
   890   5.137446e+00 -2.577835e+00   
   891   3.863058e+00 -2.815817e+00   
   892   8.115967e+00 -1.124224e+00   
   893   8.771506e+00 -5.682848e-01   
   894   5.987488e+00 -2.337515e+00   
   895   8.328815e+00 -1.002895e+00   
   896   4.287404e+00 -2.818155e+00   
   897   4.924598e+00 -2.699164e+00   
   898   5.774640e+00 -2.458844e+00   
   899   8.541663e+00 -8.815658e-01   
   900   3.650210e+00 -2.937146e+00   
   901   5.561792e+00 -2.580173e+00   
   902   9.000000e+00 -5.000000e-01   
   903   4.711750e+00 -2.820493e+00   
   904   3.000000e+00 -3.000000e+00   
   905   7.263225e+00 -1.854537e+00   
   906   7.050377e+00 -1.975866e+00   
   907   7.476073e+00 -1.733208e+00   
   908   4.074556e+00 -2.939484e+00   
   909   6.837530e+00 -2.097195e+00   
   910   7.688921e+00 -1.611878e+00   
   911   6.624682e+00 -2.218524e+00   
   912   5.348944e+00 -2.701502e+00   
   913   3.218681e+00 -3.029238e+00   
   914   7.901769e+00 -1.490549e+00   
   915   6.411834e+00 -2.339853e+00   
   916   8.771506e+00 -8.182848e-01   
   917   8.114617e+00 -1.369220e+00   
   918   3.437362e+00 -3.058475e+00   
   919   4.498902e+00 -2.941822e+00   
   920   6.198986e+00 -2.461182e+00   
   921   5.136096e+00 -2.822831e+00   
   922   8.327465e+00 -1.247891e+00   
   923   3.861708e+00 -3.060813e+00   
   924   5.986138e+00 -2.582511e+00   
   925   8.540313e+00 -1.126562e+00   
   926   4.286054e+00 -3.063151e+00   
   927   5.773290e+00 -2.703840e+00   
   928   4.923248e+00 -2.944160e+00   
   929   9.000000e+00 -7.500000e-01   
   930   3.648860e+00 -3.182142e+00   
   931   5.560442e+00 -2.825169e+00   
   932   7.261876e+00 -2.099533e+00   
   933   7.474723e+00 -1.978204e+00   
   934   7.049028e+00 -2.220862e+00   
   935   7.687571e+00 -1.856875e+00   
   936   6.836180e+00 -2.342191e+00   
   937   4.710400e+00 -3.065490e+00   
   938   7.900419e+00 -1.735546e+00   
   939   8.770157e+00 -1.063281e+00   
   940   6.623332e+00 -2.463520e+00   
   941   3.000000e+00 -3.250000e+00   
   942   4.073206e+00 -3.184481e+00   
   943   8.113267e+00 -1.614217e+00   
   944   5.347594e+00 -2.946499e+00   
   945   6.410484e+00 -2.584849e+00   
   946   3.218681e+00 -3.279238e+00   
   947   8.326115e+00 -1.492887e+00   
   948   6.197636e+00 -2.706178e+00   
   949   3.436012e+00 -3.303472e+00   
   950   4.497552e+00 -3.186819e+00   
   951   8.538963e+00 -1.371558e+00   
   952   5.134746e+00 -3.067828e+00   
   953   9.000000e+00 -1.000000e+00   
   954   5.984788e+00 -2.827508e+00   
   955   3.860358e+00 -3.305810e+00   
   956   5.771940e+00 -2.948837e+00   
   957   4.921898e+00 -3.189157e+00   
   958   4.284704e+00 -3.308148e+00   
   959   7.473374e+00 -2.223200e+00   
   960   7.260526e+00 -2.344529e+00   
   961   8.770157e+00 -1.313281e+00   
   962   7.686222e+00 -2.101871e+00   
   963   7.047678e+00 -2.465858e+00   
   964   7.899069e+00 -1.980542e+00   
   965   5.559092e+00 -3.070166e+00   
   966   6.834830e+00 -2.587187e+00   
   967   3.647510e+00 -3.427139e+00   
   968   8.111917e+00 -1.859213e+00   
   969   6.621982e+00 -2.708517e+00   
   970   4.709050e+00 -3.310486e+00   
   971   8.324765e+00 -1.737884e+00   
   972   4.071856e+00 -3.429477e+00   
   973   3.000000e+00 -3.500000e+00   
   974   6.409134e+00 -2.829846e+00   
   975   5.346244e+00 -3.191495e+00   
   976   8.537613e+00 -1.616555e+00   
   977   3.217331e+00 -3.524234e+00   
   978   9.000000e+00 -1.250000e+00   
   979   6.196286e+00 -2.951175e+00   
   980   4.496202e+00 -3.431815e+00   
   981   3.434662e+00 -3.548468e+00   
   982   5.133396e+00 -3.312824e+00   
   983   5.983438e+00 -3.072504e+00   
   984   3.859008e+00 -3.550806e+00   
   985   8.768807e+00 -1.558277e+00   
   986   5.770590e+00 -3.193833e+00   
   987   7.472024e+00 -2.468196e+00   
   988   4.920548e+00 -3.434153e+00   
   989   7.684872e+00 -2.346867e+00   
   990   7.259176e+00 -2.589526e+00   
   991   4.283354e+00 -3.553144e+00   
   992   7.897720e+00 -2.225538e+00   
   993   7.046328e+00 -2.710855e+00   
   994   8.110568e+00 -2.104209e+00   
   995   6.833480e+00 -2.832184e+00   
   996   5.557742e+00 -3.315162e+00   
   997   8.323415e+00 -1.982880e+00   
   998   3.646160e+00 -3.672135e+00   
   999   6.620632e+00 -2.953513e+00   
   1000   8.536263e+00 -1.861551e+00   
   1001   4.707700e+00 -3.555482e+00   
   1002   9.000000e+00 -1.500000e+00   
   1003   6.407784e+00 -3.074842e+00   
   1004   4.070506e+00 -3.674473e+00   
   1005   5.344894e+00 -3.436491e+00   
   1006   3.000000e+00 -3.750000e+00   
   1007   6.194936e+00 -3.196171e+00   
   1008   3.217331e+00 -3.774234e+00   
   1009   4.494852e+00 -3.676811e+00   
   1010   3.433312e+00 -3.793464e+00   
   1011   5.132046e+00 -3.557820e+00   
   1012   5.982088e+00 -3.317500e+00   
   1013   8.768807e+00 -1.808277e+00   
   1014   3.857658e+00 -3.795802e+00   
   1015   7.683522e+00 -2.591864e+00   
   1016   7.470674e+00 -2.713193e+00   
   1017   7.896370e+00 -2.470535e+00   
   1018   5.769240e+00 -3.438829e+00   
   1019   7.257826e+00 -2.834522e+00   
   1020   8.109218e+00 -2.349205e+00   
   1021   7.044978e+00 -2.955851e+00   
   1022   4.919198e+00 -3.679149e+00   
   1023   8.322066e+00 -2.227876e+00   
   1024   4.282004e+00 -3.798140e+00   
   1025   6.832130e+00 -3.077180e+00   
   1026   8.534914e+00 -2.106547e+00   
   1027   9.000000e+00 -1.750000e+00   
   1028   5.556392e+00 -3.560158e+00   
   1029   6.619282e+00 -3.198509e+00   
   1030   3.644810e+00 -3.917131e+00   
   1031   6.406434e+00 -3.319838e+00   
   1032   4.706350e+00 -3.800478e+00   
   1033   5.343544e+00 -3.681487e+00   
   1034   4.069156e+00 -3.919469e+00   
   1035   6.193586e+00 -3.441167e+00   
   1036   3.000000e+00 -4.000000e+00   
   1037   8.767457e+00 -2.053274e+00   
   1038   3.215981e+00 -4.019230e+00   
   1039   4.493502e+00 -3.921807e+00   
   1040   5.980738e+00 -3.562496e+00   
   1041   5.130696e+00 -3.802816e+00   
   1042   3.431962e+00 -4.038460e+00   
   1043   7.682172e+00 -2.836860e+00   
   1044   7.895020e+00 -2.715531e+00   
   1045   7.469324e+00 -2.958189e+00   
   1046   8.107868e+00 -2.594202e+00   
   1047   7.256476e+00 -3.079518e+00   
   1048   3.856308e+00 -4.040798e+00   
   1049   8.320716e+00 -2.472873e+00   
   1050   5.767890e+00 -3.683825e+00   
   1051   7.043628e+00 -3.200847e+00   
   1052   9.000000e+00 -2.000000e+00   
   1053   8.533564e+00 -2.351544e+00   
   1054   4.917848e+00 -3.924146e+00   
   1055   6.830780e+00 -3.322176e+00   
   1056   4.280654e+00 -4.043137e+00   
   1057   6.617932e+00 -3.443505e+00   
   1058   5.555042e+00 -3.805155e+00   
   1059   6.405084e+00 -3.564834e+00   
   1060   3.643460e+00 -4.162128e+00   
   1061   4.705000e+00 -4.045475e+00   
   1062   8.767457e+00 -2.303274e+00   
   1063   5.342194e+00 -3.926484e+00   
   1064   4.067806e+00 -4.164466e+00   
   1065   6.192236e+00 -3.686164e+00   
   1066   3.000000e+00 -4.250000e+00   
   1067   3.215981e+00 -4.269230e+00   
   1068   5.979388e+00 -3.807493e+00   
   1069   7.893670e+00 -2.960527e+00   
   1070   7.680822e+00 -3.081856e+00   
   1071   8.106518e+00 -2.839198e+00   
   1072   4.492152e+00 -4.166804e+00   
   1073   5.129346e+00 -4.047813e+00   
   1074   7.467974e+00 -3.203185e+00   
   1075   8.319366e+00 -2.717869e+00   
   1076   3.430612e+00 -4.283457e+00   
   1077   7.255126e+00 -3.324514e+00   
   1078   9.000000e+00 -2.250000e+00   
   1079   8.532214e+00 -2.596540e+00   
   1080   7.042278e+00 -3.445843e+00   
   1081   3.854958e+00 -4.285795e+00   
   1082   5.766540e+00 -3.928822e+00   
   1083   6.829430e+00 -3.567173e+00   
   1084   4.916498e+00 -4.169142e+00   
   1085   4.279304e+00 -4.288133e+00   
   1086   6.616582e+00 -3.688502e+00   
   1087   5.553692e+00 -4.050151e+00   
   1088   8.766107e+00 -2.548270e+00   
   1089   6.403734e+00 -3.809831e+00   
   1090   3.642110e+00 -4.407124e+00   
   1091   4.703650e+00 -4.290471e+00   
   1092   5.340844e+00 -4.171480e+00   
   1093   6.190886e+00 -3.931160e+00   
   1094   4.066456e+00 -4.409462e+00   
   1095   7.892320e+00 -3.205523e+00   
   1096   8.105168e+00 -3.084194e+00   
   1097   7.679472e+00 -3.326852e+00   
   1098   8.318016e+00 -2.962865e+00   
   1099   9.000000e+00 -2.500000e+00   
   1100   3.000000e+00 -4.500000e+00   
   1101   7.466624e+00 -3.448182e+00   
   1102   5.978038e+00 -4.052489e+00   
   1103   8.530864e+00 -2.841536e+00   
   1104   3.214631e+00 -4.514226e+00   
   1105   7.253776e+00 -3.569511e+00   
   1106   5.127996e+00 -4.292809e+00   
   1107   4.490802e+00 -4.411800e+00   
   1108   3.429262e+00 -4.528453e+00   
   1109   7.040928e+00 -3.690840e+00   
   1110   5.765190e+00 -4.173818e+00   
   1111   6.828080e+00 -3.812169e+00   
   1112   3.866145e+00 -4.550309e+00   
   1113   4.915148e+00 -4.414138e+00   
   1114   6.615232e+00 -3.933498e+00   
   1115   8.766107e+00 -2.798270e+00   
   1116   4.277954e+00 -4.533129e+00   
   1117   5.552342e+00 -4.295147e+00   
   1118   6.402384e+00 -4.054827e+00   
   1119   6.189536e+00 -4.176156e+00   
   1120   5.339494e+00 -4.416476e+00   
   1121   3.653297e+00 -4.671638e+00   
   1122   4.685780e+00 -4.554596e+00   
   1123   8.103818e+00 -3.329191e+00   
   1124   7.890970e+00 -3.450520e+00   
   1125   9.000000e+00 -2.750000e+00   
   1126   8.316666e+00 -3.207861e+00   
   1127   7.678122e+00 -3.571849e+00   
   1128   8.529514e+00 -3.086532e+00   
   1129   7.465274e+00 -3.693178e+00   
   1130   4.077643e+00 -4.673977e+00   
   1131   7.252426e+00 -3.814507e+00   
   1132   5.976688e+00 -4.297485e+00   
   1133   3.000000e+00 -4.750000e+00   
   1134   5.126646e+00 -4.537805e+00   
   1135   7.039578e+00 -3.935836e+00   
   1136   3.214631e+00 -4.764226e+00   
   1137   4.472932e+00 -4.675925e+00   
   1138   3.427913e+00 -4.773449e+00   
   1139   6.826730e+00 -4.057165e+00   
   1140   5.763840e+00 -4.418814e+00   
   1141   8.764757e+00 -3.043266e+00   
   1142   6.613882e+00 -4.178494e+00   
   1143   3.877332e+00 -4.814824e+00   
   1144   4.897278e+00 -4.678263e+00   
   1145   4.276605e+00 -4.778125e+00   
   1146   5.550993e+00 -4.540143e+00   
   1147   6.401034e+00 -4.299823e+00   
   1148   9.000000e+00 -3.000000e+00   
   1149   8.102468e+00 -3.574187e+00   
   1150   8.315316e+00 -3.452858e+00   
   1151   7.889620e+00 -3.695516e+00   
   1152   8.528164e+00 -3.331529e+00   
   1153   6.188186e+00 -4.421152e+00   
   1154   7.676772e+00 -3.816845e+00   
   1155   5.338145e+00 -4.661472e+00   
   1156   3.651947e+00 -4.916635e+00   
   1157   7.463924e+00 -3.938174e+00   
   1158   4.667909e+00 -4.818721e+00   
   1159   7.251076e+00 -4.059503e+00   
   1160   5.975339e+00 -4.542481e+00   
   1161   4.076293e+00 -4.918973e+00   
   1162   7.038228e+00 -4.180832e+00   
   1163   3.000000e+00 -5.000000e+00   
   1164   5.125297e+00 -4.782802e+00   
   1165   3.213281e+00 -5.009223e+00   
   1166   8.764757e+00 -3.293266e+00   
   1167   6.825380e+00 -4.302161e+00   
   1168   4.471582e+00 -4.920921e+00   
   1169   3.426563e+00 -5.018445e+00   
   1170   5.762491e+00 -4.663811e+00   
   1171   6.612532e+00 -4.423490e+00   
   1172   4.895928e+00 -4.923259e+00   
   1173   5.549643e+00 -4.785140e+00   
   1174   4.275255e+00 -5.023122e+00   
   1175   6.399685e+00 -4.544820e+00   
   1176   9.000000e+00 -3.250000e+00   
   1177   8.313966e+00 -3.697854e+00   
   1178   8.101118e+00 -3.819183e+00   
   1179   8.526814e+00 -3.576525e+00   
   1180   7.888270e+00 -3.940512e+00   
   1181   7.675422e+00 -4.061841e+00   
   1182   6.186837e+00 -4.666149e+00   
   1183   7.462574e+00 -4.183170e+00   
   1184   5.336795e+00 -4.906469e+00   
   1185   7.249726e+00 -4.304499e+00   
   1186   3.938666e+00 -5.157412e+00   
   1187   5.973989e+00 -4.787478e+00   
   1188   7.036878e+00 -4.425829e+00   
   1189   8.763407e+00 -3.538262e+00   
   1190   5.123947e+00 -5.027798e+00   
   1191   3.000000e+00 -5.250000e+00   
   1192   6.824031e+00 -4.547158e+00   
   1193   3.250000e+00 -5.250000e+00   
   1194   5.761141e+00 -4.908807e+00   
   1195   3.463281e+00 -5.259223e+00   
   1196   4.583954e+00 -5.159360e+00   
   1197   3.713281e+00 -5.259223e+00   
   1198   6.611183e+00 -4.668487e+00   
   1199   9.000000e+00 -3.500000e+00   
   1200   4.137627e+00 -5.261561e+00   
   1201   8.312616e+00 -3.942850e+00   
   1202   8.525464e+00 -3.821521e+00   
   1203   6.398335e+00 -4.789816e+00   
   1204   8.099768e+00 -4.064179e+00   
   1205   7.886920e+00 -4.185508e+00   
   1206   4.387627e+00 -5.261561e+00   
   1207   7.674072e+00 -4.306838e+00   
   1208   7.461224e+00 -4.428167e+00   
   1209   6.185487e+00 -4.911145e+00   
   1210   4.811973e+00 -5.263899e+00   
   1211   8.763407e+00 -3.788262e+00   
   1212   5.524821e+00 -5.142570e+00   
   1213   5.972639e+00 -5.032474e+00   
   1214   5.061973e+00 -5.263899e+00   
   1215   7.248994e+00 -4.615283e+00   
   1216   6.822681e+00 -4.792154e+00   
   1217   3.000000e+00 -5.500000e+00   
   1218   3.250000e+00 -5.500000e+00   
   1219   7.036146e+00 -4.736612e+00   
   1220   5.311973e+00 -5.263899e+00   
   1221   3.500000e+00 -5.500000e+00   
   1222   6.609833e+00 -4.913483e+00   
   1223   3.750000e+00 -5.500000e+00   
   1224   9.000000e+00 -3.750000e+00   
   1225   4.000000e+00 -5.500000e+00   
   1226   8.524114e+00 -4.066517e+00   
   1227   8.311266e+00 -4.187847e+00   
   1228   8.098418e+00 -4.309176e+00   
   1229   7.885570e+00 -4.430505e+00   
   1230   4.250000e+00 -5.500000e+00   
   1231   7.672723e+00 -4.551834e+00   
   1232   4.500000e+00 -5.500000e+00   
   1233   5.736319e+00 -5.266237e+00   
   1234   4.750000e+00 -5.500000e+00   
   1235   8.762057e+00 -4.033259e+00   
   1236   7.460492e+00 -4.738950e+00   
   1237   5.986319e+00 -5.266237e+00   
   1238   5.000000e+00 -5.500000e+00   
   1239   6.449167e+00 -5.144908e+00   
   1240   6.821331e+00 -5.037150e+00   
   1241   5.250000e+00 -5.500000e+00   
   1242   7.034796e+00 -4.981609e+00   
   1243   9.000000e+00 -4.000000e+00   
   1244   6.236319e+00 -5.266237e+00   
   1245   7.248262e+00 -4.926067e+00   
   1246   8.522764e+00 -4.311514e+00   
   1247   8.309916e+00 -4.432843e+00   
   1248   8.097069e+00 -4.554172e+00   
   1249   5.500000e+00 -5.500000e+00   
   1250   7.884221e+00 -4.675501e+00   
   1251   7.671373e+00 -4.796830e+00   
   1252   5.750000e+00 -5.500000e+00   
   1253   8.762057e+00 -4.283259e+00   
   1254   6.660665e+00 -5.268575e+00   
   1255   7.459142e+00 -4.983947e+00   
   1256   6.000000e+00 -5.500000e+00   
   1257   9.000000e+00 -4.250000e+00   
   1258   6.910665e+00 -5.268575e+00   
   1259   6.250000e+00 -5.500000e+00   
   1260   8.521415e+00 -4.556510e+00   
   1261   8.308567e+00 -4.677839e+00   
   1262   7.124131e+00 -5.213033e+00   
   1263   8.095719e+00 -4.799168e+00   
   1264   7.882871e+00 -4.920497e+00   
   1265   7.670023e+00 -5.041826e+00   
   1266   6.500000e+00 -5.500000e+00   
   1267   8.760707e+00 -4.528255e+00   
   1268   7.374131e+00 -5.213033e+00   
   1269   6.750000e+00 -5.500000e+00   
   1270   9.000000e+00 -4.500000e+00   
   1271   8.520065e+00 -4.801506e+00   
   1272   8.307217e+00 -4.922835e+00   
   1273   7.000000e+00 -5.500000e+00   
   1274   7.585011e+00 -5.270913e+00   
   1275   8.760707e+00 -4.778255e+00   
   1276   8.047859e+00 -5.149584e+00   
   1277   7.250000e+00 -5.500000e+00   
   1278   7.835011e+00 -5.270913e+00   
   1279   9.000000e+00 -4.750000e+00   
   1280   7.500000e+00 -5.500000e+00   
   1281   8.518715e+00 -5.046503e+00   
   1282   7.750000e+00 -5.500000e+00   
   1283   8.259357e+00 -5.273251e+00   
   1284   8.759357e+00 -5.023251e+00   
   1285   8.000000e+00 -5.500000e+00   
   1286   9.000000e+00 -5.000000e+00   
   1287   8.509357e+00 -5.273251e+00   
   1288   8.250000e+00 -5.500000e+00   
   1289   8.759357e+00 -5.273251e+00   
   1290   8.500000e+00 -5.500000e+00   
   1291   9.000000e+00 -5.250000e+00   
   1292   8.750000e+00 -5.500000e+00   
   1293   9.000000e+00 -5.500000e+00   
  END_COORDINATES
  BOUNDARIES, ELEMENT
    1         1217     1221     1218         1     
    2         1163     1217     1191         1     
    3         562     550     554         2     
    4         580     562     568         6     
    5         545     629     590         171     
    6         904     973     941         296     
    7         973     1036     1006         302     
    8         1036     1100     1066         311     
    9         1100     1163     1133         317     
    10         1221     1225     1223         324     
    11         774     840     808         336     
    12         1199     1148     1176         358     
    13         1243     1199     1224         362     
    14         700     774     739         365     
    15         1270     1243     1257         369     
    16         1286     1270     1279         373     
    17         1293     1286     1291         377     
    18         1099     1052     1078         411     
    19         1002     953     978         416     
    20         953     902     929         421     
    21         773     730     753         451     
    22         730     694     715         455     
    23         694     661     678         460     
    24         661     628     644         467     
    25         628     601     614         472     
    26         1052     1002     1027         502     
    27         629     700     665         512     
    28         902     861     883         545     
    29         815     773     792         547     
    30         861     815     837         550     
    31         243     309     274         552     
    32         840     904     872         556     
    33         378     308     343         557     
    34         309     379     344         563     
    35         379     457     419         565     
    36         601     580     591         570     
    37         457     545     500         572     
    38         1148     1099     1125         575     
    39         189     243     216         582     
    40         1266     1273     1269         583     
    41         138     189     161         585     
    42         17     35     25         586     
    43         1273     1280     1277         587     
    44         1280     1285     1282         588     
    45         137     95     114         589     
    46         95     62     78         590     
    47         1238     1249     1241         591     
    48         1232     1238     1234         592     
    49         16     5     10         594     
    50         34     16     24         595     
    51         1225     1232     1230         596     
    52         550     544     546         597     
    53         544     456     499         597     
    54         63     96     79         598     
    55         1285     1290     1288         599     
    56         1290     1293     1292         600     
    57         62     34     47         601     
    58         1256     1266     1259         602     
    59         1249     1256     1252         603     
    60         242     188     215         604     
    61         188     137     162         605     
    62         5     1     2         606     
    63         1     6     3         606     
    64         35     63     48         607     
    65         308     242     273         608     
    66         456     378     418         609     
    67         96     138     115         610     
    68         6     17     11         611     
  END_BOUNDARIES
  MATERIALS, NUMBER= 1, DEFAULT=1
  END_MATERIALS
  SUBDOMAINS
  END_SUBDOMAINS
  CHARACTERISTICS
  END_CHARACTERISTICS
