  NODES_PER_ELEMENT
   1 4
   2 4
   3 4
   4 4
   5 4
   6 4
   7 4
   8 4
   9 4
   10 4
   11 4
   12 4
   13 4
   14 4
   15 4
   16 4
   17 4
   18 4
   19 4
   20 4
   21 4
   22 4
   23 4
   24 4
   25 4
   26 4
   27 4
   28 4
   29 4
   30 4
   31 4
   32 4
   33 4
   34 4
   35 4
   36 4
   37 4
   38 4
   39 4
   40 4
   41 4
   42 4
   43 4
   44 4
   45 4
   46 4
   47 4
   48 4
   49 4
   50 4
   51 4
   52 4
   53 4
   54 4
   55 4
   56 4
   57 4
   58 4
   59 4
   60 4
   61 4
   62 4
   63 4
   64 4
   65 4
   66 4
   67 4
   68 4
   69 4
   70 4
   71 4
   72 4
   73 4
   74 4
   75 4
   76 4
   77 4
   78 4
   79 4
   80 4
   81 4
   82 4
   83 4
   84 4
   85 4
   86 4
   87 4
   88 4
   89 4
   90 4
   91 4
   92 4
   93 4
   94 4
   95 4
   96 4
   97 4
   98 4
   99 4
   100 4
   101 4
   102 4
   103 4
   104 4
   105 4
   106 4
   107 4
   108 4
   109 4
   110 4
   111 4
   112 4
   113 4
   114 4
   115 4
   116 4
   117 4
   118 4
   119 4
   120 4
   121 4
   122 4
   123 4
   124 4
   125 4
   126 4
   127 4
   128 4
   129 4
   130 4
   131 4
   132 4
   133 4
   134 4
   135 4
   136 4
   137 4
   138 4
   139 4
   140 4
   141 4
   142 4
   143 4
   144 4
   145 4
   146 4
   147 4
   148 4
   149 4
   150 4
   151 4
   152 4
   153 4
   154 4
   155 4
   156 4
   157 4
   158 4
   159 4
   160 4
   161 4
   162 4
   163 4
   164 4
   165 4
   166 4
   167 4
   168 4
   169 4
   170 4
   171 4
   172 4
   173 4
   174 4
   175 4
   176 4
   177 4
   178 4
   179 4
   180 4
   181 4
   182 4
   183 4
   184 4
  END_NODES_PER_ELEMENT
  ELEMENTS
  1 214 215 207 189  
  2 127 129 130 124  
  3 207 202 188 189  
  4 202 200 190 188  
  5 200 201 193 190  
  6 201 205 195 193  
  7 205 208 199 195  
  8 208 212 206 199  
  9 212 213 211 206  
  10 173 178 159 166  
  11 170 173 166 161  
  12 213 218 216 211  
  13 172 170 161 160  
  14 176 172 160 167  
  15 180 176 167 169  
  16 185 180 169 181  
  17 194 185 181 191  
  18 204 194 191 198  
  19 210 204 198 209  
  20 217 210 209 216  
  21 122 127 124 119  
  22 220 217 216 219  
  23 216 218 221 219  
  24 220 219 221 222  
  25 168 189 188 175  
  26 162 168 175 163  
  27 156 162 163 155  
  28 150 156 155 149  
  29 145 150 149 144  
  30 139 145 144 138  
  31 137 139 138 132  
  32 135 137 132 126  
  33 130 135 126 124  
  34 113 122 119 112  
  35 102 113 112 103  
  36 94 102 103 96  
  37 83 94 96 84  
  38 73 83 84 72  
  39 62 73 72 60  
  40 52 62 60 49  
  41 41 52 49 38  
  42 34 41 38 31  
  43 28 34 31 25  
  44 23 28 25 19  
  45 16 23 19 14  
  46 11 16 14 9  
  47 7 11 9 5  
  48 1 7 5 2  
  49 3 1 2 4  
  50 10 3 4 8  
  51 15 10 8 13  
  52 22 15 13 20  
  53 29 22 20 26  
  54 35 29 26 32  
  55 43 35 32 40  
  56 51 43 40 47  
  57 57 51 47 56  
  58 67 57 56 64  
  59 77 67 64 71  
  60 85 77 71 79  
  61 92 85 79 87  
  62 101 92 87 93  
  63 107 101 93 99  
  64 111 107 99 105  
  65 118 111 105 109  
  66 133 118 109 116  
  67 141 133 116 125  
  68 151 141 125 140  
  69 159 151 140 152  
  70 211 216 209 203  
  71 124 126 121 119  
  72 126 132 123 121  
  73 132 138 136 123  
  74 138 144 142 136  
  75 144 149 147 142  
  76 149 155 154 147  
  77 155 163 164 154  
  78 206 211 203 196  
  79 199 206 196 192  
  80 195 199 192 186  
  81 193 195 186 183  
  82 190 193 183 179  
  83 188 190 179 175  
  84 163 175 179 164  
  85 209 198 197 203  
  86 166 159 152 161  
  87 198 191 187 197  
  88 191 181 177 187  
  89 181 169 165 177  
  90 169 167 157 165  
  91 8 4 2 6  
  92 2 5 9 6  
  93 9 14 12 6  
  94 112 119 121 115  
  95 14 19 18 12  
  96 19 25 24 18  
  97 25 31 30 24  
  98 31 38 37 30  
  99 38 49 50 37  
  100 49 60 63 50  
  101 60 72 74 63  
  102 72 84 86 74  
  103 103 112 115 108  
  104 96 103 108 97  
  105 84 96 97 86  
  106 56 47 45 54  
  107 64 56 54 61  
  108 47 40 39 45  
  109 40 32 33 39  
  110 32 26 27 33  
  111 26 20 21 27  
  112 20 13 17 21  
  113 17 18 24 21  
  114 8 6 12 13  
  115 21 24 30 27  
  116 71 64 61 68  
  117 79 71 68 75  
  118 87 79 75 80  
  119 93 87 80 88  
  120 99 93 88 91  
  121 105 99 91 98  
  122 109 105 98 104  
  123 116 109 104 110  
  124 125 116 110 117  
  125 140 125 117 134  
  126 152 140 134 148  
  127 167 160 148 157  
  128 148 160 161 152  
  129 196 203 197 187  
  130 192 196 187 184  
  131 186 192 184 182  
  132 183 186 182 174  
  133 179 183 174 164  
  134 121 123 120 115  
  135 123 136 131 120  
  136 136 142 146 131  
  137 142 147 154 146  
  138 187 177 171 184  
  139 177 165 158 171  
  140 54 45 46 53  
  141 61 54 53 58  
  142 45 39 42 46  
  143 39 33 36 42  
  144 33 27 30 36  
  145 12 18 17 13  
  146 165 157 153 158  
  147 68 61 58 66  
  148 75 68 66 69  
  149 80 75 69 76  
  150 88 80 76 81  
  151 91 88 81 82  
  152 98 91 82 90  
  153 104 98 90 100  
  154 110 104 100 106  
  155 117 110 106 114  
  156 134 117 114 128  
  157 30 37 44 36  
  158 37 50 55 44  
  159 50 63 65 55  
  160 63 74 78 65  
  161 74 86 89 78  
  162 86 97 95 89  
  163 95 100 90 89  
  164 89 90 82 78  
  165 108 115 120 114  
  166 114 120 131 128  
  167 108 114 106 97  
  168 184 171 174 182  
  169 146 154 164 158  
  170 158 164 174 171  
  171 131 146 143 128  
  172 157 148 143 153  
  173 134 128 143 148  
  174 36 44 48 42  
  175 81 76 70 82  
  176 78 82 70 65  
  177 58 53 48 59  
  178 46 42 48 53  
  179 106 100 95 97  
  180 55 65 70 59  
  181 70 76 69 59  
  182 55 59 48 44  
  183 158 153 143 146  
  184 59 69 66 58  
  END_ELEMENTS  
  COORDINATES  
   1   4.935400e+00  4.719600e+00   
   2   4.962743e+00  4.335328e+00   
   3   5.344400e+00  4.627000e+00   
   4   5.244220e+00  4.382256e+00   
   5   4.639963e+00  4.205479e+00   
   6   5.031391e+00  4.033978e+00   
   7   4.324600e+00  4.337100e+00   
   8   5.422656e+00  4.187304e+00   
   9   4.629684e+00  3.946871e+00   
   10   5.753400e+00  4.534400e+00   
   11   4.224950e+00  3.961150e+00   
   12   5.104833e+00  3.674934e+00   
   13   5.653194e+00  3.806639e+00   
   14   4.619412e+00  3.590273e+00   
   15   6.152900e+00  4.230000e+00   
   16   4.125300e+00  3.585200e+00   
   17   5.496618e+00  3.407484e+00   
   18   5.118178e+00  3.276742e+00   
   19   4.629887e+00  3.161635e+00   
   20   6.103401e+00  3.512842e+00   
   21   5.718482e+00  3.139070e+00   
   22   6.552400e+00  3.925600e+00   
   23   4.115300e+00  3.078550e+00   
   24   5.252449e+00  2.853975e+00   
   25   4.680712e+00  2.694882e+00   
   26   6.501410e+00  3.169063e+00   
   27   6.032535e+00  2.773037e+00   
   28   4.105300e+00  2.571900e+00   
   29   6.976950e+00  3.552600e+00   
   30   5.492425e+00  2.305205e+00   
   31   4.749341e+00  2.172462e+00   
   32   6.893421e+00  2.824270e+00   
   33   6.462334e+00  2.455770e+00   
   34   4.105300e+00  2.064250e+00   
   35   7.401500e+00  3.179600e+00   
   36   6.122361e+00  2.033142e+00   
   37   5.365647e+00  1.629685e+00   
   38   4.730113e+00  1.606405e+00   
   39   6.819198e+00  2.184323e+00   
   40   7.207363e+00  2.502682e+00   
   41   4.105300e+00  1.556600e+00   
   42   6.562596e+00  1.853147e+00   
   43   7.653850e+00  2.822150e+00   
   44   5.972088e+00  1.518448e+00   
   45   7.092764e+00  1.935734e+00   
   46   6.834707e+00  1.752626e+00   
   47   7.462984e+00  2.179984e+00   
   48   6.508295e+00  1.437369e+00   
   49   4.710204e+00  1.052450e+00   
   50   5.319187e+00  1.036161e+00   
   51   7.906200e+00  2.464700e+00   
   52   4.105300e+00  1.048400e+00   
   53   6.899658e+00  1.483797e+00   
   54   7.254168e+00  1.626004e+00   
   55   5.937884e+00  9.675581e-01   
   56   7.654876e+00  1.828607e+00   
   57   8.087950e+00  2.074700e+00   
   58   7.020162e+00  1.138903e+00   
   59   6.604999e+00  9.033903e-01   
   60   4.694605e+00  5.102261e-01   
   61   7.390081e+00  1.284577e+00   
   62   4.105300e+00  5.402000e-01   
   63   5.287270e+00  4.686391e-01   
   64   7.801522e+00  1.452233e+00   
   65   5.890130e+00  3.998940e-01   
   66   7.188636e+00  9.102754e-01   
   67   8.269700e+00  1.684700e+00   
   68   7.487172e+00  9.377028e-01   
   69   7.058572e+00  6.542206e-01   
   70   6.500079e+00  3.189009e-01   
   71   7.887823e+00  1.024566e+00   
   72   4.675646e+00 -2.038505e-02   
   73   4.105300e+00  3.205000e-02   
   74   5.265152e+00 -8.399952e-02   
   75   7.464793e+00  5.837540e-01   
   76   6.976041e+00  2.638875e-01   
   77   8.331750e+00  1.160050e+00   
   78   5.862791e+00 -1.515134e-01   
   79   7.904831e+00  5.866158e-01   
   80   7.397713e+00  1.954788e-01   
   81   6.934605e+00 -6.849630e-02   
   82   6.532538e+00 -2.478701e-01   
   83   4.105300e+00 -4.761000e-01   
   84   4.657521e+00 -5.520912e-01   
   85   8.393800e+00  6.354000e-01   
   86   5.234901e+00 -6.327387e-01   
   87   7.855007e+00  1.393834e-01   
   88   7.287143e+00 -1.834010e-01   
   89   5.774723e+00 -6.613471e-01   
   90   6.308408e+00 -7.884526e-01   
   91   7.056809e+00 -5.497891e-01   
   92   8.349750e+00  1.077000e-01   
   93   7.753669e+00 -2.980637e-01   
   94   4.105300e+00 -9.837500e-01   
   95   5.711320e+00 -1.036054e+00   
   96   4.636207e+00 -1.087627e+00   
   97   5.266340e+00 -1.225415e+00   
   98   6.824989e+00 -9.872373e-01   
   99   7.566827e+00 -7.282371e-01   
   100   6.092897e+00 -1.221400e+00   
   101   8.305700e+00 -4.200000e-01   
   102   4.105300e+00 -1.491400e+00   
   103   4.535032e+00 -1.592233e+00   
   104   6.577324e+00 -1.413252e+00   
   105   7.342429e+00 -1.162988e+00   
   106   5.778191e+00 -1.588866e+00   
   107   8.102950e+00 -8.786000e-01   
   108   4.995917e+00 -1.759388e+00   
   109   7.077700e+00 -1.599279e+00   
   110   6.298657e+00 -1.816302e+00   
   111   7.900200e+00 -1.337200e+00   
   112   4.426382e+00 -2.013237e+00   
   113   4.105300e+00 -2.010915e+00   
   114   5.454871e+00 -2.092348e+00   
   115   4.737767e+00 -2.123966e+00   
   116   6.794073e+00 -2.014303e+00   
   117   6.040032e+00 -2.214654e+00   
   118   7.591300e+00 -1.795800e+00   
   119   4.334242e+00 -2.309809e+00   
   120   4.993348e+00 -2.342436e+00   
   121   4.541523e+00 -2.374606e+00   
   122   4.105300e+00 -2.367957e+00   
   123   4.706267e+00 -2.510718e+00   
   124   4.263765e+00 -2.483434e+00   
   125   6.507281e+00 -2.365668e+00   
   126   4.404838e+00 -2.530167e+00   
   127   4.105300e+00 -2.503700e+00   
   128   5.476270e+00 -2.532977e+00   
   129   4.114600e+00 -2.546200e+00   
   130   4.214100e+00 -2.577400e+00   
   131   5.092567e+00 -2.611762e+00   
   132   4.517950e+00 -2.620919e+00   
   133   7.282400e+00 -2.254400e+00   
   134   5.899321e+00 -2.584299e+00   
   135   4.305300e+00 -2.627900e+00   
   136   4.800945e+00 -2.678912e+00   
   137   4.384400e+00 -2.695800e+00   
   138   4.593720e+00 -2.737002e+00   
   139   4.448300e+00 -2.778100e+00   
   140   6.267849e+00 -2.675564e+00   
   141   6.916398e+00 -2.538544e+00   
   142   4.830063e+00 -2.841471e+00   
   143   5.460268e+00 -2.831532e+00   
   144   4.639164e+00 -2.854069e+00   
   145   4.494300e+00 -2.871600e+00   
   146   5.101462e+00 -2.887069e+00   
   147   4.781685e+00 -2.945664e+00   
   148   5.809514e+00 -2.906581e+00   
   149   4.650014e+00 -2.962907e+00   
   150   4.520500e+00 -2.972500e+00   
   151   6.552520e+00 -2.821039e+00   
   152   6.112273e+00 -2.931249e+00   
   153   5.449264e+00 -3.008959e+00   
   154   4.881190e+00 -3.029582e+00   
   155   4.689318e+00 -3.067801e+00   
   156   4.526000e+00 -3.076600e+00   
   157   5.637867e+00 -3.071659e+00   
   158   5.249656e+00 -3.123687e+00   
   159   6.266100e+00 -3.043400e+00   
   160   5.932236e+00 -3.110588e+00   
   161   6.102385e+00 -3.098104e+00   
   162   4.510400e+00 -3.179600e+00   
   163   4.704838e+00 -3.202380e+00   
   164   4.952295e+00 -3.217796e+00   
   165   5.496444e+00 -3.199904e+00   
   166   6.211195e+00 -3.123368e+00   
   167   5.786919e+00 -3.186476e+00   
   168   4.474500e+00 -3.277500e+00   
   169   5.664794e+00 -3.283536e+00   
   170   6.154900e+00 -3.229600e+00   
   171   5.241814e+00 -3.317580e+00   
   172   6.027800e+00 -3.253600e+00   
   173   6.265100e+00 -3.228600e+00   
   174   5.072941e+00 -3.353280e+00   
   175   4.667453e+00 -3.353237e+00   
   176   5.907600e+00 -3.302700e+00   
   177   5.420910e+00 -3.352402e+00   
   178   6.363200e+00 -3.244600e+00   
   179   4.851884e+00 -3.394141e+00   
   180   5.799500e+00 -3.374800e+00   
   181   5.579351e+00 -3.405642e+00   
   182   5.120214e+00 -3.446110e+00   
   183   4.978831e+00 -3.460093e+00   
   184   5.220836e+00 -3.461909e+00   
   185   5.708400e+00 -3.466900e+00   
   186   5.066865e+00 -3.523140e+00   
   187   5.362102e+00 -3.519086e+00   
   188   4.638589e+00 -3.538930e+00   
   189   4.352459e+00 -3.535436e+00   
   190   4.806995e+00 -3.555462e+00   
   191   5.515767e+00 -3.539401e+00   
   192   5.163698e+00 -3.571741e+00   
   193   4.925967e+00 -3.589382e+00   
   194   5.637300e+00 -3.575100e+00   
   195   5.017640e+00 -3.629973e+00   
   196   5.263143e+00 -3.632907e+00   
   197   5.394724e+00 -3.628359e+00   
   198   5.486524e+00 -3.658623e+00   
   199   5.109660e+00 -3.676826e+00   
   200   4.813900e+00 -3.706400e+00   
   201   4.900400e+00 -3.712000e+00   
   202   4.727900e+00 -3.716900e+00   
   203   5.346038e+00 -3.711077e+00   
   204   5.589200e+00 -3.696200e+00   
   205   4.984300e+00 -3.733500e+00   
   206   5.194502e+00 -3.735388e+00   
   207   4.645300e+00 -3.743200e+00   
   208   5.062800e+00 -3.770200e+00   
   209   5.446406e+00 -3.770532e+00   
   210   5.569200e+00 -3.793300e+00   
   211   5.279878e+00 -3.812511e+00   
   212   5.133200e+00 -3.820900e+00   
   213   5.192900e+00 -3.883600e+00   
   214   4.188200e+00 -3.882600e+00   
   215   4.491500e+00 -3.906500e+00   
   216   5.388720e+00 -3.920810e+00   
   217   5.564200e+00 -3.923500e+00   
   218   5.252600e+00 -3.982400e+00   
   219   5.406789e+00 -4.118263e+00   
   220   5.561148e+00 -4.173093e+00   
   221   5.272300e+00 -4.260800e+00   
   222   5.556600e+00 -4.545000e+00   
  END_COORDINATES
  BOUNDARIES, ELEMENT
    1         214     215         1     
    2         215     207         1     
    3         189     214         1     
    4         129     130         2     
    5         127     129         2     
    6         207     202         3     
    7         202     200         4     
    8         200     201         5     
    9         201     205         6     
    10         205     208         7     
    11         208     212         8     
    12         212     213         9     
    13         173     178         10     
    14         178     159         10     
    15         170     173         11     
    16         213     218         12     
    17         172     170         13     
    18         176     172         14     
    19         180     176         15     
    20         185     180         16     
    21         194     185         17     
    22         204     194         18     
    23         210     204         19     
    24         217     210         20     
    25         122     127         21     
    26         220     217         22     
    27         218     221         23     
    28         221     222         24     
    29         222     220         24     
    30         168     189         25     
    31         162     168         26     
    32         156     162         27     
    33         150     156         28     
    34         145     150         29     
    35         139     145         30     
    36         137     139         31     
    37         135     137         32     
    38         130     135         33     
    39         113     122         34     
    40         102     113         35     
    41         94     102         36     
    42         83     94         37     
    43         73     83         38     
    44         62     73         39     
    45         52     62         40     
    46         41     52         41     
    47         34     41         42     
    48         28     34         43     
    49         23     28         44     
    50         16     23         45     
    51         11     16         46     
    52         7     11         47     
    53         1     7         48     
    54         3     1         49     
    55         10     3         50     
    56         15     10         51     
    57         22     15         52     
    58         29     22         53     
    59         35     29         54     
    60         43     35         55     
    61         51     43         56     
    62         57     51         57     
    63         67     57         58     
    64         77     67         59     
    65         85     77         60     
    66         92     85         61     
    67         101     92         62     
    68         107     101         63     
    69         111     107         64     
    70         118     111         65     
    71         133     118         66     
    72         141     133         67     
    73         151     141         68     
    74         159     151         69     
  END_BOUNDARIES
  MATERIALS, NUMBER= 1, DEFAULT=1
  END_MATERIALS
  SUBDOMAINS
  END_SUBDOMAINS
  CHARACTERISTICS
  END_CHARACTERISTICS
