  NODES_PER_ELEMENT
   1 9
   2 9
   3 9
   4 9
   5 9
   6 9
   7 9
   8 9
   9 9
   10 9
   11 9
   12 9
   13 9
   14 9
   15 9
   16 9
   17 9
   18 9
   19 9
   20 9
   21 9
   22 9
   23 9
   24 9
   25 9
   26 9
   27 9
   28 9
   29 9
   30 9
   31 9
   32 9
   33 9
   34 9
   35 9
   36 9
   37 9
   38 9
   39 9
   40 9
   41 9
   42 9
   43 9
   44 9
   45 9
   46 9
   47 9
   48 9
   49 9
   50 9
   51 9
   52 9
   53 9
   54 9
   55 9
   56 9
   57 9
   58 9
   59 9
   60 9
   61 9
   62 9
   63 9
   64 9
   65 9
   66 9
   67 9
   68 9
   69 9
   70 9
   71 9
   72 9
   73 9
   74 9
   75 9
   76 9
   77 9
   78 9
   79 9
   80 9
   81 9
   82 9
   83 9
   84 9
   85 9
   86 9
   87 9
   88 9
   89 9
   90 9
   91 9
   92 9
   93 9
   94 9
   95 9
   96 9
   97 9
   98 9
   99 9
   100 9
   101 9
   102 9
   103 9
   104 9
   105 9
   106 9
   107 9
   108 9
   109 9
   110 9
   111 9
   112 9
   113 9
   114 9
   115 9
   116 9
   117 9
   118 9
   119 9
   120 9
   121 9
   122 9
   123 9
   124 9
   125 9
   126 9
   127 9
   128 9
   129 9
   130 9
   131 9
   132 9
   133 9
   134 9
   135 9
   136 9
   137 9
   138 9
   139 9
   140 9
   141 9
   142 9
   143 9
   144 9
   145 9
   146 9
   147 9
   148 9
   149 9
   150 9
   151 9
   152 9
   153 9
   154 9
   155 9
   156 9
   157 9
   158 9
   159 9
   160 9
   161 9
   162 9
   163 9
   164 9
   165 9
   166 9
   167 9
   168 9
   169 9
   170 9
  END_NODES_PER_ELEMENT
  ELEMENTS
  1 729 731 700 646 730 720 671 696 709  
  2 404 418 425 390 412 422 403 397 407  
  3 700 690 642 646 695 664 643 671 667  
  4 690 684 648 642 688 665 647 664 663  
  5 684 687 654 648 686 670 652 665 668  
  6 687 694 662 654 692 679 658 670 676  
  7 694 706 677 662 701 693 672 679 683  
  8 706 717 698 677 713 708 685 693 703  
  9 717 727 719 698 721 722 710 708 716  
  10 597 566 536 587 581 551 558 592 571  
  11 578 587 536 541 586 558 539 559 557  
  12 727 737 732 719 733 736 726 722 728  
  13 566 531 486 536 546 506 507 551 523  
  14 582 578 541 555 580 559 548 569 563  
  15 376 404 390 358 391 397 373 365 378  
  16 593 582 555 544 590 569 550 568 567  
  17 609 593 544 579 604 568 562 598 584  
  18 632 609 579 614 621 598 600 623 608  
  19 657 632 614 645 644 623 630 653 637  
  20 691 657 645 678 675 653 660 681 666  
  21 715 691 678 712 705 681 697 714 702  
  22 735 715 712 732 725 714 723 734 724  
  23 745 735 732 743 740 734 738 744 739  
  24 732 737 747 743 736 742 746 738 741  
  25 745 743 747 751 744 746 750 749 748  
  26 570 646 642 595 610 643 620 583 617  
  27 538 570 595 547 554 583 572 542 561  
  28 517 538 547 514 525 542 529 516 526  
  29 494 517 514 488 505 516 501 490 502  
  30 476 494 488 466 487 490 474 472 481  
  31 461 476 466 446 469 472 457 454 464  
  32 445 461 446 431 453 454 441 440 444  
  33 434 445 431 417 443 440 424 428 433  
  34 425 434 417 405 430 428 411 416 421  
  35 334 376 358 331 351 365 344 332 347  
  36 302 334 331 307 316 332 319 305 318  
  37 272 302 307 276 287 305 292 275 289  
  38 237 272 276 241 253 275 260 238 257  
  39 206 237 241 205 222 238 224 204 223  
  40 176 206 205 172 190 204 185 174 186  
  41 153 176 172 145 164 174 158 149 160  
  42 127 153 145 121 141 149 135 125 137  
  43 104 127 121 91 115 125 106 97 111  
  44 77 104 91 66 90 97 78 70 82  
  45 53 77 66 41 64 70 52 46 57  
  46 32 53 41 26 42 46 34 29 37  
  47 531 483 409 486 504 450 451 506 477  
  48 483 432 350 409 458 375 368 450 414  
  49 432 361 327 350 388 342 338 375 355  
  50 361 336 303 327 346 317 313 342 329  
  51 336 315 284 303 326 299 293 317 309  
  52 315 296 261 284 304 277 271 299 288  
  53 296 270 236 261 283 251 249 277 265  
  54 270 246 217 236 258 232 225 251 240  
  55 246 218 203 217 233 211 210 232 220  
  56 218 189 180 203 202 184 191 211 197  
  57 9 32 26 14 18 29 19 11 17  
  58 1 9 14 7 3 11 8 2 5  
  59 13 1 7 16 4 2 10 12 6  
  60 28 13 16 33 20 12 24 30 21  
  61 50 28 33 56 39 30 44 51 40  
  62 80 50 56 83 65 51 69 81 67  
  63 110 80 83 114 94 81 98 112 96  
  64 189 151 147 180 169 148 163 184 166  
  65 151 110 114 147 129 112 130 148 128  
  66 719 732 712 704 726 723 707 711 718  
  67 541 536 486 508 539 507 497 522 519  
  68 555 541 508 544 548 522 524 550 535  
  69 698 719 704 669 710 711 682 680 699  
  70 677 698 669 649 685 680 659 661 673  
  71 662 677 649 635 672 661 640 650 656  
  72 654 662 635 619 658 650 627 636 641  
  73 648 654 619 606 652 636 613 628 631  
  74 642 648 606 595 647 628 603 620 625  
  75 547 595 606 556 572 603 585 553 575  
  76 514 547 556 511 529 553 533 512 532  
  77 488 514 511 478 501 512 495 485 499  
  78 466 488 478 449 474 485 465 459 470  
  79 446 466 449 427 457 459 439 436 448  
  80 431 446 427 400 441 436 413 415 429  
  81 417 431 400 392 424 415 394 402 406  
  82 712 678 669 704 697 674 682 707 689  
  83 678 645 633 669 660 638 651 674 655  
  84 645 614 596 633 630 605 615 638 622  
  85 614 579 549 596 600 564 573 605 588  
  86 579 544 513 549 562 527 530 564 543  
  87 26 41 31 14 34 35 22 19 25  
  88 41 66 58 31 52 61 43 35 47  
  89 203 180 183 217 191 181 200 210 195  
  90 66 91 87 58 78 89 72 61 75  
  91 91 121 117 87 106 119 101 89 105  
  92 121 145 144 117 135 143 131 119 132  
  93 145 172 175 144 158 173 159 143 157  
  94 172 205 212 175 185 208 193 173 188  
  95 205 241 250 212 224 248 231 208 227  
  96 241 276 285 250 260 282 267 248 263  
  97 276 307 321 285 292 314 301 282 298  
  98 307 331 343 321 319 340 330 314 328  
  99 331 358 360 343 344 359 352 340 348  
  100 358 390 384 360 373 386 369 359 371  
  101 405 417 392 384 411 402 389 395 399  
  102 390 425 405 384 403 416 395 386 401  
  103 16 7 14 31 10 8 22 23 15  
  104 33 16 31 45 24 23 36 38 27  
  105 180 147 154 183 163 150 168 181 165  
  106 236 217 183 199 225 200 192 219 209  
  107 261 236 199 228 249 219 214 245 230  
  108 284 261 228 252 271 245 239 269 255  
  109 303 284 252 278 293 269 266 291 280  
  110 327 303 278 295 313 291 286 312 300  
  111 350 327 295 322 338 312 308 333 324  
  112 409 350 322 353 368 333 335 372 349  
  113 486 409 353 442 451 372 383 463 419  
  114 56 33 45 68 44 38 55 60 49  
  115 83 56 68 92 69 60 79 88 74  
  116 114 83 92 122 98 88 107 116 103  
  117 147 114 122 154 130 116 138 150 134  
  118 384 392 370 360 389 377 364 369 374  
  119 392 400 366 370 394 381 367 377 379  
  120 400 427 398 366 413 410 380 381 396  
  121 360 370 366 343 364 367 354 352 357  
  122 427 449 420 398 439 435 408 410 426  
  123 449 478 468 420 465 473 447 435 456  
  124 478 511 518 468 495 515 491 473 492  
  125 511 556 574 518 533 565 540 515 534  
  126 556 606 619 574 585 613 601 565 591  
  127 619 635 611 574 627 624 594 601 612  
  128 649 669 633 618 659 651 626 634 639  
  129 635 649 618 611 640 634 616 624 629  
  130 633 596 577 618 615 589 602 626 607  
  131 618 577 574 611 602 576 594 616 599  
  132 544 508 484 513 524 496 498 527 510  
  133 508 486 442 484 497 463 462 496 479  
  134 596 549 528 577 573 537 552 589 560  
  135 574 577 528 518 576 552 521 540 545  
  136 549 513 493 528 530 503 509 537 520  
  137 45 31 58 62 36 43 59 54 48  
  138 199 183 154 161 192 168 156 179 171  
  139 228 199 161 198 214 179 177 213 194  
  140 252 228 198 234 239 213 215 243 229  
  141 278 252 234 259 266 243 247 268 254  
  142 295 278 259 264 286 268 262 279 274  
  143 68 45 62 85 55 54 73 76 63  
  144 62 58 87 85 59 72 84 73 71  
  145 322 295 264 297 308 279 281 310 294  
  146 285 297 264 250 290 281 256 267 273  
  147 353 322 297 323 335 310 311 337 325  
  148 297 285 321 323 290 301 320 311 306  
  149 321 343 366 362 330 354 363 341 345  
  150 442 353 362 437 383 356 393 438 387  
  151 212 250 264 221 231 256 242 216 235  
  152 87 117 120 85 101 118 102 84 100  
  153 117 144 152 120 131 146 136 118 133  
  154 92 68 85 99 79 76 93 95 86  
  155 144 175 182 152 159 178 167 146 162  
  156 175 212 221 182 193 216 201 178 196  
  157 468 518 528 493 491 521 509 480 500  
  158 513 484 471 493 498 475 482 503 489  
  159 484 442 437 471 462 438 455 475 460  
  160 493 471 437 468 482 455 452 480 467  
  161 468 437 362 420 452 393 385 447 423  
  162 420 362 366 398 385 363 380 408 382  
  163 92 99 126 122 95 113 124 107 109  
  164 154 122 126 161 138 124 142 156 140  
  165 221 264 259 234 242 262 247 226 244  
  166 221 234 198 182 226 215 187 201 207  
  167 182 198 161 152 187 177 155 167 170  
  168 152 161 126 120 155 142 123 136 139  
  169 99 85 120 126 93 102 123 113 108  
  170 362 353 323 321 356 337 320 341 339  
  END_ELEMENTS  
  COORDINATES  
   1   4.935400e+00  4.719600e+00   
   2   4.993911e+00  4.447614e+00   
   3   4.630000e+00  4.528350e+00   
   4   5.344400e+00  4.627000e+00   
   5   4.764538e+00  4.273099e+00   
   6   5.300507e+00  4.343445e+00   
   7   5.052422e+00  4.175629e+00   
   8   4.899076e+00  4.017847e+00   
   9   4.324600e+00  4.337100e+00   
   10   5.256614e+00  4.059889e+00   
   11   4.535165e+00  4.098583e+00   
   12   5.607103e+00  4.239275e+00   
   13   5.753400e+00  4.534400e+00   
   14   4.745729e+00  3.860066e+00   
   15   5.092088e+00  3.841896e+00   
   16   5.460807e+00  3.944150e+00   
   17   4.420543e+00  3.830096e+00   
   18   4.224950e+00  3.961150e+00   
   19   4.616136e+00  3.699041e+00   
   20   5.953150e+00  4.382200e+00   
   21   5.812854e+00  4.098380e+00   
   22   4.927562e+00  3.623903e+00   
   23   5.285101e+00  3.665944e+00   
   24   5.672558e+00  3.814560e+00   
   25   4.732566e+00  3.488651e+00   
   26   4.486542e+00  3.538016e+00   
   27   5.519862e+00  3.550885e+00   
   28   6.152900e+00  4.230000e+00   
   29   4.305921e+00  3.561608e+00   
   30   6.018605e+00  3.957485e+00   
   31   5.109395e+00  3.387739e+00   
   32   4.125300e+00  3.585200e+00   
   33   5.884310e+00  3.684970e+00   
   34   4.537569e+00  3.353400e+00   
   35   4.848996e+00  3.278261e+00   
   36   5.367166e+00  3.287209e+00   
   37   4.328935e+00  3.342637e+00   
   38   5.754624e+00  3.435825e+00   
   39   6.352650e+00  4.077800e+00   
   40   6.219732e+00  3.805245e+00   
   41   4.588597e+00  3.168783e+00   
   42   4.120300e+00  3.331875e+00   
   43   5.102334e+00  3.082055e+00   
   44   6.086815e+00  3.532690e+00   
   45   5.624938e+00  3.186680e+00   
   46   4.351948e+00  3.123667e+00   
   47   4.850419e+00  3.000494e+00   
   48   5.328351e+00  3.034276e+00   
   49   5.953206e+00  3.285135e+00   
   50   6.552400e+00  3.925600e+00   
   51   6.420860e+00  3.653005e+00   
   52   4.598504e+00  2.918933e+00   
   53   4.115300e+00  3.078550e+00   
   54   5.554368e+00  2.986496e+00   
   55   5.819597e+00  3.037581e+00   
   56   6.289320e+00  3.380410e+00   
   57   4.354402e+00  2.872079e+00   
   58   5.095273e+00  2.776372e+00   
   59   5.289535e+00  2.781342e+00   
   60   6.151788e+00  3.134446e+00   
   61   4.851842e+00  2.722727e+00   
   62   5.483797e+00  2.786313e+00   
   63   5.712072e+00  2.813948e+00   
   64   4.110300e+00  2.825225e+00   
   65   6.764675e+00  3.739100e+00   
   66   4.608411e+00  2.669083e+00   
   67   6.626032e+00  3.473225e+00   
   68   6.014257e+00  2.888482e+00   
   69   6.487390e+00  3.207350e+00   
   70   4.356856e+00  2.620491e+00   
   71   5.369171e+00  2.553267e+00   
   72   5.133796e+00  2.516218e+00   
   73   5.604546e+00  2.590315e+00   
   74   6.346116e+00  2.973967e+00   
   75   4.878363e+00  2.464965e+00   
   76   5.869776e+00  2.641400e+00   
   77   4.105300e+00  2.571900e+00   
   78   4.622930e+00  2.413712e+00   
   79   6.204842e+00  2.740584e+00   
   80   6.976950e+00  3.552600e+00   
   81   6.831205e+00  3.293446e+00   
   82   4.364115e+00  2.365893e+00   
   83   6.685460e+00  3.034291e+00   
   84   5.448807e+00  2.325191e+00   
   85   5.725295e+00  2.394317e+00   
   86   6.071311e+00  2.537504e+00   
   87   5.172319e+00  2.256065e+00   
   88   6.540443e+00  2.813488e+00   
   89   4.904883e+00  2.207203e+00   
   90   4.105300e+00  2.318075e+00   
   91   4.637448e+00  2.158341e+00   
   92   6.395427e+00  2.592686e+00   
   93   5.937780e+00  2.334424e+00   
   94   7.189225e+00  3.366100e+00   
   95   6.272846e+00  2.433608e+00   
   96   7.034291e+00  3.094583e+00   
   97   4.371374e+00  2.111295e+00   
   98   6.879356e+00  2.823066e+00   
   99   6.150264e+00  2.274531e+00   
   100   5.481927e+00  2.024180e+00   
   101   5.200894e+00  1.969973e+00   
   102   5.762960e+00  2.078386e+00   
   103   6.720163e+00  2.602129e+00   
   104   4.105300e+00  2.064250e+00   
   105   4.925746e+00  1.929881e+00   
   106   4.650598e+00  1.889788e+00   
   107   6.560970e+00  2.381192e+00   
   108   6.001563e+00  2.066973e+00   
   109   6.400568e+00  2.218376e+00   
   110   7.401500e+00  3.179600e+00   
   111   4.377949e+00  1.850107e+00   
   112   7.237376e+00  2.895721e+00   
   113   6.240167e+00  2.055560e+00   
   114   7.073252e+00  2.611842e+00   
   115   4.105300e+00  1.810425e+00   
   116   6.899883e+00  2.390770e+00   
   117   5.229468e+00  1.683881e+00   
   118   5.515046e+00  1.723168e+00   
   119   4.946608e+00  1.652559e+00   
   120   5.800624e+00  1.762456e+00   
   121   4.663748e+00  1.621236e+00   
   122   6.726513e+00  2.169699e+00   
   123   6.065347e+00  1.799522e+00   
   124   6.528291e+00  2.003144e+00   
   125   4.384524e+00  1.588918e+00   
   126   6.330069e+00  1.836589e+00   
   127   4.105300e+00  1.556600e+00   
   128   7.462761e+00  2.578242e+00   
   129   7.653850e+00  2.822150e+00   
   130   7.271673e+00  2.334335e+00   
   131   5.255326e+00  1.389825e+00   
   132   4.965317e+00  1.369307e+00   
   133   5.555650e+00  1.413382e+00   
   134   7.090534e+00  2.117519e+00   
   135   4.675308e+00  1.348788e+00   
   136   5.855974e+00  1.436939e+00   
   137   4.390304e+00  1.325644e+00   
   138   6.909396e+00  1.900704e+00   
   139   6.169919e+00  1.461600e+00   
   140   6.696631e+00  1.693482e+00   
   141   4.105300e+00  1.302500e+00   
   142   6.483865e+00  1.486261e+00   
   143   4.984026e+00  1.086055e+00   
   144   5.281184e+00  1.095769e+00   
   145   4.686869e+00  1.076341e+00   
   146   5.596253e+00  1.103595e+00   
   147   7.470093e+00  2.056828e+00   
   148   7.688146e+00  2.260764e+00   
   149   4.396084e+00  1.062371e+00   
   150   7.281186e+00  1.844268e+00   
   151   7.906200e+00  2.464700e+00   
   152   5.911323e+00  1.111422e+00   
   153   4.105300e+00  1.048400e+00   
   154   7.092279e+00  1.631709e+00   
   155   6.274492e+00  1.123677e+00   
   156   6.864970e+00  1.383820e+00   
   157   4.992218e+00  7.961182e-01   
   158   4.693009e+00  7.986442e-01   
   159   5.291427e+00  7.935922e-01   
   160   4.399154e+00  7.964721e-01   
   161   6.637660e+00  1.135932e+00   
   162   5.605000e+00  7.875339e-01   
   163   7.648457e+00  1.787315e+00   
   164   4.105300e+00  7.943000e-01   
   165   7.481981e+00  1.594062e+00   
   166   7.868204e+00  1.931007e+00   
   167   5.918574e+00  7.814756e-01   
   168   7.315505e+00  1.400809e+00   
   169   8.087950e+00  2.074700e+00   
   170   6.254854e+00  7.692662e-01   
   171   7.138437e+00  1.160267e+00   
   172   4.699149e+00  5.209472e-01   
   173   5.000409e+00  5.061811e-01   
   174   4.402224e+00  5.305736e-01   
   175   5.301670e+00  4.914151e-01   
   176   4.105300e+00  5.402000e-01   
   177   6.591134e+00  7.570568e-01   
   178   5.613747e+00  4.714723e-01   
   179   6.961369e+00  9.197255e-01   
   180   7.826822e+00  1.517802e+00   
   181   7.682776e+00  1.343856e+00   
   182   5.925825e+00  4.515296e-01   
   183   7.538730e+00  1.169910e+00   
   184   8.048261e+00  1.601251e+00   
   185   4.698200e+00  2.453555e-01   
   186   4.401750e+00  2.657403e-01   
   187   6.235216e+00  4.148556e-01   
   188   4.999648e+00  2.198851e-01   
   189   8.269700e+00  1.684700e+00   
   190   4.105300e+00  2.861250e-01   
   191   7.931052e+00  1.343962e+00   
   192   7.411904e+00  9.367145e-01   
   193   5.301096e+00  1.944146e-01   
   194   6.899939e+00  5.893571e-01   
   195   7.837026e+00  1.172587e+00   
   196   5.610814e+00  1.664570e-01   
   197   8.115888e+00  1.383168e+00   
   198   6.544608e+00  3.781816e-01   
   199   7.285077e+00  7.035189e-01   
   200   7.743001e+00  1.001212e+00   
   201   5.920532e+00  1.384994e-01   
   202   8.300725e+00  1.422375e+00   
   203   8.035281e+00  1.170122e+00   
   204   4.401276e+00  9.069345e-04   
   205   4.697252e+00 -3.023613e-02   
   206   4.105300e+00  3.205000e-02   
   207   6.213135e+00  1.132116e-01   
   208   4.998887e+00 -6.641101e-02   
   209   7.648619e+00  7.700775e-01   
   210   7.991277e+00  1.001318e+00   
   211   8.183516e+00  1.165086e+00   
   212   5.300522e+00 -1.025859e-01   
   213   6.838510e+00  2.589887e-01   
   214   7.208745e+00  4.216574e-01   
   215   6.505738e+00  8.792374e-02   
   216   5.607880e+00 -1.385584e-01   
   217   7.947272e+00  8.325143e-01   
   218   8.331750e+00  1.160050e+00   
   219   7.554237e+00  5.389429e-01   
   220   8.177026e+00  9.495216e-01   
   221   5.915238e+00 -1.745309e-01   
   222   4.105300e+00 -2.220250e-01   
   223   4.393470e+00 -2.633663e-01   
   224   4.681640e+00 -3.047076e-01   
   225   7.885335e+00  6.034406e-01   
   226   6.191053e+00 -1.884325e-01   
   227   4.983011e+00 -3.516393e-01   
   228   7.132412e+00  1.397959e-01   
   229   6.783013e+00 -1.661530e-02   
   230   7.485464e+00  2.709580e-01   
   231   5.284383e+00 -3.985711e-01   
   232   8.170536e+00  7.339571e-01   
   233   8.362775e+00  8.977250e-01   
   234   6.466869e+00 -2.023341e-01   
   235   5.610687e+00 -4.494246e-01   
   236   7.823397e+00  3.743669e-01   
   237   4.105300e+00 -4.761000e-01   
   238   4.385664e+00 -5.276395e-01   
   239   7.060287e+00 -1.211543e-01   
   240   8.128555e+00  4.874953e-01   
   241   4.666028e+00 -5.791790e-01   
   242   5.936992e+00 -5.002781e-01   
   243   6.727515e+00 -2.922193e-01   
   244   6.190079e+00 -4.584432e-01   
   245   7.416692e+00  2.972968e-03   
   246   8.393800e+00  6.354000e-01   
   247   6.443167e+00 -4.166082e-01   
   248   4.967135e+00 -6.368676e-01   
   249   7.762184e+00  1.202585e-01   
   250   5.268243e+00 -6.945562e-01   
   251   8.086574e+00  2.410335e-01   
   252   6.988162e+00 -3.821046e-01   
   253   4.105300e+00 -7.299250e-01   
   254   6.671510e+00 -5.128249e-01   
   255   7.338953e+00 -2.499481e-01   
   256   5.613494e+00 -7.602908e-01   
   257   4.371909e+00 -7.866631e-01   
   258   8.371775e+00  3.715500e-01   
   259   6.419466e+00 -6.308823e-01   
   260   4.638518e+00 -8.434011e-01   
   261   7.700971e+00 -1.338500e-01   
   262   6.189105e+00 -7.284539e-01   
   263   4.922881e+00 -9.098383e-01   
   264   5.958745e+00 -8.260254e-01   
   265   8.044955e+00 -1.794576e-02   
   266   6.899853e+00 -6.090415e-01   
   267   5.207244e+00 -9.762755e-01   
   268   6.615505e+00 -7.334304e-01   
   269   7.261215e+00 -5.028692e-01   
   270   8.349750e+00  1.077000e-01   
   271   7.617619e+00 -3.787418e-01   
   272   4.105300e+00 -9.837500e-01   
   273   5.517295e+00 -1.043819e+00   
   274   6.421045e+00 -8.795679e-01   
   275   4.358154e+00 -1.045687e+00   
   276   4.611009e+00 -1.107623e+00   
   277   8.003336e+00 -2.769250e-01   
   278   6.811545e+00 -8.359784e-01   
   279   6.226585e+00 -1.025705e+00   
   280   7.165270e+00 -7.321557e-01   
   281   5.827346e+00 -1.111363e+00   
   282   4.878626e+00 -1.182809e+00   
   283   8.327725e+00 -1.561500e-01   
   284   7.534267e+00 -6.236337e-01   
   285   5.146244e+00 -1.257995e+00   
   286   6.652984e+00 -1.030682e+00   
   287   4.105300e+00 -1.237575e+00   
   288   7.910972e+00 -5.140209e-01   
   289   4.338162e+00 -1.296155e+00   
   290   5.421096e+00 -1.327348e+00   
   291   7.069325e+00 -9.614423e-01   
   292   4.571025e+00 -1.354736e+00   
   293   7.430687e+00 -8.552699e-01   
   294   6.080892e+00 -1.287352e+00   
   295   6.494424e+00 -1.225386e+00   
   296   8.305700e+00 -4.200000e-01   
   297   5.695948e+00 -1.396701e+00   
   298   4.824416e+00 -1.446339e+00   
   299   7.818609e+00 -7.511169e-01   
   300   6.916150e+00 -1.168518e+00   
   301   5.077807e+00 -1.537943e+00   
   302   4.105300e+00 -1.491400e+00   
   303   7.327106e+00 -1.086906e+00   
   304   8.204325e+00 -6.493000e-01   
   305   4.318170e+00 -1.546624e+00   
   306   5.337813e+00 -1.567688e+00   
   307   4.531040e+00 -1.601848e+00   
   308   6.334437e+00 -1.463340e+00   
   309   7.716131e+00 -9.815850e-01   
   310   5.935199e+00 -1.548998e+00   
   311   5.597819e+00 -1.597433e+00   
   312   6.762975e+00 -1.375594e+00   
   313   7.179316e+00 -1.306355e+00   
   314   4.770205e+00 -1.709869e+00   
   315   8.102950e+00 -8.786000e-01   
   316   4.105300e+00 -1.727460e+00   
   317   7.613653e+00 -1.212053e+00   
   318   4.286624e+00 -1.760925e+00   
   319   4.467947e+00 -1.794390e+00   
   320   5.254529e+00 -1.808028e+00   
   321   5.009369e+00 -1.817891e+00   
   322   6.174449e+00 -1.701295e+00   
   323   5.499689e+00 -1.798165e+00   
   324   6.601869e+00 -1.608883e+00   
   325   5.790959e+00 -1.769016e+00   
   326   8.001575e+00 -1.107900e+00   
   327   7.031525e+00 -1.525803e+00   
   328   4.655913e+00 -1.881037e+00   
   329   7.462533e+00 -1.436427e+00   
   330   4.843878e+00 -1.967684e+00   
   331   4.404854e+00 -1.986932e+00   
   332   4.255077e+00 -1.975226e+00   
   333   6.440764e+00 -1.842172e+00   
   334   4.105300e+00 -1.963520e+00   
   335   5.984100e+00 -1.940599e+00   
   336   7.900200e+00 -1.337200e+00   
   337   5.646720e+00 -1.989034e+00   
   338   6.869302e+00 -1.754426e+00   
   339   5.376088e+00 -2.030160e+00   
   340   4.541621e+00 -2.052204e+00   
   341   5.105456e+00 -2.071286e+00   
   342   7.311412e+00 -1.660802e+00   
   343   4.678388e+00 -2.117476e+00   
   344   4.359895e+00 -2.133419e+00   
   345   4.920840e+00 -2.157982e+00   
   346   7.745750e+00 -1.566500e+00   
   347   4.232597e+00 -2.151059e+00   
   348   4.474825e+00 -2.171799e+00   
   349   6.250560e+00 -2.073844e+00   
   350   6.707079e+00 -1.983048e+00   
   351   4.105300e+00 -2.168699e+00   
   352   4.589755e+00 -2.210179e+00   
   353   5.793751e+00 -2.179903e+00   
   354   4.736225e+00 -2.244677e+00   
   355   7.153076e+00 -1.889763e+00   
   356   5.497647e+00 -2.252292e+00   
   357   4.644738e+00 -2.293318e+00   
   358   4.314935e+00 -2.279905e+00   
   359   4.408028e+00 -2.291393e+00   
   360   4.501121e+00 -2.302881e+00   
   361   7.591300e+00 -1.795800e+00   
   362   5.201543e+00 -2.324681e+00   
   363   4.997802e+00 -2.348280e+00   
   364   4.553250e+00 -2.341959e+00   
   365   4.210118e+00 -2.326892e+00   
   366   4.794062e+00 -2.371879e+00   
   367   4.699721e+00 -2.376458e+00   
   368   6.517020e+00 -2.207089e+00   
   369   4.453641e+00 -2.372141e+00   
   370   4.605380e+00 -2.381036e+00   
   371   4.370826e+00 -2.369165e+00   
   372   6.060356e+00 -2.305516e+00   
   373   4.288011e+00 -2.366189e+00   
   374   4.507368e+00 -2.400837e+00   
   375   6.994740e+00 -2.118724e+00   
   376   4.105300e+00 -2.373879e+00   
   377   4.561096e+00 -2.429532e+00   
   378   4.196655e+00 -2.402489e+00   
   379   4.637911e+00 -2.437934e+00   
   380   4.818983e+00 -2.446785e+00   
   381   4.714726e+00 -2.446336e+00   
   382   4.961459e+00 -2.454608e+00   
   383   5.772364e+00 -2.407492e+00   
   384   4.406160e+00 -2.441401e+00   
   385   5.103935e+00 -2.462432e+00   
   386   4.333623e+00 -2.446937e+00   
   387   5.537618e+00 -2.448303e+00   
   388   7.436850e+00 -2.025100e+00   
   389   4.461486e+00 -2.459714e+00   
   390   4.261086e+00 -2.452473e+00   
   391   4.105300e+00 -2.438789e+00   
   392   4.516811e+00 -2.478028e+00   
   393   5.302873e+00 -2.489114e+00   
   394   4.576101e+00 -2.499410e+00   
   395   4.375892e+00 -2.486811e+00   
   396   4.748475e+00 -2.507282e+00   
   397   4.183193e+00 -2.478087e+00   
   398   4.843904e+00 -2.521691e+00   
   399   4.421604e+00 -2.504850e+00   
   400   4.635391e+00 -2.520793e+00   
   401   4.306742e+00 -2.500874e+00   
   402   4.467317e+00 -2.522888e+00   
   403   4.237593e+00 -2.514936e+00   
   404   4.105300e+00 -2.503700e+00   
   405   4.345623e+00 -2.532221e+00   
   406   4.518440e+00 -2.547490e+00   
   407   4.173772e+00 -2.519943e+00   
   408   4.925116e+00 -2.560937e+00   
   409   6.326962e+00 -2.431130e+00   
   410   4.782224e+00 -2.568228e+00   
   411   4.381722e+00 -2.549985e+00   
   412   4.109950e+00 -2.524950e+00   
   413   4.677967e+00 -2.567779e+00   
   414   6.752663e+00 -2.344904e+00   
   415   4.569563e+00 -2.572092e+00   
   416   4.279861e+00 -2.554811e+00   
   417   4.417822e+00 -2.567749e+00   
   418   4.114600e+00 -2.546200e+00   
   419   5.991445e+00 -2.521497e+00   
   420   5.006328e+00 -2.600183e+00   
   421   4.320711e+00 -2.576318e+00   
   422   4.164350e+00 -2.561800e+00   
   423   5.192806e+00 -2.603145e+00   
   424   4.460779e+00 -2.595570e+00   
   425   4.214100e+00 -2.577400e+00   
   426   4.846446e+00 -2.615778e+00   
   427   4.720544e+00 -2.614764e+00   
   428   4.361561e+00 -2.597825e+00   
   429   4.609250e+00 -2.617043e+00   
   430   4.259700e+00 -2.602650e+00   
   431   4.503736e+00 -2.623391e+00   
   432   7.282400e+00 -2.254400e+00   
   433   4.402814e+00 -2.628710e+00   
   434   4.305300e+00 -2.627900e+00   
   435   4.910667e+00 -2.663329e+00   
   436   4.648938e+00 -2.661993e+00   
   437   5.404203e+00 -2.653547e+00   
   438   5.577590e+00 -2.644314e+00   
   439   4.767775e+00 -2.670619e+00   
   440   4.444068e+00 -2.659596e+00   
   441   4.540534e+00 -2.666307e+00   
   442   5.750976e+00 -2.635080e+00   
   443   4.344850e+00 -2.661850e+00   
   444   4.478442e+00 -2.701628e+00   
   445   4.384400e+00 -2.695800e+00   
   446   4.577331e+00 -2.709222e+00   
   447   5.082740e+00 -2.717176e+00   
   448   4.688808e+00 -2.715377e+00   
   449   4.815007e+00 -2.726474e+00   
   450   6.510587e+00 -2.571083e+00   
   451   6.210527e+00 -2.635501e+00   
   452   5.281678e+00 -2.743858e+00   
   453   4.416350e+00 -2.736950e+00   
   454   4.512816e+00 -2.743661e+00   
   455   5.451819e+00 -2.740043e+00   
   456   4.966164e+00 -2.763201e+00   
   457   4.609841e+00 -2.760135e+00   
   458   6.988306e+00 -2.482718e+00   
   459   4.728679e+00 -2.768761e+00   
   460   5.586245e+00 -2.748542e+00   
   461   4.448300e+00 -2.778100e+00   
   462   5.720672e+00 -2.757041e+00   
   463   5.922535e+00 -2.737477e+00   
   464   4.540570e+00 -2.792492e+00   
   465   4.849588e+00 -2.809225e+00   
   466   4.642350e+00 -2.811047e+00   
   467   5.363600e+00 -2.819524e+00   
   468   5.159152e+00 -2.834170e+00   
   469   4.471300e+00 -2.824850e+00   
   470   4.755579e+00 -2.842604e+00   
   471   5.499435e+00 -2.826540e+00   
   472   4.568325e+00 -2.841324e+00   
   473   5.021661e+00 -2.863073e+00   
   474   4.661570e+00 -2.875983e+00   
   475   5.594901e+00 -2.852771e+00   
   476   4.494300e+00 -2.871600e+00   
   477   6.345342e+00 -2.756360e+00   
   478   4.884170e+00 -2.891976e+00   
   479   5.862101e+00 -2.838964e+00   
   480   5.275382e+00 -2.899004e+00   
   481   4.584485e+00 -2.899016e+00   
   482   5.445523e+00 -2.895189e+00   
   483   6.694213e+00 -2.711037e+00   
   484   5.690367e+00 -2.879003e+00   
   485   4.782480e+00 -2.916447e+00   
   486   6.094093e+00 -2.839873e+00   
   487   4.507400e+00 -2.922050e+00   
   488   4.680790e+00 -2.940919e+00   
   489   5.544876e+00 -2.930468e+00   
   490   4.600645e+00 -2.956709e+00   
   491   5.128634e+00 -2.961896e+00   
   492   5.005559e+00 -2.973489e+00   
   493   5.391611e+00 -2.963839e+00   
   494   4.520500e+00 -2.972500e+00   
   495   4.882485e+00 -2.985083e+00   
   496   5.801667e+00 -2.940451e+00   
   497   6.003530e+00 -2.920886e+00   
   498   5.644229e+00 -2.965747e+00   
   499   4.783582e+00 -2.997482e+00   
   500   5.239661e+00 -3.007446e+00   
   501   4.684679e+00 -3.009881e+00   
   502   4.603965e+00 -3.017216e+00   
   503   5.494851e+00 -3.008165e+00   
   504   6.480156e+00 -2.877218e+00   
   505   4.523250e+00 -3.024550e+00   
   506   6.180096e+00 -2.941636e+00   
   507   6.138807e+00 -2.964026e+00   
   508   5.912966e+00 -3.001899e+00   
   509   5.350687e+00 -3.052996e+00   
   510   5.753048e+00 -3.024861e+00   
   511   4.880800e+00 -3.078190e+00   
   512   4.784684e+00 -3.078517e+00   
   513   5.598091e+00 -3.052492e+00   
   514   4.688568e+00 -3.078844e+00   
   515   4.989457e+00 -3.083906e+00   
   516   4.607284e+00 -3.077722e+00   
   517   4.526000e+00 -3.076600e+00   
   518   5.098115e+00 -3.089622e+00   
   519   6.060869e+00 -3.013742e+00   
   520   5.450032e+00 -3.092092e+00   
   521   5.203940e+00 -3.115888e+00   
   522   5.982931e+00 -3.063458e+00   
   523   6.216428e+00 -3.032670e+00   
   524   5.861866e+00 -3.083975e+00   
   525   4.518200e+00 -3.128100e+00   
   526   4.599048e+00 -3.138397e+00   
   527   5.704428e+00 -3.109272e+00   
   528   5.309764e+00 -3.142154e+00   
   529   4.679896e+00 -3.148693e+00   
   530   5.549377e+00 -3.131188e+00   
   531   6.266100e+00 -3.043400e+00   
   532   4.773234e+00 -3.156973e+00   
   533   4.866572e+00 -3.165253e+00   
   534   4.971671e+00 -3.181458e+00   
   535   5.934934e+00 -3.118543e+00   
   536   6.183522e+00 -3.088179e+00   
   537   5.405213e+00 -3.176019e+00   
   538   4.510400e+00 -3.179600e+00   
   539   6.118208e+00 -3.106598e+00   
   540   5.076769e+00 -3.197663e+00   
   541   6.052895e+00 -3.125016e+00   
   542   4.590812e+00 -3.199071e+00   
   543   5.645114e+00 -3.179498e+00   
   544   5.810766e+00 -3.166051e+00   
   545   5.179453e+00 -3.212590e+00   
   546   6.294049e+00 -3.101314e+00   
   547   4.671224e+00 -3.218542e+00   
   548   6.008003e+00 -3.153112e+00   
   549   5.500663e+00 -3.209884e+00   
   550   5.886938e+00 -3.173629e+00   
   551   6.252760e+00 -3.123703e+00   
   552   5.282137e+00 -3.227518e+00   
   553   4.761785e+00 -3.235430e+00   
   554   4.492450e+00 -3.228550e+00   
   555   5.963110e+00 -3.181207e+00   
   556   4.852345e+00 -3.252317e+00   
   557   6.164104e+00 -3.167849e+00   
   558   6.224311e+00 -3.158390e+00   
   559   6.103898e+00 -3.177308e+00   
   560   5.372199e+00 -3.255061e+00   
   561   4.575512e+00 -3.259396e+00   
   562   5.740850e+00 -3.227809e+00   
   563   6.049676e+00 -3.197356e+00   
   564   5.585799e+00 -3.249725e+00   
   565   4.953885e+00 -3.279010e+00   
   566   6.321999e+00 -3.159227e+00   
   567   5.927319e+00 -3.225890e+00   
   568   5.859183e+00 -3.234376e+00   
   569   5.995455e+00 -3.217404e+00   
   570   4.474500e+00 -3.277500e+00   
   571   6.283455e+00 -3.180152e+00   
   572   4.658575e+00 -3.290242e+00   
   573   5.462261e+00 -3.282604e+00   
   574   5.055424e+00 -3.305703e+00   
   575   4.744989e+00 -3.310035e+00   
   576   5.154966e+00 -3.309292e+00   
   577   5.254509e+00 -3.312882e+00   
   578   6.154900e+00 -3.229600e+00   
   579   5.670935e+00 -3.289566e+00   
   580   6.091350e+00 -3.241600e+00   
   581   6.342599e+00 -3.201914e+00   
   582   6.027800e+00 -3.253600e+00   
   583   4.560213e+00 -3.319721e+00   
   584   5.797200e+00 -3.283279e+00   
   585   4.831403e+00 -3.329829e+00   
   586   6.210000e+00 -3.229100e+00   
   587   6.265100e+00 -3.228600e+00   
   588   5.543298e+00 -3.316172e+00   
   589   5.339185e+00 -3.334103e+00   
   590   5.967700e+00 -3.278150e+00   
   591   4.919653e+00 -3.354850e+00   
   592   6.314150e+00 -3.236600e+00   
   593   5.907600e+00 -3.302700e+00   
   594   5.085188e+00 -3.363776e+00   
   595   4.645925e+00 -3.361941e+00   
   596   5.423860e+00 -3.355324e+00   
   597   6.363200e+00 -3.244600e+00   
   598   5.735217e+00 -3.332183e+00   
   599   5.163468e+00 -3.372195e+00   
   600   5.624334e+00 -3.349741e+00   
   601   5.007903e+00 -3.379870e+00   
   602   5.241749e+00 -3.380614e+00   
   603   4.728193e+00 -3.384641e+00   
   604   5.853550e+00 -3.338750e+00   
   605   5.500796e+00 -3.382619e+00   
   606   4.810461e+00 -3.407341e+00   
   607   5.318967e+00 -3.402175e+00   
   608   5.689142e+00 -3.385295e+00   
   609   5.799500e+00 -3.374800e+00   
   610   4.413480e+00 -3.406468e+00   
   611   5.114952e+00 -3.421850e+00   
   612   5.049399e+00 -3.424472e+00   
   613   4.885422e+00 -3.430689e+00   
   614   5.577733e+00 -3.409915e+00   
   615   5.396186e+00 -3.423736e+00   
   616   5.171970e+00 -3.435098e+00   
   617   4.525100e+00 -3.429815e+00   
   618   5.228989e+00 -3.448347e+00   
   619   4.960382e+00 -3.454037e+00   
   620   4.636721e+00 -3.453161e+00   
   621   5.753950e+00 -3.420850e+00   
   622   5.470526e+00 -3.448021e+00   
   623   5.643066e+00 -3.438408e+00   
   624   5.090894e+00 -3.469074e+00   
   625   4.718768e+00 -3.468826e+00   
   626   5.298750e+00 -3.470247e+00   
   627   5.013609e+00 -3.485168e+00   
   628   4.800815e+00 -3.484491e+00   
   629   5.147986e+00 -3.488799e+00   
   630   5.544866e+00 -3.472305e+00   
   631   4.870011e+00 -3.502967e+00   
   632   5.708400e+00 -3.466900e+00   
   633   5.368512e+00 -3.492148e+00   
   634   5.205078e+00 -3.508524e+00   
   635   5.066837e+00 -3.516298e+00   
   636   4.939207e+00 -3.521444e+00   
   637   5.608858e+00 -3.496653e+00   
   638   5.440256e+00 -3.513422e+00   
   639   5.273212e+00 -3.536900e+00   
   640   5.124002e+00 -3.542499e+00   
   641   4.991357e+00 -3.546728e+00   
   642   4.627516e+00 -3.544382e+00   
   643   4.489988e+00 -3.539909e+00   
   644   5.672850e+00 -3.521000e+00   
   645   5.511999e+00 -3.534695e+00   
   646   4.352459e+00 -3.535436e+00   
   647   4.709342e+00 -3.553011e+00   
   648   4.791168e+00 -3.561641e+00   
   649   5.181167e+00 -3.568701e+00   
   650   5.043507e+00 -3.572012e+00   
   651   5.341347e+00 -3.565277e+00   
   652   4.854600e+00 -3.575246e+00   
   653   5.574650e+00 -3.554898e+00   
   654   4.918032e+00 -3.588851e+00   
   655   5.414786e+00 -3.581717e+00   
   656   5.096818e+00 -3.597140e+00   
   657   5.637300e+00 -3.575100e+00   
   658   4.969104e+00 -3.608289e+00   
   659   5.247674e+00 -3.603553e+00   
   660   5.488226e+00 -3.598157e+00   
   661   5.150129e+00 -3.622268e+00   
   662   5.020177e+00 -3.627726e+00   
   663   4.740121e+00 -3.632331e+00   
   664   4.677708e+00 -3.630641e+00   
   665   4.802534e+00 -3.634020e+00   
   666   5.550738e+00 -3.616903e+00   
   667   4.588294e+00 -3.634979e+00   
   668   4.855875e+00 -3.642223e+00   
   669   5.314182e+00 -3.638405e+00   
   670   4.909216e+00 -3.650425e+00   
   671   4.498879e+00 -3.639318e+00   
   672   5.069634e+00 -3.651781e+00   
   673   5.206665e+00 -3.654914e+00   
   674   5.389317e+00 -3.650012e+00   
   675   5.613250e+00 -3.635650e+00   
   676   4.955727e+00 -3.665519e+00   
   677   5.119091e+00 -3.675836e+00   
   678   5.464452e+00 -3.661618e+00   
   679   5.002239e+00 -3.680613e+00   
   680   5.263201e+00 -3.687560e+00   
   681   5.526826e+00 -3.678909e+00   
   682   5.330874e+00 -3.692415e+00   
   683   5.046592e+00 -3.701816e+00   
   684   4.813900e+00 -3.706400e+00   
   685   5.165655e+00 -3.706276e+00   
   686   4.857150e+00 -3.709200e+00   
   687   4.900400e+00 -3.712000e+00   
   688   4.770900e+00 -3.711650e+00   
   689   5.392292e+00 -3.706998e+00   
   690   4.727900e+00 -3.716900e+00   
   691   5.589200e+00 -3.696200e+00   
   692   4.942350e+00 -3.722750e+00   
   693   5.090945e+00 -3.723018e+00   
   694   4.984300e+00 -3.733500e+00   
   695   4.686600e+00 -3.730050e+00   
   696   4.270330e+00 -3.709018e+00   
   697   5.453709e+00 -3.721581e+00   
   698   5.212220e+00 -3.736716e+00   
   699   5.289950e+00 -3.736110e+00   
   700   4.645300e+00 -3.743200e+00   
   701   5.023550e+00 -3.751850e+00   
   702   5.516455e+00 -3.733166e+00   
   703   5.131828e+00 -3.750913e+00   
   704   5.347567e+00 -3.746426e+00   
   705   5.579200e+00 -3.744750e+00   
   706   5.062800e+00 -3.770200e+00   
   707   5.395267e+00 -3.763985e+00   
   708   5.172710e+00 -3.778808e+00   
   709   4.419365e+00 -3.766934e+00   
   710   5.249026e+00 -3.779805e+00   
   711   5.316700e+00 -3.784660e+00   
   712   5.442966e+00 -3.781544e+00   
   713   5.098000e+00 -3.795550e+00   
   714   5.506083e+00 -3.787422e+00   
   715   5.569200e+00 -3.793300e+00   
   716   5.206038e+00 -3.816027e+00   
   717   5.133200e+00 -3.820900e+00   
   718   5.366753e+00 -3.818924e+00   
   719   5.285833e+00 -3.822894e+00   
   720   4.568400e+00 -3.824850e+00   
   721   5.163050e+00 -3.852250e+00   
   722   5.239367e+00 -3.853247e+00   
   723   5.416806e+00 -3.853189e+00   
   724   5.491753e+00 -3.855795e+00   
   725   5.566700e+00 -3.858400e+00   
   726   5.338239e+00 -3.873864e+00   
   727   5.192900e+00 -3.883600e+00   
   728   5.280495e+00 -3.903432e+00   
   729   4.188200e+00 -3.882600e+00   
   730   4.339850e+00 -3.894550e+00   
   731   4.491500e+00 -3.906500e+00   
   732   5.390645e+00 -3.924834e+00   
   733   5.222750e+00 -3.933000e+00   
   734   5.477423e+00 -3.924167e+00   
   735   5.564200e+00 -3.923500e+00   
   736   5.321623e+00 -3.953617e+00   
   737   5.252600e+00 -3.982400e+00   
   738   5.399338e+00 -4.022205e+00   
   739   5.481006e+00 -4.035251e+00   
   740   5.562674e+00 -4.048296e+00   
   741   5.330894e+00 -4.071902e+00   
   742   5.262450e+00 -4.121600e+00   
   743   5.408031e+00 -4.119576e+00   
   744   5.484589e+00 -4.146334e+00   
   745   5.561148e+00 -4.173093e+00   
   746   5.340165e+00 -4.190188e+00   
   747   5.272300e+00 -4.260800e+00   
   748   5.449520e+00 -4.274617e+00   
   749   5.558874e+00 -4.359046e+00   
   750   5.414450e+00 -4.402900e+00   
   751   5.556600e+00 -4.545000e+00   
  END_COORDINATES
  BOUNDARIES, ELEMENT
    1         729     731     730         1     
    2         731     700     720         1     
    3         646     729     696         1     
    4         418     425     422         2     
    5         404     418     412         2     
    6         700     690     695         3     
    7         690     684     688         4     
    8         684     687     686         5     
    9         687     694     692         6     
    10         694     706     701         7     
    11         706     717     713         8     
    12         717     727     721         9     
    13         587     597     592         10     
    14         597     566     581         10     
    15         578     587     586         11     
    16         727     737     733         12     
    17         566     531     546         13     
    18         582     578     580         14     
    19         376     404     391         15     
    20         593     582     590         16     
    21         609     593     604         17     
    22         632     609     621         18     
    23         657     632     644         19     
    24         691     657     675         20     
    25         715     691     705         21     
    26         735     715     725         22     
    27         745     735     740         23     
    28         737     747     742         24     
    29         747     751     750         25     
    30         751     745     749         25     
    31         570     646     610         26     
    32         538     570     554         27     
    33         517     538     525         28     
    34         494     517     505         29     
    35         476     494     487         30     
    36         461     476     469         31     
    37         445     461     453         32     
    38         434     445     443         33     
    39         425     434     430         34     
    40         334     376     351         35     
    41         302     334     316         36     
    42         272     302     287         37     
    43         237     272     253         38     
    44         206     237     222         39     
    45         176     206     190         40     
    46         153     176     164         41     
    47         127     153     141         42     
    48         104     127     115         43     
    49         77     104     90         44     
    50         53     77     64         45     
    51         32     53     42         46     
    52         531     483     504         47     
    53         483     432     458         48     
    54         432     361     388         49     
    55         361     336     346         50     
    56         336     315     326         51     
    57         315     296     304         52     
    58         296     270     283         53     
    59         270     246     258         54     
    60         246     218     233         55     
    61         218     189     202         56     
    62         9     32     18         57     
    63         1     9     3         58     
    64         13     1     4         59     
    65         28     13     20         60     
    66         50     28     39         61     
    67         80     50     65         62     
    68         110     80     94         63     
    69         189     151     169         64     
    70         151     110     129         65     
  END_BOUNDARIES
  MATERIALS, NUMBER= 1, DEFAULT=1
  END_MATERIALS
  SUBDOMAINS
  END_SUBDOMAINS
  CHARACTERISTICS
  END_CHARACTERISTICS
