  NODES_PER_ELEMENT
   1 3
   2 3
   3 3
   4 3
   5 3
   6 3
   7 3
   8 3
   9 3
   10 3
   11 3
   12 3
   13 3
   14 3
   15 3
   16 3
   17 3
   18 3
   19 3
   20 3
   21 3
   22 3
   23 3
   24 3
   25 3
   26 3
   27 3
   28 3
   29 3
   30 3
   31 3
   32 3
   33 3
   34 3
   35 3
   36 3
   37 3
   38 3
   39 3
   40 3
   41 3
   42 3
   43 3
   44 3
   45 3
   46 3
   47 3
   48 3
   49 3
   50 3
   51 3
   52 3
   53 3
   54 3
   55 3
   56 3
   57 3
   58 3
   59 3
   60 3
   61 3
   62 3
   63 3
   64 3
   65 3
   66 3
   67 3
   68 3
   69 3
   70 3
   71 3
   72 3
   73 3
   74 3
   75 3
   76 3
   77 3
   78 3
   79 3
   80 3
   81 3
   82 3
   83 3
   84 3
   85 3
   86 3
   87 3
   88 3
   89 3
   90 3
   91 3
   92 3
   93 3
   94 3
   95 3
   96 3
   97 3
   98 3
   99 3
   100 3
   101 3
   102 3
   103 3
   104 3
   105 3
   106 3
   107 3
   108 3
   109 3
   110 3
   111 3
   112 3
   113 3
   114 3
   115 3
   116 3
   117 3
   118 3
   119 3
   120 3
   121 3
   122 3
   123 3
   124 3
   125 3
   126 3
   127 3
   128 3
   129 3
   130 3
   131 3
   132 3
   133 3
   134 3
   135 3
   136 3
   137 3
   138 3
   139 3
   140 3
   141 3
   142 3
   143 3
   144 3
   145 3
   146 3
   147 3
   148 3
   149 3
   150 3
   151 3
   152 3
   153 3
   154 3
   155 3
   156 3
   157 3
   158 3
   159 3
   160 3
   161 3
   162 3
   163 3
   164 3
   165 3
   166 3
   167 3
   168 3
   169 3
   170 3
   171 3
   172 3
   173 3
   174 3
   175 3
   176 3
   177 3
   178 3
   179 3
   180 3
   181 3
   182 3
   183 3
   184 3
   185 3
   186 3
   187 3
   188 3
   189 3
   190 3
   191 3
   192 3
   193 3
   194 3
   195 3
   196 3
   197 3
   198 3
   199 3
   200 3
   201 3
   202 3
   203 3
   204 3
   205 3
   206 3
   207 3
   208 3
   209 3
   210 3
   211 3
   212 3
   213 3
   214 3
   215 3
   216 3
   217 3
   218 3
   219 3
   220 3
   221 3
   222 3
   223 3
   224 3
   225 3
   226 3
   227 3
   228 3
   229 3
   230 3
   231 3
   232 3
   233 3
   234 3
   235 3
   236 3
   237 3
   238 3
   239 3
   240 3
   241 3
   242 3
   243 3
   244 3
   245 3
   246 3
   247 3
   248 3
   249 3
   250 3
   251 3
   252 3
   253 3
   254 3
   255 3
   256 3
   257 3
   258 3
   259 3
   260 3
   261 3
   262 3
   263 3
   264 3
   265 3
   266 3
   267 3
   268 3
   269 3
   270 3
   271 3
   272 3
   273 3
   274 3
   275 3
   276 3
   277 3
   278 3
   279 3
   280 3
   281 3
   282 3
   283 3
   284 3
   285 3
   286 3
   287 3
   288 3
   289 3
   290 3
   291 3
   292 3
   293 3
   294 3
   295 3
   296 3
   297 3
   298 3
   299 3
   300 3
   301 3
   302 3
   303 3
   304 3
   305 3
   306 3
   307 3
   308 3
   309 3
   310 3
   311 3
   312 3
   313 3
   314 3
   315 3
   316 3
   317 3
   318 3
   319 3
   320 3
   321 3
   322 3
   323 3
   324 3
   325 3
   326 3
   327 3
   328 3
   329 3
   330 3
   331 3
   332 3
   333 3
   334 3
   335 3
   336 3
   337 3
   338 3
   339 3
   340 3
   341 3
   342 3
   343 3
   344 3
   345 3
   346 3
   347 3
   348 3
   349 3
   350 3
   351 3
   352 3
   353 3
   354 3
   355 3
   356 3
   357 3
   358 3
   359 3
   360 3
   361 3
   362 3
   363 3
   364 3
   365 3
   366 3
   367 3
   368 3
   369 3
   370 3
   371 3
   372 3
   373 3
   374 3
   375 3
   376 3
   377 3
   378 3
   379 3
   380 3
   381 3
   382 3
   383 3
   384 3
   385 3
   386 3
   387 3
   388 3
   389 3
   390 3
   391 3
   392 3
   393 3
   394 3
   395 3
   396 3
   397 3
   398 3
   399 3
   400 3
   401 3
   402 3
   403 3
   404 3
   405 3
   406 3
   407 3
   408 3
   409 3
   410 3
   411 3
   412 3
   413 3
   414 3
   415 3
   416 3
   417 3
   418 3
   419 3
   420 3
   421 3
   422 3
   423 3
   424 3
   425 3
   426 3
   427 3
   428 3
   429 3
   430 3
   431 3
   432 3
   433 3
   434 3
   435 3
   436 3
   437 3
   438 3
   439 3
   440 3
   441 3
   442 3
   443 3
   444 3
   445 3
   446 3
   447 3
   448 3
   449 3
   450 3
   451 3
   452 3
   453 3
   454 3
   455 3
   456 3
   457 3
   458 3
   459 3
   460 3
   461 3
   462 3
   463 3
   464 3
   465 3
   466 3
   467 3
   468 3
   469 3
   470 3
   471 3
   472 3
   473 3
   474 3
   475 3
   476 3
   477 3
   478 3
   479 3
   480 3
   481 3
   482 3
   483 3
   484 3
   485 3
   486 3
   487 3
   488 3
   489 3
   490 3
   491 3
   492 3
   493 3
   494 3
   495 3
   496 3
   497 3
   498 3
   499 3
   500 3
   501 3
   502 3
   503 3
   504 3
   505 3
   506 3
   507 3
   508 3
   509 3
   510 3
   511 3
   512 3
   513 3
   514 3
   515 3
   516 3
   517 3
   518 3
   519 3
   520 3
   521 3
   522 3
   523 3
   524 3
   525 3
   526 3
   527 3
   528 3
   529 3
   530 3
   531 3
   532 3
   533 3
   534 3
   535 3
   536 3
   537 3
   538 3
   539 3
   540 3
   541 3
   542 3
   543 3
   544 3
   545 3
   546 3
   547 3
   548 3
   549 3
   550 3
   551 3
   552 3
   553 3
   554 3
   555 3
   556 3
   557 3
   558 3
   559 3
   560 3
   561 3
   562 3
   563 3
   564 3
   565 3
   566 3
   567 3
   568 3
   569 3
   570 3
   571 3
   572 3
   573 3
   574 3
   575 3
   576 3
   577 3
   578 3
   579 3
   580 3
   581 3
   582 3
   583 3
   584 3
   585 3
   586 3
   587 3
   588 3
   589 3
   590 3
   591 3
   592 3
   593 3
   594 3
   595 3
   596 3
   597 3
   598 3
   599 3
   600 3
   601 3
   602 3
   603 3
   604 3
   605 3
   606 3
   607 3
   608 3
   609 3
   610 3
   611 3
   612 3
   613 3
   614 3
   615 3
   616 3
   617 3
   618 3
   619 3
   620 3
   621 3
   622 3
   623 3
   624 3
   625 3
   626 3
   627 3
   628 3
   629 3
   630 3
   631 3
   632 3
   633 3
   634 3
   635 3
   636 3
   637 3
   638 3
   639 3
   640 3
   641 3
   642 3
   643 3
   644 3
   645 3
   646 3
   647 3
   648 3
   649 3
   650 3
   651 3
   652 3
   653 3
   654 3
   655 3
   656 3
   657 3
   658 3
   659 3
   660 3
   661 3
   662 3
   663 3
   664 3
   665 3
   666 3
   667 3
   668 3
   669 3
   670 3
   671 3
   672 3
   673 3
   674 3
   675 3
   676 3
   677 3
   678 3
   679 3
   680 3
   681 3
   682 3
   683 3
   684 3
   685 3
   686 3
   687 3
   688 3
   689 3
   690 3
   691 3
   692 3
   693 3
   694 3
   695 3
   696 3
   697 3
   698 3
   699 3
   700 3
   701 3
   702 3
   703 3
   704 3
   705 3
   706 3
   707 3
   708 3
   709 3
   710 3
   711 3
   712 3
   713 3
   714 3
   715 3
   716 3
   717 3
   718 3
   719 3
   720 3
   721 3
   722 3
   723 3
   724 3
   725 3
   726 3
   727 3
   728 3
   729 3
   730 3
   731 3
   732 3
   733 3
   734 3
   735 3
   736 3
   737 3
   738 3
   739 3
  END_NODES_PER_ELEMENT
  ELEMENTS
  1 9 17 12  
  2 17 24 18  
  3 79 91 78  
  4 91 102 92  
  5 202 219 203  
  6 219 233 220  
  7 242 229 227  
  8 229 213 215  
  9 175 188 176  
  10 188 202 189  
  11 271 257 253  
  12 257 242 241  
  13 233 248 235  
  14 248 263 251  
  15 146 160 147  
  16 160 175 162  
  17 263 277 264  
  18 277 290 278  
  19 213 199 197  
  20 199 184 182  
  21 121 132 115  
  22 132 146 133  
  23 294 281 276  
  24 281 271 265  
  25 290 306 292  
  26 306 319 308  
  27 48 36 38  
  28 390 397 388  
  29 403 401 395  
  30 401 400 393  
  31 332 322 318  
  32 322 309 305  
  33 12 17 18  
  34 12 18 16  
  35 9 12 3  
  36 18 24 33  
  37 78 91 92  
  38 78 92 81  
  39 79 78 65  
  40 92 102 107  
  41 203 219 220  
  42 203 220 205  
  43 202 203 189  
  44 189 203 193  
  45 220 233 235  
  46 220 235 222  
  47 176 188 189  
  48 176 189 177  
  49 175 176 162  
  50 162 176 163  
  51 227 229 215  
  52 227 215 210  
  53 242 227 241  
  54 241 227 210  
  55 215 213 197  
  56 215 197 210  
  57 235 248 251  
  58 235 251 239  
  59 251 263 264  
  60 251 264 254  
  61 253 257 241  
  62 253 241 237  
  63 271 253 265  
  64 265 253 237  
  65 147 160 162  
  66 147 162 150  
  67 146 147 133  
  68 133 147 137  
  69 264 277 278  
  70 264 278 268  
  71 278 290 292  
  72 278 292 279  
  73 115 132 133  
  74 115 133 125  
  75 121 115 107  
  76 197 199 182  
  77 197 182 180  
  78 182 184 169  
  79 276 281 265  
  80 276 265 260  
  81 292 306 308  
  82 292 308 295  
  83 308 319 324  
  84 294 276 293  
  85 121 107 102  
  86 16 18 25  
  87 12 16 7  
  88 81 92 97  
  89 78 81 67  
  90 137 147 150  
  91 137 150 141  
  92 141 150 157  
  93 137 141 124  
  94 133 137 125  
  95 125 137 124  
  96 125 124 104  
  97 279 292 295  
  98 279 295 282  
  99 278 279 268  
  100 268 279 270  
  101 270 279 282  
  102 270 282 272  
  103 268 270 249  
  104 272 282 288  
  105 270 272 252  
  106 222 235 239  
  107 222 239 224  
  108 163 176 177  
  109 163 177 157  
  110 163 157 150  
  111 163 150 162  
  112 254 264 268  
  113 254 268 249  
  114 254 249 239  
  115 220 222 205  
  116 205 222 208  
  117 208 222 224  
  118 208 224 212  
  119 212 224 232  
  120 208 212 192  
  121 205 208 190  
  122 251 254 239  
  123 239 249 224  
  124 193 203 205  
  125 193 205 190  
  126 193 190 177  
  127 193 177 189  
  128 104 124 110  
  129 125 104 115  
  130 282 295 298  
  131 388 397 394  
  132 390 388 380  
  133 237 241 210  
  134 180 182 167  
  135 197 180 210  
  136 260 265 237  
  137 276 260 284  
  138 295 308 310  
  139 107 115 97  
  140 38 36 27  
  141 48 38 52  
  142 395 401 393  
  143 395 393 385  
  144 403 395 399  
  145 393 400 392  
  146 385 393 384  
  147 395 385 389  
  148 318 322 305  
  149 318 305 302  
  150 332 318 328  
  151 305 309 293  
  152 293 309 294  
  153 305 293 284  
  154 284 293 276  
  155 302 305 284  
  156 318 302 316  
  157 396 391 386  
  158 383 377 372  
  159 65 78 67  
  160 65 67 53  
  161 79 65 63  
  162 63 65 54  
  163 92 107 97  
  164 97 115 104  
  165 53 67 56  
  166 169 184 161  
  167 182 169 167  
  168 167 169 151  
  169 151 169 161  
  170 167 151 152  
  171 324 319 335  
  172 324 335 337  
  173 337 335 351  
  174 324 337 320  
  175 308 324 310  
  176 310 324 320  
  177 310 320 298  
  178 310 298 295  
  179 288 282 298  
  180 288 298 307  
  181 307 298 320  
  182 288 307 296  
  183 272 288 275  
  184 252 272 256  
  185 270 252 249  
  186 249 252 232  
  187 232 252 240  
  188 25 18 33  
  189 7 16 15  
  190 232 224 249  
  191 192 212 196  
  192 16 25 23  
  193 12 7 3  
  194 212 232 217  
  195 208 192 190  
  196 190 192 171  
  197 171 192 179  
  198 190 171 177  
  199 67 81 70  
  200 81 97 86  
  201 141 157 144  
  202 124 141 128  
  203 110 124 128  
  204 104 89 86  
  205 394 397 402  
  206 394 402 398  
  207 398 402 404  
  208 398 404 399  
  209 399 404 403  
  210 398 399 389  
  211 389 399 395  
  212 394 398 387  
  213 388 394 387  
  214 380 388 374  
  215 390 380 381  
  216 381 380 371  
  217 371 380 374  
  218 381 371 370  
  219 284 260 262  
  220 180 167 168  
  221 27 36 21  
  222 384 393 392  
  223 384 392 386  
  224 386 392 396  
  225 396 392 400  
  226 52 38 45  
  227 389 385 379  
  228 38 27 31  
  229 385 384 376  
  230 48 52 64  
  231 328 318 316  
  232 328 316 331  
  233 332 328 344  
  234 344 328 331  
  235 316 302 299  
  236 331 316 315  
  237 386 391 382  
  238 372 377 362  
  239 383 372 382  
  240 240 252 256  
  241 240 256 244  
  242 244 256 261  
  243 240 244 223  
  244 261 256 275  
  245 244 261 250  
  246 223 244 230  
  247 240 223 217  
  248 217 223 207  
  249 240 217 232  
  250 207 223 209  
  251 217 207 196  
  252 196 207 187  
  253 187 207 209  
  254 196 187 179  
  255 209 223 230  
  256 209 230 216  
  257 179 187 165  
  258 196 179 192  
  259 216 230 238  
  260 209 216 195  
  261 56 67 70  
  262 56 70 59  
  263 59 70 72  
  264 56 59 46  
  265 53 56 42  
  266 387 398 389  
  267 320 337 339  
  268 165 187 174  
  269 179 165 159  
  270 296 307 313  
  271 288 296 275  
  272 275 296 285  
  273 285 296 303  
  274 275 285 261  
  275 171 179 159  
  276 238 230 250  
  277 216 238 226  
  278 195 216 201  
  279 209 195 187  
  280 152 151 134  
  281 256 272 275  
  282 56 46 42  
  283 42 46 34  
  284 34 46 37  
  285 42 34 30  
  286 59 72 66  
  287 167 152 168  
  288 168 152 153  
  289 153 152 136  
  290 168 153 170  
  291 72 70 86  
  292 46 59 50  
  293 15 16 23  
  294 23 25 30  
  295 30 25 35  
  296 35 25 33  
  297 30 35 43  
  298 43 35 47  
  299 30 43 42  
  300 42 43 53  
  301 53 43 54  
  302 54 43 47  
  303 54 47 63  
  304 54 65 53  
  305 70 81 86  
  306 144 157 171  
  307 196 212 217  
  308 86 97 104  
  309 128 141 144  
  310 7 15 8  
  311 374 388 378  
  312 180 168 183  
  313 262 260 243  
  314 31 27 19  
  315 30 34 23  
  316 45 38 31  
  317 37 46 50  
  318 37 50 44  
  319 44 50 58  
  320 37 44 32  
  321 284 262 280  
  322 52 45 60  
  323 34 37 26  
  324 379 385 376  
  325 299 302 280  
  326 250 261 273  
  327 285 303 291  
  328 376 384 373  
  329 315 316 299  
  330 315 299 300  
  331 300 299 286  
  332 315 300 317  
  333 230 244 250  
  334 389 379 387  
  335 331 315 334  
  336 303 296 313  
  337 303 313 321  
  338 321 313 329  
  339 303 321 312  
  340 382 391 383  
  341 362 377 367  
  342 362 367 358  
  343 358 367 356  
  344 362 358 349  
  345 349 343 334  
  346 362 349 360  
  347 58 50 66  
  348 32 44 41  
  349 386 382 375  
  350 372 362 360  
  351 372 360 368  
  352 368 360 355  
  353 372 368 382  
  354 355 360 346  
  355 368 355 364  
  356 346 360 349  
  357 346 349 334  
  358 355 346 341  
  359 364 355 350  
  360 44 58 55  
  361 37 32 26  
  362 26 32 22  
  363 22 32 29  
  364 26 22 15  
  365 368 364 375  
  366 375 364 373  
  367 375 373 384  
  368 373 364 361  
  369 368 375 382  
  370 361 364 350  
  371 361 350 347  
  372 373 361 376  
  373 347 350 338  
  374 361 347 359  
  375 338 350 341  
  376 338 341 326  
  377 326 341 330  
  378 338 326 323  
  379 347 338 333  
  380 359 347 345  
  381 361 359 376  
  382 64 52 60  
  383 29 32 41  
  384 29 41 39  
  385 39 41 51  
  386 29 39 28  
  387 22 29 20  
  388 339 337 348  
  389 170 153 156  
  390 312 321 327  
  391 28 39 40  
  392 136 152 134  
  393 136 134 118  
  394 118 134 119  
  395 136 118 123  
  396 329 313 325  
  397 51 41 55  
  398 51 55 68  
  399 320 339 325  
  400 168 170 183  
  401 183 170 186  
  402 186 170 172  
  403 183 186 200  
  404 303 312 291  
  405 291 312 301  
  406 301 312 323  
  407 291 301 283  
  408 29 28 20  
  409 20 28 19  
  410 153 136 140  
  411 321 329 336  
  412 39 51 49  
  413 174 187 195  
  414 313 307 325  
  415 325 307 320  
  416 195 201 181  
  417 159 165 148  
  418 216 226 201  
  419 165 174 154  
  420 291 283 273  
  421 226 238 245  
  422 283 301 289  
  423 134 151 139  
  424 326 330 314  
  425 123 118 106  
  426 50 59 66  
  427 347 333 345  
  428 200 186 206  
  429 66 72 82  
  430 338 323 333  
  431 333 323 327  
  432 172 170 156  
  433 172 156 158  
  434 158 156 143  
  435 172 158 178  
  436 8 15 14  
  437 359 345 357  
  438 7 8 2  
  439 136 123 140  
  440 140 123 127  
  441 127 123 111  
  442 140 127 143  
  443 323 326 311  
  444 119 134 139  
  445 119 139 122  
  446 122 139 142  
  447 119 122 105  
  448 183 200 210  
  449 210 221 237  
  450 186 172 191  
  451 330 341 346  
  452 118 119 103  
  453 60 45 57  
  454 55 58 69  
  455 68 55 69  
  456 158 143 149  
  457 19 27 21  
  458 273 261 285  
  459 317 300 304  
  460 111 123 106  
  461 111 106 95  
  462 95 106 90  
  463 111 95 96  
  464 243 260 237  
  465 286 299 280  
  466 41 44 55  
  467 178 158 166  
  468 280 262 266  
  469 334 315 317  
  470 334 317 330  
  471 143 156 140  
  472 105 122 109  
  473 180 183 210  
  474 51 68 61  
  475 127 111 113  
  476 31 19 28  
  477 250 273 259  
  478 386 375 384  
  479 262 243 247  
  480 34 26 23  
  481 300 286 287  
  482 172 178 191  
  483 191 178 198  
  484 198 178 185  
  485 191 198 211  
  486 185 178 166  
  487 185 166 173  
  488 173 166 155  
  489 185 173 194  
  490 198 185 204  
  491 211 198 218  
  492 191 211 206  
  493 284 280 302  
  494 285 291 273  
  495 331 334 343  
  496 119 105 103  
  497 103 105 87  
  498 87 105 94  
  499 103 87 90  
  500 94 105 109  
  501 94 109 101  
  502 101 109 120  
  503 120 109 122  
  504 87 94 74  
  505 336 329 342  
  506 200 206 221  
  507 90 106 103  
  508 165 154 148  
  509 155 166 149  
  510 155 149 138  
  511 22 20 14  
  512 22 14 15  
  513 14 20 11  
  514 11 20 19  
  515 14 11 8  
  516 195 181 174  
  517 111 96 113  
  518 113 96 100  
  519 100 96 85  
  520 113 100 117  
  521 85 96 80  
  522 100 85 93  
  523 117 100 112  
  524 113 117 130  
  525 28 40 31  
  526 283 289 269  
  527 350 355 341  
  528 49 51 61  
  529 49 61 62  
  530 62 61 75  
  531 49 62 57  
  532 66 82 71  
  533 312 327 323  
  534 333 327 345  
  535 226 245 234  
  536 339 348 354  
  537 159 148 144  
  538 194 173 181  
  539 329 325 340  
  540 95 90 75  
  541 321 336 327  
  542 82 72 89  
  543 245 238 259  
  544 348 337 351  
  545 348 351 370  
  546 173 155 164  
  547 181 201 194  
  548 139 151 161  
  549 156 153 140  
  550 289 301 311  
  551 289 311 297  
  552 297 311 314  
  553 289 274 269  
  554 96 95 80  
  555 80 95 75  
  556 80 75 61  
  557 62 75 73  
  558 73 75 90  
  559 62 73 57  
  560 39 49 40  
  561 186 191 206  
  562 154 174 164  
  563 185 194 204  
  564 204 194 214  
  565 214 194 201  
  566 214 201 226  
  567 214 226 234  
  568 204 214 228  
  569 228 214 234  
  570 228 234 246  
  571 246 234 255  
  572 228 246 236  
  573 255 234 245  
  574 255 245 269  
  575 246 255 267  
  576 236 246 258  
  577 228 236 218  
  578 218 236 231  
  579 231 236 247  
  580 231 247 225  
  581 218 231 211  
  582 211 231 225  
  583 225 247 243  
  584 211 225 206  
  585 206 225 221  
  586 221 225 243  
  587 267 255 274  
  588 246 267 258  
  589 236 258 247  
  590 228 218 204  
  591 274 255 269  
  592 274 289 297  
  593 267 274 287  
  594 314 330 317  
  595 82 89 98  
  596 98 89 110  
  597 82 98 88  
  598 88 98 108  
  599 82 88 71  
  600 108 98 114  
  601 114 98 110  
  602 69 58 71  
  603 112 100 93  
  604 2 8 5  
  605 5 8 11  
  606 2 5 1  
  607 2 1 3  
  608 343 349 358  
  609 343 358 356  
  610 87 74 73  
  611 317 304 314  
  612 314 304 297  
  613 297 304 287  
  614 198 204 218  
  615 88 108 99  
  616 99 108 116  
  617 88 99 84  
  618 116 108 126  
  619 99 116 112  
  620 99 112 93  
  621 99 93 84  
  622 84 93 76  
  623 76 93 85  
  624 76 85 68  
  625 84 76 69  
  626 69 76 68  
  627 88 84 71  
  628 116 126 135  
  629 135 126 148  
  630 116 135 129  
  631 129 135 145  
  632 116 129 112  
  633 145 135 154  
  634 126 108 114  
  635 126 114 131  
  636 131 114 128  
  637 131 128 144  
  638 128 114 110  
  639 131 144 148  
  640 126 131 148  
  641 129 145 138  
  642 74 94 77  
  643 77 94 101  
  644 74 77 60  
  645 200 221 210  
  646 237 221 243  
  647 329 340 342  
  648 106 118 103  
  649 287 286 267  
  650 173 164 181  
  651 158 149 166  
  652 130 117 138  
  653 311 326 314  
  654 61 68 80  
  655 336 353 357  
  656 339 354 340  
  657 357 345 336  
  658 266 262 247  
  659 66 71 58  
  660 57 45 40  
  661 259 273 283  
  662 155 138 145  
  663 164 155 145  
  664 149 143 130  
  665 117 112 129  
  666 7 2 3  
  667 343 356 344  
  668 343 344 331  
  669 348 370 354  
  670 370 371 354  
  671 127 113 130  
  672 127 130 143  
  673 85 80 68  
  674 283 269 259  
  675 138 149 130  
  676 323 311 301  
  677 300 287 304  
  678 340 325 339  
  679 359 357 369  
  680 369 357 366  
  681 359 369 376  
  682 366 357 353  
  683 369 366 379  
  684 369 379 376  
  685 353 336 342  
  686 353 342 352  
  687 352 342 340  
  688 353 352 365  
  689 365 352 363  
  690 353 365 366  
  691 366 365 378  
  692 378 365 374  
  693 374 365 363  
  694 378 388 387  
  695 378 387 379  
  696 366 378 379  
  697 363 352 354  
  698 280 266 286  
  699 60 57 74  
  700 250 259 238  
  701 89 72 86  
  702 89 104 110  
  703 71 84 69  
  704 374 363 371  
  705 371 363 354  
  706 90 87 73  
  707 330 346 334  
  708 266 247 258  
  709 148 154 135  
  710 40 49 57  
  711 327 336 345  
  712 145 154 164  
  713 171 159 144  
  714 73 74 57  
  715 138 117 129  
  716 266 258 286  
  717 35 33 47  
  718 23 26 15  
  719 267 286 258  
  720 181 164 174  
  721 45 31 40  
  722 245 259 269  
  723 120 122 142  
  724 352 340 354  
  725 4 1 5  
  726 4 5 6  
  727 6 5 11  
  728 4 6 10  
  729 10 6 13  
  730 13 6 11  
  731 10 13 21  
  732 21 13 19  
  733 19 13 11  
  734 274 297 287  
  735 157 177 171  
  736 101 83 77  
  737 77 83 64  
  738 161 142 139  
  739 60 77 64  
  END_ELEMENTS  
  COORDINATES  
   1   5.576271e+00  4.142097e+00   
   2   5.467134e+00  3.869353e+00   
   3   5.237288e+00  4.100865e+00   
   4   5.915254e+00  4.092001e+00   
   5   5.760728e+00  3.807763e+00   
   6   6.022231e+00  3.815481e+00   
   7   5.278062e+00  3.672910e+00   
   8   5.560552e+00  3.584334e+00   
   9   4.898305e+00  3.945328e+00   
   10   6.259808e+00  3.959596e+00   
   11   5.941146e+00  3.530630e+00   
   12   4.975241e+00  3.694652e+00   
   13   6.234218e+00  3.687414e+00   
   14   5.653355e+00  3.299114e+00   
   15   5.375591e+00  3.295483e+00   
   16   5.068167e+00  3.426691e+00   
   17   4.731306e+00  3.790846e+00   
   18   4.808242e+00  3.540170e+00   
   19   6.285064e+00  3.378912e+00   
   20   5.897000e+00  3.141682e+00   
   21   6.593220e+00  3.756300e+00   
   22   5.617243e+00  3.033690e+00   
   23   5.110405e+00  3.130687e+00   
   24   4.564307e+00  3.636364e+00   
   25   4.834252e+00  3.245326e+00   
   26   5.341355e+00  2.920952e+00   
   27   6.634396e+00  3.430186e+00   
   28   6.178244e+00  2.991304e+00   
   29   5.850225e+00  2.845475e+00   
   30   4.824185e+00  2.996380e+00   
   31   6.517224e+00  3.114870e+00   
   32   5.570127e+00  2.739405e+00   
   33   4.389831e+00  3.385396e+00   
   34   5.061323e+00  2.813855e+00   
   35   4.568762e+00  3.103389e+00   
   36   6.928178e+00  3.474747e+00   
   37   5.293446e+00  2.624992e+00   
   38   6.827619e+00  3.204445e+00   
   39   6.085456e+00  2.661926e+00   
   40   6.363778e+00  2.773622e+00   
   41   5.806795e+00  2.555289e+00   
   42   4.787274e+00  2.699416e+00   
   43   4.575201e+00  2.834325e+00   
   44   5.528818e+00  2.442864e+00   
   45   6.759934e+00  2.912911e+00   
   46   5.012905e+00  2.520845e+00   
   47   4.220339e+00  3.055520e+00   
   48   7.101695e+00  3.294210e+00   
   49   6.318881e+00  2.473641e+00   
   50   5.250335e+00  2.337897e+00   
   51   6.038982e+00  2.365960e+00   
   52   7.045522e+00  3.002425e+00   
   53   4.507312e+00  2.593020e+00   
   54   4.324096e+00  2.723144e+00   
   55   5.761517e+00  2.253757e+00   
   56   4.737713e+00  2.404048e+00   
   57   6.701829e+00  2.528003e+00   
   58   5.481211e+00  2.147270e+00   
   59   4.972838e+00  2.224590e+00   
   60   7.050532e+00  2.719861e+00   
   61   6.275643e+00  2.181664e+00   
   62   6.554267e+00  2.289593e+00   
   63   4.073176e+00  2.666667e+00   
   64   7.344781e+00  2.989899e+00   
   65   4.244454e+00  2.466189e+00   
   66   5.203097e+00  2.032695e+00   
   67   4.456450e+00  2.305630e+00   
   68   6.020364e+00  2.012416e+00   
   69   5.713630e+00  1.957641e+00   
   70   4.694463e+00  2.124610e+00   
   71   5.433053e+00  1.840053e+00   
   72   4.921469e+00  1.930085e+00   
   73   6.824059e+00  2.182426e+00   
   74   7.102046e+00  2.342689e+00   
   75   6.600027e+00  2.013164e+00   
   76   5.903370e+00  1.796746e+00   
   77   7.349079e+00  2.543238e+00   
   78   4.188299e+00  2.180059e+00   
   79   3.979964e+00  2.343434e+00   
   80   6.350207e+00  1.847699e+00   
   81   4.417399e+00  2.012121e+00   
   82   5.151223e+00  1.737280e+00   
   83   7.559966e+00  2.666667e+00   
   84   5.662952e+00  1.647087e+00   
   85   6.099200e+00  1.683447e+00   
   86   4.621765e+00  1.793826e+00   
   87   7.118408e+00  2.043174e+00   
   88   5.381051e+00  1.544462e+00   
   89   4.869336e+00  1.634666e+00   
   90   6.867779e+00  1.877932e+00   
   91   3.930660e+00  2.119093e+00   
   92   4.138995e+00  1.955718e+00   
   93   5.848356e+00  1.518947e+00   
   94   7.369555e+00  2.206983e+00   
   95   6.616911e+00  1.713674e+00   
   96   6.366850e+00  1.548189e+00   
   97   4.329785e+00  1.729285e+00   
   98   5.099151e+00  1.441838e+00   
   99   5.610877e+00  1.351641e+00   
   100   6.116284e+00  1.384049e+00   
   101   7.737690e+00  2.343434e+00   
   102   3.881356e+00  1.894751e+00   
   103   7.136529e+00  1.744334e+00   
   104   4.506614e+00  1.474910e+00   
   105   7.385316e+00  1.907550e+00   
   106   6.884110e+00  1.578517e+00   
   107   4.070003e+00  1.672409e+00   
   108   5.328976e+00  1.249016e+00   
   109   7.635628e+00  2.072824e+00   
   110   4.770456e+00  1.334192e+00   
   111   6.635411e+00  1.414809e+00   
   112   5.866100e+00  1.218548e+00   
   113   6.384430e+00  1.250547e+00   
   114   5.047075e+00  1.146392e+00   
   115   4.121427e+00  1.436043e+00   
   116   5.558802e+00  1.056195e+00   
   117   6.134564e+00  1.084721e+00   
   118   7.152606e+00  1.444828e+00   
   119   7.403851e+00  1.608312e+00   
   120   7.883907e+00  2.020202e+00   
   121   3.822690e+00  1.535354e+00   
   122   7.653441e+00  1.773401e+00   
   123   6.902794e+00  1.279162e+00   
   124   4.528988e+00  1.162326e+00   
   125   4.304543e+00  1.234031e+00   
   126   5.276902e+00  9.535705e-01   
   127   6.652245e+00  1.115459e+00   
   128   4.788971e+00  1.014577e+00   
   129   5.825771e+00  9.113163e-01   
   130   6.403161e+00  9.511612e-01   
   131   4.995000e+00  8.509462e-01   
   132   3.794685e+00  1.292929e+00   
   133   4.032449e+00  1.142633e+00   
   134   7.418949e+00  1.308940e+00   
   135   5.506728e+00  7.607496e-01   
   136   7.171553e+00  1.146423e+00   
   137   4.279873e+00  1.002244e+00   
   138   6.151880e+00  7.797543e-01   
   139   7.714400e+00  1.478997e+00   
   140   6.920399e+00  9.825430e-01   
   141   4.529339e+00  8.662101e-01   
   142   8.004346e+00  1.696970e+00   
   143   6.671325e+00  8.137134e-01   
   144   4.761144e+00  6.772975e-01   
   145   5.736554e+00  5.679286e-01   
   146   3.766680e+00  1.050505e+00   
   147   4.010102e+00  9.119594e-01   
   148   5.189071e+00  5.685500e-01   
   149   6.421330e+00  6.479662e-01   
   150   4.260951e+00  7.729023e-01   
   151   7.687170e+00  1.175176e+00   
   152   7.438167e+00  1.009832e+00   
   153   7.188069e+00  8.473117e-01   
   154   5.461909e+00  4.367246e-01   
   155   6.144246e+00  4.730450e-01   
   156   6.939455e+00  6.796037e-01   
   157   4.480461e+00  5.741560e-01   
   158   6.689947e+00  5.144943e-01   
   159   4.942255e+00  3.981784e-01   
   160   3.749990e+00  8.080808e-01   
   161   8.118644e+00  1.311184e+00   
   162   3.993412e+00  6.695351e-01   
   163   4.247094e+00  5.406263e-01   
   164   5.837908e+00  2.958198e-01   
   165   5.212890e+00  2.695898e-01   
   166   6.441129e+00  3.469844e-01   
   167   7.707544e+00  8.803051e-01   
   168   7.456562e+00  7.174132e-01   
   169   7.945460e+00  1.031474e+00   
   170   7.209166e+00  5.484883e-01   
   171   4.654413e+00  2.877504e-01   
   172   6.958934e+00  3.834927e-01   
   173   6.191698e+00  1.812605e-01   
   174   5.582341e+00  1.208029e-01   
   175   3.733300e+00  5.656566e-01   
   176   3.981811e+00  4.376831e-01   
   177   4.283307e+00  3.049138e-01   
   178   6.710683e+00  2.154143e-01   
   179   4.967492e+00  9.961322e-02   
   180   7.724360e+00  5.839597e-01   
   181   5.910701e+00 -4.842744e-03   
   182   7.967369e+00  7.367989e-01   
   183   7.474581e+00  4.181529e-01   
   184   8.204270e+00  8.888889e-01   
   185   6.460753e+00  4.977036e-02   
   186   7.227354e+00  2.501138e-01   
   187   5.298921e+00 -8.670231e-02   
   188   3.726789e+00  3.232323e-01   
   189   3.975301e+00  1.952589e-01   
   190   4.428843e+00  2.791927e-02   
   191   6.977531e+00  8.413669e-02   
   192   4.724931e+00 -7.476606e-02   
   193   4.177730e+00  6.864505e-02   
   194   6.212149e+00 -1.179081e-01   
   195   5.686737e+00 -2.043277e-01   
   196   5.000908e+00 -1.898002e-01   
   197   7.997101e+00  4.943747e-01   
   198   6.729420e+00 -8.334881e-02   
   199   8.234002e+00  6.464646e-01   
   200   7.497015e+00  1.192612e-01   
   201   5.971219e+00 -2.985973e-01   
   202   3.720279e+00  8.080808e-02   
   203   3.973667e+00 -3.703541e-02   
   204   6.479740e+00 -2.495876e-01   
   205   4.235073e+00 -1.547716e-01   
   206   7.248762e+00 -4.905435e-02   
   207   5.202088e+00 -3.597972e-01   
   208   4.497603e+00 -2.642559e-01   
   209   5.466051e+00 -4.057313e-01   
   210   7.789392e+00  1.441265e-01   
   211   6.998837e+00 -2.149430e-01   
   212   4.761182e+00 -3.684841e-01   
   213   8.263734e+00  4.040404e-01   
   214   6.231232e+00 -4.168594e-01   
   215   8.072212e+00  2.537389e-01   
   216   5.746634e+00 -4.970361e-01   
   217   4.992741e+00 -4.931452e-01   
   218   6.750103e+00 -3.825943e-01   
   219   3.723522e+00 -1.616162e-01   
   220   3.976911e+00 -2.794597e-01   
   221   7.497909e+00 -1.575682e-01   
   222   4.240669e+00 -3.862938e-01   
   223   5.231845e+00 -5.866265e-01   
   224   4.505459e+00 -4.907273e-01   
   225   7.270569e+00 -3.120207e-01   
   226   6.026567e+00 -6.040573e-01   
   227   8.069068e+00  6.301374e-02   
   228   6.500560e+00 -5.487539e-01   
   229   8.271302e+00  1.616162e-01   
   230   5.515926e+00 -6.809855e-01   
   231   7.025658e+00 -4.646002e-01   
   232   4.745372e+00 -6.640081e-01   
   233   3.726766e+00 -4.040404e-01   
   234   6.306447e+00 -7.120185e-01   
   235   3.985137e+00 -5.115348e-01   
   236   6.787686e+00 -6.259219e-01   
   237   7.752716e+00 -2.914375e-01   
   238   5.793249e+00 -7.921509e-01   
   239   4.251164e+00 -6.186120e-01   
   240   5.015049e+00 -7.901549e-01   
   241   8.019563e+00 -1.863573e-01   
   242   8.278871e+00 -8.080808e-02   
   243   7.473748e+00 -5.053633e-01   
   244   5.290657e+00 -8.781146e-01   
   245   6.072969e+00 -9.003696e-01   
   246   6.570736e+00 -8.292164e-01   
   247   7.186337e+00 -6.838122e-01   
   248   3.739975e+00 -6.464646e-01   
   249   4.500014e+00 -8.744947e-01   
   250   5.563278e+00 -1.001742e+00   
   251   3.998346e+00 -7.539590e-01   
   252   4.766481e+00 -9.540228e-01   
   253   8.052666e+00 -4.030734e-01   
   254   4.210810e+00 -8.625711e-01   
   255   6.333272e+00 -1.008120e+00   
   256   5.052222e+00 -1.041960e+00   
   257   8.263789e+00 -3.232323e-01   
   258   6.856859e+00 -9.171504e-01   
   259   5.835656e+00 -1.127383e+00   
   260   7.703302e+00 -7.309363e-01   
   261   5.318580e+00 -1.174163e+00   
   262   7.431658e+00 -8.564052e-01   
   263   3.753183e+00 -8.888889e-01   
   264   4.016979e+00 -9.851170e-01   
   265   7.978556e+00 -6.486835e-01   
   266   7.160320e+00 -9.842595e-01   
   267   6.608339e+00 -1.126176e+00   
   268   4.287545e+00 -1.080673e+00   
   269   6.108870e+00 -1.234449e+00   
   270   4.558755e+00 -1.164671e+00   
   271   8.248707e+00 -5.656566e-01   
   272   4.830760e+00 -1.242797e+00   
   273   5.590578e+00 -1.300333e+00   
   274   6.368338e+00 -1.305896e+00   
   275   5.095858e+00 -1.381015e+00   
   276   7.941788e+00 -8.911077e-01   
   277   3.777240e+00 -1.131313e+00   
   278   4.041036e+00 -1.227541e+00   
   279   4.313768e+00 -1.308170e+00   
   280   7.406810e+00 -1.155179e+00   
   281   8.211939e+00 -8.080808e-01   
   282   4.587401e+00 -1.387251e+00   
   283   5.878463e+00 -1.489143e+00   
   284   7.681827e+00 -1.094682e+00   
   285   5.362372e+00 -1.512764e+00   
   286   7.028525e+00 -1.328746e+00   
   287   6.686578e+00 -1.455998e+00   
   288   4.841695e+00 -1.538438e+00   
   289   6.164524e+00 -1.575784e+00   
   290   3.801297e+00 -1.373737e+00   
   291   5.627467e+00 -1.652848e+00   
   292   4.071371e+00 -1.456924e+00   
   293   7.942632e+00 -1.151815e+00   
   294   8.175171e+00 -1.050505e+00   
   295   4.346572e+00 -1.539337e+00   
   296   5.109882e+00 -1.669725e+00   
   297   6.444035e+00 -1.649821e+00   
   298   4.577323e+00 -1.683516e+00   
   299   7.241681e+00 -1.539615e+00   
   300   6.953041e+00 -1.618923e+00   
   301   5.928796e+00 -1.779415e+00   
   302   7.530320e+00 -1.460307e+00   
   303   5.373293e+00 -1.811892e+00   
   304   6.717191e+00 -1.706426e+00   
   305   7.816277e+00 -1.417022e+00   
   306   3.837912e+00 -1.616162e+00   
   307   4.859395e+00 -1.832259e+00   
   308   4.107985e+00 -1.699349e+00   
   309   8.102234e+00 -1.373737e+00   
   310   4.325160e+00 -1.795599e+00   
   311   6.272472e+00 -1.895328e+00   
   312   5.640584e+00 -1.947141e+00   
   313   5.126058e+00 -1.968938e+00   
   314   6.570301e+00 -1.945428e+00   
   315   7.167656e+00 -1.827593e+00   
   316   7.456296e+00 -1.748285e+00   
   317   6.879235e+00 -1.909532e+00   
   318   7.740054e+00 -1.659446e+00   
   319   3.874526e+00 -1.858586e+00   
   320   4.503716e+00 -2.008214e+00   
   321   5.388980e+00 -2.109719e+00   
   322   8.026011e+00 -1.616162e+00   
   323   5.989262e+00 -2.116243e+00   
   324   4.137653e+00 -1.993602e+00   
   325   4.870774e+00 -2.126304e+00   
   326   6.378397e+00 -2.175940e+00   
   327   5.655785e+00 -2.246646e+00   
   328   7.673730e+00 -1.897276e+00   
   329   5.134879e+00 -2.268369e+00   
   330   6.686246e+00 -2.199311e+00   
   331   7.407673e+00 -2.038243e+00   
   332   7.949788e+00 -1.858586e+00   
   333   5.894669e+00 -2.352623e+00   
   334   7.032158e+00 -2.197185e+00   
   335   3.940760e+00 -2.181818e+00   
   336   5.399525e+00 -2.409424e+00   
   337   4.218734e+00 -2.275513e+00   
   338   6.189351e+00 -2.407597e+00   
   339   4.508589e+00 -2.351256e+00   
   340   4.879749e+00 -2.426142e+00   
   341   6.481247e+00 -2.456698e+00   
   342   5.112626e+00 -2.528205e+00   
   343   7.309061e+00 -2.327151e+00   
   344   7.814840e+00 -2.181818e+00   
   345   5.698783e+00 -2.590148e+00   
   346   6.776136e+00 -2.511082e+00   
   347   5.995168e+00 -2.635040e+00   
   348   4.297975e+00 -2.564751e+00   
   349   7.036975e+00 -2.541725e+00   
   350   6.286141e+00 -2.690561e+00   
   351   4.050847e+00 -2.595611e+00   
   352   4.933560e+00 -2.756178e+00   
   353   5.215415e+00 -2.780909e+00   
   354   4.582208e+00 -2.735955e+00   
   355   6.582047e+00 -2.739110e+00   
   356   7.653055e+00 -2.505051e+00   
   357   5.512162e+00 -2.824962e+00   
   358   7.326513e+00 -2.601944e+00   
   359   5.808856e+00 -2.868973e+00   
   360   6.874752e+00 -2.793823e+00   
   361   6.105072e+00 -2.910120e+00   
   362   7.174222e+00 -2.807512e+00   
   363   4.779438e+00 -2.960047e+00   
   364   6.392498e+00 -2.970927e+00   
   365   5.051778e+00 -3.027357e+00   
   366   5.348115e+00 -3.066040e+00   
   367   7.459252e+00 -2.828283e+00   
   368   6.688336e+00 -3.017269e+00   
   369   5.622386e+00 -3.103963e+00   
   370   4.192183e+00 -2.989899e+00   
   371   4.556920e+00 -3.091938e+00   
   372   6.978827e+00 -3.034414e+00   
   373   6.217004e+00 -3.181749e+00   
   374   4.829468e+00 -3.210122e+00   
   375   6.458851e+00 -3.204795e+00   
   376   5.927349e+00 -3.259183e+00   
   377   7.271186e+00 -3.090817e+00   
   378   5.137358e+00 -3.296545e+00   
   379   5.528921e+00 -3.357422e+00   
   380   4.618653e+00 -3.339716e+00   
   381   4.348283e+00 -3.313131e+00   
   382   6.732904e+00 -3.326474e+00   
   383   7.083575e+00 -3.313131e+00   
   384   6.191267e+00 -3.447331e+00   
   385   5.851762e+00 -3.548786e+00   
   386   6.491011e+00 -3.502917e+00   
   387   5.241924e+00 -3.570439e+00   
   388   4.832658e+00 -3.545132e+00   
   389   5.575359e+00 -3.658031e+00   
   390   4.559322e+00 -3.630360e+00   
   391   6.762712e+00 -3.624394e+00   
   392   6.339892e+00 -3.678128e+00   
   393   6.053000e+00 -3.755757e+00   
   394   5.022853e+00 -3.772773e+00   
   395   5.814139e+00 -3.834999e+00   
   396   6.529948e+00 -3.797980e+00   
   397   4.728814e+00 -3.811952e+00   
   398   5.301507e+00 -3.862639e+00   
   399   5.574860e+00 -3.922197e+00   
   400   6.254237e+00 -3.962727e+00   
   401   6.015376e+00 -4.041970e+00   
   402   5.067797e+00 -4.039001e+00   
   403   5.776515e+00 -4.121212e+00   
   404   5.406780e+00 -4.134105e+00   
  END_COORDINATES
  BOUNDARIES, ELEMENT
    1         9     17         1     
    2         17     24         2     
    3         79     91         3     
    4         91     102         4     
    5         202     219         5     
    6         219     233         6     
    7         242     229         7     
    8         229     213         8     
    9         175     188         9     
    10         188     202         10     
    11         271     257         11     
    12         257     242         12     
    13         233     248         13     
    14         248     263         14     
    15         146     160         15     
    16         160     175         16     
    17         263     277         17     
    18         277     290         18     
    19         213     199         19     
    20         199     184         20     
    21         121     132         21     
    22         132     146         22     
    23         294     281         23     
    24         281     271         24     
    25         290     306         25     
    26         306     319         26     
    27         48     36         27     
    28         390     397         28     
    29         403     401         29     
    30         401     400         30     
    31         332     322         31     
    32         322     309         32     
    33         3     9         35     
    34         24     33         36     
    35         102     121         85     
    36         309     294         152     
    37         396     391         157     
    38         383     377         158     
    39         63     79         161     
    40         184     161         166     
    41         319     335         171     
    42         335     351         173     
    43         397     402         205     
    44         402     404         207     
    45         404     403         209     
    46         381     390         215     
    47         370     381         218     
    48         36     21         221     
    49         400     396         225     
    50         64     48         230     
    51         344     332         233     
    52         47     63         303     
    53         391     383         340     
    54         377     367         341     
    55         367     356         343     
    56         120     101         502     
    57         351     370         545     
    58         1     3         607     
    59         356     344         667     
    60         33     47         717     
    61         142     120         723     
    62         4     1         725     
    63         10     4         728     
    64         21     10         731     
    65         101     83         736     
    66         83     64         737     
    67         161     142         738     
  END_BOUNDARIES
  MATERIALS, NUMBER= 1, DEFAULT=1
  END_MATERIALS
  SUBDOMAINS
  END_SUBDOMAINS
  CHARACTERISTICS
  END_CHARACTERISTICS
