  NODES_PER_ELEMENT
   1 4
   2 4
   3 4
   4 4
   5 4
   6 4
   7 4
   8 4
   9 4
   10 4
   11 4
   12 4
   13 4
   14 4
   15 4
   16 4
   17 4
   18 4
   19 4
   20 4
   21 4
   22 4
   23 4
   24 4
   25 4
   26 4
   27 4
   28 4
   29 4
   30 4
   31 4
   32 4
   33 4
   34 4
   35 4
   36 4
   37 4
   38 4
   39 4
   40 4
   41 4
   42 4
   43 4
   44 4
   45 4
   46 4
   47 4
   48 4
   49 4
   50 4
   51 4
   52 4
   53 4
   54 4
   55 4
   56 4
   57 4
   58 4
   59 4
   60 4
   61 4
   62 4
   63 4
   64 4
   65 4
   66 4
   67 4
   68 4
   69 4
   70 4
   71 4
   72 4
   73 4
   74 4
   75 4
   76 4
   77 4
   78 4
   79 4
   80 4
   81 4
   82 4
   83 4
   84 4
   85 4
   86 4
   87 4
   88 4
   89 4
   90 4
   91 4
   92 4
   93 4
   94 4
   95 4
   96 4
   97 4
   98 4
   99 4
   100 4
   101 4
   102 4
   103 4
   104 4
   105 4
   106 4
   107 4
   108 4
   109 4
   110 4
   111 4
   112 4
   113 4
   114 4
   115 4
   116 4
   117 4
   118 4
   119 4
   120 4
   121 4
   122 4
   123 4
   124 4
   125 4
   126 4
   127 4
   128 4
   129 4
   130 4
   131 4
   132 4
   133 4
   134 4
   135 4
   136 4
   137 4
   138 4
   139 4
   140 4
   141 4
   142 4
   143 4
   144 4
   145 4
   146 4
   147 4
   148 4
   149 4
   150 4
   151 4
   152 4
   153 4
   154 4
   155 4
   156 4
   157 4
   158 4
   159 4
   160 4
   161 4
   162 4
   163 4
   164 4
   165 4
   166 4
   167 4
   168 4
   169 4
   170 4
   171 4
   172 4
   173 4
   174 4
   175 4
   176 4
   177 4
   178 4
   179 4
   180 4
   181 4
   182 4
   183 4
   184 4
   185 4
   186 4
   187 4
   188 4
   189 4
   190 4
   191 4
   192 4
   193 4
   194 4
   195 4
   196 4
   197 4
   198 4
   199 4
   200 4
   201 4
   202 4
   203 4
   204 4
   205 4
   206 4
   207 4
   208 4
   209 4
   210 4
   211 4
   212 4
   213 4
   214 4
   215 4
   216 4
   217 4
   218 4
   219 4
   220 4
   221 4
   222 4
   223 4
   224 4
   225 4
   226 4
   227 4
   228 4
   229 4
   230 4
   231 4
   232 4
   233 4
   234 4
   235 4
   236 4
   237 4
   238 4
   239 4
   240 4
   241 4
   242 4
   243 4
   244 4
   245 4
   246 4
   247 4
   248 4
   249 4
   250 4
   251 4
   252 4
   253 4
   254 4
   255 4
   256 4
   257 4
   258 4
   259 4
   260 4
   261 4
   262 4
   263 4
   264 4
   265 4
   266 4
   267 4
   268 4
   269 4
   270 4
   271 4
   272 4
   273 4
   274 4
   275 4
   276 4
   277 4
   278 4
   279 4
   280 4
   281 4
   282 4
   283 4
   284 4
   285 4
   286 4
   287 4
   288 4
   289 4
   290 4
   291 4
   292 4
   293 4
   294 4
   295 4
   296 4
   297 4
   298 4
   299 4
   300 4
   301 4
   302 4
   303 4
   304 4
   305 4
   306 4
   307 4
   308 4
   309 4
   310 4
   311 4
   312 4
   313 4
   314 4
   315 4
   316 4
   317 4
   318 4
   319 4
   320 4
   321 4
   322 4
   323 4
   324 4
   325 4
   326 4
   327 4
   328 4
   329 4
   330 4
   331 4
   332 4
   333 4
   334 4
   335 4
   336 4
   337 4
   338 4
   339 4
   340 4
   341 4
   342 4
   343 4
   344 4
   345 4
   346 4
   347 4
   348 4
   349 4
   350 4
   351 4
   352 4
   353 4
   354 4
   355 4
   356 4
   357 4
   358 4
   359 4
   360 4
   361 4
   362 4
   363 4
   364 4
   365 4
   366 4
   367 4
   368 4
   369 4
   370 4
   371 4
   372 4
   373 4
   374 4
   375 4
   376 4
   377 4
   378 4
   379 4
   380 4
   381 4
   382 4
   383 4
   384 4
   385 4
   386 4
   387 4
   388 4
   389 4
   390 4
   391 4
   392 4
   393 4
   394 4
   395 4
   396 4
   397 4
   398 4
   399 4
   400 4
   401 4
   402 4
   403 4
   404 4
   405 4
   406 4
   407 4
   408 4
   409 4
   410 4
   411 4
   412 4
   413 4
   414 4
   415 4
   416 4
   417 4
   418 4
   419 4
   420 4
   421 4
   422 4
   423 4
   424 4
   425 4
   426 4
   427 4
   428 4
   429 4
   430 4
   431 4
   432 4
   433 4
   434 4
   435 4
   436 4
   437 4
   438 4
   439 4
   440 4
   441 4
   442 4
   443 4
   444 4
   445 4
   446 4
   447 4
   448 4
   449 4
   450 4
   451 4
   452 4
   453 4
   454 4
   455 4
   456 4
   457 4
   458 4
   459 4
   460 4
   461 4
   462 4
   463 4
   464 4
   465 4
   466 4
   467 4
   468 4
   469 4
   470 4
   471 4
   472 4
   473 4
   474 4
   475 4
   476 4
   477 4
   478 4
   479 4
   480 4
   481 4
   482 4
   483 4
   484 4
   485 4
   486 4
   487 4
   488 4
   489 4
   490 4
   491 4
   492 4
   493 4
   494 4
   495 4
   496 4
   497 4
   498 4
   499 4
   500 4
   501 4
   502 4
   503 4
   504 4
   505 4
   506 4
   507 4
   508 4
   509 4
   510 4
   511 4
   512 4
   513 4
   514 4
   515 4
   516 4
   517 4
   518 4
   519 4
   520 4
   521 4
   522 4
   523 4
   524 4
   525 4
   526 4
   527 4
   528 4
   529 4
   530 4
   531 4
   532 4
   533 4
   534 4
   535 4
   536 4
   537 4
   538 4
   539 4
   540 4
   541 4
   542 4
   543 4
   544 4
   545 4
   546 4
   547 4
   548 4
   549 4
   550 4
   551 4
   552 4
   553 4
   554 4
   555 4
   556 4
   557 4
   558 4
   559 4
   560 4
   561 4
   562 4
   563 4
   564 4
   565 4
   566 4
   567 4
   568 4
   569 4
   570 4
   571 4
   572 4
   573 4
   574 4
   575 4
   576 4
   577 4
   578 4
   579 4
   580 4
   581 4
   582 4
   583 4
   584 4
   585 4
   586 4
   587 4
   588 4
   589 4
   590 4
   591 4
   592 4
   593 4
   594 4
   595 4
   596 4
   597 4
   598 4
   599 4
   600 4
   601 4
   602 4
   603 4
   604 4
   605 4
   606 4
   607 4
   608 4
   609 4
   610 4
   611 4
   612 4
   613 4
   614 4
   615 4
   616 4
   617 4
   618 4
   619 4
   620 4
   621 4
   622 4
   623 4
   624 4
   625 4
   626 4
   627 4
   628 4
   629 4
   630 4
   631 4
   632 4
   633 4
   634 4
   635 4
   636 4
   637 4
   638 4
   639 4
   640 4
   641 4
   642 4
   643 4
   644 4
   645 4
   646 4
   647 4
   648 4
   649 4
   650 4
   651 4
   652 4
   653 4
   654 4
   655 4
   656 4
   657 4
   658 4
   659 4
   660 4
   661 4
   662 4
   663 4
   664 4
   665 4
   666 4
   667 4
   668 4
   669 4
   670 4
   671 4
   672 4
   673 4
   674 4
   675 4
   676 4
   677 4
   678 4
   679 4
   680 4
   681 4
   682 4
   683 4
   684 4
   685 4
   686 4
   687 4
   688 4
   689 4
   690 4
   691 4
   692 4
   693 4
   694 4
   695 4
   696 4
   697 4
   698 4
   699 4
   700 4
   701 4
   702 4
   703 4
   704 4
   705 4
   706 4
   707 4
   708 4
   709 4
   710 4
   711 4
   712 4
   713 4
   714 4
   715 4
   716 4
   717 4
   718 4
   719 4
   720 4
   721 4
   722 4
   723 4
   724 4
   725 4
   726 4
   727 4
   728 4
   729 4
   730 4
   731 4
   732 4
   733 4
   734 4
   735 4
   736 4
   737 4
   738 4
   739 4
   740 4
   741 4
   742 4
   743 4
   744 4
   745 4
   746 4
   747 4
   748 4
   749 4
   750 4
   751 4
   752 4
   753 4
   754 4
   755 4
   756 4
   757 4
   758 4
   759 4
   760 4
   761 4
   762 4
   763 4
   764 4
   765 4
   766 4
   767 4
   768 4
   769 4
   770 4
   771 4
   772 4
   773 4
   774 4
   775 4
   776 4
   777 4
   778 4
   779 4
   780 4
   781 4
   782 4
   783 4
   784 4
   785 4
   786 4
   787 4
   788 4
   789 4
   790 4
   791 4
   792 4
   793 4
   794 4
   795 4
   796 4
   797 4
   798 4
   799 4
   800 4
   801 4
   802 4
   803 4
   804 4
   805 4
   806 4
   807 4
   808 4
   809 4
   810 4
   811 4
   812 4
   813 4
   814 4
   815 4
   816 4
   817 4
   818 4
   819 4
   820 4
   821 4
   822 4
   823 4
   824 4
   825 4
   826 4
   827 4
   828 4
   829 4
   830 4
   831 4
   832 4
   833 4
   834 4
   835 4
   836 4
   837 4
   838 4
   839 4
   840 4
   841 4
   842 4
   843 4
   844 4
   845 4
   846 4
   847 4
   848 4
   849 4
   850 4
   851 4
   852 4
   853 4
   854 4
   855 4
   856 4
   857 4
   858 4
   859 4
   860 4
   861 4
   862 4
   863 4
   864 4
   865 4
   866 4
   867 4
   868 4
   869 4
   870 4
   871 4
   872 4
   873 4
   874 4
   875 4
   876 4
   877 4
   878 4
   879 4
   880 4
   881 4
   882 4
   883 4
   884 4
   885 4
   886 4
   887 4
   888 4
   889 4
   890 4
   891 4
   892 4
   893 4
   894 4
   895 4
   896 4
   897 4
   898 4
   899 4
   900 4
   901 4
   902 4
   903 4
   904 4
   905 4
   906 4
   907 4
   908 4
   909 4
   910 4
   911 4
   912 4
   913 4
   914 4
   915 4
   916 4
   917 4
   918 4
   919 4
   920 4
   921 4
   922 4
   923 4
   924 4
   925 4
   926 4
   927 4
   928 4
   929 4
   930 4
   931 4
   932 4
   933 4
   934 4
   935 4
   936 4
   937 4
   938 4
   939 4
   940 4
   941 4
   942 4
   943 4
   944 4
   945 4
   946 4
   947 4
   948 4
   949 4
   950 4
   951 4
   952 4
   953 4
   954 4
   955 4
   956 4
   957 4
   958 4
   959 4
  END_NODES_PER_ELEMENT
  ELEMENTS
  1 305 316 318 304  
  2 316 343 336 318  
  3 343 369 361 336  
  4 369 394 382 361  
  5 394 418 407 382  
  6 418 441 430 407  
  7 441 468 458 430  
  8 468 492 485 458  
  9 492 518 510 485  
  10 518 544 537 510  
  11 544 572 564 537  
  12 572 596 587 564  
  13 596 616 606 587  
  14 616 637 632 606  
  15 281 305 304 277  
  16 637 663 657 632  
  17 255 281 277 249  
  18 663 693 686 657  
  19 232 255 249 226  
  20 693 719 711 686  
  21 207 232 226 204  
  22 719 744 734 711  
  23 744 759 756 734  
  24 759 785 774 756  
  25 186 207 204 184  
  26 175 186 184 168  
  27 157 175 168 150  
  28 785 811 801 774  
  29 811 837 828 801  
  30 837 852 847 828  
  31 139 157 150 137  
  32 125 139 137 123  
  33 112 125 123 108  
  34 98 112 108 92  
  35 86 98 92 82  
  36 72 86 82 69  
  37 62 72 69 55  
  38 51 62 55 48  
  39 35 51 48 34  
  40 23 35 34 25  
  41 14 23 25 16  
  42 6 14 16 8  
  43 2 6 8 4  
  44 1 2 4 3  
  45 5 1 3 7  
  46 852 885 872 847  
  47 885 900 894 872  
  48 900 932 917 894  
  49 932 946 939 917  
  50 15 5 7 17  
  51 946 971 958 939  
  52 971 981 972 958  
  53 981 994 984 972  
  54 994 1003 996 984  
  55 1003 1011 1002 996  
  56 1011 1018 1008 1002  
  57 31 15 17 29  
  58 39 31 29 41  
  59 1018 1022 1014 1008  
  60 1022 1023 1019 1014  
  61 1023 1026 1016 1019  
  62 1026 1025 1015 1016  
  63 1025 1024 1012 1015  
  64 1024 1021 1010 1012  
  65 1021 1020 1007 1010  
  66 59 39 41 52  
  67 70 59 52 68  
  68 77 70 68 79  
  69 93 77 79 91  
  70 109 93 91 107  
  71 122 109 107 121  
  72 136 122 121 130  
  73 144 136 130 142  
  74 158 144 142 156  
  75 173 158 156 170  
  76 188 173 170 183  
  77 205 188 183 199  
  78 218 205 199 214  
  79 238 218 214 234  
  80 251 238 234 244  
  81 267 251 244 264  
  82 291 267 264 283  
  83 308 291 283 302  
  84 325 308 302 315  
  85 342 325 315 337  
  86 366 342 337 354  
  87 377 366 354 373  
  88 400 377 373 391  
  89 414 400 391 405  
  90 436 414 405 424  
  91 449 436 424 446  
  92 470 449 446 463  
  93 481 470 463 476  
  94 502 481 476 495  
  95 527 502 495 513  
  96 548 527 513 530  
  97 563 548 530 551  
  98 584 563 551 570  
  99 604 584 570 592  
  100 625 604 592 612  
  101 648 625 612 630  
  102 669 648 630 651  
  103 681 669 651 667  
  104 702 681 667 687  
  105 723 702 687 704  
  106 732 723 704 716  
  107 748 732 716 733  
  108 768 748 733 750  
  109 776 768 750 764  
  110 798 776 764 780  
  111 809 798 780 793  
  112 825 809 793 803  
  113 835 825 803 818  
  114 848 835 818 829  
  115 866 848 829 845  
  116 880 866 845 860  
  117 892 880 860 874  
  118 904 892 874 888  
  119 921 904 888 901  
  120 936 921 901 914  
  121 949 936 914 927  
  122 956 949 927 940  
  123 966 956 940 951  
  124 975 966 951 957  
  125 983 975 957 965  
  126 992 983 965 974  
  127 999 992 974 982  
  128 1006 999 982 991  
  129 1009 1006 991 997  
  130 1013 1009 997 1001  
  131 1017 1013 1001 1005  
  132 1020 1017 1005 1007  
  133 872 894 886 864  
  134 847 872 864 842  
  135 828 847 842 817  
  136 894 917 908 886  
  137 917 939 929 908  
  138 939 958 952 929  
  139 958 972 964 952  
  140 972 984 978 964  
  141 984 996 986 978  
  142 996 1002 990 986  
  143 1002 1008 998 990  
  144 801 828 817 795  
  145 774 801 795 769  
  146 756 774 769 747  
  147 734 756 747 728  
  148 711 734 728 706  
  149 686 711 706 678  
  150 657 686 678 652  
  151 632 657 652 626  
  152 606 632 626 602  
  153 587 606 602 578  
  154 564 587 578 554  
  155 537 564 554 528  
  156 510 537 528 501  
  157 485 510 501 477  
  158 458 485 477 451  
  159 430 458 451 426  
  160 407 430 426 399  
  161 382 407 399 375  
  162 361 382 375 346  
  163 336 361 346 322  
  164 318 336 322 304  
  165 1008 1014 1004 998  
  166 1014 1019 1016 1004  
  167 1016 1015 1000 1004  
  168 1015 1012 995 1000  
  169 1012 1010 993 995  
  170 1010 1007 989 993  
  171 1007 1005 988 989  
  172 1005 1001 985 988  
  173 1001 997 979 985  
  174 997 991 973 979  
  175 991 982 962 973  
  176 982 974 955 962  
  177 974 965 947 955  
  178 965 957 938 947  
  179 957 951 930 938  
  180 951 940 926 930  
  181 940 927 907 926  
  182 927 914 893 907  
  183 914 901 878 893  
  184 901 888 869 878  
  185 888 874 853 869  
  186 874 860 841 853  
  187 860 845 827 841  
  188 845 829 814 827  
  189 829 818 799 814  
  190 818 803 792 799  
  191 803 793 773 792  
  192 793 780 767 773  
  193 780 764 752 767  
  194 764 750 737 752  
  195 750 733 717 737  
  196 733 716 701 717  
  197 716 704 685 701  
  198 704 687 668 685  
  199 687 667 655 668  
  200 667 651 639 655  
  201 651 630 621 639  
  202 630 612 599 621  
  203 612 592 577 599  
  204 592 570 556 577  
  205 570 551 539 556  
  206 551 530 520 539  
  207 530 513 499 520  
  208 513 495 479 499  
  209 495 476 472 479  
  210 476 463 457 472  
  211 463 446 440 457  
  212 446 424 419 440  
  213 424 405 398 419  
  214 405 391 381 398  
  215 391 373 367 381  
  216 373 354 347 367  
  217 354 337 330 347  
  218 337 315 309 330  
  219 315 302 293 309  
  220 302 283 275 293  
  221 283 264 260 275  
  222 264 244 240 260  
  223 244 234 224 240  
  224 234 214 211 224  
  225 214 199 194 211  
  226 199 183 179 194  
  227 183 170 165 179  
  228 170 156 154 165  
  229 156 142 141 154  
  230 142 130 126 141  
  231 130 121 118 126  
  232 121 107 105 118  
  233 107 91 89 105  
  234 91 79 78 89  
  235 79 68 67 78  
  236 68 52 54 67  
  237 52 41 44 54  
  238 41 29 33 44  
  239 29 17 22 33  
  240 17 7 12 22  
  241 7 3 10 12  
  242 3 4 9 10  
  243 4 8 11 9  
  244 8 16 20 11  
  245 16 25 30 20  
  246 25 34 38 30  
  247 34 48 46 38  
  248 48 55 50 46  
  249 55 69 63 50  
  250 69 82 73 63  
  251 82 92 87 73  
  252 92 108 103 87  
  253 108 123 120 103  
  254 123 137 135 120  
  255 137 150 147 135  
  256 150 168 164 147  
  257 168 184 181 164  
  258 184 204 203 181  
  259 204 226 222 203  
  260 226 249 248 222  
  261 249 277 276 248  
  262 277 304 296 276  
  263 38 46 50 45  
  264 50 63 53 45  
  265 30 38 45 36  
  266 296 304 322 306  
  267 20 30 36 26  
  268 11 20 26 19  
  269 9 11 19 13  
  270 10 9 13 18  
  271 63 73 71 53  
  272 12 10 18 21  
  273 73 87 85 71  
  274 87 103 100 85  
  275 103 120 115 100  
  276 120 135 128 115  
  277 135 147 145 128  
  278 147 164 162 145  
  279 164 181 180 162  
  280 181 203 201 180  
  281 22 12 21 27  
  282 203 222 223 201  
  283 33 22 27 42  
  284 44 33 42 49  
  285 54 44 49 58  
  286 67 54 58 66  
  287 78 67 66 81  
  288 89 78 81 88  
  289 105 89 88 104  
  290 118 105 104 117  
  291 126 118 117 127  
  292 141 126 127 143  
  293 154 141 143 151  
  294 165 154 151 159  
  295 179 165 159 174  
  296 194 179 174 191  
  297 211 194 191 208  
  298 224 211 208 219  
  299 240 224 219 239  
  300 260 240 239 253  
  301 275 260 253 271  
  302 293 275 271 284  
  303 309 293 284 303  
  304 330 309 303 320  
  305 347 330 320 340  
  306 367 347 340 359  
  307 381 367 359 376  
  308 398 381 376 396  
  309 419 398 396 413  
  310 440 419 413 433  
  311 457 440 433 464  
  312 472 457 464 479  
  313 222 248 254 223  
  314 248 276 282 254  
  315 276 296 306 282  
  316 322 346 327 306  
  317 346 375 364 327  
  318 375 399 395 364  
  319 399 426 421 395  
  320 426 451 448 421  
  321 451 477 471 448  
  322 477 501 497 471  
  323 501 528 523 497  
  324 528 554 549 523  
  325 554 578 575 549  
  326 578 602 598 575  
  327 602 626 622 598  
  328 626 652 647 622  
  329 652 678 672 647  
  330 678 706 696 672  
  331 706 728 720 696  
  332 728 747 741 720  
  333 747 769 763 741  
  334 769 795 788 763  
  335 795 817 810 788  
  336 817 842 832 810  
  337 842 864 851 832  
  338 864 886 875 851  
  339 886 908 899 875  
  340 908 929 920 899  
  341 929 952 942 920  
  342 952 964 960 942  
  343 964 978 976 960  
  344 978 986 990 976  
  345 990 998 980 976  
  346 998 1004 987 980  
  347 1004 1000 977 987  
  348 1000 995 963 977  
  349 995 993 968 963  
  350 993 989 970 968  
  351 989 988 969 970  
  352 988 985 967 969  
  353 985 979 961 967  
  354 979 973 954 961  
  355 973 962 945 954  
  356 962 955 934 945  
  357 955 947 923 934  
  358 947 938 912 923  
  359 938 930 909 912  
  360 930 926 907 909  
  361 655 639 631 646  
  362 639 621 613 631  
  363 668 655 646 653  
  364 629 653 646 631  
  365 685 668 653 662  
  366 701 685 662 683  
  367 717 701 683 708  
  368 737 717 708 726  
  369 752 737 726 740  
  370 767 752 740 757  
  371 773 767 757 762  
  372 792 773 762 775  
  373 799 792 775 784  
  374 814 799 784 794  
  375 827 814 794 806  
  376 841 827 806 824  
  377 853 841 824 836  
  378 869 853 836 856  
  379 878 869 856 863  
  380 893 878 863 873  
  381 907 893 873 889  
  382 621 599 591 613  
  383 599 577 568 591  
  384 577 556 547 568  
  385 556 539 524 547  
  386 539 520 504 524  
  387 520 499 487 504  
  388 499 479 464 487  
  389 58 49 65 66  
  390 907 889 883 909  
  391 629 631 613 605  
  392 889 873 850 883  
  393 873 863 844 850  
  394 863 856 836 844  
  395 487 464 450 473  
  396 504 487 473 494  
  397 524 504 494 515  
  398 960 976 980 959  
  399 980 987 977 959  
  400 653 629 638 662  
  401 683 662 638 665  
  402 708 683 665 692  
  403 726 708 692 712  
  404 740 726 712 736  
  405 757 740 736 762  
  406 942 960 959 935  
  407 920 942 935 913  
  408 899 920 913 891  
  409 875 899 891 868  
  410 851 875 868 846  
  411 832 851 846 826  
  412 810 832 826 800  
  413 788 810 800 778  
  414 763 788 778 758  
  415 741 763 758 735  
  416 45 53 47 36  
  417 26 36 47 37  
  418 19 26 37 24  
  419 13 19 24 18  
  420 21 18 24 28  
  421 27 21 28 32  
  422 720 741 735 714  
  423 696 720 714 691  
  424 672 696 691 666  
  425 647 672 666 643  
  426 547 524 515 538  
  427 622 647 643 618  
  428 613 591 583 605  
  429 568 547 538 559  
  430 591 568 559 583  
  431 53 71 64 47  
  432 71 85 80 64  
  433 85 100 97 80  
  434 100 115 114 97  
  435 115 128 133 114  
  436 128 145 146 133  
  437 145 162 161 146  
  438 162 180 178 161  
  439 180 201 200 178  
  440 598 622 618 594  
  441 575 598 594 569  
  442 549 575 569 546  
  443 523 549 546 521  
  444 497 523 521 493  
  445 471 497 493 469  
  446 448 471 469 443  
  447 421 448 443 416  
  448 395 421 416 389  
  449 201 223 227 200  
  450 306 327 288 282  
  451 364 395 389 360  
  452 327 364 360 323  
  453 223 254 261 227  
  454 254 282 288 261  
  455 912 909 883 887  
  456 923 912 887 896  
  457 934 923 896 910  
  458 945 934 910 918  
  459 954 945 918 931  
  460 961 954 931 941  
  461 967 961 941 950  
  462 969 967 950 953  
  463 970 969 953 948  
  464 968 970 948 943  
  465 963 968 943 937  
  466 977 963 944 959  
  467 219 208 210 217  
  468 239 219 217 236  
  469 208 191 190 210  
  470 191 174 171 190  
  471 174 159 149 171  
  472 159 151 143 149  
  473 143 127 132 149  
  474 127 117 116 132  
  475 117 104 102 116  
  476 104 88 90 102  
  477 253 239 236 247  
  478 271 253 247 262  
  479 284 271 262 278  
  480 303 284 278 297  
  481 320 303 297 313  
  482 340 320 313 335  
  483 359 340 335 351  
  484 376 359 351 370  
  485 396 376 370 388  
  486 413 396 388 403  
  487 433 413 403 427  
  488 464 433 427 450  
  489 836 824 805 822  
  490 824 806 790 805  
  491 806 794 772 790  
  492 794 784 765 772  
  493 784 775 762 765  
  494 27 32 43 42  
  495 765 762 736 743  
  496 32 28 40 43  
  497 28 24 37 40  
  498 836 822 820 844  
  499 102 90 84 99  
  500 116 102 99 113  
  501 132 116 113 129  
  502 65 49 42 61  
  503 90 88 81 84  
  504 473 450 442 465  
  505 494 473 465 484  
  506 515 494 484 503  
  507 538 515 503 526  
  508 559 538 526 552  
  509 583 559 552 576  
  510 149 132 129 148  
  511 171 149 148 172  
  512 190 171 172 193  
  513 210 190 193 215  
  514 217 210 215 236  
  515 605 583 576 603  
  516 629 605 603 638  
  517 963 937 924 944  
  518 772 765 743 754  
  519 47 64 57 37  
  520 64 80 74 57  
  521 80 97 96 74  
  522 97 114 119 96  
  523 146 161 163 153  
  524 161 178 176 163  
  525 114 133 140 119  
  526 178 200 198 176  
  527 790 772 754 771  
  528 805 790 771 797  
  529 822 805 797 820  
  530 959 944 925 935  
  531 913 935 925 905  
  532 891 913 905 884  
  533 868 891 884 861  
  534 846 868 861 838  
  535 826 846 838 816  
  536 800 826 816 796  
  537 778 800 796 770  
  538 758 778 770 749  
  539 735 758 749 729  
  540 714 735 729 709  
  541 691 714 709 684  
  542 666 691 684 661  
  543 643 666 661 636  
  544 618 643 636 615  
  545 594 618 615 588  
  546 569 594 588 566  
  547 546 569 566 541  
  548 521 546 541 514  
  549 493 521 514 489  
  550 469 493 489 466  
  551 443 469 466 439  
  552 416 443 439 412  
  553 389 416 412 385  
  554 850 844 820 819  
  555 887 883 850 854  
  556 896 887 854 867  
  557 910 896 867 881  
  558 918 910 881 895  
  559 931 918 895 898  
  560 941 931 898 919  
  561 950 941 919 933  
  562 953 950 933 928  
  563 948 953 928 922  
  564 943 948 922 915  
  565 937 943 915 911  
  566 200 227 231 198  
  567 327 323 295 288  
  568 66 65 84 81  
  569 360 389 385 353  
  570 323 360 353 314  
  571 227 261 273 231  
  572 261 288 295 273  
  573 351 335 328 345  
  574 370 351 345 363  
  575 335 313 307 328  
  576 313 297 285 307  
  577 297 278 268 285  
  578 278 262 246 268  
  579 262 247 236 246  
  580 388 370 363 379  
  581 403 388 379 397  
  582 427 403 397 420  
  583 450 427 420 442  
  584 736 712 703 718  
  585 712 692 679 703  
  586 692 665 654 679  
  587 665 638 624 654  
  588 928 933 919 906  
  589 922 928 906 897  
  590 915 922 897 890  
  591 42 43 60 61  
  592 328 307 301 319  
  593 345 328 319 339  
  594 307 285 280 301  
  595 285 268 257 280  
  596 937 911 903 924  
  597 65 61 76 84  
  598 363 345 339 355  
  599 119 140 155 124  
  600 96 119 124 101  
  601 74 96 101 75  
  602 236 215 230 246  
  603 215 193 202 230  
  604 193 172 177 202  
  605 172 148 152 177  
  606 43 40 56 60  
  607 40 37 57 56  
  608 57 74 75 56  
  609 140 133 146 153  
  610 268 246 230 257  
  611 379 363 355 374  
  612 397 379 374 393  
  613 420 397 393 411  
  614 442 420 411 429  
  615 944 924 916 925  
  616 905 925 916 902  
  617 903 902 916 924  
  618 884 905 902 877  
  619 861 884 877 858  
  620 838 861 858 833  
  621 816 838 833 812  
  622 796 816 812 789  
  623 770 796 789 766  
  624 749 770 766 742  
  625 729 749 742 722  
  626 709 729 722 699  
  627 684 709 699 680  
  628 661 684 680 656  
  629 636 661 656 633  
  630 911 915 890 882  
  631 743 736 718 725  
  632 718 703 698 725  
  633 703 679 671 698  
  634 679 654 644 671  
  635 465 442 429 453  
  636 615 636 633 609  
  637 588 615 609 586  
  638 566 588 586 560  
  639 541 566 560 534  
  640 514 541 534 509  
  641 489 514 509 486  
  642 99 84 76 95  
  643 113 99 95 111  
  644 148 129 131 152  
  645 129 113 111 131  
  646 484 465 453 474  
  647 503 484 474 496  
  648 526 503 496 522  
  649 552 526 522 543  
  650 576 552 543 571  
  651 638 603 597 624  
  652 603 576 571 597  
  653 654 624 619 644  
  654 754 743 725 731  
  655 466 489 486 460  
  656 439 466 460 435  
  657 412 439 435 409  
  658 385 412 409 384  
  659 353 385 384 358  
  660 314 353 358 334  
  661 323 314 273 295  
  662 771 754 731 761  
  663 797 771 761 791  
  664 820 797 791 819  
  665 163 176 169 153  
  666 176 198 195 169  
  667 198 231 225 195  
  668 231 273 263 225  
  669 895 881 859 871  
  670 881 867 840 859  
  671 867 854 821 840  
  672 854 850 819 821  
  673 895 871 865 898  
  674 725 698 695 731  
  675 906 919 898 879  
  676 897 906 879 870  
  677 877 902 903 876  
  678 903 911 882 876  
  679 871 859 839 865  
  680 61 60 83 76  
  681 698 671 664 695  
  682 671 644 635 664  
  683 890 897 870 862  
  684 60 56 75 83  
  685 624 597 590 619  
  686 597 571 565 590  
  687 858 877 876 855  
  688 833 858 855 830  
  689 812 833 830 808  
  690 789 812 808 783  
  691 766 789 783 760  
  692 742 766 760 738  
  693 722 742 738 713  
  694 699 722 713 690  
  695 680 699 690 676  
  696 656 680 676 659  
  697 633 656 659 634  
  698 155 140 153 169  
  699 230 202 209 233  
  700 257 230 233 250  
  701 280 257 250 274  
  702 301 280 274 294  
  703 319 301 294 312  
  704 339 319 312 333  
  705 355 339 333 349  
  706 374 355 349 365  
  707 393 374 365 380  
  708 411 393 380 401  
  709 609 633 634 607  
  710 586 609 607 581  
  711 560 586 581 557  
  712 644 619 608 635  
  713 534 560 557 531  
  714 509 534 531 506  
  715 486 509 506 480  
  716 460 486 480 456  
  717 435 460 456 431  
  718 409 435 431 408  
  719 384 409 408 383  
  720 358 384 383 357  
  721 334 358 357 329  
  722 882 890 862 857  
  723 876 882 857 855  
  724 202 177 185 209  
  725 429 411 401 423  
  726 453 429 423 447  
  727 177 152 160 185  
  728 152 131 134 160  
  729 474 453 447 467  
  730 496 474 467 488  
  731 522 496 488 508  
  732 543 522 508 536  
  733 571 543 536 565  
  734 131 111 110 134  
  735 273 314 299 263  
  736 111 95 94 110  
  737 95 76 83 94  
  738 819 791 786 821  
  739 859 840 815 839  
  740 791 761 753 786  
  741 840 821 802 815  
  742 314 334 329 299  
  743 75 101 106 83  
  744 94 83 106 110  
  745 101 124 138 106  
  746 124 155 166 138  
  747 110 106 138 134  
  748 761 731 724 753  
  749 225 263 259 220  
  750 195 225 220 192  
  751 169 195 192 155  
  752 830 855 857 831  
  753 329 357 356 324  
  754 357 383 387 356  
  755 383 408 410 387  
  756 408 431 432 410  
  757 431 456 454 432  
  758 456 480 478 454  
  759 480 506 505 478  
  760 506 531 529 505  
  761 531 557 555 529  
  762 557 581 582 555  
  763 581 607 610 582  
  764 607 634 640 610  
  765 634 659 673 640  
  766 659 676 690 673  
  767 690 713 705 673  
  768 713 738 730 705  
  769 738 760 755 730  
  770 760 783 782 755  
  771 783 808 804 782  
  772 808 830 831 804  
  773 879 898 865 849  
  774 619 590 580 608  
  775 590 565 553 580  
  776 565 536 525 553  
  777 536 508 498 525  
  778 508 488 475 498  
  779 488 467 452 475  
  780 467 447 434 452  
  781 447 423 415 434  
  782 423 401 392 415  
  783 401 380 368 392  
  784 380 365 352 368  
  785 365 349 344 352  
  786 349 333 332 344  
  787 333 312 310 332  
  788 312 294 289 310  
  789 294 274 270 289  
  790 274 250 245 270  
  791 250 233 235 245  
  792 233 209 216 235  
  793 209 185 196 216  
  794 259 263 299 286  
  795 299 329 324 286  
  796 220 259 256 229  
  797 857 862 834 831  
  798 870 879 849 843  
  799 862 870 843 834  
  800 802 821 786 779  
  801 815 802 779 787  
  802 839 815 787 823  
  803 865 839 823 849  
  804 731 695 689 724  
  805 695 664 658 689  
  806 715 724 689 682  
  807 724 715 745 753  
  808 786 753 745 779  
  809 664 635 627 658  
  810 635 608 600 627  
  811 192 220 229 197  
  812 155 192 197 166  
  813 185 160 182 196  
  814 160 134 138 167  
  815 843 849 823 813  
  816 834 843 813 807  
  817 831 834 807 804  
  818 782 804 807 777  
  819 755 782 777 751  
  820 600 608 580 573  
  821 580 553 545 573  
  822 553 525 519 545  
  823 525 498 491 519  
  824 498 475 462 491  
  825 475 452 437 462  
  826 452 434 425 437  
  827 434 415 404 425  
  828 730 755 751 727  
  829 415 392 378 404  
  830 392 368 350 378  
  831 368 352 338 350  
  832 352 344 332 338  
  833 689 658 649 682  
  834 658 627 620 649  
  835 627 600 593 620  
  836 256 259 286 279  
  837 705 730 727 700  
  838 673 705 700 670  
  839 640 673 670 642  
  840 610 640 642 614  
  841 582 610 614 585  
  842 555 582 585 558  
  843 529 555 558 532  
  844 505 529 532 507  
  845 478 505 507 483  
  846 286 324 321 279  
  847 324 356 362 321  
  848 356 387 390 362  
  849 387 410 417 390  
  850 410 432 438 417  
  851 432 454 459 438  
  852 454 478 483 459  
  853 167 138 166 187  
  854 166 197 213 187  
  855 160 167 189 182  
  856 196 182 189 212  
  857 245 235 216 237  
  858 270 245 237 265  
  859 216 196 212 237  
  860 289 270 265 287  
  861 310 289 287 311  
  862 332 310 311 338  
  863 197 229 242 213  
  864 229 256 279 242  
  865 715 682 675 707  
  866 745 715 707 739  
  867 779 745 739 787  
  868 823 787 781 813  
  869 807 813 781 777  
  870 600 573 561 593  
  871 751 777 781 746  
  872 781 787 739 746  
  873 338 311 317 350  
  874 311 287 292 317  
  875 573 545 533 561  
  876 287 265 269 292  
  877 265 237 243 269  
  878 545 519 512 533  
  879 519 491 482 512  
  880 491 462 445 482  
  881 462 437 406 445  
  882 437 425 404 406  
  883 675 682 649 641  
  884 649 620 611 641  
  885 620 593 579 611  
  886 727 751 746 721  
  887 237 212 221 243  
  888 167 187 206 189  
  889 700 727 721 697  
  890 212 189 206 221  
  891 670 700 697 674  
  892 642 670 674 645  
  893 614 642 645 617  
  894 585 614 617 589  
  895 558 585 589 562  
  896 532 558 562 535  
  897 507 532 535 511  
  898 483 507 511 490  
  899 459 483 490 461  
  900 438 459 461 444  
  901 417 438 444 428  
  902 390 417 428 402  
  903 362 390 402 372  
  904 321 362 372 331  
  905 279 321 331 290  
  906 242 279 290 258  
  907 187 213 228 206  
  908 213 242 258 228  
  909 378 350 348 371  
  910 404 378 371 406  
  911 707 675 660 688  
  912 739 707 688 710  
  913 746 739 710 721  
  914 697 721 710 694  
  915 221 206 228 241  
  916 243 221 241 252  
  917 350 317 326 348  
  918 269 243 252 272  
  919 674 697 694 677  
  920 645 674 677 650  
  921 579 593 561 550  
  922 561 533 516 550  
  923 533 512 482 516  
  924 482 445 422 455  
  925 445 406 386 422  
  926 617 645 650 623  
  927 317 292 298 326  
  928 292 269 272 298  
  929 589 617 623 595  
  930 562 589 595 567  
  931 535 562 567 540  
  932 511 535 540 517  
  933 490 511 517 500  
  934 461 490 500 455  
  935 444 461 455 428  
  936 428 455 422 402  
  937 402 422 386 372  
  938 660 675 641 628  
  939 710 688 677 694  
  940 677 688 660 650  
  941 650 660 628 623  
  942 331 372 386 341  
  943 290 331 341 300  
  944 386 406 371 341  
  945 348 326 341 371  
  946 258 290 300 266  
  947 228 258 266 241  
  948 641 611 601 628  
  949 623 628 601 595  
  950 611 579 574 601  
  951 595 601 574 567  
  952 517 540 542 500  
  953 540 567 574 542  
  954 574 579 550 542  
  955 542 550 516 500  
  956 500 516 482 455  
  957 252 241 266 272  
  958 272 266 300 298  
  959 326 298 300 341  
  END_ELEMENTS  
  COORDINATES  
   1   4.951725e+00  3.954545e+00   
   2   4.830508e+00  3.909721e+00   
   3   5.027726e+00  3.809379e+00   
   4   4.909896e+00  3.775151e+00   
   5   5.135593e+00  3.990471e+00   
   6   4.728814e+00  3.855576e+00   
   7   5.173144e+00  3.825917e+00   
   8   4.805057e+00  3.721073e+00   
   9   4.966045e+00  3.660458e+00   
   10   5.067440e+00  3.679576e+00   
   11   4.878712e+00  3.606339e+00   
   12   5.192480e+00  3.681638e+00   
   13   5.002024e+00  3.580043e+00   
   14   4.614708e+00  3.772727e+00   
   15   5.338983e+00  3.992145e+00   
   16   4.702806e+00  3.647224e+00   
   17   5.336777e+00  3.822179e+00   
   18   5.075222e+00  3.565492e+00   
   19   4.944419e+00  3.513095e+00   
   20   4.779041e+00  3.530901e+00   
   21   5.183729e+00  3.549887e+00   
   22   5.330114e+00  3.666123e+00   
   23   4.518507e+00  3.681818e+00   
   24   5.034227e+00  3.448098e+00   
   25   4.604231e+00  3.564114e+00   
   26   4.856036e+00  3.416259e+00   
   27   5.306936e+00  3.522150e+00   
   28   5.155568e+00  3.427952e+00   
   29   5.497831e+00  3.797944e+00   
   30   4.673108e+00  3.454778e+00   
   31   5.542373e+00  3.961857e+00   
   32   5.255470e+00  3.426063e+00   
   33   5.473892e+00  3.630580e+00   
   34   4.513514e+00  3.472881e+00   
   35   4.423729e+00  3.568144e+00   
   36   4.731209e+00  3.337535e+00   
   37   4.956993e+00  3.283535e+00   
   38   4.577950e+00  3.386563e+00   
   39   5.644068e+00  3.936086e+00   
   40   5.145580e+00  3.283585e+00   
   41   5.635426e+00  3.770488e+00   
   42   5.448956e+00  3.441294e+00   
   43   5.304108e+00  3.326034e+00   
   44   5.618667e+00  3.616961e+00   
   45   4.606434e+00  3.285032e+00   
   46   4.508215e+00  3.338142e+00   
   47   4.770895e+00  3.201797e+00   
   48   4.433627e+00  3.375055e+00   
   49   5.620059e+00  3.472721e+00   
   50   4.498181e+00  3.259593e+00   
   51   4.322034e+00  3.412728e+00   
   52   5.782768e+00  3.727351e+00   
   53   4.618394e+00  3.156435e+00   
   54   5.742814e+00  3.596646e+00   
   55   4.390745e+00  3.276470e+00   
   56   5.168807e+00  3.096055e+00   
   57   4.966429e+00  3.067844e+00   
   58   5.717963e+00  3.500152e+00   
   59   5.847458e+00  3.866120e+00   
   60   5.365840e+00  3.151529e+00   
   61   5.537153e+00  3.252557e+00   
   62   4.271479e+00  3.318182e+00   
   63   4.482305e+00  3.142312e+00   
   64   4.776986e+00  3.029682e+00   
   65   5.692187e+00  3.340271e+00   
   66   5.789457e+00  3.434538e+00   
   67   5.849818e+00  3.545889e+00   
   68   5.900517e+00  3.677862e+00   
   69   4.350619e+00  3.161015e+00   
   70   5.949153e+00  3.822035e+00   
   71   4.607978e+00  3.008416e+00   
   72   4.220339e+00  3.211158e+00   
   73   4.453928e+00  3.002115e+00   
   74   4.966086e+00  2.861340e+00   
   75   5.197378e+00  2.881261e+00   
   76   5.646186e+00  3.083806e+00   
   77   6.051091e+00  3.772727e+00   
   78   5.961383e+00  3.483022e+00   
   79   6.015804e+00  3.619121e+00   
   80   4.764999e+00  2.848974e+00   
   81   5.897859e+00  3.351843e+00   
   82   4.306224e+00  3.023895e+00   
   83   5.461141e+00  2.927212e+00   
   84   5.820520e+00  3.204715e+00   
   85   4.582605e+00  2.845432e+00   
   86   4.153791e+00  3.045455e+00   
   87   4.419413e+00  2.856514e+00   
   88   6.014854e+00  3.299306e+00   
   89   6.079673e+00  3.417565e+00   
   90   5.956141e+00  3.210238e+00   
   91   6.145644e+00  3.545611e+00   
   92   4.266560e+00  2.886996e+00   
   93   6.212654e+00  3.681818e+00   
   94   5.640936e+00  2.862426e+00   
   95   5.765932e+00  2.950740e+00   
   96   4.953283e+00  2.648351e+00   
   97   4.746249e+00  2.664025e+00   
   98   4.118644e+00  2.945761e+00   
   99   5.910448e+00  3.047820e+00   
   100   4.554908e+00  2.681140e+00   
   101   5.196633e+00  2.639671e+00   
   102   6.033048e+00  3.126693e+00   
   103   4.384380e+00  2.702814e+00   
   104   6.119492e+00  3.228060e+00   
   105   6.196812e+00  3.342320e+00   
   106   5.471637e+00  2.653361e+00   
   107   6.272063e+00  3.466273e+00   
   108   4.225675e+00  2.734866e+00   
   109   6.355932e+00  3.591871e+00   
   110   5.695736e+00  2.709327e+00   
   111   5.870251e+00  2.811166e+00   
   112   4.066084e+00  2.772727e+00   
   113   6.020477e+00  2.920538e+00   
   114   4.711806e+00  2.477636e+00   
   115   4.524318e+00  2.515400e+00   
   116   6.142240e+00  3.028807e+00   
   117   6.233252e+00  3.143921e+00   
   118   6.310972e+00  3.263563e+00   
   119   4.928430e+00  2.428206e+00   
   120   4.347337e+00  2.545911e+00   
   121   6.382615e+00  3.391031e+00   
   122   6.457627e+00  3.520480e+00   
   123   4.185675e+00  2.576927e+00   
   124   5.188602e+00  2.366999e+00   
   125   4.018702e+00  2.590909e+00   
   126   6.420632e+00  3.190215e+00   
   127   6.350870e+00  3.066941e+00   
   128   4.489755e+00  2.355616e+00   
   129   6.150438e+00  2.797551e+00   
   130   6.489798e+00  3.313807e+00   
   131   5.998075e+00  2.656525e+00   
   132   6.275311e+00  2.931613e+00   
   133   4.669823e+00  2.302728e+00   
   134   5.807765e+00  2.506637e+00   
   135   4.316242e+00  2.396855e+00   
   136   6.559322e+00  3.443634e+00   
   137   4.152802e+00  2.438470e+00   
   138   5.536695e+00  2.332917e+00   
   139   3.997956e+00  2.500000e+00   
   140   4.868402e+00  2.216445e+00   
   141   6.527832e+00  3.119921e+00   
   142   6.592774e+00  3.236298e+00   
   143   6.474287e+00  3.002014e+00   
   144   6.661017e+00  3.361103e+00   
   145   4.448637e+00  2.207481e+00   
   146   4.614395e+00  2.155928e+00   
   147   4.281608e+00  2.246127e+00   
   148   6.305784e+00  2.676765e+00   
   149   6.446252e+00  2.840077e+00   
   150   4.119693e+00  2.281878e+00   
   151   6.564176e+00  2.987184e+00   
   152   6.163847e+00  2.510745e+00   
   153   4.764894e+00  2.074934e+00   
   154   6.619712e+00  3.060783e+00   
   155   5.106472e+00  2.053574e+00   
   156   6.689534e+00  3.159811e+00   
   157   3.960800e+00  2.318182e+00   
   158   6.762712e+00  3.272604e+00   
   159   6.598530e+00  2.898755e+00   
   160   6.008288e+00  2.301260e+00   
   161   4.573911e+00  2.028932e+00   
   162   4.420553e+00  2.058927e+00   
   163   4.690537e+00  1.996960e+00   
   164   4.255821e+00  2.094680e+00   
   165   6.696182e+00  2.978337e+00   
   166   5.423779e+00  2.004978e+00   
   167   5.791694e+00  2.132607e+00   
   168   4.093134e+00  2.125301e+00   
   169   4.886244e+00  1.930402e+00   
   170   6.781538e+00  3.072977e+00   
   171   6.566756e+00  2.687315e+00   
   172   6.456501e+00  2.547794e+00   
   173   6.864407e+00  3.177806e+00   
   174   6.680683e+00  2.790261e+00   
   175   3.928637e+00  2.136364e+00   
   176   4.722823e+00  1.873482e+00   
   177   6.344513e+00  2.386249e+00   
   178   4.566196e+00  1.875765e+00   
   179   6.781465e+00  2.883496e+00   
   180   4.403844e+00  1.904616e+00   
   181   4.238165e+00  1.940740e+00   
   182   6.050413e+00  2.116439e+00   
   183   6.874139e+00  2.977566e+00   
   184   4.074935e+00  1.983060e+00   
   185   6.241173e+00  2.214319e+00   
   186   3.914223e+00  2.045455e+00   
   187   5.671373e+00  1.900657e+00   
   188   6.966102e+00  3.076320e+00   
   189   5.959347e+00  1.985255e+00   
   190   6.683588e+00  2.571129e+00   
   191   6.774818e+00  2.687444e+00   
   192   5.149778e+00  1.738909e+00   
   193   6.601500e+00  2.429412e+00   
   194   6.869993e+00  2.783822e+00   
   195   4.933966e+00  1.703394e+00   
   196   6.192071e+00  2.048874e+00   
   197   5.385808e+00  1.717843e+00   
   198   4.740717e+00  1.679736e+00   
   199   6.967450e+00  2.877471e+00   
   200   4.564205e+00  1.696030e+00   
   201   4.389927e+00  1.726405e+00   
   202   6.516494e+00  2.265072e+00   
   203   4.221732e+00  1.768297e+00   
   204   4.055133e+00  1.813549e+00   
   205   7.067797e+00  2.967693e+00   
   206   5.872503e+00  1.801485e+00   
   207   3.888629e+00  1.863636e+00   
   208   6.866250e+00  2.589485e+00   
   209   6.418627e+00  2.114156e+00   
   210   6.791417e+00  2.480288e+00   
   211   6.956238e+00  2.686875e+00   
   212   6.126402e+00  1.888391e+00   
   213   5.607231e+00  1.654453e+00   
   214   7.054876e+00  2.778663e+00   
   215   6.746804e+00  2.338071e+00   
   216   6.350511e+00  1.971087e+00   
   217   6.877097e+00  2.431522e+00   
   218   7.158505e+00  2.863636e+00   
   219   6.942526e+00  2.503332e+00   
   220   5.162954e+00  1.481100e+00   
   221   6.046299e+00  1.724180e+00   
   222   4.199506e+00  1.586049e+00   
   223   4.369927e+00  1.536678e+00   
   224   7.033382e+00  2.592194e+00   
   225   4.953453e+00  1.460513e+00   
   226   4.033001e+00  1.633599e+00   
   227   4.546321e+00  1.485611e+00   
   228   5.812993e+00  1.595848e+00   
   229   5.362443e+00  1.473031e+00   
   230   6.696704e+00  2.140464e+00   
   231   4.741875e+00  1.446040e+00   
   232   3.866491e+00  1.681818e+00   
   233   6.558018e+00  2.012932e+00   
   234   7.131432e+00  2.682051e+00   
   235   6.469525e+00  1.934391e+00   
   236   6.901567e+00  2.317519e+00   
   237   6.315920e+00  1.787060e+00   
   238   7.232819e+00  2.772727e+00   
   239   7.003844e+00  2.404810e+00   
   240   7.103060e+00  2.491546e+00   
   241   5.990948e+00  1.558475e+00   
   242   5.558465e+00  1.409737e+00   
   243   6.187925e+00  1.641857e+00   
   244   7.204653e+00  2.584620e+00   
   245   6.500045e+00  1.819154e+00   
   246   6.884360e+00  2.150156e+00   
   247   6.995730e+00  2.263035e+00   
   248   4.169058e+00  1.403715e+00   
   249   4.010875e+00  1.452978e+00   
   250   6.637827e+00  1.880735e+00   
   251   7.303965e+00  2.681818e+00   
   252   6.106775e+00  1.539386e+00   
   253   7.072439e+00  2.313417e+00   
   254   4.330353e+00  1.340811e+00   
   255   3.847437e+00  1.500000e+00   
   256   5.342118e+00  1.286069e+00   
   257   6.779490e+00  1.954999e+00   
   258   5.779875e+00  1.373875e+00   
   259   5.179901e+00  1.253017e+00   
   260   7.173058e+00  2.390633e+00   
   261   4.503399e+00  1.262241e+00   
   262   7.017401e+00  2.164742e+00   
   263   4.968177e+00  1.208828e+00   
   264   7.278131e+00  2.481810e+00   
   265   6.411237e+00  1.609777e+00   
   266   5.981587e+00  1.373707e+00   
   267   7.372881e+00  2.590215e+00   
   268   6.930463e+00  2.002147e+00   
   269   6.271730e+00  1.505628e+00   
   270   6.563823e+00  1.681001e+00   
   271   7.129846e+00  2.212521e+00   
   272   6.137964e+00  1.416556e+00   
   273   4.713085e+00  1.155233e+00   
   274   6.707986e+00  1.745200e+00   
   275   7.242533e+00  2.282910e+00   
   276   4.135497e+00  1.235019e+00   
   277   3.989697e+00  1.272688e+00   
   278   7.065679e+00  2.041155e+00   
   279   5.484241e+00  1.143264e+00   
   280   6.848774e+00  1.809586e+00   
   281   3.831168e+00  1.318182e+00   
   282   4.270638e+00  1.160738e+00   
   283   7.356776e+00  2.363424e+00   
   284   7.190667e+00  2.102380e+00   
   285   6.992324e+00  1.862279e+00   
   286   5.238209e+00  1.041689e+00   
   287   6.490059e+00  1.460071e+00   
   288   4.416498e+00  1.067877e+00   
   289   6.632544e+00  1.544839e+00   
   290   5.764708e+00  1.128751e+00   
   291   7.474576e+00  2.442898e+00   
   292   6.346308e+00  1.353050e+00   
   293   7.310492e+00  2.171936e+00   
   294   6.772365e+00  1.613764e+00   
   295   4.560689e+00  1.014157e+00   
   296   4.103505e+00  1.106311e+00   
   297   7.123852e+00  1.922270e+00   
   298   6.191763e+00  1.247504e+00   
   299   5.018018e+00  9.675002e-01   
   300   6.009363e+00  1.156618e+00   
   301   6.915296e+00  1.675868e+00   
   302   7.430583e+00  2.247817e+00   
   303   7.252735e+00  1.986347e+00   
   304   3.973760e+00  1.088841e+00   
   305   3.817439e+00  1.136364e+00   
   306   4.190310e+00  1.004814e+00   
   307   7.052394e+00  1.736581e+00   
   308   7.553902e+00  2.318182e+00   
   309   7.376822e+00  2.058837e+00   
   310   6.700847e+00  1.415322e+00   
   311   6.573744e+00  1.317054e+00   
   312   6.831768e+00  1.488232e+00   
   313   7.184670e+00  1.799298e+00   
   314   4.788357e+00  8.507209e-01   
   315   7.494276e+00  2.138415e+00   
   316   3.811478e+00  1.045455e+00   
   317   6.431656e+00  1.194013e+00   
   318   3.904974e+00  1.000580e+00   
   319   6.969384e+00  1.551551e+00   
   320   7.316149e+00  1.866946e+00   
   321   5.517704e+00  8.500757e-01   
   322   4.053187e+00  9.282605e-01   
   323   4.552483e+00  8.193614e-01   
   324   5.279435e+00  8.101187e-01   
   325   7.608367e+00  2.227273e+00   
   326   6.279321e+00  1.068509e+00   
   327   4.323257e+00  8.403806e-01   
   328   7.104610e+00  1.613101e+00   
   329   5.074717e+00  7.675938e-01   
   330   7.441603e+00  1.941272e+00   
   331   5.789006e+00  8.571547e-01   
   332   6.771066e+00  1.305673e+00   
   333   6.884475e+00  1.372290e+00   
   334   4.924894e+00  7.276419e-01   
   335   7.242837e+00  1.676439e+00   
   336   3.927498e+00  8.725307e-01   
   337   7.561333e+00  2.019734e+00   
   338   6.672414e+00  1.198812e+00   
   339   7.014458e+00  1.429473e+00   
   340   7.370110e+00  1.745467e+00   
   341   6.099393e+00  8.765123e-01   
   342   7.677966e+00  2.105294e+00   
   343   3.801268e+00  8.636364e-01   
   344   6.826528e+00  1.236267e+00   
   345   7.149033e+00  1.488411e+00   
   346   4.117327e+00  7.523761e-01   
   347   7.499024e+00  1.818171e+00   
   348   6.394474e+00  9.560092e-01   
   349   6.922942e+00  1.264523e+00   
   350   6.558735e+00  1.026886e+00   
   351   7.287583e+00  1.551729e+00   
   352   6.793712e+00  1.141063e+00   
   353   4.736740e+00  5.889258e-01   
   354   7.625718e+00  1.891860e+00   
   355   7.050049e+00  1.306420e+00   
   356   5.290164e+00  5.861704e-01   
   357   5.088135e+00  5.717392e-01   
   358   4.911608e+00  5.646110e-01   
   359   7.422431e+00  1.620314e+00   
   360   4.536682e+00  5.797498e-01   
   361   3.949721e+00  7.050575e-01   
   362   5.519089e+00  5.932436e-01   
   363   7.189480e+00  1.359339e+00   
   364   4.333922e+00  5.728658e-01   
   365   6.930717e+00  1.143116e+00   
   366   7.755956e+00  1.954545e+00   
   367   7.553167e+00  1.693649e+00   
   368   6.757906e+00  9.922608e-01   
   369   3.793161e+00  6.818182e-01   
   370   7.327794e+00  1.421435e+00   
   371   6.362908e+00  7.790406e-01   
   372   5.777272e+00  5.783342e-01   
   373   7.679977e+00  1.770510e+00   
   374   7.074728e+00  1.172993e+00   
   375   4.140122e+00  5.448500e-01   
   376   7.467164e+00  1.490030e+00   
   377   7.799960e+00  1.863636e+00   
   378   6.569223e+00  7.984840e-01   
   379   7.222658e+00  1.222638e+00   
   380   6.932897e+00  9.945335e-01   
   381   7.602398e+00  1.562363e+00   
   382   3.958838e+00  5.168122e-01   
   383   5.085508e+00  3.757225e-01   
   384   4.900474e+00  3.730975e-01   
   385   4.717401e+00  3.753803e-01   
   386   6.068481e+00  5.452665e-01   
   387   5.284196e+00  3.780570e-01   
   388   7.366948e+00  1.284640e+00   
   389   4.527093e+00  3.676052e-01   
   390   5.500081e+00  3.700484e-01   
   391   7.737570e+00  1.630615e+00   
   392   6.765002e+00  8.111218e-01   
   393   7.096316e+00  1.025482e+00   
   394   3.787056e+00  5.000000e-01   
   395   4.335670e+00  3.599768e-01   
   396   7.508260e+00  1.350776e+00   
   397   7.255040e+00  1.071361e+00   
   398   7.646036e+00  1.424611e+00   
   399   4.145994e+00  3.424295e-01   
   400   7.881124e+00  1.681818e+00   
   401   6.947151e+00  8.296151e-01   
   402   5.739280e+00  3.288173e-01   
   403   7.408331e+00  1.130746e+00   
   404   6.604553e+00  5.958608e-01   
   405   7.783273e+00  1.500134e+00   
   406   6.388541e+00  4.851568e-01   
   407   3.962201e+00  3.269792e-01   
   408   5.075772e+00  1.912699e-01   
   409   4.891085e+00  1.868985e-01   
   410   5.269888e+00  1.916401e-01   
   411   7.122599e+00  8.630402e-01   
   412   4.706787e+00  1.783312e-01   
   413   7.554152e+00  1.198485e+00   
   414   7.916934e+00  1.590909e+00   
   415   6.786282e+00  6.321928e-01   
   416   4.520814e+00  1.713466e-01   
   417   5.468104e+00  1.757499e-01   
   418   3.782875e+00  3.181818e-01   
   419   7.694175e+00  1.276409e+00   
   420   7.291553e+00  9.081189e-01   
   421   4.334938e+00  1.611002e-01   
   422   6.001671e+00  2.518500e-01   
   423   6.966788e+00  6.597851e-01   
   424   7.832551e+00  1.354401e+00   
   425   6.674165e+00  4.676096e-01   
   426   4.148980e+00  1.489276e-01   
   427   7.453971e+00  9.613317e-01   
   428   5.670333e+00  1.177215e-01   
   429   7.142341e+00  6.963328e-01   
   430   3.964654e+00  1.412667e-01   
   431   5.063924e+00  1.431346e-02   
   432   5.251481e+00  2.148347e-02   
   433   7.608597e+00  1.032919e+00   
   434   6.811236e+00  4.699848e-01   
   435   4.881306e+00  4.895346e-03   
   436   7.983051e+00  1.413086e+00   
   437   6.601354e+00  3.502864e-01   
   438   5.433157e+00  1.764561e-02   
   439   4.699360e+00 -5.803375e-03   
   440   7.743961e+00  1.128141e+00   
   441   3.780569e+00  1.363636e-01   
   442   7.318203e+00  7.368889e-01   
   443   4.516468e+00 -1.731858e-02   
   444   5.578852e+00  5.114913e-03   
   445   6.300827e+00  1.883291e-01   
   446   7.876901e+00  1.218637e+00   
   447   6.979386e+00  4.957806e-01   
   448   4.333238e+00 -2.720141e-02   
   449   8.013626e+00  1.318182e+00   
   450   7.494881e+00  7.830323e-01   
   451   4.149939e+00 -3.707118e-02   
   452   6.792887e+00  3.168279e-01   
   453   7.161774e+00  5.256171e-01   
   454   5.239997e+00 -1.436092e-01   
   455   5.891898e+00 -4.587833e-02   
   456   5.052707e+00 -1.563703e-01   
   457   7.801076e+00  9.862984e-01   
   458   3.966033e+00 -4.348430e-02   
   459   5.431772e+00 -1.358889e-01   
   460   4.871310e+00 -1.715928e-01   
   461   5.633065e+00 -1.200224e-01   
   462   6.550708e+00  1.425598e-01   
   463   7.923422e+00  1.075012e+00   
   464   7.686043e+00  8.470161e-01   
   465   7.336524e+00  5.616360e-01   
   466   4.691849e+00 -1.868724e-01   
   467   6.977747e+00  3.277353e-01   
   468   3.780109e+00 -4.545455e-02   
   469   4.511750e+00 -2.002124e-01   
   470   8.067463e+00  1.136364e+00   
   471   4.330493e+00 -2.122330e-01   
   472   7.867131e+00  9.114614e-01   
   473   7.506938e+00  6.000677e-01   
   474   7.160029e+00  3.554340e-01   
   475   6.767956e+00  1.362093e-01   
   476   7.965979e+00  9.623876e-01   
   477   4.148911e+00 -2.197144e-01   
   478   5.227632e+00 -3.103004e-01   
   479   7.844158e+00  8.013405e-01   
   480   5.041725e+00 -3.242378e-01   
   481   8.091395e+00  1.045455e+00   
   482   6.262821e+00 -1.204135e-01   
   483   5.423580e+00 -3.075675e-01   
   484   7.337821e+00  3.895965e-01   
   485   3.966982e+00 -2.265631e-01   
   486   4.861002e+00 -3.417950e-01   
   487   7.681504e+00  6.314905e-01   
   488   6.967072e+00  1.525759e-01   
   489   4.683283e+00 -3.598644e-01   
   490   5.630822e+00 -3.165958e-01   
   491   6.534517e+00 -8.026369e-02   
   492   3.781490e+00 -2.272727e-01   
   493   4.505377e+00 -3.777338e-01   
   494   7.510935e+00  4.257912e-01   
   495   7.981967e+00  8.176225e-01   
   496   7.157005e+00  1.805868e-01   
   497   4.326075e+00 -3.880665e-01   
   498   6.760249e+00 -5.656632e-02   
   499   7.842793e+00  6.366342e-01   
   500   5.879764e+00 -3.681314e-01   
   501   4.146824e+00 -3.986719e-01   
   502   8.131779e+00  8.636364e-01   
   503   7.339888e+00  2.172036e-01   
   504   7.683240e+00  4.576235e-01   
   505   5.216561e+00 -4.765835e-01   
   506   5.034903e+00 -4.921601e-01   
   507   5.405400e+00 -4.720473e-01   
   508   6.965337e+00 -2.987947e-02   
   509   4.854007e+00 -5.098189e-01   
   510   3.966269e+00 -4.054702e-01   
   511   5.588803e+00 -4.739157e-01   
   512   6.408600e+00 -2.779067e-01   
   513   8.000080e+00  6.580385e-01   
   514   4.676223e+00 -5.307221e-01   
   515   7.515741e+00  2.558773e-01   
   516   6.178265e+00 -3.863480e-01   
   517   5.743000e+00 -4.876805e-01   
   518   3.784728e+00 -4.090909e-01   
   519   6.573647e+00 -2.666009e-01   
   520   7.849387e+00  4.815992e-01   
   521   4.499298e+00 -5.494995e-01   
   522   7.158764e+00  1.895257e-03   
   523   4.321607e+00 -5.636271e-01   
   524   7.687223e+00  2.932922e-01   
   525   6.772945e+00 -2.479830e-01   
   526   7.343294e+00  4.257710e-02   
   527   8.165145e+00  6.818182e-01   
   528   4.144632e+00 -5.746130e-01   
   529   5.211467e+00 -6.463961e-01   
   530   8.014036e+00  5.089557e-01   
   531   5.027321e+00 -6.580001e-01   
   532   5.398916e+00 -6.421876e-01   
   533   6.389765e+00 -4.408692e-01   
   534   4.847894e+00 -6.763101e-01   
   535   5.583923e+00 -6.379629e-01   
   536   6.975262e+00 -2.174227e-01   
   537   3.966111e+00 -5.843318e-01   
   538   7.520270e+00  8.462330e-02   
   539   7.855595e+00  3.264721e-01   
   540   5.765283e+00 -6.322584e-01   
   541   4.672660e+00 -6.959679e-01   
   542   5.954833e+00 -6.041544e-01   
   543   7.169038e+00 -1.790600e-01   
   544   3.789864e+00 -5.909091e-01   
   545   6.589822e+00 -4.432409e-01   
   546   4.495513e+00 -7.163613e-01   
   547   7.691451e+00  1.270641e-01   
   548   8.186441e+00  5.350321e-01   
   549   4.321621e+00 -7.293937e-01   
   550   6.184179e+00 -6.104756e-01   
   551   8.026038e+00  3.605831e-01   
   552   7.353870e+00 -1.354205e-01   
   553   6.791137e+00 -4.325819e-01   
   554   4.145723e+00 -7.437187e-01   
   555   5.206401e+00 -8.153115e-01   
   556   7.861484e+00  1.647312e-01   
   557   5.023424e+00 -8.246405e-01   
   558   5.394873e+00 -8.123443e-01   
   559   7.530595e+00 -8.702528e-02   
   560   4.845755e+00 -8.411261e-01   
   561   6.397706e+00 -6.287531e-01   
   562   5.586022e+00 -8.099883e-01   
   563   8.200097e+00  4.090909e-01   
   564   3.970891e+00 -7.566455e-01   
   565   6.993346e+00 -4.061249e-01   
   566   4.671010e+00 -8.604782e-01   
   567   5.782510e+00 -8.111045e-01   
   568   7.699988e+00 -4.148926e-02   
   569   4.497600e+00 -8.777630e-01   
   570   8.034424e+00  1.978138e-01   
   571   7.188255e+00 -3.652918e-01   
   572   3.796959e+00 -7.727273e-01   
   573   6.604738e+00 -6.329117e-01   
   574   5.983025e+00 -8.115781e-01   
   575   4.323642e+00 -8.938678e-01   
   576   7.376030e+00 -3.170292e-01   
   577   7.867765e+00 -3.292668e-03   
   578   4.151900e+00 -9.067483e-01   
   579   6.200400e+00 -8.192818e-01   
   580   6.811887e+00 -6.213684e-01   
   581   5.020633e+00 -9.936022e-01   
   582   5.202535e+00 -9.897975e-01   
   583   7.550237e+00 -2.598535e-01   
   584   8.213268e+00  2.272727e-01   
   585   5.391482e+00 -9.883881e-01   
   586   4.844800e+00 -1.007029e+00   
   587   3.978232e+00 -9.235500e-01   
   588   4.672001e+00 -1.022680e+00   
   589   5.586939e+00 -9.916770e-01   
   590   7.014477e+00 -5.959269e-01   
   591   7.714366e+00 -2.093064e-01   
   592   8.039644e+00  2.545550e-02   
   593   6.413250e+00 -8.278361e-01   
   594   4.500236e+00 -1.040345e+00   
   595   5.787405e+00 -1.001027e+00   
   596   3.806102e+00 -9.545455e-01   
   597   7.214465e+00 -5.566583e-01   
   598   4.330276e+00 -1.055345e+00   
   599   7.875953e+00 -1.717282e-01   
   600   6.622668e+00 -8.259209e-01   
   601   5.994359e+00 -1.011772e+00   
   602   4.160003e+00 -1.065857e+00   
   603   7.410470e+00 -5.041988e-01   
   604   8.218942e+00  4.545455e-02   
   605   7.582187e+00 -4.275811e-01   
   606   3.988537e+00 -1.073733e+00   
   607   5.014154e+00 -1.166575e+00   
   608   6.829225e+00 -8.117615e-01   
   609   4.840814e+00 -1.170705e+00   
   610   5.194474e+00 -1.167990e+00   
   611   6.208475e+00 -1.022580e+00   
   612   8.042304e+00 -1.482446e-01   
   613   7.732751e+00 -3.659657e-01   
   614   5.384876e+00 -1.170432e+00   
   615   4.672544e+00 -1.184107e+00   
   616   3.813559e+00 -1.077472e+00   
   617   5.581921e+00 -1.178321e+00   
   618   4.505589e+00 -1.199772e+00   
   619   7.031859e+00 -7.848827e-01   
   620   6.416844e+00 -1.025054e+00   
   621   7.882447e+00 -3.300027e-01   
   622   4.338915e+00 -1.214186e+00   
   623   5.784123e+00 -1.191903e+00   
   624   7.236966e+00 -7.514463e-01   
   625   8.217048e+00 -1.363636e-01   
   626   4.171874e+00 -1.226817e+00   
   627   6.631574e+00 -1.020028e+00   
   628   5.982860e+00 -1.208145e+00   
   629   7.635291e+00 -5.803064e-01   
   630   8.039938e+00 -3.153311e-01   
   631   7.761743e+00 -5.036607e-01   
   632   3.999965e+00 -1.232787e+00   
   633   4.835370e+00 -1.331271e+00   
   634   5.000697e+00 -1.334004e+00   
   635   6.838071e+00 -9.986607e-01   
   636   4.673573e+00 -1.340988e+00   
   637   3.823999e+00 -1.227273e+00   
   638   7.472189e+00 -7.168598e-01   
   639   7.888784e+00 -4.753908e-01   
   640   5.178588e+00 -1.355763e+00   
   641   6.195044e+00 -1.224490e+00   
   642   5.375297e+00 -1.357017e+00   
   643   4.510898e+00 -1.357095e+00   
   644   7.036494e+00 -9.712277e-01   
   645   5.571675e+00 -1.361547e+00   
   646   7.794182e+00 -5.929137e-01   
   647   4.347923e+00 -1.374811e+00   
   648   8.207612e+00 -3.181818e-01   
   649   6.414076e+00 -1.229771e+00   
   650   5.765071e+00 -1.376634e+00   
   651   8.033816e+00 -4.730595e-01   
   652   4.182920e+00 -1.390726e+00   
   653   7.734059e+00 -6.756881e-01   
   654   7.229352e+00 -9.473846e-01   
   655   7.889087e+00 -5.992022e-01   
   656   4.827488e+00 -1.480820e+00   
   657   4.013419e+00 -1.402149e+00   
   658   6.631134e+00 -1.218586e+00   
   659   4.975676e+00 -1.492759e+00   
   660   5.957914e+00 -1.404416e+00   
   661   4.675480e+00 -1.491480e+00   
   662   7.650826e+00 -8.072326e-01   
   663   3.838971e+00 -1.409091e+00   
   664   6.837278e+00 -1.190023e+00   
   665   7.422364e+00 -9.383159e-01   
   666   4.518245e+00 -1.512645e+00   
   667   8.023635e+00 -6.045590e-01   
   668   7.855937e+00 -7.222996e-01   
   669   8.190748e+00 -5.000000e-01   
   670   5.366647e+00 -1.543224e+00   
   671   7.031447e+00 -1.153268e+00   
   672   4.359197e+00 -1.533884e+00   
   673   5.143885e+00 -1.564042e+00   
   674   5.558984e+00 -1.535743e+00   
   675   6.166843e+00 -1.434690e+00   
   676   4.930636e+00 -1.592172e+00   
   677   5.731225e+00 -1.541925e+00   
   678   4.196275e+00 -1.554839e+00   
   679   7.214918e+00 -1.127082e+00   
   680   4.822277e+00 -1.610516e+00   
   681   8.179065e+00 -5.909091e-01   
   682   6.379961e+00 -1.440341e+00   
   683   7.598750e+00 -9.737407e-01   
   684   4.682087e+00 -1.635153e+00   
   685   7.806446e+00 -8.623864e-01   
   686   4.029403e+00 -1.574188e+00   
   687   7.996500e+00 -7.517313e-01   
   688   5.899119e+00 -1.590935e+00   
   689   6.607932e+00 -1.428870e+00   
   690   4.991165e+00 -1.677787e+00   
   691   4.530620e+00 -1.664050e+00   
   692   7.390635e+00 -1.124813e+00   
   693   3.856599e+00 -1.590909e+00   
   694   5.698180e+00 -1.661736e+00   
   695   6.833360e+00 -1.396145e+00   
   696   4.373827e+00 -1.691433e+00   
   697   5.567966e+00 -1.690708e+00   
   698   7.033913e+00 -1.331305e+00   
   699   4.848253e+00 -1.735517e+00   
   700   5.390921e+00 -1.721411e+00   
   701   7.761960e+00 -1.012674e+00   
   702   8.149367e+00 -7.727273e-01   
   703   7.203854e+00 -1.291045e+00   
   704   7.959290e+00 -9.039492e-01   
   705   5.201355e+00 -1.759559e+00   
   706   4.212993e+00 -1.718221e+00   
   707   6.090358e+00 -1.653660e+00   
   708   7.560617e+00 -1.139596e+00   
   709   4.700637e+00 -1.776654e+00   
   710   5.795348e+00 -1.752574e+00   
   711   4.047616e+00 -1.745198e+00   
   712   7.366012e+00 -1.296616e+00   
   713   5.033225e+00 -1.824792e+00   
   714   4.548541e+00 -1.813246e+00   
   715   6.330995e+00 -1.668034e+00   
   716   7.921780e+00 -1.047134e+00   
   717   7.721725e+00 -1.165287e+00   
   718   7.201845e+00 -1.420217e+00   
   719   3.877153e+00 -1.772727e+00   
   720   4.390694e+00 -1.845757e+00   
   721   5.620683e+00 -1.838755e+00   
   722   4.875578e+00 -1.879163e+00   
   723   8.112435e+00 -9.545455e-01   
   724   6.574986e+00 -1.657289e+00   
   725   7.064403e+00 -1.499056e+00   
   726   7.531943e+00 -1.296261e+00   
   727   5.427714e+00 -1.892155e+00   
   728   4.230969e+00 -1.877568e+00   
   729   4.722111e+00 -1.924254e+00   
   730   5.237459e+00 -1.934949e+00   
   731   6.843887e+00 -1.635467e+00   
   732   8.084746e+00 -1.071993e+00   
   733   7.881198e+00 -1.198109e+00   
   734   4.066826e+00 -1.909270e+00   
   735   4.566157e+00 -1.964486e+00   
   736   7.338781e+00 -1.476738e+00   
   737   7.688011e+00 -1.315791e+00   
   738   5.063086e+00 -1.982913e+00   
   739   5.959863e+00 -1.916218e+00   
   740   7.514576e+00 -1.442553e+00   
   741   4.409440e+00 -2.000780e+00   
   742   4.898723e+00 -2.032092e+00   
   743   7.177965e+00 -1.609234e+00   
   744   3.900968e+00 -1.954545e+00   
   745   6.252350e+00 -1.908881e+00   
   746   5.686434e+00 -2.015786e+00   
   747   4.249624e+00 -2.031486e+00   
   748   8.041339e+00 -1.227273e+00   
   749   4.741147e+00 -2.076747e+00   
   750   7.839299e+00 -1.350395e+00   
   751   5.464476e+00 -2.067293e+00   
   752   7.659076e+00 -1.451219e+00   
   753   6.499238e+00 -1.898647e+00   
   754   7.021794e+00 -1.746357e+00   
   755   5.267885e+00 -2.104953e+00   
   756   4.085569e+00 -2.052656e+00   
   757   7.527637e+00 -1.548760e+00   
   758   4.584181e+00 -2.116622e+00   
   759   3.915254e+00 -2.052124e+00   
   760   5.087945e+00 -2.143807e+00   
   761   6.726216e+00 -1.892302e+00   
   762   7.437150e+00 -1.631511e+00   
   763   4.427583e+00 -2.154098e+00   
   764   7.801835e+00 -1.478613e+00   
   765   7.288382e+00 -1.720972e+00   
   766   4.919520e+00 -2.185206e+00   
   767   7.631185e+00 -1.572216e+00   
   768   7.984409e+00 -1.409091e+00   
   769   4.269520e+00 -2.187223e+00   
   770   4.760018e+00 -2.226139e+00   
   771   6.912507e+00 -1.926646e+00   
   772   7.163835e+00 -1.836825e+00   
   773   7.579620e+00 -1.678815e+00   
   774   4.108895e+00 -2.212536e+00   
   775   7.450333e+00 -1.746721e+00   
   776   7.951426e+00 -1.500000e+00   
   777   5.481789e+00 -2.253354e+00   
   778   4.602453e+00 -2.267389e+00   
   779   6.221813e+00 -2.148531e+00   
   780   7.756581e+00 -1.614201e+00   
   781   5.698758e+00 -2.238097e+00   
   782   5.286235e+00 -2.274702e+00   
   783   5.104551e+00 -2.302379e+00   
   784   7.374538e+00 -1.818773e+00   
   785   3.944141e+00 -2.227273e+00   
   786   6.444023e+00 -2.131096e+00   
   787   5.965918e+00 -2.238344e+00   
   788   4.447449e+00 -2.304044e+00   
   789   4.937556e+00 -2.337167e+00   
   790   7.065228e+00 -1.977100e+00   
   791   6.658731e+00 -2.107115e+00   
   792   7.539827e+00 -1.791512e+00   
   793   7.708636e+00 -1.727210e+00   
   794   7.284768e+00 -1.924692e+00   
   795   4.291704e+00 -2.341155e+00   
   796   4.776951e+00 -2.375214e+00   
   797   6.843393e+00 -2.099705e+00   
   798   7.881356e+00 -1.681269e+00   
   799   7.474848e+00 -1.894003e+00   
   800   4.622704e+00 -2.412788e+00   
   801   4.135902e+00 -2.374638e+00   
   802   6.240710e+00 -2.310603e+00   
   803   7.654508e+00 -1.846511e+00   
   804   5.293815e+00 -2.439087e+00   
   805   6.992051e+00 -2.116140e+00   
   806   7.197417e+00 -2.048123e+00   
   807   5.477688e+00 -2.433323e+00   
   808   5.120527e+00 -2.456583e+00   
   809   7.841106e+00 -1.772727e+00   
   810   4.468057e+00 -2.453534e+00   
   811   3.978705e+00 -2.409091e+00   
   812   4.956755e+00 -2.483903e+00   
   813   5.672604e+00 -2.444347e+00   
   814   7.401290e+00 -2.004192e+00   
   815   6.104007e+00 -2.413187e+00   
   816   4.795873e+00 -2.517800e+00   
   817   4.316561e+00 -2.489293e+00   
   818   7.589541e+00 -1.965666e+00   
   819   6.641674e+00 -2.305558e+00   
   820   6.826013e+00 -2.254093e+00   
   821   6.396311e+00 -2.370091e+00   
   822   6.947040e+00 -2.225780e+00   
   823   5.866435e+00 -2.481041e+00   
   824   7.116866e+00 -2.181240e+00   
   825   7.779661e+00 -1.907121e+00   
   826   4.643355e+00 -2.555016e+00   
   827   7.323107e+00 -2.123985e+00   
   828   4.164837e+00 -2.530416e+00   
   829   7.525163e+00 -2.077023e+00   
   830   5.136190e+00 -2.604886e+00   
   831   5.304784e+00 -2.598536e+00   
   832   4.490660e+00 -2.594971e+00   
   833   4.973062e+00 -2.624062e+00   
   834   5.478423e+00 -2.605979e+00   
   835   7.709324e+00 -2.045455e+00   
   836   7.029289e+00 -2.313614e+00   
   837   4.016949e+00 -2.583501e+00   
   838   4.820659e+00 -2.654456e+00   
   839   6.008040e+00 -2.571795e+00   
   840   6.230451e+00 -2.532020e+00   
   841   7.248705e+00 -2.247083e+00   
   842   4.341648e+00 -2.632066e+00   
   843   5.651080e+00 -2.626246e+00   
   844   6.871946e+00 -2.385330e+00   
   845   7.449297e+00 -2.201869e+00   
   846   4.666714e+00 -2.690891e+00   
   847   4.194511e+00 -2.663315e+00   
   848   7.660524e+00 -2.136364e+00   
   849   5.819179e+00 -2.669678e+00   
   850   6.701550e+00 -2.504359e+00   
   851   4.521360e+00 -2.728204e+00   
   852   4.041484e+00 -2.681818e+00   
   853   7.178593e+00 -2.366214e+00   
   854   6.481006e+00 -2.571817e+00   
   855   5.155412e+00 -2.748902e+00   
   856   7.032797e+00 -2.424513e+00   
   857   5.314264e+00 -2.747687e+00   
   858   4.999201e+00 -2.760265e+00   
   859   6.119911e+00 -2.662011e+00   
   860   7.374750e+00 -2.323438e+00   
   861   4.846986e+00 -2.785069e+00   
   862   5.480140e+00 -2.765810e+00   
   863   6.945376e+00 -2.486903e+00   
   864   4.373263e+00 -2.768662e+00   
   865   5.960422e+00 -2.728492e+00   
   866   7.576271e+00 -2.282356e+00   
   867   6.312206e+00 -2.680405e+00   
   868   4.703454e+00 -2.820088e+00   
   869   7.123725e+00 -2.473021e+00   
   870   5.644594e+00 -2.794760e+00   
   871   6.054929e+00 -2.755138e+00   
   872   4.230078e+00 -2.808962e+00   
   873   6.840781e+00 -2.579804e+00   
   874   7.307273e+00 -2.431473e+00   
   875   4.554805e+00 -2.858291e+00   
   876   5.171991e+00 -2.882770e+00   
   877   5.025683e+00 -2.887463e+00   
   878   7.042829e+00 -2.567865e+00   
   879   5.802326e+00 -2.844252e+00   
   880   7.496291e+00 -2.409091e+00   
   881   6.193869e+00 -2.785765e+00   
   882   5.328062e+00 -2.895082e+00   
   883   6.680605e+00 -2.685773e+00   
   884   4.887844e+00 -2.912029e+00   
   885   4.092684e+00 -2.863636e+00   
   886   4.409561e+00 -2.898068e+00   
   887   6.523634e+00 -2.739333e+00   
   888   7.240478e+00 -2.536239e+00   
   889   6.786601e+00 -2.679829e+00   
   890   5.486832e+00 -2.918308e+00   
   891   4.745313e+00 -2.946100e+00   
   892   7.435273e+00 -2.500000e+00   
   893   6.947193e+00 -2.668682e+00   
   894   4.270485e+00 -2.933515e+00   
   895   6.088895e+00 -2.873533e+00   
   896   6.380654e+00 -2.827646e+00   
   897   5.642432e+00 -2.948660e+00   
   898   5.961480e+00 -2.918122e+00   
   899   4.602647e+00 -2.984620e+00   
   900   4.121573e+00 -2.954545e+00   
   901   7.155872e+00 -2.646879e+00   
   902   5.056734e+00 -3.006556e+00   
   903   5.188428e+00 -3.014660e+00   
   904   7.372366e+00 -2.590909e+00   
   905   4.933392e+00 -3.029482e+00   
   906   5.780401e+00 -2.991293e+00   
   907   6.846682e+00 -2.780397e+00   
   908   4.459961e+00 -3.026076e+00   
   909   6.710635e+00 -2.819570e+00   
   910   6.265095e+00 -2.924722e+00   
   911   5.338506e+00 -3.043651e+00   
   912   6.575804e+00 -2.881147e+00   
   913   4.799164e+00 -3.070885e+00   
   914   7.060249e+00 -2.756542e+00   
   915   5.498683e+00 -3.067824e+00   
   916   5.079434e+00 -3.094619e+00   
   917   4.320727e+00 -3.072485e+00   
   918   6.163346e+00 -3.008041e+00   
   919   5.894290e+00 -3.051511e+00   
   920   4.656586e+00 -3.109663e+00   
   921   7.271186e+00 -2.725302e+00   
   922   5.644590e+00 -3.091351e+00   
   923   6.457005e+00 -2.965094e+00   
   924   5.183352e+00 -3.138284e+00   
   925   5.000342e+00 -3.144150e+00   
   926   6.832368e+00 -2.892280e+00   
   927   6.971667e+00 -2.861470e+00   
   928   5.771594e+00 -3.113476e+00   
   929   4.512679e+00 -3.149710e+00   
   930   6.747713e+00 -2.937448e+00   
   931   6.061295e+00 -3.086661e+00   
   932   4.188920e+00 -3.136364e+00   
   933   5.858852e+00 -3.132107e+00   
   934   6.342337e+00 -3.057909e+00   
   935   4.871202e+00 -3.201143e+00   
   936   7.169492e+00 -2.851004e+00   
   937   5.338849e+00 -3.197040e+00   
   938   6.643147e+00 -3.008331e+00   
   939   4.375289e+00 -3.193937e+00   
   940   6.902710e+00 -2.958994e+00   
   941   5.976426e+00 -3.164520e+00   
   942   4.719386e+00 -3.237202e+00   
   943   5.508932e+00 -3.222916e+00   
   944   5.117636e+00 -3.256552e+00   
   945   6.238097e+00 -3.147249e+00   
   946   4.227598e+00 -3.227273e+00   
   947   6.529225e+00 -3.093675e+00   
   948   5.665650e+00 -3.235444e+00   
   949   7.079267e+00 -2.954545e+00   
   950   5.894691e+00 -3.218235e+00   
   951   6.817143e+00 -3.038470e+00   
   952   4.574260e+00 -3.274435e+00   
   953   5.796947e+00 -3.238504e+00   
   954   6.139692e+00 -3.218102e+00   
   955   6.421696e+00 -3.182858e+00   
   956   6.994910e+00 -3.045455e+00   
   957   6.719847e+00 -3.121053e+00   
   958   4.440153e+00 -3.326279e+00   
   959   4.970700e+00 -3.362863e+00   
   960   4.775688e+00 -3.368362e+00   
   961   6.045793e+00 -3.291067e+00   
   962   6.317705e+00 -3.265941e+00   
   963   5.315950e+00 -3.385740e+00   
   964   4.626587e+00 -3.387737e+00   
   965   6.616563e+00 -3.207879e+00   
   966   6.905793e+00 -3.136364e+00   
   967   5.946540e+00 -3.337808e+00   
   968   5.532547e+00 -3.391355e+00   
   969   5.834086e+00 -3.370031e+00   
   970   5.700385e+00 -3.387536e+00   
   971   4.319963e+00 -3.409091e+00   
   972   4.499669e+00 -3.435817e+00   
   973   6.213584e+00 -3.347432e+00   
   974   6.507065e+00 -3.298606e+00   
   975   6.811156e+00 -3.227273e+00   
   976   4.786081e+00 -3.485646e+00   
   977   5.152246e+00 -3.490524e+00   
   978   4.663399e+00 -3.490650e+00   
   979   6.112002e+00 -3.409675e+00   
   980   4.932386e+00 -3.509144e+00   
   981   4.376583e+00 -3.500000e+00   
   982   6.397446e+00 -3.386226e+00   
   983   6.710114e+00 -3.318182e+00   
   984   4.555355e+00 -3.529251e+00   
   985   6.006569e+00 -3.466071e+00   
   986   4.685572e+00 -3.559965e+00   
   987   5.054374e+00 -3.567455e+00   
   988   5.889711e+00 -3.509588e+00   
   989   5.751188e+00 -3.542261e+00   
   990   4.774138e+00 -3.585746e+00   
   991   6.286752e+00 -3.468918e+00   
   992   6.601631e+00 -3.409091e+00   
   993   5.592510e+00 -3.566339e+00   
   994   4.441345e+00 -3.590909e+00   
   995   5.421447e+00 -3.595226e+00   
   996   4.620484e+00 -3.614429e+00   
   997   6.182063e+00 -3.534129e+00   
   998   4.905521e+00 -3.636481e+00   
   999   6.484495e+00 -3.500000e+00   
   1000   5.251765e+00 -3.650345e+00   
   1001   6.074834e+00 -3.593255e+00   
   1002   4.715583e+00 -3.679188e+00   
   1003   4.525424e+00 -3.689313e+00   
   1004   5.078489e+00 -3.702696e+00   
   1005   5.957298e+00 -3.645416e+00   
   1006   6.357284e+00 -3.590909e+00   
   1007   5.806605e+00 -3.696957e+00   
   1008   4.837069e+00 -3.748337e+00   
   1009   6.254237e+00 -3.657398e+00   
   1010   5.664856e+00 -3.736516e+00   
   1011   4.627119e+00 -3.783296e+00   
   1012   5.501289e+00 -3.774819e+00   
   1013   6.152542e+00 -3.717683e+00   
   1014   4.980990e+00 -3.818321e+00   
   1015   5.348133e+00 -3.812988e+00   
   1016   5.184497e+00 -3.846979e+00   
   1017   6.050847e+00 -3.772862e+00   
   1018   4.742874e+00 -3.863636e+00   
   1019   5.066462e+00 -3.880232e+00   
   1020   5.853079e+00 -3.863636e+00   
   1021   5.745763e+00 -3.903956e+00   
   1022   4.932203e+00 -3.949174e+00   
   1023   5.033898e+00 -3.975397e+00   
   1024   5.570721e+00 -3.954545e+00   
   1025   5.440678e+00 -3.980614e+00   
   1026   5.237288e+00 -3.995717e+00   
  END_COORDINATES
  BOUNDARIES, ELEMENT
    1         305     316         1     
    2         316     343         2     
    3         343     369         3     
    4         369     394         4     
    5         394     418         5     
    6         418     441         6     
    7         441     468         7     
    8         468     492         8     
    9         492     518         9     
    10         518     544         10     
    11         544     572         11     
    12         572     596         12     
    13         596     616         13     
    14         616     637         14     
    15         281     305         15     
    16         637     663         16     
    17         255     281         17     
    18         663     693         18     
    19         232     255         19     
    20         693     719         20     
    21         207     232         21     
    22         719     744         22     
    23         744     759         23     
    24         759     785         24     
    25         186     207         25     
    26         175     186         26     
    27         157     175         27     
    28         785     811         28     
    29         811     837         29     
    30         837     852         30     
    31         139     157         31     
    32         125     139         32     
    33         112     125         33     
    34         98     112         34     
    35         86     98         35     
    36         72     86         36     
    37         62     72         37     
    38         51     62         38     
    39         35     51         39     
    40         23     35         40     
    41         14     23         41     
    42         6     14         42     
    43         2     6         43     
    44         1     2         44     
    45         5     1         45     
    46         852     885         46     
    47         885     900         47     
    48         900     932         48     
    49         932     946         49     
    50         15     5         50     
    51         946     971         51     
    52         971     981         52     
    53         981     994         53     
    54         994     1003         54     
    55         1003     1011         55     
    56         1011     1018         56     
    57         31     15         57     
    58         39     31         58     
    59         1018     1022         59     
    60         1022     1023         60     
    61         1023     1026         61     
    62         1026     1025         62     
    63         1025     1024         63     
    64         1024     1021         64     
    65         1021     1020         65     
    66         59     39         66     
    67         70     59         67     
    68         77     70         68     
    69         93     77         69     
    70         109     93         70     
    71         122     109         71     
    72         136     122         72     
    73         144     136         73     
    74         158     144         74     
    75         173     158         75     
    76         188     173         76     
    77         205     188         77     
    78         218     205         78     
    79         238     218         79     
    80         251     238         80     
    81         267     251         81     
    82         291     267         82     
    83         308     291         83     
    84         325     308         84     
    85         342     325         85     
    86         366     342         86     
    87         377     366         87     
    88         400     377         88     
    89         414     400         89     
    90         436     414         90     
    91         449     436         91     
    92         470     449         92     
    93         481     470         93     
    94         502     481         94     
    95         527     502         95     
    96         548     527         96     
    97         563     548         97     
    98         584     563         98     
    99         604     584         99     
    100         625     604         100     
    101         648     625         101     
    102         669     648         102     
    103         681     669         103     
    104         702     681         104     
    105         723     702         105     
    106         732     723         106     
    107         748     732         107     
    108         768     748         108     
    109         776     768         109     
    110         798     776         110     
    111         809     798         111     
    112         825     809         112     
    113         835     825         113     
    114         848     835         114     
    115         866     848         115     
    116         880     866         116     
    117         892     880         117     
    118         904     892         118     
    119         921     904         119     
    120         936     921         120     
    121         949     936         121     
    122         956     949         122     
    123         966     956         123     
    124         975     966         124     
    125         983     975         125     
    126         992     983         126     
    127         999     992         127     
    128         1006     999         128     
    129         1009     1006         129     
    130         1013     1009         130     
    131         1017     1013         131     
    132         1020     1017         132     
  END_BOUNDARIES
  MATERIALS, NUMBER= 1, DEFAULT=1
  END_MATERIALS
  SUBDOMAINS
  END_SUBDOMAINS
  CHARACTERISTICS
  END_CHARACTERISTICS
