  NODES_PER_ELEMENT
   1 9
   2 9
   3 9
   4 9
   5 9
   6 9
   7 9
   8 9
   9 9
   10 9
   11 9
   12 9
   13 9
   14 9
   15 9
   16 9
   17 9
   18 9
   19 9
   20 9
   21 9
   22 9
   23 9
   24 9
   25 9
   26 9
   27 9
   28 9
   29 9
   30 9
   31 9
   32 9
   33 9
   34 9
   35 9
   36 9
   37 9
   38 9
   39 9
   40 9
   41 9
   42 9
   43 9
   44 9
   45 9
   46 9
   47 9
   48 9
   49 9
   50 9
   51 9
   52 9
   53 9
   54 9
   55 9
   56 9
   57 9
   58 9
   59 9
   60 9
   61 9
   62 9
   63 9
   64 9
   65 9
   66 9
   67 9
   68 9
   69 9
   70 9
   71 9
   72 9
   73 9
   74 9
   75 9
   76 9
   77 9
   78 9
   79 9
   80 9
   81 9
   82 9
   83 9
   84 9
   85 9
   86 9
   87 9
   88 9
   89 9
   90 9
   91 9
   92 9
   93 9
   94 9
   95 9
   96 9
   97 9
   98 9
   99 9
   100 9
   101 9
   102 9
   103 9
   104 9
   105 9
   106 9
   107 9
   108 9
   109 9
   110 9
   111 9
   112 9
   113 9
   114 9
   115 9
   116 9
   117 9
   118 9
   119 9
   120 9
   121 9
   122 9
   123 9
   124 9
   125 9
   126 9
   127 9
   128 9
   129 9
   130 9
   131 9
   132 9
   133 9
   134 9
   135 9
   136 9
   137 9
   138 9
   139 9
   140 9
   141 9
   142 9
   143 9
   144 9
   145 9
   146 9
   147 9
   148 9
   149 9
   150 9
   151 9
   152 9
   153 9
   154 9
   155 9
   156 9
   157 9
   158 9
   159 9
   160 9
   161 9
   162 9
   163 9
   164 9
   165 9
   166 9
   167 9
   168 9
   169 9
   170 9
   171 9
   172 9
   173 9
   174 9
   175 9
   176 9
   177 9
   178 9
   179 9
  END_NODES_PER_ELEMENT
  ELEMENTS
  1 45 75 70 39 61 73 55 40 57  
  2 75 112 102 70 93 107 85 73 89  
  3 112 146 135 102 129 141 120 107 124  
  4 146 180 170 135 162 173 153 141 157  
  5 180 209 200 170 194 206 184 173 190  
  6 209 249 234 200 230 242 217 206 221  
  7 249 292 278 234 272 282 254 242 262  
  8 292 343 320 278 316 334 301 282 309  
  9 343 393 367 320 368 374 344 334 354  
  10 393 434 407 367 416 424 391 374 400  
  11 11 45 39 17 24 40 29 13 23  
  12 1 11 17 8 4 13 12 3 6  
  13 7 1 8 14 2 3 10 9 5  
  14 27 7 14 28 15 9 21 26 16  
  15 60 27 28 49 43 26 36 52 38  
  16 96 60 49 80 76 52 63 88 72  
  17 138 96 80 119 118 88 99 127 108  
  18 174 138 119 158 155 127 139 164 144  
  19 434 489 455 407 461 474 431 424 448  
  20 489 535 498 455 515 517 477 474 493  
  21 535 569 540 498 550 554 519 517 536  
  22 569 600 568 540 586 585 553 554 570  
  23 600 625 593 568 612 609 582 585 594  
  24 625 650 617 593 638 633 606 609 622  
  25 650 682 643 617 664 661 629 633 646  
  26 682 707 663 643 694 686 651 661 673  
  27 707 731 689 663 719 712 675 686 699  
  28 731 745 716 689 739 734 701 712 722  
  29 745 755 735 716 751 746 725 734 740  
  30 755 759 744 735 757 752 737 746 748  
  31 759 761 741 744 760 754 742 752 753  
  32 761 756 732 741 758 747 736 754 750  
  33 756 743 714 732 749 729 723 747 738  
  34 743 706 677 714 726 693 696 729 711  
  35 706 658 642 677 680 648 660 693 669  
  36 658 611 602 642 632 607 621 648 628  
  37 611 572 559 602 590 564 581 607 587  
  38 220 174 158 203 195 164 178 207 187  
  39 268 220 203 255 240 207 228 259 232  
  40 330 268 255 322 299 259 287 326 290  
  41 395 330 322 383 360 326 352 389 356  
  42 456 395 383 444 425 389 415 450 419  
  43 514 456 444 506 486 450 473 509 478  
  44 572 514 506 559 544 509 532 564 539  
  45 732 714 692 702 723 703 698 718 710  
  46 741 732 702 715 736 718 708 728 724  
  47 714 677 667 692 696 674 679 703 688  
  48 677 642 634 667 660 637 649 674 656  
  49 642 602 597 634 621 599 616 637 618  
  50 602 559 556 597 581 557 575 599 577  
  51 744 741 715 721 742 728 717 733 730  
  52 735 744 721 704 737 733 713 720 727  
  53 716 735 704 678 725 720 690 697 709  
  54 689 716 678 654 701 697 665 672 684  
  55 663 689 654 630 675 672 644 645 659  
  56 643 663 630 608 651 645 620 624 635  
  57 617 643 608 589 629 624 598 603 613  
  58 593 617 589 565 606 603 574 580 591  
  59 568 593 565 543 582 580 552 555 566  
  60 540 568 543 508 553 555 524 522 542  
  61 498 540 508 465 519 522 487 483 505  
  62 455 498 465 428 477 483 449 442 459  
  63 559 506 500 556 532 503 528 557 531  
  64 407 455 428 390 431 442 406 398 422  
  65 367 407 390 346 391 398 369 357 373  
  66 320 367 346 307 344 357 329 312 335  
  67 278 320 307 269 301 312 285 271 289  
  68 234 278 269 227 254 271 246 231 250  
  69 200 234 227 196 217 231 210 198 215  
  70 170 200 196 163 184 198 179 166 182  
  71 135 170 163 131 153 166 148 133 150  
  72 102 135 131 98 120 133 115 100 116  
  73 70 102 98 69 85 100 83 66 82  
  74 39 70 69 47 55 66 59 44 56  
  75 17 39 47 37 29 44 42 25 34  
  76 8 17 37 31 12 25 33 18 20  
  77 14 8 31 35 10 18 32 22 19  
  78 28 14 35 49 21 22 41 36 30  
  79 80 49 35 68 63 41 51 74 58  
  80 506 444 438 500 473 440 467 503 470  
  81 444 383 377 438 415 379 409 440 411  
  82 383 322 323 377 352 321 350 379 349  
  83 322 255 265 323 287 258 294 321 288  
  84 255 203 222 265 228 213 243 258 235  
  85 119 80 68 104 99 74 86 110 90  
  86 158 119 104 140 139 110 123 147 128  
  87 203 158 140 175 178 147 159 189 169  
  88 35 31 62 68 32 46 64 51 48  
  89 31 37 71 62 33 53 65 46 50  
  90 37 47 69 71 42 59 67 53 54  
  91 69 98 103 71 83 101 87 67 84  
  92 98 131 136 103 115 134 121 101 117  
  93 131 163 168 136 148 165 152 134 149  
  94 163 196 199 168 179 197 183 165 181  
  95 196 227 229 199 210 226 214 197 211  
  96 104 68 62 95 86 64 77 97 81  
  97 140 104 95 126 123 97 111 132 113  
  98 227 269 260 229 246 263 244 226 245  
  99 222 203 175 212 213 189 191 218 201  
  100 269 307 296 260 285 303 279 263 281  
  101 307 346 333 296 329 339 311 303 318  
  102 346 390 371 333 369 375 348 339 359  
  103 390 428 404 371 406 421 392 375 397  
  104 428 465 445 404 449 454 427 421 433  
  105 465 508 479 445 487 490 458 454 475  
  106 508 543 513 479 524 526 492 490 511  
  107 543 565 538 513 552 548 525 526 541  
  108 565 589 560 538 574 573 547 548 563  
  109 589 608 576 560 598 592 567 573 583  
  110 608 630 596 576 620 614 588 592 604  
  111 630 654 627 596 644 640 610 614 626  
  112 654 678 657 627 665 666 641 640 653  
  113 678 704 685 657 690 695 670 666 681  
  114 704 721 715 685 713 717 700 695 705  
  115 715 702 671 685 708 687 676 700 691  
  116 702 692 667 671 698 679 668 687 683  
  117 667 634 639 671 649 636 655 668 652  
  118 685 671 639 657 676 655 647 670 662  
  119 634 597 605 639 616 601 623 636 619  
  120 597 556 562 605 575 558 584 601 579  
  121 657 639 605 627 647 623 615 641 631  
  122 556 500 502 562 528 499 533 558 530  
  123 500 438 439 502 467 437 469 499 466  
  124 438 377 382 439 409 378 413 437 408  
  125 265 222 212 266 243 218 236 264 238  
  126 323 265 266 328 294 264 297 324 293  
  127 377 323 328 382 350 324 353 378 351  
  128 175 140 126 160 159 132 143 167 151  
  129 62 71 91 95 65 79 92 77 78  
  130 71 103 114 91 87 109 105 79 94  
  131 114 126 95 91 122 111 92 105 106  
  132 103 136 145 114 121 142 130 109 125  
  133 126 114 145 160 122 130 154 143 137  
  134 136 168 177 145 152 172 161 142 156  
  135 168 199 208 177 183 204 192 172 188  
  136 199 229 239 208 214 233 224 204 219  
  137 229 260 257 239 244 256 248 233 247  
  138 260 296 283 257 279 286 273 256 276  
  139 296 333 317 283 311 325 304 286 308  
  140 333 371 355 317 348 365 336 325 342  
  141 371 404 394 355 392 399 372 365 376  
  142 404 445 426 394 427 432 405 399 418  
  143 445 479 452 426 458 463 436 432 451  
  144 479 513 484 452 492 495 464 463 481  
  145 513 538 510 484 525 523 494 495 512  
  146 538 560 529 510 547 546 520 523 534  
  147 560 576 545 529 567 561 537 546 551  
  148 627 605 562 596 615 584 578 610 595  
  149 576 596 562 545 588 578 549 561 571  
  150 562 502 496 545 533 497 521 549 527  
  151 502 439 446 496 469 443 471 497 468  
  152 175 160 193 212 167 176 202 191 185  
  153 160 145 177 193 154 161 186 176 171  
  154 266 212 193 241 236 202 216 251 225  
  155 193 177 208 241 186 192 223 216 205  
  156 439 382 387 446 413 385 417 443 414  
  157 382 328 337 387 353 332 363 385 358  
  158 328 266 300 337 297 280 315 332 306  
  159 208 239 267 241 224 252 253 223 237  
  160 239 257 283 267 248 273 275 252 261  
  161 300 266 241 295 280 251 270 298 274  
  162 283 317 305 267 304 310 284 275 291  
  163 241 267 305 295 253 284 302 270 277  
  164 317 355 345 305 336 347 327 310 331  
  165 355 394 380 345 372 388 366 347 370  
  166 394 426 412 380 405 420 396 388 402  
  167 426 452 430 412 436 441 423 420 429  
  168 452 484 462 430 464 476 447 441 457  
  169 484 510 480 462 494 491 472 476 485  
  170 510 529 504 480 520 516 488 491 507  
  171 529 545 496 504 537 521 501 516 518  
  172 504 496 446 480 501 471 460 488 482  
  173 462 480 446 430 472 460 435 447 453  
  174 337 300 295 340 315 298 314 338 313  
  175 295 305 345 340 302 327 341 314 319  
  176 387 337 340 384 363 338 362 386 361  
  177 340 345 380 384 341 366 381 362 364  
  178 446 387 384 430 417 386 403 435 410  
  179 380 412 430 384 396 423 403 381 401  
  END_ELEMENTS  
  COORDINATES  
   1   5.033898e+00 -3.975397e+00   
   2   4.830508e+00 -3.879346e+00   
   3   5.072136e+00 -3.741918e+00   
   4   5.302310e+00 -3.964971e+00   
   5   4.885028e+00 -3.672435e+00   
   6   5.305096e+00 -3.737893e+00   
   7   4.627119e+00 -3.783296e+00   
   8   5.110374e+00 -3.508439e+00   
   9   4.697921e+00 -3.602952e+00   
   10   4.939548e+00 -3.465523e+00   
   11   5.570721e+00 -3.954545e+00   
   12   5.307882e+00 -3.510816e+00   
   13   5.538055e+00 -3.733869e+00   
   14   4.768722e+00 -3.422608e+00   
   15   4.501851e+00 -3.641648e+00   
   16   4.579293e+00 -3.507496e+00   
   17   5.505390e+00 -3.513193e+00   
   18   5.127151e+00 -3.313610e+00   
   19   4.956151e+00 -3.280072e+00   
   20   5.313397e+00 -3.322897e+00   
   21   4.656735e+00 -3.373343e+00   
   22   4.785150e+00 -3.246533e+00   
   23   5.746296e+00 -3.669408e+00   
   24   5.810784e+00 -3.863704e+00   
   25   5.499643e+00 -3.332185e+00   
   26   4.460665e+00 -3.412039e+00   
   27   4.376583e+00 -3.500000e+00   
   28   4.544747e+00 -3.324078e+00   
   29   5.681808e+00 -3.475113e+00   
   30   4.650996e+00 -3.216692e+00   
   31   5.143927e+00 -3.118780e+00   
   32   4.972753e+00 -3.094620e+00   
   33   5.318911e+00 -3.134979e+00   
   34   5.652249e+00 -3.324309e+00   
   35   4.801578e+00 -3.070459e+00   
   36   4.516842e+00 -3.186851e+00   
   37   5.493896e+00 -3.151177e+00   
   38   4.399797e+00 -3.252516e+00   
   39   5.858226e+00 -3.437033e+00   
   40   5.954537e+00 -3.604947e+00   
   41   4.645258e+00 -3.060042e+00   
   42   5.622689e+00 -3.173505e+00   
   43   4.282751e+00 -3.318182e+00   
   44   5.804854e+00 -3.316433e+00   
   45   6.050847e+00 -3.772862e+00   
   46   5.159752e+00 -2.930704e+00   
   47   5.751482e+00 -3.195834e+00   
   48   4.981452e+00 -2.905672e+00   
   49   4.488937e+00 -3.049624e+00   
   50   5.347249e+00 -2.945553e+00   
   51   4.803152e+00 -2.880640e+00   
   52   4.338928e+00 -3.092994e+00   
   53   5.534745e+00 -2.960403e+00   
   54   5.680824e+00 -3.028983e+00   
   55   5.996536e+00 -3.351722e+00   
   56   5.911720e+00 -3.224642e+00   
   57   6.100301e+00 -3.516804e+00   
   58   4.631168e+00 -2.868585e+00   
   59   5.826904e+00 -3.097563e+00   
   60   4.188920e+00 -3.136364e+00   
   61   6.204066e+00 -3.681885e+00   
   62   5.175578e+00 -2.742628e+00   
   63   4.459184e+00 -2.856530e+00   
   64   4.990152e+00 -2.716725e+00   
   65   5.375586e+00 -2.756128e+00   
   66   6.018586e+00 -3.132851e+00   
   67   5.738960e+00 -2.884460e+00   
   68   4.804727e+00 -2.690822e+00   
   69   5.902325e+00 -2.999292e+00   
   70   6.134846e+00 -3.266411e+00   
   71   5.575594e+00 -2.769629e+00   
   72   4.287193e+00 -2.882811e+00   
   73   6.246065e+00 -3.428660e+00   
   74   4.617079e+00 -2.677129e+00   
   75   6.357284e+00 -3.590909e+00   
   76   4.115202e+00 -2.909091e+00   
   77   5.176534e+00 -2.563448e+00   
   78   5.343799e+00 -2.589565e+00   
   79   5.511064e+00 -2.615682e+00   
   80   4.429432e+00 -2.663436e+00   
   81   4.992644e+00 -2.528558e+00   
   82   6.148088e+00 -3.010997e+00   
   83   6.020018e+00 -2.875430e+00   
   84   5.864766e+00 -2.752672e+00   
   85   6.276158e+00 -3.146565e+00   
   86   4.808754e+00 -2.493667e+00   
   87   5.709513e+00 -2.629914e+00   
   88   4.235458e+00 -2.672627e+00   
   89   6.404928e+00 -3.300555e+00   
   90   4.610999e+00 -2.470941e+00   
   91   5.446535e+00 -2.461736e+00   
   92   5.312013e+00 -2.423002e+00   
   93   6.533699e+00 -3.454545e+00   
   94   5.610966e+00 -2.488452e+00   
   95   5.177491e+00 -2.384268e+00   
   96   4.041484e+00 -2.681818e+00   
   97   4.995136e+00 -2.340391e+00   
   98   6.137711e+00 -2.751568e+00   
   99   4.413245e+00 -2.448215e+00   
   100   6.277591e+00 -2.889143e+00   
   101   5.990572e+00 -2.620884e+00   
   102   6.417470e+00 -3.026718e+00   
   103   5.843433e+00 -2.490199e+00   
   104   4.812781e+00 -2.296513e+00   
   105   5.512418e+00 -2.346990e+00   
   106   5.365390e+00 -2.280340e+00   
   107   6.563792e+00 -3.172450e+00   
   108   4.203028e+00 -2.451380e+00   
   109   5.710867e+00 -2.361222e+00   
   110   4.604919e+00 -2.264754e+00   
   111   5.218362e+00 -2.213690e+00   
   112   6.710114e+00 -3.318182e+00   
   113   5.028112e+00 -2.153470e+00   
   114   5.578302e+00 -2.232244e+00   
   115   6.258753e+00 -2.618893e+00   
   116   6.403814e+00 -2.754980e+00   
   117   6.108711e+00 -2.484069e+00   
   118   3.992812e+00 -2.454545e+00   
   119   4.397058e+00 -2.232994e+00   
   120   6.548875e+00 -2.891066e+00   
   121   5.958670e+00 -2.349244e+00   
   122   5.418768e+00 -2.137678e+00   
   123   4.837862e+00 -2.093251e+00   
   124   6.700694e+00 -3.036442e+00   
   125   5.814912e+00 -2.216166e+00   
   126   5.259234e+00 -2.043111e+00   
   127   4.170599e+00 -2.230133e+00   
   128   4.618271e+00 -2.047453e+00   
   129   6.852512e+00 -3.181818e+00   
   130   5.671154e+00 -2.083087e+00   
   131   6.379794e+00 -2.486218e+00   
   132   5.061089e+00 -1.966549e+00   
   133   6.530038e+00 -2.620816e+00   
   134   6.226851e+00 -2.347254e+00   
   135   6.680281e+00 -2.755414e+00   
   136   6.073907e+00 -2.208289e+00   
   137   5.502460e+00 -1.971171e+00   
   138   3.944141e+00 -2.227273e+00   
   139   4.398679e+00 -2.001656e+00   
   140   4.862944e+00 -1.889988e+00   
   141   6.837596e+00 -2.900434e+00   
   142   5.918957e+00 -2.071110e+00   
   143   5.333766e+00 -1.859254e+00   
   144   4.154663e+00 -2.000828e+00   
   145   5.764006e+00 -1.933931e+00   
   146   6.994910e+00 -3.045455e+00   
   147   4.631622e+00 -1.830153e+00   
   148   6.494395e+00 -2.340492e+00   
   149   6.339620e+00 -2.200348e+00   
   150   6.649505e+00 -2.474915e+00   
   151   5.127484e+00 -1.764626e+00   
   152   6.184846e+00 -2.060204e+00   
   153   6.804615e+00 -2.609339e+00   
   154   5.586152e+00 -1.804664e+00   
   155   3.910647e+00 -2.000000e+00   
   156   6.027113e+00 -1.917534e+00   
   157   6.968832e+00 -2.747359e+00   
   158   4.400301e+00 -1.770318e+00   
   159   4.921202e+00 -1.669998e+00   
   160   5.408298e+00 -1.675397e+00   
   161   5.869380e+00 -1.774863e+00   
   162   7.133048e+00 -2.885378e+00   
   163   6.608995e+00 -2.194766e+00   
   164   4.138727e+00 -1.771523e+00   
   165   6.452390e+00 -2.053443e+00   
   166   6.768972e+00 -2.329015e+00   
   167   5.193879e+00 -1.562703e+00   
   168   6.295784e+00 -1.912119e+00   
   169   4.677921e+00 -1.579253e+00   
   170   6.928949e+00 -2.463264e+00   
   171   5.690687e+00 -1.632123e+00   
   172   6.135270e+00 -1.763957e+00   
   173   7.100068e+00 -2.594283e+00   
   174   3.877153e+00 -1.772727e+00   
   175   4.979459e+00 -1.450009e+00   
   176   5.511994e+00 -1.489383e+00   
   177   5.974755e+00 -1.615795e+00   
   178   4.434640e+00 -1.488508e+00   
   179   6.717227e+00 -2.045772e+00   
   180   7.271186e+00 -2.725302e+00   
   181   6.562821e+00 -1.908630e+00   
   182   6.878322e+00 -2.175585e+00   
   183   6.408416e+00 -1.771487e+00   
   184   7.039417e+00 -2.305398e+00   
   185   5.296498e+00 -1.369465e+00   
   186   5.795222e+00 -1.459582e+00   
   187   4.142608e+00 -1.494254e+00   
   188   6.253781e+00 -1.618132e+00   
   189   4.724220e+00 -1.328353e+00   
   190   7.211578e+00 -2.436297e+00   
   191   5.081003e+00 -1.249548e+00   
   192   6.099147e+00 -1.464778e+00   
   193   5.615689e+00 -1.303369e+00   
   194   7.383738e+00 -2.567196e+00   
   195   3.850576e+00 -1.500000e+00   
   196   6.825459e+00 -1.896778e+00   
   197   6.673253e+00 -1.763816e+00   
   198   6.987672e+00 -2.022155e+00   
   199   6.521047e+00 -1.630855e+00   
   200   7.149885e+00 -2.147533e+00   
   201   4.860745e+00 -1.158063e+00   
   202   5.399118e+00 -1.176228e+00   
   203   4.468980e+00 -1.206697e+00   
   204   6.372293e+00 -1.472308e+00   
   205   5.926677e+00 -1.276837e+00   
   206   7.323088e+00 -2.278312e+00   
   207   4.146489e+00 -1.216985e+00   
   208   6.223539e+00 -1.313760e+00   
   209   7.496291e+00 -2.409091e+00   
   210   6.922949e+00 -1.745942e+00   
   211   6.774686e+00 -1.623986e+00   
   212   5.182546e+00 -1.049087e+00   
   213   4.640487e+00 -1.066577e+00   
   214   6.626422e+00 -1.502029e+00   
   215   7.086157e+00 -1.865104e+00   
   216   5.754207e+00 -1.088897e+00   
   217   7.249364e+00 -1.984266e+00   
   218   4.997270e+00 -9.877720e-01   
   219   6.493662e+00 -1.361038e+00   
   220   3.823999e+00 -1.227273e+00   
   221   7.426086e+00 -2.105769e+00   
   222   4.811994e+00 -9.264571e-01   
   223   6.058132e+00 -1.094093e+00   
   224   6.360901e+00 -1.220047e+00   
   225   5.507547e+00 -9.468076e-01   
   226   6.876118e+00 -1.484155e+00   
   227   7.020438e+00 -1.595106e+00   
   228   4.403507e+00 -9.385697e-01   
   229   6.731798e+00 -1.373204e+00   
   230   7.602807e+00 -2.227273e+00   
   231   7.184641e+00 -1.708052e+00   
   232   4.106993e+00 -9.692849e-01   
   233   6.615030e+00 -1.249769e+00   
   234   7.348843e+00 -1.820998e+00   
   235   4.606481e+00 -8.396064e-01   
   236   5.260887e+00 -8.047185e-01   
   237   6.239377e+00 -1.029373e+00   
   238   5.035171e+00 -7.726808e-01   
   239   6.498263e+00 -1.126333e+00   
   240   3.810479e+00 -1.000000e+00   
   241   5.892725e+00 -8.744248e-01   
   242   7.529083e+00 -1.933227e+00   
   243   4.809454e+00 -7.406432e-01   
   244   6.809151e+00 -1.252076e+00   
   245   6.953598e+00 -1.347175e+00   
   246   7.098046e+00 -1.442275e+00   
   247   6.699738e+00 -1.160557e+00   
   248   6.590325e+00 -1.069038e+00   
   249   7.709324e+00 -2.045455e+00   
   250   7.264218e+00 -1.543873e+00   
   251   5.615976e+00 -7.173874e-01   
   252   6.420623e+00 -9.646529e-01   
   253   6.117854e+00 -8.386986e-01   
   254   7.430390e+00 -1.645471e+00   
   255   4.338035e+00 -6.704422e-01   
   256   6.784445e+00 -1.071345e+00   
   257   6.682386e+00 -1.011742e+00   
   258   4.572475e+00 -6.126357e-01   
   259   4.067497e+00 -7.215847e-01   
   260   6.886504e+00 -1.130948e+00   
   261   6.545567e+00 -9.302392e-01   
   262   7.612865e+00 -1.754416e+00   
   263   7.031079e+00 -1.210196e+00   
   264   5.073071e+00 -5.575896e-01   
   265   4.806915e+00 -5.548292e-01   
   266   5.339228e+00 -5.603501e-01   
   267   6.342982e+00 -8.029724e-01   
   268   3.796959e+00 -7.727273e-01   
   269   7.175654e+00 -1.289444e+00   
   270   5.922017e+00 -6.460937e-01   
   271   7.343795e+00 -1.379694e+00   
   272   7.795340e+00 -1.863362e+00   
   273   6.670512e+00 -8.958255e-01   
   274   5.704636e+00 -5.444791e-01   
   275   6.500810e+00 -7.914406e-01   
   276   6.795522e+00 -9.412828e-01   
   277   6.126106e+00 -6.345213e-01   
   278   7.511937e+00 -1.469943e+00   
   279   6.920532e+00 -9.867401e-01   
   280   5.487255e+00 -4.428646e-01   
   281   7.074174e+00 -1.053156e+00   
   282   7.696647e+00 -1.575606e+00   
   283   6.658637e+00 -7.799088e-01   
   284   6.330195e+00 -6.229489e-01   
   285   7.227816e+00 -1.119572e+00   
   286   6.806599e+00 -8.112203e-01   
   287   4.308662e+00 -4.089786e-01   
   288   4.542883e+00 -3.614668e-01   
   289   7.402177e+00 -1.197836e+00   
   290   4.048943e+00 -4.544893e-01   
   291   6.493768e+00 -6.231672e-01   
   292   7.881356e+00 -1.681269e+00   
   293   5.030089e+00 -3.100955e-01   
   294   4.777104e+00 -3.139551e-01   
   295   5.951309e+00 -4.177626e-01   
   296   6.954560e+00 -8.425317e-01   
   297   5.283074e+00 -3.062360e-01   
   298   5.793296e+00 -3.715709e-01   
   299   3.789224e+00 -5.000000e-01   
   300   5.635283e+00 -3.253791e-01   
   301   7.576537e+00 -1.276100e+00   
   302   6.134359e+00 -4.303441e-01   
   303   7.117270e+00 -8.961154e-01   
   304   6.657340e+00 -6.233855e-01   
   305   6.317408e+00 -4.429255e-01   
   306   5.454186e+00 -2.339689e-01   
   307   7.279979e+00 -9.496991e-01   
   308   6.814652e+00 -6.502095e-01   
   309   7.768942e+00 -1.365185e+00   
   310   6.486726e+00 -4.548939e-01   
   311   6.971964e+00 -6.770334e-01   
   312   7.460558e+00 -1.015978e+00   
   313   5.795835e+00 -1.978211e-01   
   314   5.966373e+00 -2.339403e-01   
   315   5.625297e+00 -1.617018e-01   
   316   7.961347e+00 -1.454271e+00   
   317   6.656043e+00 -4.668623e-01   
   318   7.142103e+00 -7.222252e-01   
   319   6.143220e+00 -2.527740e-01   
   320   7.641137e+00 -1.082256e+00   
   321   4.513291e+00 -1.102979e-01   
   322   4.279288e+00 -1.475150e-01   
   323   4.747293e+00 -7.308089e-02   
   324   4.987107e+00 -6.260138e-02   
   325   6.822705e+00 -4.891987e-01   
   326   4.030389e+00 -1.873938e-01   
   327   6.320067e+00 -2.716076e-01   
   328   5.226921e+00 -5.212186e-02   
   329   7.312241e+00 -7.674170e-01   
   330   3.781490e+00 -2.272727e-01   
   331   6.488735e+00 -2.857893e-01   
   332   5.421116e+00 -2.507317e-02   
   333   6.989367e+00 -5.115351e-01   
   334   7.841238e+00 -1.154764e+00   
   335   7.498649e+00 -8.230235e-01   
   336   6.657403e+00 -2.999710e-01   
   337   5.615312e+00  1.975520e-03   
   338   5.798374e+00 -2.407127e-02   
   339   7.166935e+00 -5.483350e-01   
   340   5.981436e+00 -5.011805e-02   
   341   6.152081e+00 -7.520394e-02   
   342   6.827271e+00 -3.191475e-01   
   343   8.041339e+00 -1.227273e+00   
   344   7.685057e+00 -8.786299e-01   
   345   6.322726e+00 -1.002898e-01   
   346   7.344503e+00 -5.851349e-01   
   347   6.490744e+00 -1.166848e-01   
   348   6.997139e+00 -3.383241e-01   
   349   4.509459e+00  1.357565e-01   
   350   4.743859e+00  1.650438e-01   
   351   4.980122e+00  1.752334e-01   
   352   4.275059e+00  1.064691e-01   
   353   5.216386e+00  1.854231e-01   
   354   7.890205e+00 -9.393150e-01   
   355   6.658762e+00 -1.330797e-01   
   356   4.028621e+00  7.596185e-02   
   357   7.536740e+00 -6.300694e-01   
   358   5.424981e+00  1.955610e-01   
   359   7.178091e+00 -3.658675e-01   
   360   3.782182e+00  4.545455e-02   
   361   5.821245e+00  1.692212e-01   
   362   6.008916e+00  1.327434e-01   
   363   5.633575e+00  2.056989e-01   
   364   6.171266e+00  9.573586e-02   
   365   6.831837e+00 -1.490964e-01   
   366   6.333615e+00  5.872836e-02   
   367   7.728976e+00 -6.750038e-01   
   368   8.095353e+00 -1.000000e+00   
   369   7.359043e+00 -3.934109e-01   
   370   6.494879e+00  4.381121e-02   
   371   7.004912e+00 -1.651131e-01   
   372   6.656143e+00  2.889405e-02   
   373   7.554532e+00 -4.277061e-01   
   374   7.939172e+00 -7.238656e-01   
   375   7.189248e+00 -1.834000e-01   
   376   6.828783e+00  1.963105e-02   
   377   4.740424e+00  4.031685e-01   
   378   4.973138e+00  4.130682e-01   
   379   4.505626e+00  3.818109e-01   
   380   6.344505e+00  2.177465e-01   
   381   6.190451e+00  2.666757e-01   
   382   5.205852e+00  4.229680e-01   
   383   4.270829e+00  3.604533e-01   
   384   6.036396e+00  3.156048e-01   
   385   5.428845e+00  4.161952e-01   
   386   5.844117e+00  3.625136e-01   
   387   5.651838e+00  4.094224e-01   
   388   6.499015e+00  2.043072e-01   
   389   4.026852e+00  3.393175e-01   
   390   7.373584e+00 -2.016868e-01   
   391   7.750020e+00 -4.620014e-01   
   392   7.001423e+00  1.036804e-02   
   393   8.149367e+00 -7.727273e-01   
   394   6.653525e+00  1.908678e-01   
   395   3.782875e+00  3.181818e-01   
   396   6.364124e+00  3.384207e-01   
   397   7.186653e+00  2.492010e-03   
   398   7.572324e+00 -2.253429e-01   
   399   6.825730e+00  1.883585e-01   
   400   7.964255e+00 -5.037280e-01   
   401   6.241553e+00  4.154675e-01   
   402   6.502967e+00  3.381154e-01   
   403   6.118982e+00  4.925144e-01   
   404   6.997935e+00  1.858492e-01   
   405   6.641810e+00  3.378102e-01   
   406   7.371883e+00 -5.384025e-03   
   407   7.771064e+00 -2.489989e-01   
   408   4.993261e+00  6.495915e-01   
   409   4.754448e+00  6.420781e-01   
   410   5.917246e+00  5.685844e-01   
   411   4.517728e+00  6.265309e-01   
   412   6.383743e+00  4.590948e-01   
   413   5.232075e+00  6.571049e-01   
   414   5.473792e+00  6.508796e-01   
   415   4.281008e+00  6.109838e-01   
   416   8.178489e+00 -5.454545e-01   
   417   5.715509e+00  6.446544e-01   
   418   6.811352e+00  3.458968e-01   
   419   4.036540e+00  6.009464e-01   
   420   6.506919e+00  4.719236e-01   
   421   7.184058e+00  1.883840e-01   
   422   7.572228e+00 -1.522253e-02   
   423   6.292656e+00  5.642594e-01   
   424   7.989338e+00 -2.835904e-01   
   425   3.792071e+00  5.909091e-01   
   426   6.630095e+00  4.847525e-01   
   427   6.980894e+00  3.539835e-01   
   428   7.370182e+00  1.909188e-01   
   429   6.441134e+00  5.929611e-01   
   430   6.201569e+00  6.694240e-01   
   431   7.772573e+00 -2.506103e-02   
   432   6.796974e+00  5.034352e-01   
   433   7.166048e+00  3.663145e-01   
   434   8.207612e+00 -3.181818e-01   
   435   5.990375e+00  7.746552e-01   
   436   6.589612e+00  6.216628e-01   
   437   5.013384e+00  8.861147e-01   
   438   4.768471e+00  8.809877e-01   
   439   5.258298e+00  8.912418e-01   
   440   4.529829e+00  8.712510e-01   
   441   6.375349e+00  7.139986e-01   
   442   7.572132e+00  1.948978e-01   
   443   5.518739e+00  8.855641e-01   
   444   4.291187e+00  8.615143e-01   
   445   6.963854e+00  5.221178e-01   
   446   5.779180e+00  8.798864e-01   
   447   6.230482e+00  8.016927e-01   
   448   7.991507e+00 -3.525779e-02   
   449   7.351202e+00  3.786456e-01   
   450   4.046227e+00  8.625753e-01   
   451   6.759554e+00  6.517687e-01   
   452   6.549129e+00  7.585731e-01   
   453   6.085486e+00  8.937539e-01   
   454   7.148038e+00  5.442451e-01   
   455   7.774083e+00  1.988768e-01   
   456   3.801268e+00  8.636364e-01   
   457   6.376437e+00  8.464374e-01   
   458   6.929496e+00  6.818747e-01   
   459   7.551608e+00  3.936227e-01   
   460   5.940491e+00  9.858152e-01   
   461   8.210440e+00 -4.545455e-02   
   462   6.259395e+00  9.339613e-01   
   463   6.722134e+00  8.001023e-01   
   464   6.522393e+00  8.911822e-01   
   465   7.332221e+00  5.663724e-01   
   466   5.038772e+00  1.120694e+00   
   467   4.790911e+00  1.117060e+00   
   468   5.524973e+00  1.106666e+00   
   469   5.286633e+00  1.124329e+00   
   470   4.549296e+00  1.109154e+00   
   471   5.763312e+00  1.089004e+00   
   472   6.180598e+00  1.012853e+00   
   473   4.307682e+00  1.101247e+00   
   474   7.993676e+00  2.130748e-01   
   475   7.112954e+00  7.149658e-01   
   476   6.377526e+00  9.788763e-01   
   477   7.752015e+00  4.085999e-01   
   478   4.061950e+00  1.096078e+00   
   479   6.895138e+00  8.416315e-01   
   480   6.101801e+00  1.091744e+00   
   481   6.687613e+00  9.421750e-01   
   482   5.910274e+00  1.139354e+00   
   483   7.531084e+00  5.923476e-01   
   484   6.495656e+00  1.023791e+00   
   485   6.305107e+00  1.076856e+00   
   486   3.816218e+00  1.090909e+00   
   487   7.296413e+00  7.480569e-01   
   488   6.057236e+00  1.189705e+00   
   489   8.213268e+00  2.272727e-01   
   490   7.077871e+00  8.856865e-01   
   491   6.232688e+00  1.174836e+00   
   492   6.852833e+00  9.931678e-01   
   493   7.970611e+00  4.315727e-01   
   494   6.429615e+00  1.140859e+00   
   495   6.653092e+00  1.084248e+00   
   496   5.747444e+00  1.298121e+00   
   497   5.531206e+00  1.327769e+00   
   498   7.729946e+00  6.183229e-01   
   499   5.064159e+00  1.355274e+00   
   500   4.813350e+00  1.353132e+00   
   501   5.880058e+00  1.292893e+00   
   502   5.314968e+00  1.357416e+00   
   503   4.568764e+00  1.347056e+00   
   504   6.012671e+00  1.287665e+00   
   505   7.492777e+00  7.851653e-01   
   506   4.324178e+00  1.340980e+00   
   507   6.166704e+00  1.277617e+00   
   508   7.260604e+00  9.297415e-01   
   509   4.077673e+00  1.329581e+00   
   510   6.363574e+00  1.257927e+00   
   511   7.030423e+00  1.046852e+00   
   512   6.584342e+00  1.211205e+00   
   513   6.810528e+00  1.144704e+00   
   514   3.831168e+00  1.318182e+00   
   515   8.189207e+00  4.545455e-01   
   516   6.100720e+00  1.380398e+00   
   517   7.947546e+00  6.500705e-01   
   518   5.963899e+00  1.426816e+00   
   519   7.689141e+00  8.222736e-01   
   520   6.276171e+00  1.365529e+00   
   521   5.827077e+00  1.473235e+00   
   522   7.454469e+00  9.779829e-01   
   523   6.515592e+00  1.338162e+00   
   524   7.208012e+00  1.100536e+00   
   525   6.739069e+00  1.281551e+00   
   526   6.982975e+00  1.208017e+00   
   527   5.609550e+00  1.543943e+00   
   528   4.843596e+00  1.589737e+00   
   529   6.188769e+00  1.473131e+00   
   530   5.117809e+00  1.602194e+00   
   531   4.595709e+00  1.586270e+00   
   532   4.347822e+00  1.582804e+00   
   533   5.392022e+00  1.614651e+00   
   534   6.426012e+00  1.457843e+00   
   535   8.165145e+00  6.818182e-01   
   536   7.902722e+00  8.656822e-01   
   537   6.047739e+00  1.560739e+00   
   538   6.667610e+00  1.418397e+00   
   539   4.103860e+00  1.586856e+00   
   540   7.648335e+00  1.026224e+00   
   541   6.911450e+00  1.355868e+00   
   542   7.398847e+00  1.160844e+00   
   543   7.155421e+00  1.271330e+00   
   544   3.859899e+00  1.590909e+00   
   545   5.906710e+00  1.648348e+00   
   546   6.336433e+00  1.577524e+00   
   547   6.575853e+00  1.550158e+00   
   548   6.839925e+00  1.503719e+00   
   549   5.687893e+00  1.760117e+00   
   550   8.116304e+00  9.090909e-01   
   551   6.203783e+00  1.682515e+00   
   552   7.083830e+00  1.430185e+00   
   553   7.589681e+00  1.221152e+00   
   554   7.857899e+00  1.081294e+00   
   555   7.343224e+00  1.343705e+00   
   556   4.873842e+00  1.826342e+00   
   557   4.622654e+00  1.825485e+00   
   558   5.171459e+00  1.849114e+00   
   559   4.371465e+00  1.824628e+00   
   560   6.484096e+00  1.681918e+00   
   561   6.071134e+00  1.787505e+00   
   562   5.469076e+00  1.871885e+00   
   563   6.747962e+00  1.644653e+00   
   564   4.130047e+00  1.844132e+00   
   565   7.012240e+00  1.589041e+00   
   566   7.268555e+00  1.510633e+00   
   567   6.359828e+00  1.804290e+00   
   568   7.531027e+00  1.416081e+00   
   569   8.067463e+00  1.136364e+00   
   570   7.790940e+00  1.292394e+00   
   571   5.889210e+00  1.910380e+00   
   572   3.888629e+00  1.863636e+00   
   573   6.656000e+00  1.785586e+00   
   574   6.920072e+00  1.739148e+00   
   575   4.869060e+00  2.043472e+00   
   576   6.235559e+00  1.926662e+00   
   577   4.631719e+00  2.044711e+00   
   578   5.707285e+00  2.033256e+00   
   579   5.133175e+00  2.072777e+00   
   580   7.193887e+00  1.677561e+00   
   581   4.394378e+00  2.045949e+00   
   582   7.453281e+00  1.591080e+00   
   583   6.537273e+00  1.918419e+00   
   584   5.397289e+00  2.102081e+00   
   585   7.723980e+00  1.503495e+00   
   586   7.992198e+00  1.363636e+00   
   587   4.159546e+00  2.068429e+00   
   588   6.090527e+00  2.060644e+00   
   589   6.827903e+00  1.889254e+00   
   590   3.924715e+00  2.090909e+00   
   591   7.100506e+00  1.836011e+00   
   592   6.418547e+00  2.051253e+00   
   593   7.375534e+00  1.766080e+00   
   594   7.644863e+00  1.681904e+00   
   595   5.620407e+00  2.229309e+00   
   596   5.945494e+00  2.194627e+00   
   597   4.864279e+00  2.260603e+00   
   598   6.714719e+00  2.032549e+00   
   599   4.640784e+00  2.263936e+00   
   600   7.916934e+00  1.590909e+00   
   601   5.094890e+00  2.296440e+00   
   602   4.417290e+00  2.267270e+00   
   603   7.007124e+00  1.994462e+00   
   604   6.281939e+00  2.187949e+00   
   605   5.325501e+00  2.332277e+00   
   606   7.280940e+00  1.932875e+00   
   607   4.189045e+00  2.292726e+00   
   608   6.601535e+00  2.175844e+00   
   609   7.565745e+00  1.860313e+00   
   610   5.843525e+00  2.356536e+00   
   611   3.960800e+00  2.318182e+00   
   612   7.836445e+00  1.772727e+00   
   613   6.893775e+00  2.145524e+00   
   614   6.145331e+00  2.324645e+00   
   615   5.533528e+00  2.425361e+00   
   616   4.860432e+00  2.447313e+00   
   617   7.186346e+00  2.099669e+00   
   618   4.653513e+00  2.458923e+00   
   619   5.068365e+00  2.476269e+00   
   620   6.473351e+00  2.315253e+00   
   621   4.446594e+00  2.470532e+00   
   622   7.467934e+00  2.034619e+00   
   623   5.276298e+00  2.505225e+00   
   624   6.780426e+00  2.296586e+00   
   625   7.755956e+00  1.954545e+00   
   626   6.036579e+00  2.475997e+00   
   627   5.741555e+00  2.518446e+00   
   628   4.230018e+00  2.507994e+00   
   629   7.072832e+00  2.258498e+00   
   630   6.345168e+00  2.454662e+00   
   631   5.467253e+00  2.585997e+00   
   632   4.013442e+00  2.545455e+00   
   633   7.370124e+00  2.208925e+00   
   634   4.856586e+00  2.634023e+00   
   635   6.652633e+00  2.438515e+00   
   636   5.041840e+00  2.656098e+00   
   637   4.666242e+00  2.653909e+00   
   638   7.654929e+00  2.136364e+00   
   639   5.227094e+00  2.678173e+00   
   640   5.927827e+00  2.627349e+00   
   641   5.658209e+00  2.666768e+00   
   642   4.475898e+00  2.673795e+00   
   643   6.959318e+00  2.417328e+00   
   644   6.229633e+00  2.595457e+00   
   645   6.524840e+00  2.580444e+00   
   646   7.250883e+00  2.379249e+00   
   647   5.400979e+00  2.746632e+00   
   648   4.270991e+00  2.723261e+00   
   649   4.860133e+00  2.789418e+00   
   650   7.553902e+00  2.318182e+00   
   651   6.831916e+00  2.561777e+00   
   652   5.025110e+00  2.806499e+00   
   653   5.830503e+00  2.766050e+00   
   654   6.114099e+00  2.736251e+00   
   655   5.190087e+00  2.823580e+00   
   656   4.690289e+00  2.820781e+00   
   657   5.574864e+00  2.815091e+00   
   658   4.066084e+00  2.772727e+00   
   659   6.402387e+00  2.720590e+00   
   660   4.520446e+00  2.852144e+00   
   661   7.131642e+00  2.549573e+00   
   662   5.348588e+00  2.882896e+00   
   663   6.704513e+00  2.706226e+00   
   664   7.428934e+00  2.500000e+00   
   665   6.002796e+00  2.865331e+00   
   666   5.733179e+00  2.904751e+00   
   667   4.863679e+00  2.944812e+00   
   668   5.008380e+00  2.956899e+00   
   669   4.331829e+00  2.922043e+00   
   670   5.507089e+00  2.942212e+00   
   671   5.153080e+00  2.968986e+00   
   672   6.279934e+00  2.860736e+00   
   673   7.008898e+00  2.693266e+00   
   674   4.714336e+00  2.987652e+00   
   675   6.575141e+00  2.845723e+00   
   676   5.296197e+00  3.019159e+00   
   677   4.564993e+00  3.030492e+00   
   678   5.891493e+00  2.994411e+00   
   679   4.871868e+00  3.045279e+00   
   680   4.143212e+00  2.991943e+00   
   681   5.647719e+00  3.023913e+00   
   682   7.303965e+00  2.681818e+00   
   683   4.992945e+00  3.071015e+00   
   684   6.154743e+00  2.988052e+00   
   685   5.439313e+00  3.069333e+00   
   686   6.886155e+00  2.836959e+00   
   687   5.114023e+00  3.096751e+00   
   688   4.752528e+00  3.106603e+00   
   689   6.445768e+00  2.985220e+00   
   690   5.788350e+00  3.105615e+00   
   691   5.247750e+00  3.142999e+00   
   692   4.880057e+00  3.145746e+00   
   693   4.392666e+00  3.120825e+00   
   694   7.185881e+00  2.824756e+00   
   695   5.562260e+00  3.143076e+00   
   696   4.633188e+00  3.167928e+00   
   697   6.029552e+00  3.115369e+00   
   698   4.977511e+00  3.185131e+00   
   699   6.745197e+00  2.982936e+00   
   700   5.381478e+00  3.189246e+00   
   701   6.306689e+00  3.110773e+00   
   702   5.074965e+00  3.224516e+00   
   703   4.790720e+00  3.225555e+00   
   704   5.685207e+00  3.216818e+00   
   705   5.495658e+00  3.238412e+00   
   706   4.220339e+00  3.211158e+00   
   707   7.067797e+00  2.967693e+00   
   708   5.199304e+00  3.266838e+00   
   709   5.904965e+00  3.223188e+00   
   710   4.898629e+00  3.290508e+00   
   711   4.477611e+00  3.278789e+00   
   712   6.604240e+00  3.128912e+00   
   713   5.609839e+00  3.287577e+00   
   714   4.701382e+00  3.305364e+00   
   715   5.323643e+00  3.309160e+00   
   716   6.167610e+00  3.236326e+00   
   717   5.429057e+00  3.333748e+00   
   718   5.006539e+00  3.355461e+00   
   719   6.915254e+00  3.120148e+00   
   720   5.780379e+00  3.331007e+00   
   721   5.534471e+00  3.358335e+00   
   722   6.458429e+00  3.253658e+00   
   723   4.819748e+00  3.395884e+00   
   724   5.145636e+00  3.401135e+00   
   725   6.021581e+00  3.340761e+00   
   726   4.322034e+00  3.389651e+00   
   727   5.667552e+00  3.400342e+00   
   728   5.284732e+00  3.446809e+00   
   729   4.562556e+00  3.436754e+00   
   730   5.419728e+00  3.458243e+00   
   731   6.762712e+00  3.272604e+00   
   732   4.938113e+00  3.486405e+00   
   733   5.554724e+00  3.469677e+00   
   734   6.312619e+00  3.378403e+00   
   735   5.875551e+00  3.445195e+00   
   736   5.091967e+00  3.535431e+00   
   737   5.725265e+00  3.513107e+00   
   738   4.698009e+00  3.553872e+00   
   739   6.610169e+00  3.396542e+00   
   740   6.137970e+00  3.493682e+00   
   741   5.245822e+00  3.584457e+00   
   742   5.410400e+00  3.582738e+00   
   743   4.423729e+00  3.568144e+00   
   744   5.574978e+00  3.581018e+00   
   745   6.457627e+00  3.520480e+00   
   746   5.963321e+00  3.608961e+00   
   747   4.833463e+00  3.670991e+00   
   748   5.786422e+00  3.683757e+00   
   749   4.576271e+00  3.711860e+00   
   750   5.012085e+00  3.729227e+00   
   751   6.254359e+00  3.646603e+00   
   752   5.609523e+00  3.758552e+00   
   753   5.400115e+00  3.773008e+00   
   754   5.190708e+00  3.787464e+00   
   755   6.051091e+00  3.772727e+00   
   756   4.728814e+00  3.855576e+00   
   757   5.847579e+00  3.854407e+00   
   758   4.932203e+00  3.923024e+00   
   759   5.644068e+00  3.936086e+00   
   760   5.389831e+00  3.963279e+00   
   761   5.135593e+00  3.990471e+00   
  END_COORDINATES
  BOUNDARIES, ELEMENT
    1         45     75     61         1     
    2         75     112     93         2     
    3         112     146     129         3     
    4         146     180     162         4     
    5         180     209     194         5     
    6         209     249     230         6     
    7         249     292     272         7     
    8         292     343     316         8     
    9         343     393     368         9     
    10         393     434     416         10     
    11         11     45     24         11     
    12         1     11     4         12     
    13         7     1     2         13     
    14         27     7     15         14     
    15         60     27     43         15     
    16         96     60     76         16     
    17         138     96     118         17     
    18         174     138     155         18     
    19         434     489     461         19     
    20         489     535     515         20     
    21         535     569     550         21     
    22         569     600     586         22     
    23         600     625     612         23     
    24         625     650     638         24     
    25         650     682     664         25     
    26         682     707     694         26     
    27         707     731     719         27     
    28         731     745     739         28     
    29         745     755     751         29     
    30         755     759     757         30     
    31         759     761     760         31     
    32         761     756     758         32     
    33         756     743     749         33     
    34         743     706     726         34     
    35         706     658     680         35     
    36         658     611     632         36     
    37         611     572     590         37     
    38         220     174     195         38     
    39         268     220     240         39     
    40         330     268     299         40     
    41         395     330     360         41     
    42         456     395     425         42     
    43         514     456     486         43     
    44         572     514     544         44     
  END_BOUNDARIES
  MATERIALS, NUMBER= 1, DEFAULT=1
  END_MATERIALS
  SUBDOMAINS
  END_SUBDOMAINS
  CHARACTERISTICS
  END_CHARACTERISTICS
