  NODES_PER_ELEMENT
   1 3
   2 3
   3 3
   4 3
   5 3
   6 3
   7 3
   8 3
   9 3
   10 3
   11 3
   12 3
   13 3
   14 3
   15 3
   16 3
   17 3
   18 3
   19 3
   20 3
   21 3
   22 3
   23 3
   24 3
   25 3
   26 3
   27 3
   28 3
   29 3
   30 3
   31 3
   32 3
   33 3
   34 3
   35 3
   36 3
   37 3
   38 3
   39 3
   40 3
   41 3
   42 3
   43 3
   44 3
   45 3
   46 3
   47 3
   48 3
   49 3
   50 3
   51 3
   52 3
   53 3
   54 3
   55 3
   56 3
   57 3
   58 3
   59 3
   60 3
   61 3
   62 3
   63 3
   64 3
   65 3
   66 3
   67 3
   68 3
   69 3
   70 3
   71 3
   72 3
   73 3
   74 3
   75 3
   76 3
   77 3
   78 3
   79 3
   80 3
   81 3
   82 3
   83 3
   84 3
   85 3
   86 3
   87 3
   88 3
   89 3
   90 3
   91 3
   92 3
   93 3
   94 3
   95 3
   96 3
   97 3
   98 3
   99 3
   100 3
   101 3
   102 3
   103 3
   104 3
   105 3
   106 3
   107 3
   108 3
   109 3
   110 3
   111 3
   112 3
   113 3
   114 3
   115 3
   116 3
   117 3
   118 3
   119 3
   120 3
   121 3
   122 3
   123 3
   124 3
   125 3
   126 3
   127 3
   128 3
   129 3
   130 3
   131 3
   132 3
   133 3
   134 3
   135 3
   136 3
   137 3
   138 3
   139 3
   140 3
   141 3
   142 3
   143 3
   144 3
   145 3
   146 3
   147 3
   148 3
   149 3
   150 3
   151 3
   152 3
   153 3
   154 3
   155 3
   156 3
   157 3
   158 3
   159 3
   160 3
   161 3
   162 3
   163 3
   164 3
   165 3
   166 3
   167 3
   168 3
   169 3
   170 3
   171 3
   172 3
   173 3
   174 3
   175 3
   176 3
   177 3
   178 3
   179 3
   180 3
   181 3
   182 3
   183 3
   184 3
   185 3
   186 3
   187 3
   188 3
   189 3
   190 3
   191 3
   192 3
   193 3
   194 3
   195 3
   196 3
   197 3
   198 3
   199 3
   200 3
   201 3
   202 3
   203 3
   204 3
   205 3
   206 3
   207 3
   208 3
   209 3
   210 3
   211 3
   212 3
   213 3
   214 3
   215 3
   216 3
   217 3
   218 3
   219 3
   220 3
   221 3
   222 3
   223 3
   224 3
   225 3
   226 3
   227 3
   228 3
   229 3
   230 3
   231 3
   232 3
   233 3
   234 3
   235 3
   236 3
   237 3
   238 3
   239 3
   240 3
   241 3
   242 3
   243 3
   244 3
   245 3
   246 3
   247 3
   248 3
   249 3
   250 3
   251 3
   252 3
   253 3
   254 3
   255 3
   256 3
   257 3
   258 3
   259 3
   260 3
   261 3
   262 3
   263 3
   264 3
   265 3
   266 3
   267 3
   268 3
   269 3
   270 3
   271 3
   272 3
   273 3
   274 3
   275 3
   276 3
   277 3
   278 3
   279 3
   280 3
   281 3
   282 3
   283 3
   284 3
   285 3
   286 3
   287 3
   288 3
   289 3
   290 3
   291 3
   292 3
   293 3
   294 3
   295 3
   296 3
   297 3
   298 3
   299 3
   300 3
   301 3
   302 3
   303 3
   304 3
   305 3
   306 3
   307 3
   308 3
   309 3
   310 3
   311 3
   312 3
   313 3
   314 3
   315 3
   316 3
   317 3
   318 3
   319 3
   320 3
   321 3
   322 3
   323 3
   324 3
   325 3
   326 3
   327 3
   328 3
   329 3
   330 3
   331 3
   332 3
   333 3
   334 3
   335 3
   336 3
   337 3
   338 3
   339 3
   340 3
   341 3
   342 3
   343 3
   344 3
   345 3
   346 3
   347 3
   348 3
   349 3
   350 3
   351 3
   352 3
   353 3
   354 3
   355 3
   356 3
   357 3
   358 3
   359 3
   360 3
   361 3
   362 3
   363 3
   364 3
   365 3
   366 3
   367 3
   368 3
   369 3
   370 3
   371 3
   372 3
   373 3
   374 3
   375 3
   376 3
   377 3
   378 3
   379 3
   380 3
   381 3
   382 3
   383 3
   384 3
   385 3
   386 3
   387 3
   388 3
  END_NODES_PER_ELEMENT
  ELEMENTS
  1 137 140 138  
  2 138 140 143  
  3 137 138 134  
  4 134 138 135  
  5 137 134 129  
  6 135 138 143  
  7 134 135 130  
  8 130 135 133  
  9 134 130 129  
  10 211 209 202  
  11 210 214 204  
  12 214 218 207  
  13 221 224 219  
  14 216 211 205  
  15 209 210 201  
  16 218 221 213  
  17 129 130 121  
  18 220 212 215  
  19 182 186 171  
  20 204 214 207  
  21 210 204 201  
  22 219 224 223  
  23 221 219 213  
  24 202 209 201  
  25 207 218 213  
  26 205 211 202  
  27 216 205 208  
  28 133 135 139  
  29 130 133 126  
  30 204 207 196  
  31 213 219 206  
  32 205 202 191  
  33 201 204 193  
  34 202 201 192  
  35 207 213 199  
  36 166 172 169  
  37 146 149 141  
  38 153 157 152  
  39 160 166 163  
  40 143 146 139  
  41 139 146 141  
  42 149 153 147  
  43 157 160 158  
  44 172 176 177  
  45 135 143 139  
  46 139 141 131  
  47 178 182 171  
  48 224 228 223  
  49 215 212 203  
  50 220 215 222  
  51 219 223 217  
  52 208 205 198  
  53 216 208 226  
  54 169 172 177  
  55 166 169 163  
  56 147 153 152  
  57 149 147 141  
  58 152 157 158  
  59 160 163 158  
  60 177 176 189  
  61 121 130 126  
  62 121 126 119  
  63 129 121 117  
  64 223 228 229  
  65 133 139 131  
  66 126 133 131  
  67 169 177 183  
  68 141 147 136  
  69 158 163 159  
  70 163 169 168  
  71 147 152 145  
  72 152 158 151  
  73 200 194 190  
  74 194 188 184  
  75 180 178 173  
  76 227 220 222  
  77 212 200 203  
  78 188 185 175  
  79 185 180 174  
  80 227 222 229  
  81 203 200 190  
  82 215 203 217  
  83 222 215 217  
  84 217 203 206  
  85 217 206 219  
  86 196 207 199  
  87 196 199 187  
  88 193 204 196  
  89 193 196 181  
  90 213 206 199  
  91 199 206 195  
  92 201 193 192  
  93 192 193 183  
  94 191 202 192  
  95 191 192 183  
  96 205 191 198  
  97 198 191 189  
  98 198 189 197  
  99 217 223 222  
  100 222 223 229  
  101 208 198 197  
  102 189 176 197  
  103 177 189 191  
  104 173 178 171  
  105 180 173 174  
  106 190 194 184  
  107 184 188 175  
  108 175 185 174  
  109 203 190 195  
  110 190 184 179  
  111 229 228 231  
  112 174 173 162  
  113 184 175 170  
  114 175 174 165  
  115 131 141 136  
  116 183 177 191  
  117 168 169 183  
  118 168 183 181  
  119 151 158 159  
  120 151 159 155  
  121 136 147 145  
  122 136 145 132  
  123 145 152 151  
  124 145 151 142  
  125 163 168 159  
  126 159 168 164  
  127 119 126 120  
  128 121 119 117  
  129 227 229 230  
  130 131 136 123  
  131 117 119 112  
  132 187 199 195  
  133 187 195 179  
  134 181 196 187  
  135 181 187 167  
  136 195 206 203  
  137 193 181 183  
  138 126 131 120  
  139 162 173 171  
  140 174 162 165  
  141 165 162 150  
  142 179 184 170  
  143 179 170 167  
  144 190 179 195  
  145 170 175 165  
  146 170 165 156  
  147 119 120 112  
  148 230 229 231  
  149 120 131 123  
  150 120 123 116  
  151 226 208 225  
  152 208 197 225  
  153 132 145 142  
  154 132 142 128  
  155 142 151 155  
  156 142 155 128  
  157 164 168 181  
  158 136 132 123  
  159 123 132 118  
  160 159 164 155  
  161 155 167 156  
  162 117 112 105  
  163 116 123 118  
  164 120 116 112  
  165 167 187 179  
  166 181 167 164  
  167 164 167 155  
  168 150 162 148  
  169 165 150 156  
  170 156 150 128  
  171 170 156 167  
  172 230 231 232  
  173 116 118 108  
  174 132 128 118  
  175 118 128 114  
  176 162 171 148  
  177 171 161 148  
  178 150 148 127  
  179 108 118 114  
  180 116 108 112  
  181 4 9 5  
  182 9 12 10  
  183 7 2 6  
  184 2 1 3  
  185 66 58 59  
  186 58 47 49  
  187 47 42 49  
  188 42 34 36  
  189 127 148 122  
  190 150 127 128  
  191 105 112 104  
  192 104 112 108  
  193 105 104 95  
  194 5 9 10  
  195 5 10 8  
  196 4 5 1  
  197 10 12 17  
  198 114 128 127  
  199 161 154 122  
  200 154 144 124  
  201 128 155 156  
  202 104 108 99  
  203 8 10 14  
  204 5 8 3  
  205 5 3 1  
  206 6 2 3  
  207 6 3 8  
  208 7 6 11  
  209 59 58 49  
  210 59 49 53  
  211 66 59 76  
  212 53 49 44  
  213 59 53 64  
  214 36 34 29  
  215 42 36 49  
  216 122 148 161  
  217 127 122 111  
  218 124 144 125  
  219 154 124 122  
  220 99 108 106  
  221 104 99 94  
  222 14 10 17  
  223 8 14 13  
  224 44 49 36  
  225 53 44 45  
  226 64 53 55  
  227 59 64 76  
  228 29 34 27  
  229 29 27 22  
  230 22 27 16  
  231 29 22 26  
  232 22 16 15  
  233 26 22 19  
  234 29 26 36  
  235 111 122 109  
  236 127 111 114  
  237 15 16 11  
  238 22 15 19  
  239 19 15 13  
  240 106 108 114  
  241 106 114 111  
  242 99 106 96  
  243 94 99 88  
  244 104 94 95  
  245 95 94 82  
  246 13 14 18  
  247 8 13 6  
  248 26 19 23  
  249 45 44 37  
  250 53 45 55  
  251 64 55 68  
  252 109 122 124  
  253 111 109 102  
  254 96 106 102  
  255 99 96 88  
  256 94 88 83  
  257 18 14 21  
  258 13 18 20  
  259 23 19 20  
  260 23 20 24  
  261 20 19 13  
  262 24 20 18  
  263 23 24 31  
  264 31 24 32  
  265 23 31 37  
  266 32 24 28  
  267 31 32 38  
  268 26 23 37  
  269 32 28 35  
  270 31 38 37  
  271 28 24 18  
  272 38 32 40  
  273 37 44 36  
  274 68 55 62  
  275 102 109 100  
  276 45 37 38  
  277 64 68 74  
  278 111 102 106  
  279 83 88 78  
  280 35 28 30  
  281 62 55 51  
  282 74 68 79  
  283 30 28 21  
  284 62 51 57  
  285 79 68 72  
  286 78 88 84  
  287 51 55 45  
  288 21 14 17  
  289 40 32 35  
  290 100 109 110  
  291 83 78 71  
  292 94 83 82  
  293 82 83 71  
  294 68 62 72  
  295 74 79 85  
  296 64 74 76  
  297 18 21 28  
  298 38 40 46  
  299 46 40 48  
  300 38 46 51  
  301 102 100 91  
  302 35 30 39  
  303 57 51 46  
  304 57 46 56  
  305 56 46 48  
  306 56 48 60  
  307 60 48 52  
  308 56 60 67  
  309 52 48 43  
  310 60 52 63  
  311 67 60 69  
  312 56 67 65  
  313 43 48 40  
  314 43 40 35  
  315 43 35 39  
  316 63 52 54  
  317 69 60 63  
  318 65 67 75  
  319 52 43 39  
  320 67 69 77  
  321 56 65 57  
  322 57 65 62  
  323 54 52 39  
  324 75 67 77  
  325 77 69 84  
  326 77 84 87  
  327 87 84 96  
  328 77 87 75  
  329 63 54 61  
  330 61 54 50  
  331 50 54 39  
  332 65 75 73  
  333 73 75 81  
  334 65 73 62  
  335 81 75 91  
  336 73 81 80  
  337 84 88 96  
  338 71 78 63  
  339 91 100 92  
  340 73 80 72  
  341 72 80 79  
  342 73 72 62  
  343 92 100 103  
  344 91 92 81  
  345 81 92 90  
  346 90 92 103  
  347 81 90 80  
  348 80 90 89  
  349 89 90 98  
  350 80 89 79  
  351 98 90 103  
  352 89 98 97  
  353 97 98 107  
  354 97 107 101  
  355 97 101 93  
  356 89 97 85  
  357 103 100 110  
  358 110 109 124  
  359 110 124 125  
  360 85 79 89  
  361 39 30 33  
  362 78 84 69  
  363 74 85 86  
  364 86 85 93  
  365 93 85 97  
  366 102 91 87  
  367 87 91 75  
  368 103 110 113  
  369 113 110 125  
  370 113 125 115  
  371 103 113 98  
  372 115 107 98  
  373 17 25 21  
  374 25 33 30  
  375 33 41 39  
  376 41 50 39  
  377 61 70 71  
  378 71 70 82  
  379 15 11 6  
  380 78 69 63  
  381 86 76 74  
  382 51 45 38  
  383 113 115 98  
  384 87 96 102  
  385 71 63 61  
  386 21 25 30  
  387 26 37 36  
  388 6 13 15  
  END_ELEMENTS  
  COORDINATES  
   1   4.935400e+00  4.719600e+00   
   2   5.344400e+00  4.627000e+00   
   3   5.044283e+00  4.250976e+00   
   4   4.324600e+00  4.337100e+00   
   5   4.665213e+00  4.045635e+00   
   6   5.453283e+00  4.158376e+00   
   7   5.753400e+00  4.534400e+00   
   8   5.033947e+00  3.746716e+00   
   9   4.224950e+00  3.961150e+00   
   10   4.565563e+00  3.669685e+00   
   11   6.152900e+00  4.230000e+00   
   12   4.125300e+00  3.585200e+00   
   13   5.360443e+00  3.370075e+00   
   14   4.870025e+00  3.280927e+00   
   15   6.102162e+00  3.715621e+00   
   16   6.552400e+00  3.925600e+00   
   17   4.115300e+00  3.078550e+00   
   18   5.192678e+00  2.899470e+00   
   19   6.058637e+00  3.240455e+00   
   20   5.684431e+00  2.989372e+00   
   21   4.700745e+00  2.810557e+00   
   22   6.515454e+00  3.439948e+00   
   23   6.007492e+00  2.743460e+00   
   24   5.583693e+00  2.521866e+00   
   25   4.105300e+00  2.571900e+00   
   26   6.462934e+00  2.948868e+00   
   27   6.976950e+00  3.552600e+00   
   28   5.135285e+00  2.301417e+00   
   29   6.905297e+00  3.168486e+00   
   30   4.687028e+00  2.079956e+00   
   31   5.996232e+00  2.248939e+00   
   32   5.551044e+00  2.024268e+00   
   33   4.105300e+00  2.064250e+00   
   34   7.401500e+00  3.179600e+00   
   35   5.102987e+00  1.802544e+00   
   36   7.173933e+00  2.751143e+00   
   37   6.620489e+00  2.237683e+00   
   38   5.968729e+00  1.750030e+00   
   39   4.654751e+00  1.581004e+00   
   40   5.522231e+00  1.525182e+00   
   41   4.105300e+00  1.556600e+00   
   42   7.653850e+00  2.822150e+00   
   43   5.164236e+00  1.399956e+00   
   44   7.115346e+00  2.167947e+00   
   45   6.808339e+00  1.774586e+00   
   46   5.940236e+00  1.250863e+00   
   47   7.906200e+00  2.464700e+00   
   48   5.493656e+00  1.026005e+00   
   49   7.604590e+00  2.086792e+00   
   50   4.105300e+00  1.048400e+00   
   51   6.535525e+00  1.306368e+00   
   52   5.010534e+00  9.258966e-01   
   53   7.302980e+00  1.708884e+00   
   54   4.525812e+00  8.049252e-01   
   55   7.035167e+00  1.287858e+00   
   56   5.782373e+00  7.780313e-01   
   57   6.269709e+00  8.828848e-01   
   58   8.087950e+00  2.074700e+00   
   59   7.786340e+00  1.696792e+00   
   60   5.355885e+00  5.735321e-01   
   61   4.105300e+00  5.402000e-01   
   62   6.769364e+00  8.644363e-01   
   63   4.873961e+00  4.466213e-01   
   64   7.533831e+00  1.269960e+00   
   65   6.201770e+00  5.088412e-01   
   66   8.269700e+00  1.684700e+00   
   67   5.756347e+00  2.853340e-01   
   68   7.268967e+00  8.461751e-01   
   69   5.303183e+00  7.797233e-02   
   70   4.105300e+00  3.205000e-02   
   71   4.502413e+00 -2.702517e-02   
   72   7.003850e+00  4.222546e-01   
   73   6.619823e+00  2.347436e-01   
   74   7.768594e+00  8.285730e-01   
   75   6.173261e+00  1.006620e-02   
   76   8.331750e+00  1.160050e+00   
   77   5.709938e+00 -2.120949e-01   
   78   4.934704e+00 -2.782573e-01   
   79   7.503535e+00  4.046298e-01   
   80   7.037791e+00 -3.965798e-02   
   81   6.591158e+00 -2.644084e-01   
   82   4.105300e+00 -4.761000e-01   
   83   4.501010e+00 -5.270161e-01   
   84   5.366958e+00 -5.295531e-01   
   85   8.003222e+00  3.870462e-01   
   86   8.393800e+00  6.354000e-01   
   87   5.832583e+00 -6.886053e-01   
   88   4.933190e+00 -7.782267e-01   
   89   7.480705e+00 -2.026449e-01   
   90   7.058972e+00 -4.144925e-01   
   91   6.311319e+00 -6.987987e-01   
   92   6.675005e+00 -7.209957e-01   
   93   8.349750e+00  1.077000e-01   
   94   4.499938e+00 -1.026902e+00   
   95   4.105300e+00 -9.837500e-01   
   96   5.373166e+00 -1.046547e+00   
   97   7.905226e+00 -4.635611e-01   
   98   7.464208e+00 -6.955062e-01   
   99   4.930351e+00 -1.277765e+00   
   100   6.540125e+00 -1.202456e+00   
   101   8.305700e+00 -4.200000e-01   
   102   6.055786e+00 -1.326393e+00   
   103   7.024524e+00 -1.078536e+00   
   104   4.504214e+00 -1.525068e+00   
   105   4.105300e+00 -1.491400e+00   
   106   5.350429e+00 -1.545576e+00   
   107   8.102950e+00 -8.786000e-01   
   108   4.905576e+00 -1.769840e+00   
   109   6.405101e+00 -1.683822e+00   
   110   6.889534e+00 -1.560085e+00   
   111   5.921648e+00 -1.807832e+00   
   112   4.427415e+00 -1.878892e+00   
   113   7.373970e+00 -1.436189e+00   
   114   5.367457e+00 -1.972466e+00   
   115   7.900200e+00 -1.337200e+00   
   116   4.653345e+00 -2.035497e+00   
   117   4.105300e+00 -2.010915e+00   
   118   4.941012e+00 -2.134448e+00   
   119   4.260044e+00 -2.123745e+00   
   120   4.458125e+00 -2.195779e+00   
   121   4.194098e+00 -2.237481e+00   
   122   6.267779e+00 -2.163664e+00   
   123   4.636940e+00 -2.287552e+00   
   124   6.833860e+00 -2.054435e+00   
   125   7.591300e+00 -1.795800e+00   
   126   4.305017e+00 -2.295698e+00   
   127   5.798696e+00 -2.288774e+00   
   128   5.122158e+00 -2.357072e+00   
   129   4.105300e+00 -2.367957e+00   
   130   4.194828e+00 -2.389091e+00   
   131   4.435002e+00 -2.416315e+00   
   132   4.796054e+00 -2.442486e+00   
   133   4.293209e+00 -2.421525e+00   
   134   4.154270e+00 -2.449832e+00   
   135   4.211832e+00 -2.473118e+00   
   136   4.576069e+00 -2.505876e+00   
   137   4.105300e+00 -2.503700e+00   
   138   4.160020e+00 -2.510050e+00   
   139   4.319367e+00 -2.533403e+00   
   140   4.114600e+00 -2.546200e+00   
   141   4.419539e+00 -2.576983e+00   
   142   4.866468e+00 -2.607722e+00   
   143   4.214100e+00 -2.577400e+00   
   144   7.282400e+00 -2.254400e+00   
   145   4.667059e+00 -2.641334e+00   
   146   4.305300e+00 -2.627900e+00   
   147   4.501821e+00 -2.670587e+00   
   148   6.091441e+00 -2.615987e+00   
   149   4.384400e+00 -2.695800e+00   
   150   5.743736e+00 -2.724374e+00   
   151   4.736166e+00 -2.781722e+00   
   152   4.568403e+00 -2.777077e+00   
   153   4.448300e+00 -2.778100e+00   
   154   6.916398e+00 -2.538544e+00   
   155   5.010906e+00 -2.815997e+00   
   156   5.399594e+00 -2.856436e+00   
   157   4.494300e+00 -2.871600e+00   
   158   4.612189e+00 -2.894840e+00   
   159   4.791445e+00 -2.950266e+00   
   160   4.520500e+00 -2.972500e+00   
   161   6.552520e+00 -2.821039e+00   
   162   5.937422e+00 -2.946024e+00   
   163   4.631362e+00 -3.018838e+00   
   164   4.956168e+00 -3.053782e+00   
   165   5.756804e+00 -3.018436e+00   
   166   4.526000e+00 -3.076600e+00   
   167   5.227837e+00 -3.125215e+00   
   168   4.801881e+00 -3.136416e+00   
   169   4.625169e+00 -3.144301e+00   
   170   5.595032e+00 -3.127394e+00   
   171   6.266100e+00 -3.043400e+00   
   172   4.510400e+00 -3.179600e+00   
   173   6.060586e+00 -3.125188e+00   
   174   5.916708e+00 -3.153318e+00   
   175   5.778671e+00 -3.226484e+00   
   176   4.474500e+00 -3.277500e+00   
   177   4.599447e+00 -3.303810e+00   
   178   6.154900e+00 -3.229600e+00   
   179   5.424302e+00 -3.311944e+00   
   180   6.027800e+00 -3.253600e+00   
   181   5.041705e+00 -3.335280e+00   
   182   6.265100e+00 -3.228600e+00   
   183   4.782815e+00 -3.341652e+00   
   184   5.658300e+00 -3.326239e+00   
   185   5.907600e+00 -3.302700e+00   
   186   6.363200e+00 -3.244600e+00   
   187   5.205594e+00 -3.390772e+00   
   188   5.799500e+00 -3.374800e+00   
   189   4.531900e+00 -3.417413e+00   
   190   5.560480e+00 -3.447160e+00   
   191   4.669521e+00 -3.480489e+00   
   192   4.807750e+00 -3.491510e+00   
   193   4.934230e+00 -3.499758e+00   
   194   5.708400e+00 -3.466900e+00   
   195   5.351360e+00 -3.499575e+00   
   196   5.063238e+00 -3.519409e+00   
   197   4.352459e+00 -3.535436e+00   
   198   4.547019e+00 -3.550839e+00   
   199   5.181261e+00 -3.572176e+00   
   200   5.637300e+00 -3.575100e+00   
   201   4.862966e+00 -3.619366e+00   
   202   4.759995e+00 -3.622336e+00   
   203   5.461972e+00 -3.616372e+00   
   204   4.964679e+00 -3.635617e+00   
   205   4.659286e+00 -3.644267e+00   
   206   5.274548e+00 -3.659027e+00   
   207   5.061664e+00 -3.670325e+00   
   208   4.517981e+00 -3.686281e+00   
   209   4.813900e+00 -3.706400e+00   
   210   4.900400e+00 -3.712000e+00   
   211   4.727900e+00 -3.716900e+00   
   212   5.589200e+00 -3.696200e+00   
   213   5.150654e+00 -3.722437e+00   
   214   4.984300e+00 -3.733500e+00   
   215   5.478358e+00 -3.723979e+00   
   216   4.645300e+00 -3.743200e+00   
   217   5.367220e+00 -3.753575e+00   
   218   5.062800e+00 -3.770200e+00   
   219   5.228167e+00 -3.790249e+00   
   220   5.569200e+00 -3.793300e+00   
   221   5.133200e+00 -3.820900e+00   
   222   5.448878e+00 -3.856794e+00   
   223   5.311398e+00 -3.875030e+00   
   224   5.192900e+00 -3.883600e+00   
   225   4.188200e+00 -3.882600e+00   
   226   4.491500e+00 -3.906500e+00   
   227   5.564200e+00 -3.923500e+00   
   228   5.252600e+00 -3.982400e+00   
   229   5.401754e+00 -4.011936e+00   
   230   5.561148e+00 -4.173093e+00   
   231   5.272300e+00 -4.260800e+00   
   232   5.556600e+00 -4.545000e+00   
  END_COORDINATES
  BOUNDARIES, ELEMENT
    1         137     140         1     
    2         140     143         2     
    3         129     137         5     
    4         211     209         10     
    5         210     214         11     
    6         214     218         12     
    7         221     224         13     
    8         216     211         14     
    9         209     210         15     
    10         218     221         16     
    11         220     212         18     
    12         182     186         19     
    13         186     171         19     
    14         166     172         36     
    15         146     149         37     
    16         153     157         38     
    17         160     166         39     
    18         143     146         40     
    19         149     153         42     
    20         157     160         43     
    21         172     176         44     
    22         178     182         47     
    23         224     228         48     
    24         226     216         53     
    25         117     129         63     
    26         200     194         73     
    27         194     188         74     
    28         180     178         75     
    29         227     220         76     
    30         212     200         77     
    31         188     185         78     
    32         185     180         79     
    33         176     197         102     
    34         228     231         111     
    35         230     227         129     
    36         225     226         151     
    37         197     225         152     
    38         105     117         162     
    39         231     232         172     
    40         232     230         172     
    41         171     161         177     
    42         4     9         181     
    43         9     12         182     
    44         7     2         183     
    45         2     1         184     
    46         66     58         185     
    47         58     47         186     
    48         47     42         187     
    49         42     34         188     
    50         95     105         193     
    51         1     4         196     
    52         12     17         197     
    53         161     154         199     
    54         154     144         200     
    55         11     7         208     
    56         76     66         211     
    57         144     125         218     
    58         34     27         228     
    59         27     16         230     
    60         16     11         237     
    61         82     95         245     
    62         50     61         330     
    63         107     101         354     
    64         101     93         355     
    65         93     86         364     
    66         125     115         370     
    67         115     107         372     
    68         17     25         373     
    69         25     33         374     
    70         33     41         375     
    71         41     50         376     
    72         61     70         377     
    73         70     82         378     
    74         86     76         381     
  END_BOUNDARIES
  MATERIALS, NUMBER= 1, DEFAULT=1
  END_MATERIALS
  SUBDOMAINS
  END_SUBDOMAINS
  CHARACTERISTICS
  END_CHARACTERISTICS
