  NODES_PER_ELEMENT
   1 4
   2 4
   3 4
   4 4
   5 4
   6 4
   7 4
   8 4
   9 4
   10 4
   11 4
   12 4
   13 4
   14 4
   15 4
   16 4
   17 4
   18 4
   19 4
   20 4
   21 4
   22 4
   23 4
   24 4
   25 4
   26 4
   27 4
   28 4
   29 4
   30 4
   31 4
   32 4
   33 4
   34 4
   35 4
   36 4
   37 4
   38 4
   39 4
   40 4
   41 4
   42 4
   43 4
   44 4
   45 4
   46 4
   47 4
   48 4
   49 4
   50 4
   51 4
   52 4
   53 4
   54 4
   55 4
   56 4
   57 4
   58 4
   59 4
   60 4
   61 4
   62 4
   63 4
   64 4
   65 4
   66 4
   67 4
   68 4
   69 4
   70 4
   71 4
   72 4
   73 4
   74 4
   75 4
   76 4
   77 4
   78 4
   79 4
   80 4
   81 4
   82 4
   83 4
   84 4
   85 4
   86 4
   87 4
   88 4
   89 4
   90 4
   91 4
   92 4
   93 4
   94 4
   95 4
   96 4
   97 4
   98 4
   99 4
   100 4
   101 4
   102 4
   103 4
   104 4
   105 4
   106 4
   107 4
   108 4
   109 4
   110 4
   111 4
   112 4
   113 4
   114 4
   115 4
   116 4
   117 4
   118 4
   119 4
   120 4
   121 4
   122 4
   123 4
   124 4
   125 4
   126 4
   127 4
   128 4
   129 4
   130 4
   131 4
   132 4
   133 4
   134 4
   135 4
   136 4
   137 4
   138 4
   139 4
   140 4
   141 4
   142 4
   143 4
   144 4
   145 4
   146 4
   147 4
   148 4
   149 4
   150 4
   151 4
   152 4
   153 4
   154 4
   155 4
   156 4
   157 4
   158 4
   159 4
   160 4
   161 4
   162 4
   163 4
   164 4
   165 4
   166 4
   167 4
   168 4
   169 4
   170 4
   171 4
   172 4
   173 4
   174 4
   175 4
   176 4
   177 4
   178 4
   179 4
   180 4
   181 4
   182 4
   183 4
   184 4
   185 4
   186 4
   187 4
   188 4
   189 4
   190 4
   191 4
   192 4
   193 4
   194 4
   195 4
   196 4
   197 4
   198 4
   199 4
   200 4
   201 4
   202 4
   203 4
   204 4
   205 4
   206 4
   207 4
   208 4
   209 4
   210 4
   211 4
   212 4
   213 4
   214 4
   215 4
   216 4
   217 4
   218 4
   219 4
   220 4
   221 4
   222 4
   223 4
   224 4
   225 4
   226 4
   227 4
   228 4
   229 4
   230 4
   231 4
   232 4
   233 4
   234 4
   235 4
   236 4
   237 4
   238 4
   239 4
   240 4
   241 4
   242 4
   243 4
   244 4
   245 4
   246 4
   247 4
   248 4
   249 4
   250 4
   251 4
   252 4
   253 4
   254 4
   255 4
   256 4
   257 4
   258 4
   259 4
   260 4
   261 4
   262 4
   263 4
   264 4
   265 4
   266 4
   267 4
   268 4
   269 4
   270 4
   271 4
   272 4
   273 4
   274 4
   275 4
   276 4
   277 4
   278 4
   279 4
   280 4
   281 4
   282 4
   283 4
   284 4
   285 4
   286 4
   287 4
   288 4
   289 4
   290 4
   291 4
   292 4
   293 4
   294 4
   295 4
   296 4
   297 4
   298 4
   299 4
   300 4
   301 4
   302 4
   303 4
   304 4
   305 4
   306 4
   307 4
   308 4
   309 4
   310 4
   311 4
   312 4
   313 4
   314 4
   315 4
   316 4
   317 4
   318 4
   319 4
   320 4
   321 4
   322 4
   323 4
   324 4
   325 4
   326 4
   327 4
   328 4
   329 4
   330 4
   331 4
   332 4
   333 4
   334 4
   335 4
   336 4
   337 4
   338 4
   339 4
   340 4
   341 4
   342 4
   343 4
   344 4
   345 4
   346 4
   347 4
   348 4
   349 4
   350 4
   351 4
   352 4
   353 4
   354 4
   355 4
   356 4
   357 4
   358 4
   359 4
   360 4
   361 4
   362 4
   363 4
   364 4
   365 4
   366 4
   367 4
   368 4
   369 4
   370 4
   371 4
   372 4
   373 4
   374 4
   375 4
   376 4
   377 4
   378 4
   379 4
   380 4
   381 4
   382 4
   383 4
   384 4
   385 4
   386 4
   387 4
   388 4
   389 4
   390 4
   391 4
   392 4
   393 4
   394 4
   395 4
   396 4
   397 4
   398 4
   399 4
   400 4
   401 4
   402 4
   403 4
   404 4
   405 4
   406 4
   407 4
   408 4
   409 4
   410 4
   411 4
   412 4
   413 4
   414 4
   415 4
   416 4
   417 4
   418 4
   419 4
   420 4
   421 4
   422 4
   423 4
   424 4
   425 4
   426 4
   427 4
   428 4
   429 4
   430 4
   431 4
   432 4
   433 4
   434 4
   435 4
   436 4
   437 4
   438 4
   439 4
   440 4
   441 4
   442 4
   443 4
   444 4
   445 4
   446 4
   447 4
   448 4
   449 4
   450 4
   451 4
   452 4
   453 4
   454 4
   455 4
   456 4
   457 4
   458 4
   459 4
   460 4
   461 4
   462 4
   463 4
   464 4
   465 4
   466 4
   467 4
   468 4
   469 4
   470 4
   471 4
   472 4
   473 4
   474 4
   475 4
   476 4
   477 4
   478 4
   479 4
   480 4
   481 4
   482 4
   483 4
   484 4
   485 4
   486 4
   487 4
   488 4
   489 4
   490 4
   491 4
   492 4
   493 4
   494 4
   495 4
   496 4
   497 4
   498 4
   499 4
   500 4
   501 4
   502 4
   503 4
   504 4
   505 4
   506 4
   507 4
   508 4
   509 4
   510 4
   511 4
   512 4
   513 4
   514 4
   515 4
   516 4
   517 4
   518 4
   519 4
   520 4
   521 4
   522 4
   523 4
   524 4
   525 4
   526 4
   527 4
   528 4
   529 4
   530 4
   531 4
   532 4
   533 4
   534 4
   535 4
   536 4
   537 4
   538 4
   539 4
   540 4
   541 4
   542 4
   543 4
   544 4
   545 4
   546 4
   547 4
   548 4
   549 4
   550 4
   551 4
   552 4
   553 4
   554 4
   555 4
   556 4
   557 4
   558 4
   559 4
   560 4
   561 4
   562 4
   563 4
   564 4
   565 4
   566 4
   567 4
   568 4
   569 4
   570 4
   571 4
   572 4
   573 4
   574 4
   575 4
   576 4
   577 4
   578 4
   579 4
   580 4
   581 4
   582 4
   583 4
   584 4
   585 4
   586 4
   587 4
   588 4
   589 4
   590 4
   591 4
   592 4
   593 4
   594 4
   595 4
   596 4
   597 4
   598 4
   599 4
   600 4
   601 4
   602 4
   603 4
   604 4
   605 4
   606 4
   607 4
   608 4
   609 4
   610 4
   611 4
   612 4
  END_NODES_PER_ELEMENT
  ELEMENTS
  1 10 19 18 9  
  2 19 30 31 18  
  3 3 10 9 5  
  4 1 3 5 2  
  5 4 1 2 6  
  6 11 4 6 13  
  7 25 11 13 24  
  8 36 25 24 35  
  9 47 36 35 49  
  10 65 47 49 61  
  11 81 65 61 77  
  12 100 81 77 96  
  13 119 100 96 115  
  14 133 119 115 131  
  15 151 133 131 147  
  16 30 48 45 31  
  17 48 60 58 45  
  18 60 73 69 58  
  19 73 87 84 69  
  20 87 104 98 84  
  21 104 118 109 98  
  22 118 129 123 109  
  23 129 140 137 123  
  24 140 153 144 137  
  25 153 167 159 144  
  26 167 189 176 159  
  27 189 203 193 176  
  28 203 223 212 193  
  29 223 241 229 212  
  30 241 265 252 229  
  31 265 288 274 252  
  32 288 314 301 274  
  33 314 332 322 301  
  34 332 351 343 322  
  35 351 372 363 343  
  36 372 396 383 363  
  37 396 421 409 383  
  38 421 442 428 409  
  39 442 464 454 428  
  40 464 487 476 454  
  41 487 505 495 476  
  42 505 523 513 495  
  43 523 538 530 513  
  44 538 551 545 530  
  45 551 564 559 545  
  46 564 580 574 559  
  47 580 598 586 574  
  48 598 606 595 586  
  49 606 615 604 595  
  50 615 627 616 604  
  51 627 641 629 616  
  52 641 650 639 629  
  53 650 652 644 639  
  54 652 654 646 644  
  55 654 657 648 646  
  56 657 656 647 648  
  57 656 655 645 647  
  58 655 653 643 645  
  59 653 651 640 643  
  60 651 649 633 640  
  61 649 642 626 633  
  62 642 631 614 626  
  63 631 620 603 614  
  64 620 608 593 603  
  65 172 151 147 164  
  66 186 172 164 179  
  67 200 186 179 197  
  68 220 200 197 214  
  69 239 220 214 227  
  70 262 239 227 247  
  71 286 262 247 269  
  72 310 286 269 295  
  73 331 310 295 318  
  74 349 331 318 339  
  75 369 349 339 358  
  76 390 369 358 377  
  77 412 390 377 399  
  78 431 412 399 420  
  79 452 431 420 440  
  80 474 452 440 459  
  81 492 474 459 480  
  82 515 492 480 502  
  83 608 594 584 593  
  84 594 583 568 584  
  85 583 572 557 568  
  86 572 555 540 557  
  87 555 536 521 540  
  88 536 515 502 521  
  89 123 137 128 120  
  90 109 123 120 106  
  91 98 109 106 93  
  92 84 98 93 80  
  93 69 84 80 67  
  94 58 69 67 54  
  95 137 144 141 128  
  96 45 58 54 43  
  97 31 45 43 33  
  98 18 31 33 22  
  99 9 18 22 14  
  100 5 9 14 8  
  101 2 5 8 7  
  102 6 2 7 12  
  103 13 6 12 16  
  104 144 159 155 141  
  105 159 176 168 155  
  106 176 193 182 168  
  107 193 212 201 182  
  108 212 229 221 201  
  109 229 252 240 221  
  110 252 274 266 240  
  111 274 301 290 266  
  112 301 322 315 290  
  113 322 343 336 315  
  114 343 363 355 336  
  115 363 383 376 355  
  116 383 409 400 376  
  117 409 428 424 400  
  118 428 454 443 424  
  119 454 476 462 443  
  120 476 495 486 462  
  121 495 513 503 486  
  122 513 530 519 503  
  123 530 545 533 519  
  124 545 559 548 533  
  125 24 13 16 26  
  126 35 24 26 38  
  127 49 35 38 51  
  128 559 574 563 548  
  129 574 586 575 563  
  130 586 595 587 575  
  131 595 604 597 587  
  132 604 616 605 597  
  133 616 629 618 605  
  134 629 639 630 618  
  135 639 644 638 630  
  136 644 646 637 638  
  137 646 648 636 637  
  138 648 647 635 636  
  139 647 645 634 635  
  140 645 643 632 634  
  141 643 640 628 632  
  142 640 633 619 628  
  143 633 626 611 619  
  144 626 614 601 611  
  145 614 603 592 601  
  146 61 49 51 59  
  147 77 61 59 75  
  148 96 77 75 90  
  149 115 96 90 112  
  150 131 115 112 130  
  151 603 593 582 592  
  152 147 131 130 146  
  153 164 147 146 163  
  154 179 164 163 178  
  155 197 179 178 196  
  156 214 197 196 207  
  157 227 214 207 218  
  158 247 227 218 232  
  159 269 247 232 251  
  160 295 269 251 275  
  161 318 295 275 302  
  162 339 318 302 325  
  163 358 339 325 345  
  164 377 358 345 364  
  165 399 377 364 386  
  166 420 399 386 407  
  167 440 420 407 427  
  168 459 440 427 445  
  169 480 459 445 465  
  170 502 480 465 488  
  171 521 502 488 506  
  172 540 521 506 525  
  173 557 540 525 543  
  174 568 557 543 556  
  175 584 568 556 569  
  176 593 584 569 582  
  177 632 628 617 624  
  178 628 619 610 617  
  179 634 632 624 623  
  180 635 634 623 621  
  181 636 635 621 622  
  182 637 636 622 625  
  183 638 637 625 630  
  184 618 630 625 612  
  185 605 618 612 599  
  186 597 605 599 588  
  187 587 597 588 577  
  188 575 587 577 565  
  189 563 575 565 552  
  190 619 611 600 610  
  191 548 563 552 537  
  192 533 548 537 522  
  193 519 533 522 507  
  194 503 519 507 490  
  195 486 503 490 472  
  196 462 486 472 450  
  197 443 462 450 430  
  198 424 443 430 411  
  199 400 424 411 388  
  200 376 400 388 367  
  201 355 376 367 346  
  202 336 355 346 326  
  203 315 336 326 303  
  204 290 315 303 281  
  205 266 290 281 256  
  206 240 266 256 233  
  207 221 240 233 215  
  208 201 221 215 194  
  209 182 201 194 177  
  210 611 601 589 600  
  211 168 182 177 160  
  212 155 168 160 145  
  213 141 155 145 135  
  214 128 141 135 122  
  215 120 128 122 110  
  216 106 120 110 105  
  217 93 106 105 95  
  218 80 93 95 82  
  219 67 80 82 68  
  220 54 67 68 55  
  221 43 54 55 42  
  222 33 43 42 34  
  223 22 33 34 27  
  224 14 22 27 20  
  225 8 14 20 15  
  226 7 8 15 12  
  227 601 592 579 589  
  228 592 582 570 579  
  229 582 569 558 570  
  230 569 556 544 558  
  231 556 543 527 544  
  232 543 525 509 527  
  233 525 506 491 509  
  234 506 488 470 491  
  235 488 465 448 470  
  236 465 445 433 448  
  237 445 427 416 433  
  238 427 407 394 416  
  239 407 386 374 394  
  240 386 364 354 374  
  241 364 345 334 354  
  242 345 325 309 334  
  243 325 302 284 309  
  244 302 275 255 284  
  245 275 251 231 255  
  246 251 232 216 231  
  247 232 218 202 216  
  248 218 207 196 202  
  249 196 178 184 202  
  250 178 163 166 184  
  251 163 146 150 166  
  252 146 130 132 150  
  253 130 112 114 132  
  254 112 90 92 114  
  255 90 75 76 92  
  256 75 59 63 76  
  257 59 51 52 63  
  258 51 38 40 52  
  259 38 26 32 40  
  260 26 16 23 32  
  261 16 12 17 23  
  262 17 12 15 21  
  263 623 624 617 613  
  264 23 17 21 29  
  265 32 23 29 37  
  266 40 32 37 44  
  267 621 623 613 609  
  268 617 610 602 613  
  269 610 600 591 602  
  270 622 621 609 607  
  271 625 622 607 612  
  272 15 20 28 21  
  273 20 27 41 28  
  274 27 34 42 41  
  275 42 55 57 41  
  276 55 68 71 57  
  277 68 82 85 71  
  278 82 95 101 85  
  279 95 105 110 101  
  280 110 122 108 101  
  281 52 40 44 53  
  282 122 135 124 108  
  283 600 589 581 591  
  284 135 145 139 124  
  285 145 160 157 139  
  286 160 177 173 157  
  287 177 194 190 173  
  288 194 215 206 190  
  289 215 233 226 206  
  290 233 256 248 226  
  291 256 281 270 248  
  292 281 303 299 270  
  293 303 326 319 299  
  294 326 346 340 319  
  295 346 367 361 340  
  296 367 388 380 361  
  297 388 411 402 380  
  298 411 430 425 402  
  299 430 450 441 425  
  300 450 472 460 441  
  301 472 490 479 460  
  302 490 507 494 479  
  303 507 522 510 494  
  304 522 537 526 510  
  305 537 552 541 526  
  306 552 565 553 541  
  307 565 577 567 553  
  308 577 588 578 567  
  309 588 599 590 578  
  310 599 612 607 590  
  311 63 52 53 66  
  312 589 579 571 581  
  313 579 570 560 571  
  314 76 63 66 79  
  315 92 76 79 99  
  316 570 558 546 560  
  317 114 92 99 117  
  318 132 114 117 136  
  319 150 132 136 156  
  320 166 150 156 174  
  321 184 166 174 195  
  322 202 184 195 216  
  323 231 216 195 211  
  324 255 231 211 234  
  325 284 255 234 264  
  326 309 284 264 294  
  327 334 309 294 320  
  328 354 334 320 344  
  329 374 354 344 365  
  330 394 374 365 385  
  331 416 394 385 405  
  332 433 416 405 418  
  333 448 433 418 436  
  334 470 448 436 451  
  335 491 470 451 473  
  336 509 491 473 493  
  337 527 509 493 511  
  338 558 544 531 546  
  339 544 527 511 531  
  340 29 21 28 39  
  341 37 29 39 46  
  342 44 37 46 53  
  343 28 41 50 39  
  344 613 602 596 609  
  345 602 591 585 596  
  346 607 609 596 590  
  347 591 581 573 585  
  348 101 108 97 85  
  349 108 124 111 97  
  350 124 139 134 111  
  351 139 157 152 134  
  352 157 173 169 152  
  353 173 190 187 169  
  354 190 206 204 187  
  355 206 226 224 204  
  356 226 248 245 224  
  357 248 270 268 245  
  358 270 299 289 268  
  359 299 319 313 289  
  360 319 340 333 313  
  361 340 361 352 333  
  362 361 380 373 352  
  363 380 402 393 373  
  364 402 425 414 393  
  365 425 441 429 414  
  366 441 460 447 429  
  367 460 479 466 447  
  368 479 494 481 466  
  369 494 510 498 481  
  370 510 526 514 498  
  371 526 541 529 514  
  372 541 553 542 529  
  373 553 567 554 542  
  374 41 57 62 50  
  375 567 578 566 554  
  376 578 590 576 566  
  377 590 596 585 576  
  378 57 71 78 62  
  379 71 85 97 78  
  380 581 571 561 573  
  381 571 560 547 561  
  382 211 195 174 191  
  383 234 211 191 213  
  384 264 234 213 246  
  385 294 264 246 277  
  386 320 294 277 306  
  387 344 320 306 335  
  388 365 344 335 360  
  389 385 365 360 378  
  390 405 385 378 397  
  391 418 405 397 404  
  392 436 418 404 417  
  393 451 436 417 434  
  394 473 451 434 453  
  395 493 473 453 475  
  396 511 493 475 496  
  397 531 511 496 517  
  398 560 546 532 547  
  399 546 531 517 532  
  400 174 156 170 191  
  401 66 53 64 72  
  402 79 66 72 86  
  403 99 79 86 103  
  404 117 99 103 121  
  405 136 117 121 138  
  406 156 136 138 148  
  407 397 378 382 404  
  408 64 53 46 56  
  409 46 39 50 56  
  410 156 148 158 170  
  411 148 138 142 158  
  412 97 111 91 78  
  413 50 62 70 56  
  414 62 78 91 70  
  415 585 573 562 576  
  416 573 561 549 562  
  417 566 576 562 550  
  418 554 566 550 539  
  419 542 554 539 528  
  420 529 542 528 516  
  421 514 529 516 499  
  422 498 514 499 484  
  423 481 498 484 469  
  424 466 481 469 461  
  425 447 466 461 444  
  426 429 447 444 426  
  427 414 429 426 403  
  428 393 414 403 389  
  429 373 393 389 370  
  430 352 373 370 347  
  431 333 352 347 327  
  432 313 333 327 304  
  433 289 313 304 282  
  434 268 289 282 261  
  435 245 268 261 242  
  436 224 245 242 225  
  437 204 224 225 205  
  438 187 204 205 188  
  439 169 187 188 171  
  440 152 169 171 154  
  441 134 152 154 126  
  442 111 134 126 91  
  443 561 547 534 549  
  444 547 532 518 534  
  445 213 191 170 183  
  446 532 517 501 518  
  447 517 496 478 501  
  448 496 475 456 478  
  449 475 453 432 456  
  450 453 434 413 432  
  451 86 72 83 94  
  452 72 64 74 83  
  453 64 56 70 74  
  454 103 86 94 107  
  455 121 103 107 125  
  456 138 121 125 142  
  457 335 306 293 324  
  458 306 277 263 293  
  459 277 246 235 263  
  460 246 213 217 235  
  461 434 417 395 413  
  462 417 404 382 395  
  463 382 378 360 353  
  464 360 335 324 353  
  465 74 70 91 88  
  466 83 74 88 89  
  467 94 83 89 102  
  468 107 94 102 116  
  469 125 107 116 127  
  470 550 562 549 535  
  471 539 550 535 524  
  472 528 539 524 512  
  473 516 528 512 500  
  474 499 516 500 483  
  475 484 499 483 467  
  476 469 484 467 455  
  477 461 469 455 444  
  478 389 403 391 370  
  479 549 534 520 535  
  480 170 158 165 183  
  481 142 125 127 149  
  482 158 142 149 165  
  483 534 518 504 520  
  484 91 126 113 88  
  485 235 217 198 222  
  486 263 235 222 249  
  487 293 263 249 279  
  488 324 293 279 308  
  489 217 213 183 198  
  490 518 501 482 504  
  491 501 478 458 482  
  492 478 456 435 458  
  493 456 432 410 435  
  494 432 413 387 410  
  495 347 370 362 341  
  496 327 347 341 321  
  497 304 327 321 300  
  498 282 304 300 278  
  499 261 282 278 257  
  500 242 261 257 243  
  501 225 242 243 230  
  502 205 225 230 210  
  503 188 205 210 192  
  504 171 188 192 175  
  505 154 171 175 161  
  506 126 154 161 143  
  507 395 382 353 371  
  508 444 455 437 426  
  509 370 391 381 362  
  510 413 395 371 387  
  511 198 183 165 180  
  512 391 403 426 408  
  513 353 324 308 338  
  514 165 149 162 180  
  515 149 127 143 162  
  516 127 113 126 143  
  517 127 116 102 113  
  518 89 88 113 102  
  519 222 198 180 208  
  520 249 222 208 237  
  521 524 535 520 508  
  522 512 524 508 497  
  523 500 512 497 485  
  524 483 500 485 468  
  525 467 483 468 449  
  526 455 467 449 437  
  527 279 249 237 260  
  528 520 504 489 508  
  529 308 279 260 298  
  530 504 482 463 489  
  531 482 458 439 463  
  532 458 435 415 439  
  533 143 161 181 162  
  534 161 175 185 181  
  535 180 162 181 208  
  536 175 192 199 185  
  537 192 210 219 199  
  538 210 230 236 219  
  539 243 257 253 230  
  540 257 278 272 253  
  541 278 300 296 272  
  542 300 321 316 296  
  543 321 341 337 316  
  544 341 362 357 337  
  545 435 410 384 415  
  546 410 387 359 384  
  547 230 253 254 236  
  548 391 408 398 381  
  549 408 426 437 422  
  550 362 381 379 357  
  551 253 272 271 254  
  552 272 296 292 271  
  553 296 316 312 292  
  554 316 337 330 312  
  555 508 489 477 497  
  556 371 353 338 356  
  557 337 357 350 330  
  558 489 463 446 477  
  559 463 439 419 446  
  560 485 497 477 471  
  561 437 449 438 422  
  562 468 485 471 457  
  563 446 457 471 477  
  564 449 468 457 438  
  565 308 298 328 338  
  566 338 328 359 356  
  567 359 387 371 356  
  568 439 415 392 419  
  569 415 384 366 392  
  570 384 359 342 366  
  571 219 236 244 228  
  572 199 219 228 209  
  573 185 199 209 181  
  574 237 208 238 260  
  575 208 181 209 238  
  576 298 260 238 283  
  577 236 254 259 244  
  578 398 408 422 406  
  579 379 381 398 406  
  580 254 271 273 259  
  581 271 292 291 273  
  582 292 312 305 291  
  583 357 379 368 350  
  584 312 330 323 305  
  585 422 438 423 406  
  586 438 457 446 423  
  587 446 419 401 423  
  588 330 350 348 323  
  589 419 392 375 401  
  590 342 359 328 317  
  591 328 298 283 317  
  592 392 366 348 375  
  593 348 350 368 375  
  594 406 423 401 379  
  595 401 375 368 379  
  596 366 342 329 348  
  597 209 228 250 238  
  598 228 244 258 250  
  599 283 238 250 285  
  600 244 259 267 258  
  601 259 273 276 267  
  602 273 291 287 276  
  603 291 305 297 287  
  604 250 258 280 285  
  605 305 323 307 297  
  606 323 348 329 307  
  607 317 283 285 311  
  608 329 311 285 307  
  609 307 285 280 297  
  610 258 267 276 280  
  611 276 287 297 280  
  612 342 317 311 329  
  END_ELEMENTS  
  COORDINATES  
   1   5.745763e+00  3.310832e+00   
   2   5.758206e+00  3.150765e+00   
   3   5.576271e+00  3.293005e+00   
   4   5.915254e+00  3.277192e+00   
   5   5.621071e+00  3.137344e+00   
   6   5.893885e+00  3.114592e+00   
   7   5.758990e+00  3.038748e+00   
   8   5.665056e+00  3.004316e+00   
   9   5.478971e+00  3.101407e+00   
   10   5.406780e+00  3.275178e+00   
   11   6.084746e+00  3.243553e+00   
   12   5.848758e+00  2.961397e+00   
   13   6.045762e+00  3.069004e+00   
   14   5.538755e+00  2.953321e+00   
   15   5.726517e+00  2.889681e+00   
   16   5.997326e+00  2.920523e+00   
   17   5.861978e+00  2.844117e+00   
   18   5.341979e+00  3.040747e+00   
   19   5.267510e+00  3.213347e+00   
   20   5.600871e+00  2.818111e+00   
   21   5.781883e+00  2.776309e+00   
   22   5.410120e+00  2.889450e+00   
   23   5.950743e+00  2.795822e+00   
   24   6.207092e+00  2.997349e+00   
   25   6.300682e+00  3.151515e+00   
   26   6.131848e+00  2.855680e+00   
   27   5.464800e+00  2.749543e+00   
   28   5.664194e+00  2.682294e+00   
   29   5.874845e+00  2.689144e+00   
   30   5.128241e+00  3.151515e+00   
   31   5.204734e+00  2.962819e+00   
   32   6.059111e+00  2.730352e+00   
   33   5.288088e+00  2.823278e+00   
   34   5.353722e+00  2.731310e+00   
   35   6.345329e+00  2.912821e+00   
   36   6.434378e+00  3.070707e+00   
   37   5.981199e+00  2.615316e+00   
   38   6.253212e+00  2.771208e+00   
   39   5.774046e+00  2.569365e+00   
   40   6.159795e+00  2.649780e+00   
   41   5.488721e+00  2.570304e+00   
   42   5.308277e+00  2.621108e+00   
   43   5.181778e+00  2.715789e+00   
   44   6.075419e+00  2.559778e+00   
   45   5.059054e+00  2.841446e+00   
   46   5.911528e+00  2.478646e+00   
   47   6.568074e+00  2.989899e+00   
   48   4.919072e+00  2.989899e+00   
   49   6.480598e+00  2.811214e+00   
   50   5.642706e+00  2.425023e+00   
   51   6.370323e+00  2.662316e+00   
   52   6.247546e+00  2.534438e+00   
   53   6.085265e+00  2.414238e+00   
   54   5.070086e+00  2.583531e+00   
   55   5.207308e+00  2.475476e+00   
   56   5.794579e+00  2.308606e+00   
   57   5.357771e+00  2.374153e+00   
   58   4.930483e+00  2.701288e+00   
   59   6.499939e+00  2.532403e+00   
   60   4.773956e+00  2.828283e+00   
   61   6.631793e+00  2.676808e+00   
   62   5.509416e+00  2.245699e+00   
   63   6.364788e+00  2.396424e+00   
   64   5.955285e+00  2.218743e+00   
   65   6.762712e+00  2.835698e+00   
   66   6.223167e+00  2.259319e+00   
   67   4.960777e+00  2.441569e+00   
   68   5.091490e+00  2.329321e+00   
   69   4.819444e+00  2.553442e+00   
   70   5.668799e+00  2.112011e+00   
   71   5.221553e+00  2.206575e+00   
   72   6.090385e+00  2.103399e+00   
   73   4.660146e+00  2.666667e+00   
   74   5.842441e+00  2.036704e+00   
   75   6.630165e+00  2.383428e+00   
   76   6.487457e+00  2.248839e+00   
   77   6.776925e+00  2.524143e+00   
   78   5.354622e+00  2.051762e+00   
   79   6.345439e+00  2.111375e+00   
   80   4.858693e+00  2.303314e+00   
   81   6.932203e+00  2.671135e+00   
   82   4.976284e+00  2.197975e+00   
   83   5.974903e+00  1.960402e+00   
   84   4.720524e+00  2.401884e+00   
   85   5.073836e+00  2.074007e+00   
   86   6.203904e+00  1.972285e+00   
   87   4.559322e+00  2.493052e+00   
   88   5.768046e+00  1.837477e+00   
   89   5.898586e+00  1.845207e+00   
   90   6.756531e+00  2.225130e+00   
   91   5.519345e+00  1.833950e+00   
   92   6.607224e+00  2.089176e+00   
   93   4.770927e+00  2.177390e+00   
   94   6.069606e+00  1.846710e+00   
   95   4.869409e+00  2.093704e+00   
   96   6.911569e+00  2.363638e+00   
   97   5.162502e+00  1.914919e+00   
   98   4.638632e+00  2.258264e+00   
   99   6.460653e+00  1.957704e+00   
   100   7.075911e+00  2.505051e+00   
   101   4.935006e+00  1.976560e+00   
   102   5.952809e+00  1.737741e+00   
   103   6.310187e+00  1.827657e+00   
   104   4.490253e+00  2.337435e+00   
   105   4.795419e+00  2.022891e+00   
   106   4.702446e+00  2.061677e+00   
   107   6.164740e+00  1.713763e+00   
   108   4.981585e+00  1.825540e+00   
   109   4.572824e+00  2.116346e+00   
   110   4.802856e+00  1.926636e+00   
   111   5.235597e+00  1.711419e+00   
   112   6.878101e+00  2.054973e+00   
   113   5.830152e+00  1.620218e+00   
   114   6.724662e+00  1.918593e+00   
   115   7.034439e+00  2.198868e+00   
   116   6.049213e+00  1.633359e+00   
   117   6.571732e+00  1.788237e+00   
   118   4.421183e+00  2.181818e+00   
   119   7.197551e+00  2.343434e+00   
   120   4.670612e+00  1.930080e+00   
   121   6.415454e+00  1.666100e+00   
   122   4.810386e+00  1.777012e+00   
   123   4.523468e+00  1.966426e+00   
   124   5.008838e+00  1.641808e+00   
   125   6.246917e+00  1.548544e+00   
   126   5.569664e+00  1.457081e+00   
   127   6.040491e+00  1.448780e+00   
   128   4.647081e+00  1.774809e+00   
   129   4.363482e+00  2.020202e+00   
   130   6.996772e+00  1.877300e+00   
   131   7.153072e+00  2.020084e+00   
   132   6.844672e+00  1.732586e+00   
   133   7.307473e+00  2.181818e+00   
   134   5.246032e+00  1.449091e+00   
   135   4.807786e+00  1.605842e+00   
   136   6.686972e+00  1.596644e+00   
   137   4.483599e+00  1.807203e+00   
   138   6.529204e+00  1.499403e+00   
   139   5.001069e+00  1.430036e+00   
   140   4.317008e+00  1.858586e+00   
   141   4.623155e+00  1.606632e+00   
   142   6.389042e+00  1.369945e+00   
   143   5.838806e+00  1.226000e+00   
   144   4.446082e+00  1.637539e+00   
   145   4.789345e+00  1.417417e+00   
   146   7.120799e+00  1.686122e+00   
   147   7.273603e+00  1.822351e+00   
   148   6.629120e+00  1.359589e+00   
   149   6.237368e+00  1.215782e+00   
   150   6.970283e+00  1.537808e+00   
   151   7.440678e+00  1.955851e+00   
   152   5.189013e+00  1.198115e+00   
   153   4.270535e+00  1.696970e+00   
   154   5.441411e+00  1.143844e+00   
   155   4.593918e+00  1.418581e+00   
   156   6.806908e+00  1.358557e+00   
   157   4.963358e+00  1.216051e+00   
   158   6.553592e+00  1.219988e+00   
   159   4.407037e+00  1.439350e+00   
   160   4.754157e+00  1.218620e+00   
   161   5.676457e+00  9.907482e-01   
   162   6.084048e+00  1.007759e+00   
   163   7.242537e+00  1.507029e+00   
   164   7.386338e+00  1.621313e+00   
   165   6.451756e+00  1.040288e+00   
   166   7.122988e+00  1.363375e+00   
   167   4.220339e+00  1.476441e+00   
   168   4.558330e+00  1.222821e+00   
   169   5.118804e+00  9.882029e-01   
   170   6.744450e+00  1.110132e+00   
   171   5.330511e+00  9.294305e-01   
   172   7.565240e+00  1.696970e+00   
   173   4.909194e+00  1.017433e+00   
   174   7.016432e+00  1.186862e+00   
   175   5.529149e+00  8.323454e-01   
   176   4.368304e+00  1.228037e+00   
   177   4.710601e+00  1.030932e+00   
   178   7.352028e+00  1.352284e+00   
   179   7.481605e+00  1.453946e+00   
   180   6.348657e+00  8.306025e-01   
   181   5.911361e+00  7.586520e-01   
   182   4.522483e+00  1.040342e+00   
   183   6.668839e+00  9.001751e-01   
   184   7.262701e+00  1.221803e+00   
   185   5.687332e+00  7.281137e-01   
   186   7.633419e+00  1.535354e+00   
   187   5.046496e+00  8.078332e-01   
   188   5.242936e+00  7.538371e-01   
   189   4.172307e+00  1.212121e+00   
   190   4.853307e+00  8.400880e-01   
   191   6.952556e+00  9.714990e-01   
   192   5.437524e+00  6.758726e-01   
   193   4.337780e+00  1.050067e+00   
   194   4.672087e+00  8.599568e-01   
   195   7.192972e+00  1.057252e+00   
   196   7.444748e+00  1.226446e+00   
   197   7.554635e+00  1.306835e+00   
   198   6.582298e+00  7.249076e-01   
   199   5.624769e+00  5.929327e-01   
   200   7.688473e+00  1.373737e+00   
   201   4.489646e+00  8.714608e-01   
   202   7.389852e+00  1.113242e+00   
   203   4.150518e+00  1.050505e+00   
   204   4.992410e+00  6.450409e-01   
   205   5.168103e+00  5.976695e-01   
   206   4.812153e+00  6.776319e-01   
   207   7.520936e+00  1.148427e+00   
   208   6.275298e+00  5.552083e-01   
   209   5.842730e+00  5.002169e-01   
   210   5.353242e+00  5.243754e-01   
   211   7.156474e+00  8.693642e-01   
   212   4.309818e+00  8.813827e-01   
   213   6.894818e+00  7.316877e-01   
   214   7.609878e+00  1.173354e+00   
   215   4.634794e+00  6.973460e-01   
   216   7.352829e+00  9.616690e-01   
   217   6.750975e+00  6.449975e-01   
   218   7.508183e+00  1.045481e+00   
   219   5.541010e+00  4.462133e-01   
   220   7.743526e+00  1.212121e+00   
   221   4.460511e+00  7.097734e-01   
   222   6.560721e+00  5.238554e-01   
   223   4.128729e+00  8.888889e-01   
   224   4.942888e+00  4.970289e-01   
   225   5.109213e+00  4.488446e-01   
   226   4.778778e+00  5.224803e-01   
   227   7.642294e+00  1.038906e+00   
   228   5.718933e+00  3.509757e-01   
   229   4.287023e+00  7.193360e-01   
   230   5.275059e+00  3.655329e-01   
   231   7.339910e+00  7.888311e-01   
   232   7.504430e+00  8.991534e-01   
   233   4.609131e+00  5.402781e-01   
   234   7.140459e+00  6.598746e-01   
   235   6.770667e+00  4.867955e-01   
   236   5.467098e+00  3.165692e-01   
   237   6.434927e+00  3.646959e-01   
   238   6.115856e+00  2.983073e-01   
   239   7.789260e+00  1.050505e+00   
   240   4.438729e+00  5.519158e-01   
   241   4.114165e+00  7.272727e-01   
   242   5.052997e+00  3.300728e-01   
   243   5.162816e+00  3.030720e-01   
   244   5.618487e+00  2.449656e-01   
   245   4.908157e+00  3.570262e-01   
   246   6.958754e+00  4.870361e-01   
   247   7.661856e+00  8.862834e-01   
   248   4.750939e+00  3.749822e-01   
   249   6.609803e+00  3.322385e-01   
   250   5.875228e+00  1.990495e-01   
   251   7.513645e+00  7.426750e-01   
   252   4.269521e+00  5.598695e-01   
   253   5.294503e+00  2.149811e-01   
   254   5.441276e+00  1.887303e-01   
   255   7.343168e+00  6.097825e-01   
   256   4.588247e+00  3.869146e-01   
   257   5.163864e+00  2.027742e-01   
   258   5.724956e+00  1.456336e-01   
   259   5.565843e+00  1.495410e-01   
   260   6.399356e+00  1.992097e-01   
   261   5.031801e+00  2.113485e-01   
   262   7.822321e+00  8.888889e-01   
   263   6.803973e+00  3.007549e-01   
   264   7.167008e+00  4.515150e-01   
   265   4.099601e+00  5.656566e-01   
   266   4.422947e+00  3.959622e-01   
   267   5.647329e+00  1.112981e-01   
   268   4.888768e+00  2.189711e-01   
   269   7.683262e+00  7.233947e-01   
   270   4.734865e+00  2.275703e-01   
   271   5.438180e+00  7.212070e-02   
   272   5.303385e+00  8.397875e-02   
   273   5.556249e+00  5.418913e-02   
   274   4.258839e+00  4.000978e-01   
   275   7.528592e+00  5.707583e-01   
   276   5.651189e+00  3.871960e-02   
   277   6.996847e+00  2.847706e-01   
   278   5.166338e+00  8.169529e-02   
   279   6.619892e+00  1.465375e-01   
   280   5.756871e+00  2.426757e-02   
   281   4.577558e+00  2.323848e-01   
   282   5.025813e+00  8.076455e-02   
   283   6.171029e+00  2.559366e-02   
   284   7.363711e+00  4.196661e-01   
   285   5.937581e+00 -1.246630e-02   
   286   7.855381e+00  7.272727e-01   
   287   5.643711e+00 -2.676494e-02   
   288   4.091687e+00  4.040404e-01   
   289   4.880128e+00  7.762583e-02   
   290   4.414655e+00  2.382599e-01   
   291   5.568149e+00 -3.926167e-02   
   292   5.453632e+00 -4.258264e-02   
   293   6.825134e+00  1.120595e-01   
   294   7.195804e+00  2.609126e-01   
   295   7.704922e+00  5.573592e-01   
   296   5.319483e+00 -4.788451e-02   
   297   5.713758e+00 -7.481668e-02   
   298   6.408251e+00 -1.131351e-02   
   299   4.728274e+00  7.732971e-02   
   300   5.174801e+00 -5.240637e-02   
   301   4.251201e+00  2.405190e-01   
   302   7.550164e+00  3.964628e-01   
   303   4.572465e+00  7.679463e-02   
   304   5.027044e+00 -5.940283e-02   
   305   5.620517e+00 -1.355829e-01   
   306   7.021836e+00  9.744527e-02   
   307   5.833707e+00 -1.586157e-01   
   308   6.628554e+00 -4.881773e-02   
   309   7.382123e+00  2.466355e-01   
   310   7.877016e+00  5.656566e-01   
   311   6.037658e+00 -1.564377e-01   
   312   5.492338e+00 -1.645504e-01   
   313   4.877658e+00 -6.656206e-02   
   314   4.083772e+00  2.424242e-01   
   315   4.411204e+00  7.915986e-02   
   316   5.346113e+00 -1.805278e-01   
   317   6.203009e+00 -1.786286e-01   
   318   7.726241e+00  3.918948e-01   
   319   4.725876e+00 -7.404008e-02   
   320   7.217144e+00  8.271801e-02   
   321   5.190374e+00 -1.933062e-01   
   322   4.248729e+00  7.965733e-02   
   323   5.711275e+00 -2.562481e-01   
   324   6.841727e+00 -8.414349e-02   
   325   7.565149e+00  2.337352e-01   
   326   4.569564e+00 -7.811983e-02   
   327   5.035460e+00 -2.085650e-01   
   328   6.417126e+00 -2.185913e-01   
   329   5.972384e+00 -2.782183e-01   
   330   5.550940e+00 -2.977248e-01   
   331   7.898652e+00  4.040404e-01   
   332   4.082204e+00  8.080808e-02   
   333   4.877536e+00 -2.178889e-01   
   334   7.403828e+00  7.222801e-02   
   335   7.048217e+00 -8.976709e-02   
   336   4.409257e+00 -8.011560e-02   
   337   5.386378e+00 -3.229762e-01   
   338   6.630296e+00 -2.402704e-01   
   339   7.740650e+00  2.310776e-01   
   340   4.724745e+00 -2.270811e-01   
   341   5.220334e+00 -3.444099e-01   
   342   6.175192e+00 -3.627852e-01   
   343   4.246944e+00 -8.093665e-02   
   344   7.233290e+00 -8.681777e-02   
   345   7.580802e+00  6.850564e-02   
   346   4.569252e+00 -2.328814e-01   
   347   5.046887e+00 -3.636619e-01   
   348   5.839935e+00 -4.330690e-01   
   349   7.908071e+00  2.424242e-01   
   350   5.620311e+00 -4.471338e-01   
   351   4.080636e+00 -8.080808e-02   
   352   4.880354e+00 -3.696620e-01   
   353   6.860304e+00 -3.071686e-01   
   354   7.413759e+00 -8.907138e-02   
   355   4.411401e+00 -2.384575e-01   
   356   6.607213e+00 -3.861752e-01   
   357   5.444466e+00 -4.798222e-01   
   358   7.751248e+00  7.103726e-02   
   359   6.426947e+00 -4.441526e-01   
   360   7.076109e+00 -2.673665e-01   
   361   4.724522e+00 -3.785018e-01   
   362   5.257698e+00 -4.976954e-01   
   363   4.249403e+00 -2.402673e-01   
   364   7.587314e+00 -8.995488e-02   
   365   7.254039e+00 -2.511506e-01   
   366   6.082930e+00 -5.438277e-01   
   367   4.571299e+00 -3.878673e-01   
   368   5.645217e+00 -5.758593e-01   
   369   7.917490e+00  8.080808e-02   
   370   5.059342e+00 -5.364722e-01   
   371   6.742919e+00 -4.711972e-01   
   372   4.085355e+00 -2.424242e-01   
   373   4.877364e+00 -5.200877e-01   
   374   7.418332e+00 -2.437112e-01   
   375   5.797673e+00 -6.267163e-01   
   376   4.414997e+00 -3.955554e-01   
   377   7.753474e+00 -8.695028e-02   
   378   7.127634e+00 -4.073534e-01   
   379   5.513478e+00 -6.514836e-01   
   380   4.724068e+00 -5.265728e-01   
   381   5.316599e+00 -6.390259e-01   
   382   6.997620e+00 -4.709583e-01   
   383   4.254043e+00 -4.012320e-01   
   384   6.310350e+00 -6.497320e-01   
   385   7.267766e+00 -3.913853e-01   
   386   7.586687e+00 -2.438624e-01   
   387   6.616869e+00 -6.031507e-01   
   388   4.574008e+00 -5.367682e-01   
   389   4.980843e+00 -6.401526e-01   
   390   7.914340e+00 -8.080808e-02   
   391   5.157383e+00 -6.730493e-01   
   392   6.000425e+00 -7.268594e-01   
   393   4.861741e+00 -6.476164e-01   
   394   7.418844e+00 -3.907605e-01   
   395   6.887290e+00 -5.882944e-01   
   396   4.090074e+00 -4.040404e-01   
   397   7.169043e+00 -4.997033e-01   
   398   5.335793e+00 -7.418909e-01   
   399   7.746537e+00 -2.430711e-01   
   400   4.420853e+00 -5.493016e-01   
   401   5.705114e+00 -7.710776e-01   
   402   4.722687e+00 -6.641085e-01   
   403   5.021447e+00 -7.363693e-01   
   404   7.104481e+00 -5.713812e-01   
   405   7.268085e+00 -5.129278e-01   
   406   5.452853e+00 -7.980247e-01   
   407   7.575460e+00 -3.941167e-01   
   408   5.235452e+00 -7.932214e-01   
   409   4.263072e+00 -5.591343e-01   
   410   6.504437e+00 -7.711021e-01   
   411   4.579810e+00 -6.833312e-01   
   412   7.911190e+00 -2.424242e-01   
   413   6.779661e+00 -7.240367e-01   
   414   4.874235e+00 -7.677431e-01   
   415   6.207782e+00 -8.350286e-01   
   416   7.401952e+00 -5.288153e-01   
   417   7.024073e+00 -6.858693e-01   
   418   7.227187e+00 -6.289938e-01   
   419   5.897746e+00 -8.958610e-01   
   420   7.734795e+00 -3.990473e-01   
   421   4.101259e+00 -5.656566e-01   
   422   5.355472e+00 -8.906600e-01   
   423   5.606668e+00 -9.080644e-01   
   424   4.429994e+00 -7.006376e-01   
   425   4.736443e+00 -7.954074e-01   
   426   5.091992e+00 -8.812874e-01   
   427   7.554120e+00 -5.431991e-01   
   428   4.274463e+00 -7.148595e-01   
   429   4.908582e+00 -8.962986e-01   
   430   4.592206e+00 -8.231018e-01   
   431   7.895591e+00 -4.040404e-01   
   432   6.674795e+00 -8.805949e-01   
   433   7.366757e+00 -6.683739e-01   
   434   6.932420e+00 -8.227033e-01   
   435   6.392558e+00 -9.439779e-01   
   436   7.162340e+00 -7.579773e-01   
   437   5.246865e+00 -9.757002e-01   
   438   5.484243e+00 -1.000293e+00   
   439   6.096834e+00 -1.007289e+00   
   440   7.714843e+00 -5.546089e-01   
   441   4.756644e+00 -9.266763e-01   
   442   4.112445e+00 -7.272727e-01   
   443   4.444428e+00 -8.490671e-01   
   444   5.049440e+00 -1.013383e+00   
   445   7.518956e+00 -6.958083e-01   
   446   5.772909e+00 -1.073471e+00   
   447   4.916853e+00 -1.018463e+00   
   448   7.312012e+00 -8.130856e-01   
   449   5.372920e+00 -1.087705e+00   
   450   4.612825e+00 -9.624610e-01   
   451   7.086087e+00 -9.039604e-01   
   452   7.879991e+00 -5.656566e-01   
   453   6.837052e+00 -9.778413e-01   
   454   4.290473e+00 -8.714396e-01   
   455   5.166406e+00 -1.081388e+00   
   456   6.566884e+00 -1.047336e+00   
   457   5.595011e+00 -1.126386e+00   
   458   6.281748e+00 -1.114100e+00   
   459   7.682428e+00 -7.144726e-01   
   460   4.782836e+00 -1.054270e+00   
   461   5.027152e+00 -1.103803e+00   
   462   4.465320e+00 -9.955742e-01   
   463   5.989788e+00 -1.178047e+00   
   464   4.130530e+00 -8.888889e-01   
   465   7.469707e+00 -8.548928e-01   
   466   4.939757e+00 -1.132469e+00   
   467   5.273461e+00 -1.180892e+00   
   468   5.481875e+00 -1.200087e+00   
   469   5.092258e+00 -1.165557e+00   
   470   7.242012e+00 -9.722978e-01   
   471   5.641016e+00 -1.231695e+00   
   472   4.643573e+00 -1.099757e+00   
   473   6.996991e+00 -1.064885e+00   
   474   7.852519e+00 -7.272727e-01   
   475   6.733066e+00 -1.143765e+00   
   476   4.309659e+00 -1.026024e+00   
   477   5.752559e+00 -1.262147e+00   
   478   6.456632e+00 -1.215847e+00   
   479   4.820414e+00 -1.181536e+00   
   480   7.640974e+00 -8.818602e-01   
   481   4.994643e+00 -1.236166e+00   
   482   6.173925e+00 -1.282660e+00   
   483   5.375503e+00 -1.291648e+00   
   484   5.174863e+00 -1.271717e+00   
   485   5.569710e+00 -1.310162e+00   
   486   4.495249e+00 -1.141682e+00   
   487   4.148615e+00 -1.050505e+00   
   488   7.406885e+00 -1.028817e+00   
   489   5.908771e+00 -1.347970e+00   
   490   4.684265e+00 -1.237552e+00   
   491   7.159364e+00 -1.144163e+00   
   492   7.825047e+00 -8.888889e-01   
   493   6.897272e+00 -1.235443e+00   
   494   4.873686e+00 -1.308756e+00   
   495   4.336626e+00 -1.178711e+00   
   496   6.626300e+00 -1.313538e+00   
   497   5.679281e+00 -1.398595e+00   
   498   5.062543e+00 -1.360526e+00   
   499   5.263529e+00 -1.393843e+00   
   500   5.470852e+00 -1.412239e+00   
   501   6.347997e+00 -1.385030e+00   
   502   7.583589e+00 -1.071765e+00   
   503   4.533077e+00 -1.288693e+00   
   504   6.070532e+00 -1.447888e+00   
   505   4.174333e+00 -1.212121e+00   
   506   7.327621e+00 -1.218729e+00   
   507   4.731091e+00 -1.378503e+00   
   508   5.812250e+00 -1.498692e+00   
   509   7.063563e+00 -1.323900e+00   
   510   4.932891e+00 -1.446524e+00   
   511   6.793057e+00 -1.409841e+00   
   512   5.578169e+00 -1.526425e+00   
   513   4.370193e+00 -1.332996e+00   
   514   5.138619e+00 -1.496953e+00   
   515   7.779661e+00 -1.088101e+00   
   516   5.353232e+00 -1.524446e+00   
   517   6.517715e+00 -1.483884e+00   
   518   6.237132e+00 -1.550458e+00   
   519   4.576995e+00 -1.440220e+00   
   520   5.959634e+00 -1.604901e+00   
   521   7.504404e+00 -1.292179e+00   
   522   4.786525e+00 -1.526464e+00   
   523   4.200051e+00 -1.373737e+00   
   524   5.699781e+00 -1.641954e+00   
   525   7.233966e+00 -1.414555e+00   
   526   5.000151e+00 -1.592894e+00   
   527   6.960832e+00 -1.508867e+00   
   528   5.455392e+00 -1.654734e+00   
   529   5.223155e+00 -1.636968e+00   
   530   4.409184e+00 -1.490887e+00   
   531   6.684576e+00 -1.585755e+00   
   532   6.403482e+00 -1.652336e+00   
   533   4.627883e+00 -1.596545e+00   
   534   6.119051e+00 -1.710839e+00   
   535   5.838641e+00 -1.757313e+00   
   536   7.690924e+00 -1.373737e+00   
   537   4.850586e+00 -1.683869e+00   
   538   4.232516e+00 -1.535354e+00   
   539   5.572029e+00 -1.782112e+00   
   540   7.414992e+00 -1.506537e+00   
   541   5.078509e+00 -1.744231e+00   
   542   5.318340e+00 -1.779118e+00   
   543   7.132273e+00 -1.610979e+00   
   544   6.854435e+00 -1.690748e+00   
   545   4.455669e+00 -1.653760e+00   
   546   6.569928e+00 -1.759548e+00   
   547   6.283559e+00 -1.816643e+00   
   548   4.686897e+00 -1.762797e+00   
   549   5.993077e+00 -1.868528e+00   
   550   5.706330e+00 -1.908678e+00   
   551   4.273255e+00 -1.696970e+00   
   552   4.921394e+00 -1.845725e+00   
   553   5.166218e+00 -1.899721e+00   
   554   5.426613e+00 -1.923085e+00   
   555   7.610169e+00 -1.595424e+00   
   556   7.026526e+00 -1.800775e+00   
   557   7.311431e+00 -1.723989e+00   
   558   6.737220e+00 -1.871930e+00   
   559   4.508942e+00 -1.824246e+00   
   560   6.448065e+00 -1.928276e+00   
   561   6.158523e+00 -1.977672e+00   
   562   5.860410e+00 -2.028500e+00   
   563   4.754792e+00 -1.937395e+00   
   564   4.313993e+00 -1.858586e+00   
   565   5.002050e+00 -2.007727e+00   
   566   5.560249e+00 -2.060666e+00   
   567   5.266929e+00 -2.053894e+00   
   568   7.206262e+00 -1.915280e+00   
   569   6.904770e+00 -1.990632e+00   
   570   6.613693e+00 -2.046426e+00   
   571   6.325082e+00 -2.090489e+00   
   572   7.489057e+00 -1.858586e+00   
   573   6.031219e+00 -2.138552e+00   
   574   4.579209e+00 -2.021842e+00   
   575   4.832351e+00 -2.109907e+00   
   576   5.716641e+00 -2.198620e+00   
   577   5.090284e+00 -2.171207e+00   
   578   5.391411e+00 -2.212282e+00   
   579   6.484502e+00 -2.212161e+00   
   580   4.389831e+00 -2.096940e+00   
   581   6.200318e+00 -2.247085e+00   
   582   6.774592e+00 -2.174434e+00   
   583   7.403926e+00 -2.020202e+00   
   584   7.080743e+00 -2.115391e+00   
   585   5.905624e+00 -2.300952e+00   
   586   4.658965e+00 -2.216333e+00   
   587   4.913596e+00 -2.278171e+00   
   588   5.193365e+00 -2.329710e+00   
   589   6.357590e+00 -2.366383e+00   
   590   5.549148e+00 -2.402010e+00   
   591   6.079885e+00 -2.400787e+00   
   592   6.639149e+00 -2.345389e+00   
   593   6.938472e+00 -2.314957e+00   
   594   7.271186e+00 -2.240362e+00   
   595   4.741077e+00 -2.383569e+00   
   596   5.793832e+00 -2.472250e+00   
   597   5.008865e+00 -2.432647e+00   
   598   4.488417e+00 -2.343434e+00   
   599   5.302090e+00 -2.497838e+00   
   600   6.235083e+00 -2.509022e+00   
   601   6.503064e+00 -2.500434e+00   
   602   5.978517e+00 -2.546087e+00   
   603   6.788416e+00 -2.495118e+00   
   604   4.826129e+00 -2.534722e+00   
   605   5.102369e+00 -2.587984e+00   
   606   4.565617e+00 -2.505051e+00   
   607   5.554115e+00 -2.626358e+00   
   608   7.101695e+00 -2.474714e+00   
   609   5.746725e+00 -2.642608e+00   
   610   6.126531e+00 -2.635725e+00   
   611   6.368793e+00 -2.638706e+00   
   612   5.363478e+00 -2.671648e+00   
   613   5.910790e+00 -2.682407e+00   
   614   6.639898e+00 -2.653460e+00   
   615   4.647215e+00 -2.637362e+00   
   616   4.922551e+00 -2.681993e+00   
   617   6.035889e+00 -2.745399e+00   
   618   5.194770e+00 -2.740963e+00   
   619   6.242238e+00 -2.756610e+00   
   620   6.936144e+00 -2.666667e+00   
   621   5.731528e+00 -2.796471e+00   
   622   5.568230e+00 -2.797674e+00   
   623   5.873834e+00 -2.811433e+00   
   624   5.973724e+00 -2.823219e+00   
   625   5.409496e+00 -2.821722e+00   
   626   6.484446e+00 -2.793469e+00   
   627   4.728814e+00 -2.769673e+00   
   628   6.119300e+00 -2.854751e+00   
   629   5.044416e+00 -2.838991e+00   
   630   5.273980e+00 -2.868340e+00   
   631   6.770405e+00 -2.828283e+00   
   632   6.007978e+00 -2.917864e+00   
   633   6.335873e+00 -2.908544e+00   
   634   5.879293e+00 -2.943635e+00   
   635   5.734277e+00 -2.949420e+00   
   636   5.580786e+00 -2.951454e+00   
   637   5.437458e+00 -2.952336e+00   
   638   5.334381e+00 -2.958902e+00   
   639   5.169474e+00 -2.969231e+00   
   640   6.191096e+00 -2.999130e+00   
   641   4.898305e+00 -2.970389e+00   
   642   6.593220e+00 -2.973166e+00   
   643   6.047135e+00 -3.061416e+00   
   644   5.291703e+00 -3.056030e+00   
   645   5.897610e+00 -3.100861e+00   
   646   5.429556e+00 -3.095781e+00   
   647   5.740491e+00 -3.114893e+00   
   648   5.582285e+00 -3.115027e+00   
   649   6.423729e+00 -3.085763e+00   
   650   5.067797e+00 -3.113563e+00   
   651   6.254237e+00 -3.176387e+00   
   652   5.237288e+00 -3.212419e+00   
   653   6.084746e+00 -3.232679e+00   
   654   5.406780e+00 -3.259730e+00   
   655   5.915254e+00 -3.288971e+00   
   656   5.745763e+00 -3.298007e+00   
   657   5.576271e+00 -3.307042e+00   
  END_COORDINATES
  BOUNDARIES, ELEMENT
    1         10     19         1     
    2         19     30         2     
    3         3     10         3     
    4         1     3         4     
    5         4     1         5     
    6         11     4         6     
    7         25     11         7     
    8         36     25         8     
    9         47     36         9     
    10         65     47         10     
    11         81     65         11     
    12         100     81         12     
    13         119     100         13     
    14         133     119         14     
    15         151     133         15     
    16         30     48         16     
    17         48     60         17     
    18         60     73         18     
    19         73     87         19     
    20         87     104         20     
    21         104     118         21     
    22         118     129         22     
    23         129     140         23     
    24         140     153         24     
    25         153     167         25     
    26         167     189         26     
    27         189     203         27     
    28         203     223         28     
    29         223     241         29     
    30         241     265         30     
    31         265     288         31     
    32         288     314         32     
    33         314     332         33     
    34         332     351         34     
    35         351     372         35     
    36         372     396         36     
    37         396     421         37     
    38         421     442         38     
    39         442     464         39     
    40         464     487         40     
    41         487     505         41     
    42         505     523         42     
    43         523     538         43     
    44         538     551         44     
    45         551     564         45     
    46         564     580         46     
    47         580     598         47     
    48         598     606         48     
    49         606     615         49     
    50         615     627         50     
    51         627     641         51     
    52         641     650         52     
    53         650     652         53     
    54         652     654         54     
    55         654     657         55     
    56         657     656         56     
    57         656     655         57     
    58         655     653         58     
    59         653     651         59     
    60         651     649         60     
    61         649     642         61     
    62         642     631         62     
    63         631     620         63     
    64         620     608         64     
    65         172     151         65     
    66         186     172         66     
    67         200     186         67     
    68         220     200         68     
    69         239     220         69     
    70         262     239         70     
    71         286     262         71     
    72         310     286         72     
    73         331     310         73     
    74         349     331         74     
    75         369     349         75     
    76         390     369         76     
    77         412     390         77     
    78         431     412         78     
    79         452     431         79     
    80         474     452         80     
    81         492     474         81     
    82         515     492         82     
    83         608     594         83     
    84         594     583         84     
    85         583     572         85     
    86         572     555         86     
    87         555     536         87     
    88         536     515         88     
  END_BOUNDARIES
  MATERIALS, NUMBER= 1, DEFAULT=1
  END_MATERIALS
  SUBDOMAINS
  END_SUBDOMAINS
  CHARACTERISTICS
  END_CHARACTERISTICS
