  NODES_PER_ELEMENT 
  1 10
  2 10
  3 10
  4 10
  5 10
  6 10
  7 10
  8 10
  9 10
  10 10
  11 10
  12 10
  13 10
  14 10
  15 10
  16 10
  17 10
  18 10
  19 10
  20 10
  21 10
  22 10
  23 10
  24 10
  25 10
  26 10
  27 10
  28 10
  29 10
  30 10
  31 10
  32 10
  33 10
  34 10
  35 10
  36 10
  37 10
  38 10
  39 10
  40 10
  41 10
  42 10
  43 10
  44 10
  45 10
  46 10
  47 10
  48 10
  49 10
  50 10
  51 10
  52 10
  53 10
  54 10
  55 10
  56 10
  57 10
  58 10
  59 10
  60 10
  61 10
  62 10
  63 10
  64 10
  65 10
  66 10
  67 10
  68 10
  69 10
  70 10
  71 10
  72 10
  73 10
  74 10
  75 10
  76 10
  77 10
  78 10
  79 10
  80 10
  81 10
  82 10
  83 10
  84 10
  85 10
  86 10
  87 10
  88 10
  89 10
  90 10
  91 10
  92 10
  93 10
  94 10
  95 10
  96 10
  97 10
  98 10
  99 10
  100 10
  101 10
  102 10
  103 10
  104 10
  105 10
  106 10
  107 10
  108 10
  109 10
  110 10
  111 10
  112 10
  113 10
  114 10
  115 10
  116 10
  117 10
  118 10
  119 10
  120 10
  121 10
  122 10
  123 10
  124 10
  125 10
  126 10
  127 10
  128 10
  129 10
  130 10
  131 10
  132 10
  133 10
  134 10
  135 10
  136 10
  137 10
  138 10
  139 10
  140 10
  141 10
  142 10
  143 10
  144 10
  145 10
  146 10
  147 10
  148 10
  149 10
  150 10
  151 10
  152 10
  153 10
  154 10
  155 10
  156 10
  157 10
  158 10
  159 10
  160 10
  161 10
  162 10
  163 10
  164 10
  165 10
  166 10
  167 10
  168 10
  169 10
  170 10
  END_NODES_PER_ELEMENT 
  ELEMENTS 
  1 1 2 3 4 5 6 7 8 9 10
  2 2 11 12 13 14 15 16 17 18 19
  3 20 21 22 23 24 25 26 27 28 29
  4 21 30 31 32 33 34 35 36 37 38
  5 39 40 41 42 43 44 45 46 47 48
  6 40 20 49 50 51 52 53 54 55 56
  7 30 57 58 59 60 61 62 63 64 65
  8 57 66 67 68 69 70 71 72 73 74
  9 75 76 77 78 79 80 81 82 83 84
  10 76 1 3 85 86 9 8 87 88 89
  11 22 21 31 26 25 37 36 90 91 92
  12 22 31 93 91 90 94 95 96 97 98
  13 20 22 49 28 27 99 100 53 52 101
  14 49 22 93 100 99 97 96 102 103 104
  15 31 30 58 35 34 64 63 105 106 107
  16 31 58 93 106 105 108 109 95 94 110
  17 3 2 12 7 6 18 17 111 112 113
  18 3 12 114 112 111 115 116 117 118 119
  19 12 11 120 16 15 121 122 123 124 125
  20 58 57 67 62 61 73 72 126 127 128
  21 58 67 129 127 126 130 131 132 133 134
  22 67 66 135 71 70 136 137 138 139 140
  23 41 40 49 45 44 55 54 141 142 143
  24 41 49 144 142 141 145 146 147 148 149
  25 39 41 150 47 46 151 152 153 154 155
  26 77 76 3 81 80 88 87 156 157 158
  27 75 77 159 83 82 160 161 162 163 164
  28 114 12 165 116 115 166 167 168 169 170
  29 3 114 171 118 117 172 173 174 175 176
  30 129 67 177 131 130 178 179 180 181 182
  31 58 129 93 133 132 183 184 109 108 185
  32 144 49 93 146 145 103 102 186 187 188
  33 41 144 189 148 147 190 191 192 193 194
  34 195 196 197 198 199 200 201 202 203 204
  35 120 11 205 122 121 206 207 208 209 210
  36 120 205 211 209 208 212 213 214 215 216
  37 211 205 217 213 212 218 219 220 221 222
  38 120 211 165 215 214 223 224 225 226 227
  39 120 165 12 226 225 167 166 124 123 228
  40 135 66 229 137 136 230 231 232 233 234
  41 135 229 235 233 232 236 237 238 239 240
  42 67 135 177 139 138 241 242 179 178 243
  43 177 135 235 242 241 239 238 244 245 246
  44 150 41 189 152 151 193 192 247 248 249
  45 150 189 250 248 247 251 252 253 254 255
  46 39 150 256 154 153 257 258 259 260 261
  47 256 150 250 258 257 254 253 262 263 264
  48 250 189 265 252 251 266 267 268 269 270
  49 159 77 271 161 160 272 273 274 275 276
  50 75 159 277 163 162 278 279 280 281 282
  51 277 159 283 279 278 284 285 286 287 288
  52 283 159 271 285 284 275 274 289 290 291
  53 277 283 292 287 286 293 294 295 296 297
  54 114 165 298 169 168 299 300 301 302 303
  55 171 114 304 173 172 305 306 307 308 309
  56 3 171 77 175 174 310 311 157 156 312
  57 129 177 313 181 180 314 315 316 317 318
  58 189 144 319 191 190 320 321 322 323 324
  59 197 196 325 201 200 326 327 328 329 330
  60 195 197 331 203 202 332 333 334 335 336
  61 235 229 337 237 236 338 339 340 341 342
  62 265 189 319 267 266 323 322 343 344 345
  63 265 319 346 344 343 347 348 349 350 351
  64 346 319 352 348 347 353 354 355 356 357
  65 265 346 358 350 349 359 360 361 362 363
  66 250 265 364 269 268 365 366 367 368 369
  67 271 77 171 273 272 311 310 370 371 372
  68 298 165 373 300 299 374 375 376 377 378
  69 114 298 304 302 301 379 380 306 305 381
  70 171 304 382 308 307 383 384 385 386 387
  71 313 177 388 315 314 389 390 391 392 393
  72 129 313 394 317 316 395 396 397 398 399
  73 319 144 400 321 320 401 402 403 404 405
  74 352 319 400 354 353 404 403 406 407 408
  75 352 400 409 407 406 410 411 412 413 414
  76 409 400 415 411 410 416 417 418 419 420
  77 352 409 421 413 412 422 423 424 425 426
  78 346 352 373 356 355 427 428 429 430 431
  79 358 346 432 360 359 433 434 435 436 437
  80 265 358 364 362 361 438 439 366 365 440
  81 364 358 441 439 438 442 443 444 445 446
  82 441 358 447 443 442 448 449 450 451 452
  83 364 441 453 445 444 454 455 456 457 458
  84 325 196 292 327 326 459 460 461 462 463
  85 325 292 283 462 461 294 293 464 465 466
  86 197 325 467 329 328 468 469 470 471 472
  87 331 197 473 333 332 474 475 476 477 478
  88 195 331 479 335 334 480 481 482 483 484
  89 479 331 485 481 480 486 487 488 489 490
  90 485 331 473 487 486 477 476 491 492 493
  91 479 485 494 489 488 495 496 497 498 499
  92 494 485 500 496 495 501 502 503 504 505
  93 500 485 506 502 501 507 508 509 510 511
  94 494 500 512 504 503 513 514 515 516 517
  95 512 500 337 514 513 518 519 520 521 522
  96 506 485 473 508 507 492 491 523 524 525
  97 506 473 526 524 523 527 528 529 530 531
  98 526 473 467 528 527 532 533 534 535 536
  99 506 526 537 530 529 538 539 540 541 542
  100 500 506 537 510 509 541 540 543 544 545
  101 537 526 388 539 538 546 547 548 549 550
  102 415 400 93 417 416 551 552 553 554 555
  103 415 93 394 554 553 556 557 558 559 560
  104 415 394 561 559 558 562 563 564 565 566
  105 561 394 567 563 562 568 569 570 571 572
  106 415 561 409 565 564 573 574 419 418 575
  107 409 561 576 574 573 577 578 579 580 581
  108 576 561 582 578 577 583 584 585 586 587
  109 409 576 421 580 579 588 589 423 422 590
  110 421 576 298 589 588 591 592 593 594 595
  111 421 298 373 594 593 377 376 596 597 598
  112 298 576 304 592 591 599 600 380 379 601
  113 304 576 582 600 599 586 585 602 603 604
  114 582 561 567 584 583 571 570 605 606 607
  115 582 567 608 606 605 609 610 611 612 613
  116 304 582 382 603 602 614 615 384 383 616
  117 608 567 617 610 609 618 619 620 621 622
  118 582 608 382 612 611 623 624 615 614 625
  119 567 394 313 569 568 396 395 626 627 628
  120 567 313 617 627 626 629 630 619 618 631
  121 617 313 388 630 629 392 391 632 633 634
  122 617 388 635 633 632 636 637 638 639 640
  123 635 388 526 637 636 547 546 641 642 643
  124 635 526 467 642 641 535 534 644 645 646
  125 617 647 608 648 649 650 651 621 620 652
  126 447 358 432 449 448 436 435 653 654 655
  127 447 432 656 654 653 657 658 659 660 661
  128 447 656 662 660 659 663 664 665 666 667
  129 364 453 668 457 456 669 670 671 672 673
  130 441 447 674 451 450 675 676 677 678 679
  131 250 364 668 368 367 672 671 680 681 682
  132 250 668 256 681 680 683 684 263 262 685
  133 352 421 373 425 424 597 596 428 427 686
  134 453 441 687 455 454 688 689 690 691 692
  135 373 165 211 375 374 224 223 693 694 695
  136 388 177 235 390 389 245 244 696 697 698
  137 400 144 93 402 401 187 186 552 551 699
  138 656 373 211 700 701 694 693 702 703 704
  139 447 662 674 666 665 705 706 676 675 707
  140 674 662 708 706 705 709 710 711 712 713
  141 674 708 714 712 711 715 716 717 718 719
  142 432 373 656 720 721 701 700 658 657 722
  143 662 656 723 664 663 724 725 726 727 728
  144 171 382 271 386 385 729 730 371 370 731
  145 271 382 608 730 729 624 623 732 733 734
  146 129 394 93 398 397 557 556 184 183 735
  147 432 346 373 434 433 430 429 721 720 736
  148 467 325 737 469 468 738 739 740 741 742
  149 473 197 467 475 474 471 470 533 532 743
  150 668 453 744 670 669 745 746 747 748 749
  151 441 674 687 678 677 750 751 689 688 752
  152 453 687 753 691 690 754 755 756 757 758
  153 737 325 283 739 738 465 464 759 760 761
  154 737 283 271 760 759 290 289 762 763 764
  155 467 737 647 741 740 765 766 767 768 769
  156 647 737 271 766 765 763 762 770 771 772
  157 467 647 635 768 767 773 774 645 644 775
  158 635 647 617 774 773 649 648 639 638 776
  159 687 674 714 751 750 718 717 777 778 779
  160 687 714 753 778 777 780 781 755 754 782
  161 783 256 668 784 785 684 683 786 787 788
  162 783 668 744 787 786 748 747 789 790 791
  163 217 723 656 792 793 725 724 794 795 796
  164 662 723 708 727 726 797 798 710 709 799
  165 211 217 656 221 220 795 794 703 702 800
  166 235 337 537 341 340 801 802 803 804 805
  167 235 537 388 804 803 549 548 697 696 806
  168 608 647 271 651 650 771 770 733 732 807
  169 500 537 337 544 543 802 801 519 518 808
  170 753 744 453 809 810 746 745 757 756 811
  END_ELEMENTS 
  COORDINATES 
   1  7.91119  -0.2424242
   2  7.895591  0.1616162
   3  7.523461  -0.1999109
   4  7.9059903333333335  -0.1077440666666667
   5  7.9007906666666665  0.02693606666666662
   6  7.771547666666667  0.04110716666666665
   7  7.647504333333333  -0.07940186666666668
   8  7.652704  -0.214082
   9  7.781947000000001  -0.22825310000000001
   10  7.776747333333334  -0.09357296666666666
   11  7.879991  0.5656566
   12  7.46818  0.3474354
   13  7.890391  0.2962963333333333
   14  7.885191  0.4309764666666666
   15  7.742720666666667  0.49291619999999997
   16  7.605450333333334  0.4201758
   17  7.610650333333333  0.28549566666666665
   18  7.753120666666667  0.22355593333333335
   19  7.7479206666666665  0.35823606666666663
   20  4.099601  0.5656566
   21  4.091687  0.1616162
   22  4.42215  0.3178911
   23  4.096963  0.43097646666666667
   24  4.094325  0.29629633333333333
   25  4.201841333333333  0.21370783333333332
   26  4.311995666666667  0.26579946666666665
   27  4.3146336666666665  0.4004796
   28  4.207117333333334  0.4830681
   29  4.2044793333333335  0.34838796666666666
   30  4.083772  -0.2424242
   31  4.430907  0.001750287
   32  4.089048666666667  0.026936066666666675
   33  4.086410333333333  -0.10774406666666664
   34  4.199483666666667  -0.16103270433333333
   35  4.3151953333333335  -0.07964120866666669
   36  4.317833666666667  0.05503892466666667
   37  4.204760333333334  0.10832756233333334
   38  4.202122  -0.026352571000000005
   39  4.200051  1.373737
   40  4.149826  0.969697
   41  4.59455  1.119557
   42  4.183309333333334  1.239057
   43  4.1665676666666664  1.104377
   44  4.298067333333333  1.0196503333333333
   45  4.446308666666667  1.0696036666666666
   46  4.463050333333333  1.2042836666666665
   47  4.331550666666667  1.2890103333333334
   48  4.3148089999999995  1.1543303333333335
   49  4.544325  0.7155162
   50  4.133084333333334  0.8350168666666666
   51  4.116342666666666  0.7003367333333332
   52  4.247842333333333  0.6156098
   53  4.396083666666667  0.665563
   54  4.412825333333333  0.8002431333333334
   55  4.281325666666667  0.8849700666666667
   56  4.264584  0.7502899333333334
   57  4.116194  -0.6464646
   58  4.519594  -0.4107735
   59  4.094579333333333  -0.3771043333333333
   60  4.105386666666667  -0.5117844666666667
   61  4.250660666666667  -0.5679008999999999
   62  4.385127333333333  -0.4893372
   63  4.37432  -0.3546570666666667
   64  4.229045999999999  -0.29854063333333336
   65  4.2398533333333335  -0.4332207666666667
   66  4.148615  -1.050505
   67  4.552016  -0.8148139
   68  4.127001  -0.7811447333333333
   69  4.137808000000001  -0.9158248666666666
   70  4.283082  -0.9719413
   71  4.417549  -0.8933776
   72  4.406742  -0.7586974666666666
   73  4.261468  -0.7025810333333333
   74  4.272275  -0.8372611666666666
   75  7.78926  -1.050505
   76  7.850225  -0.6464646
   77  7.400132  -0.7851703
   78  7.809581666666666  -0.9158248666666666
   79  7.829903333333333  -0.7811447333333332
   80  7.700194  -0.6926998333333333
   81  7.550163  -0.7389350666666666
   82  7.529841333333334  -0.8736152
   83  7.659550666666666  -0.9620601
   84  7.679872333333333  -0.8273799666666667
   85  7.870546666666667  -0.5117844666666667
   86  7.890868333333334  -0.3771043333333333
   87  7.632382333333333  -0.3487621333333333
   88  7.741303666666667  -0.4976133666666666
   89  7.761625333333334  -0.3629332333333333
   90  4.427988  0.10713055799999999
   91  4.425069000000001  0.21251082899999996
   92  4.314914666666667  0.16041919566666665
   93  4.908191  0.1446479
   94  4.590001666666667  0.04938282466666667
   95  4.749096333333334  0.09701536233333334
   96  4.746177333333334  0.20239563333333332
   97  4.584163666666667  0.26014336666666665
   98  4.587082666666666  0.15476309566666666
   99  4.462875  0.45043279999999997
   100  4.5036  0.5829745
   101  4.355358666666667  0.5330213
   102  4.786902333333334  0.33493733333333336
   103  4.665613666666666  0.5252267666666668
   104  4.624888666666666  0.39268506666666664
   105  4.490031666666667  -0.27326557100000004
   106  4.460469333333333  -0.135757642
   107  4.344757666666667  -0.2171491376666667
   108  4.649126333333333  -0.22563303333333337
   109  4.778658666666667  -0.04049256666666673
   110  4.619564  -0.08812510433333333
   111  7.486607  0.16498663333333333
   112  7.505034  -0.01746213333333335
   113  7.629077333333334  0.1030469
   114  7.043289  0.1287093
   115  7.326549666666667  0.2745267
   116  7.184919333333333  0.201618
   117  7.203346333333333  0.019169233333333327
   118  7.363403666666667  -0.09037083333333334
   119  7.344976666666668  0.09207793333333332
   120  7.471336  0.8391592
   121  7.743772666666667  0.6568241333333333
   122  7.607554333333334  0.7479916666666666
   123  7.470284  0.6752512666666667
   124  7.469232  0.5113433333333333
   125  7.606502333333334  0.5840837333333333
   126  4.541208666666667  -0.6801337666666667
   127  4.530401333333333  -0.5454536333333333
   128  4.395934666666666  -0.6240173333333333
   129  4.96743  -0.5781587
   130  4.6904873333333335  -0.7359288333333334
   131  4.828958666666667  -0.6570437666666666
   132  4.818151333333334  -0.5223636333333334
   133  4.668872666666666  -0.4665685666666667
   134  4.67968  -0.6012487000000001
   135  4.568757  -1.306536
   136  4.288662333333334  -1.1358486666666667
   137  4.428709666666666  -1.2211923333333332
   138  4.563176666666666  -1.1426286333333333
   139  4.557596333333334  -0.9787212666666667
   140  4.423129333333334  -1.0572849666666666
   141  4.561066666666666  0.8501964666666667
   142  4.5778083333333335  0.9848767333333333
   143  4.429567  0.9349234000000001
   144  4.999143  0.8641211
   145  4.695931  0.7650511666666667
   146  4.847537  0.8145861333333333
   147  4.864278666666666  0.9492664
   148  4.729414333333334  1.0344117
   149  4.712672666666666  0.8997314333333334
   150  4.63183  1.610647
   151  4.606976666666666  1.2832536666666665
   152  4.6194033333333335  1.4469503333333333
   153  4.487903666666667  1.531677
   154  4.343977333333333  1.452707
   155  4.475477000000001  1.3679803333333334
   156  7.482351333333334  -0.3949973666666666
   157  7.4412416666666665  -0.5900838333333334
   158  7.591272666666668  -0.5438486
   159  7.350752  -1.275596
   160  7.383672  -0.9486455333333333
   161  7.367212  -1.1121207666666666
   162  7.496921333333333  -1.2005656666666666
   163  7.643090666666667  -1.1255353333333333
   164  7.513381333333332  -1.0370904333333335
   165  7.057546  0.6230675
   166  7.331302  0.4393127666666667
   167  7.194424000000001  0.5311901333333333
   168  7.052793666666667  0.4582814333333334
   169  7.048041333333333  0.2934953666666667
   170  7.1896716666666665  0.36640406666666664
   171  7.09562  -0.3630779
   172  7.0607326666666665  -0.03521976666666665
   173  7.078176333333333  -0.1991488333333333
   174  7.238233666666667  -0.3086889
   175  7.3808473333333335  -0.2542999
   176  7.22079  -0.14475983333333334
   177  4.946513  -1.106554
   178  4.683515  -0.9120606
   179  4.815014000000001  -1.0093073000000001
   180  4.953485333333334  -0.9304222333333334
   181  4.960457666666667  -0.7542904666666668
   182  4.821986333333334  -0.8331755333333334
   183  4.947683666666667  -0.33722316666666674
   184  4.927937333333333  -0.0962876333333334
   185  4.798405  -0.2814281
   186  4.938508333333334  0.3844723
   187  4.968825666666667  0.6242966999999999
   188  4.817219666666667  0.5747617333333334
   189  5.02801  1.357986
   190  5.008765333333334  1.0287427333333332
   191  5.0183876666666665  1.1933643666666667
   192  4.883523333333334  1.2785096666666667
   193  4.739036666666666  1.1990333333333332
   194  4.873901  1.1138880333333334
   195  6.568074  -2.989899
   196  6.936144  -2.666667
   197  6.466382  -2.502921
   198  6.690764  -2.882155
   199  6.813454  -2.7744109999999997
   200  6.779556666666666  -2.612085
   201  6.622969333333334  -2.557503
   202  6.500279333333333  -2.665247
   203  6.534176666666667  -2.827573
   204  6.656866666666667  -2.7198290000000003
   205  7.743526  1.212121
   206  7.834502666666667  0.7811447333333333
   207  7.789014333333333  0.9966328666666666
   208  7.652796  1.0878004
   209  7.562066  0.9634798
   210  7.6982843333333335  0.8723122666666666
   211  7.25766  1.280905
   212  7.581570666666667  1.235049
   213  7.419615333333333  1.257977
   214  7.328885333333333  1.1336564
   215  7.4001106666666665  0.9864078000000001
   216  7.490840666666666  1.1107284
   217  7.489057  1.858586
   218  7.658703  1.4276093333333333
   219  7.57388  1.6430976666666668
   220  7.411924666666667  1.6660256666666666
   221  7.334792333333333  1.4734653333333334
   222  7.496747666666667  1.4505373333333333
   223  7.190955333333333  1.0616258333333333
   224  7.124250666666667  0.8423466666666666
   225  7.195476  0.6950980666666666
   226  7.333406  0.7671286333333334
   227  7.262180666666666  0.9143772333333332
   228  7.332354  0.6032206999999999
   229  4.270535  -1.69697
   230  4.189255  -1.2659933333333333
   231  4.229895  -1.4814816666666668
   232  4.369942333333333  -1.5668253333333333
   233  4.469349666666666  -1.4366806666666667
   234  4.329302333333334  -1.351337
   235  4.813531  -1.652544
   236  4.451533666666666  -1.6821613333333334
   237  4.632532333333334  -1.6673526666666667
   238  4.731939666666666  -1.537208
   239  4.6503483333333335  -1.421872
   240  4.550941000000001  -1.5520166666666666
   241  4.694675666666667  -1.2398753333333332
   242  4.820594333333333  -1.1732146666666667
   243  4.689095333333333  -1.0759679666666666
   244  4.857858333333334  -1.4705473333333334
   245  4.902185666666667  -1.2885506666666666
   246  4.776267000000001  -1.3552113333333333
   247  4.89595  1.4422063333333333
   248  4.76389  1.5264266666666666
   249  4.751463333333333  1.3627299999999998
   250  5.062752  1.849404
   251  5.039590666666666  1.521792
   252  5.0511713333333335  1.685598
   253  4.919111333333333  1.7698183333333333
   254  4.775470666666666  1.6902326666666667
   255  4.907530666666666  1.6060123333333332
   256  4.363482  2.020202
   257  4.542380666666666  1.7471653333333332
   258  4.452931333333334  1.8836836666666665
   259  4.309005  1.8047136666666665
   260  4.2545280000000005  1.5892253333333333
   261  4.3984543333333335  1.6681953333333333
   262  4.829662  1.9063366666666666
   263  4.596572  1.9632693333333333
   264  4.686021333333334  1.8267509999999998
   265  5.477316  1.573157
   266  5.177778666666667  1.4297096666666667
   267  5.327547333333333  1.5014333333333332
   268  5.339128  1.6652393333333333
   269  5.20094  1.7573216666666667
   270  5.189359333333333  1.5935156666666668
   271  6.863765  -1.110117
   272  7.221343  -0.8934858666666666
   273  7.042554  -1.0018014333333334
   274  7.026094  -1.1652766666666667
   275  7.188423  -1.2204363333333332
   276  7.204883  -1.0569610999999999
   277  7.610169  -1.595424
   278  7.437224333333333  -1.3822053333333333
   279  7.523696666666667  -1.4888146666666666
   280  7.669866  -1.4137843333333333
   281  7.729563  -1.2321446666666667
   282  7.583393666666666  -1.307175
   283  7.144166  -1.708285
   284  7.28189  -1.4198256666666667
   285  7.213028  -1.5640553333333334
   286  7.2995003333333335  -1.6706646666666667
   287  7.454834666666667  -1.6330443333333333
   288  7.368362333333333  -1.526435
   289  6.957232  -1.3095063333333334
   290  7.050699  -1.5088956666666666
   291  7.119561  -1.364666
   292  7.307473  -2.181818
   293  7.198601666666667  -1.8661293333333333
   294  7.253037333333333  -2.0239736666666666
   295  7.408371666666667  -1.9863533333333332
   296  7.509270333333333  -1.7908886666666666
   297  7.353936  -1.8285089999999997
   298  6.617585  0.3883707
   299  6.910892333333334  0.5448352333333333
   300  6.7642386666666665  0.4666029666666667
   301  6.759486333333333  0.3018169
   302  6.9013876666666665  0.21526309999999999
   303  6.906140000000001  0.3800491666666667
   304  6.638873  -0.1630024
   305  6.908483666666666  0.03147206666666666
   306  6.773678333333334  -0.06576516666666668
   307  6.7911220000000005  -0.22969423333333333
   308  6.943371  -0.29638606666666667
   309  6.925927333333334  -0.13245700000000002
   310  7.1971240000000005  -0.5037753666666667
   311  7.298628  -0.6444728333333334
   312  7.339737666666667  -0.4493863666666667
   313  5.40372  -0.8196376
   314  5.098915333333333  -1.0109152
   315  5.251317666666667  -0.9152764
   316  5.25829  -0.7391446333333334
   317  5.11286  -0.6586516666666666
   318  5.105887666666667  -0.8347834333333334
   319  5.445851  1.085787
   320  5.1480456666666665  0.9380097333333334
   321  5.296948333333334  1.0118983666666668
   322  5.3065706666666665  1.17652
   323  5.167290333333334  1.267253
   324  5.157668  1.1026313666666665
   325  6.843788  -2.175909
   326  6.905358666666666  -2.503081
   327  6.874573333333333  -2.339495
   328  6.717986  -2.284913
   329  6.5921840000000005  -2.393917
   330  6.748771333333333  -2.448499
   331  6.093359  -2.834924
   332  6.342041  -2.613588666666667
   333  6.217700000000001  -2.7242563333333334
   334  6.251597333333334  -2.886582333333333
   335  6.409835666666667  -2.9382406666666667
   336  6.375938333333334  -2.7759146666666665
   337  4.488417  -2.343434
   338  4.343162333333333  -1.912458
   339  4.415789666666667  -2.1279459999999997
   340  4.5967883333333335  -2.1131373333333334
   341  4.705159666666667  -1.8828406666666666
   342  4.524161  -1.897649333333333
   343  5.456339333333333  1.2482436666666668
   344  5.466827666666667  1.4107003333333332
   345  5.317059  1.3389766666666665
   346  5.893697  1.301575
   347  5.595133000000001  1.1577163333333333
   348  5.744415  1.2296456666666666
   349  5.754903333333334  1.3921023333333333
   350  5.6161096666666666  1.4826296666666665
   351  5.605621333333333  1.3201729999999998
   352  5.914863  0.7827382
   353  5.602188333333333  0.9847707333333334
   354  5.758525666666667  0.8837544666666667
   355  5.907807666666667  0.9556838
   356  5.900752333333334  1.1286294
   357  5.751470333333334  1.0567000666666668
   358  5.922065  1.800051
   359  5.9031530000000005  1.4677336666666667
   360  5.912609  1.6338923333333333
   361  5.773815333333333  1.7244196666666667
   362  5.625565666666667  1.6487883333333333
   363  5.764359333333334  1.558261
   364  5.510149  2.071621
   365  5.488260333333334  1.7393116666666666
   366  5.4992046666666665  1.9054663333333333
   367  5.361016666666667  1.9975486666666666
   368  5.211884333333333  1.9234763333333333
   369  5.350072333333333  1.8313940000000002
   370  7.018335  -0.6120909333333333
   371  6.94105  -0.8611039666666667
   372  7.119839  -0.7527884
   373  6.63376  0.8877707
   374  6.916284  0.7113019
   375  6.775022  0.7995363
   376  6.628368333333333  0.7213040333333334
   377  6.622976666666666  0.5548373666666666
   378  6.769630333333333  0.6330696333333333
   379  6.624681  0.2045796666666667
   380  6.6317770000000005  0.02078863333333336
   381  6.766582333333333  0.11802586666666666
   382  6.60186  -0.583036
   383  6.626535333333334  -0.3030136
   384  6.614197666666667  -0.4430248
   385  6.766446666666667  -0.5097166333333334
   386  6.931033333333334  -0.43639726666666667
   387  6.778784333333334  -0.3697054333333334
   388  5.373626  -1.467637
   389  5.088884  -1.226915
   390  5.231255  -1.3472760000000001
   391  5.383657333333333  -1.2516372
   392  5.393688666666667  -1.0356374
   393  5.241286333333333  -1.1312762
   394  5.395264  -0.3200441
   395  5.4009013333333336  -0.6531064333333333
   396  5.398082666666666  -0.4865752666666667
   397  5.252652666666667  -0.4060823
   398  5.110041333333333  -0.4921205
   399  5.255471333333333  -0.5726134666666667
   400  5.414973  0.5870711
   401  5.137753  0.7717710999999999
   402  5.276363  0.6794211
   403  5.425265666666666  0.7533097333333333
   404  5.435558333333334  0.9195483666666666
   405  5.286655666666667  0.8456597333333334
   406  5.581603  0.6522934666666667
   407  5.748233  0.7175158333333334
   408  5.591895666666667  0.8185321
   409  5.826578  0.3063388
   410  5.552174666666667  0.49349366666666666
   411  5.689376333333333  0.39991623333333337
   412  5.856006333333333  0.46513860000000007
   413  5.885434666666667  0.6239384000000001
   414  5.718804666666666  0.5587160333333333
   415  5.479928  0.1244575
   416  5.436624666666667  0.4328665666666667
   417  5.458276333333333  0.27866203333333334
   418  5.595478  0.18508460000000002
   419  5.711028  0.24571170000000003
   420  5.573826333333333  0.3392891333333334
   421  6.24966  0.4923608
   422  5.967605333333333  0.3683461333333333
   423  6.108632666666667  0.4303534666666667
   424  6.138061  0.5891532666666667
   425  6.026462  0.6859457333333334
   426  5.997033666666667  0.5271459333333334
   427  6.154495333333333  0.8177490333333334
   428  6.394127666666667  0.8527598666666667
   429  6.387072333333333  1.0257054666666667
   430  6.140384666666667  1.1636402333333333
   431  6.14744  0.9906946333333333
   432  6.340194  1.52621
   433  6.042529333333333  1.3764533333333333
   434  6.191361666666667  1.4513316666666667
   435  6.200817666666667  1.6174903333333335
   436  6.061441333333334  1.7087706666666667
   437  6.0519853333333335  1.542612
   438  5.784759666666667  1.8905743333333334
   439  5.647454333333333  1.9810976666666666
   440  5.63651  1.8149430000000002
   441  5.954448  2.297351
   442  5.932859333333333  1.9658176666666667
   443  5.943653666666667  2.1315843333333335
   444  5.806348333333333  2.2221076666666666
   445  5.658248666666667  2.1468643333333333
   446  5.795554  2.056341
   447  6.370354  2.020563
   448  6.071494666666666  1.873555
   449  6.2209243333333335  1.947059
   450  6.231718666666667  2.1128256666666667
   451  6.093083333333333  2.2050883333333333
   452  6.082288999999999  2.0393216666666665
   453  5.536165  2.570532
   454  5.815020333333333  2.3884113333333334
   455  5.675592666666667  2.4794716666666665
   456  5.527493  2.404228333333333
   457  5.518821  2.237924666666667
   458  5.666920666666667  2.3131679999999997
   459  7.059920333333333  -2.5050506666666665
   460  7.183696666666666  -2.343434333333333
   461  7.152911333333333  -2.179848333333333
   462  6.998349666666667  -2.1778786666666665
   463  7.029134999999999  -2.3414646666666665
   464  7.04404  -1.8641596666666667
   465  6.943914  -2.0200343333333333
   466  7.098475666666666  -2.022004
   467  6.264595  -1.962226
   468  6.650723666666667  -2.104681333333333
   469  6.457659333333333  -2.0334536666666665
   470  6.331857333333334  -2.1424576666666666
   471  6.3991196666666665  -2.3226893333333334
   472  6.524921666666667  -2.2136853333333333
   473  5.991986  -2.345469
   474  6.30825  -2.450437
   475  6.150118  -2.3979530000000002
   476  6.025777  -2.508620666666667
   477  6.0595680000000005  -2.671772333333333
   478  6.183909  -2.5611046666666666
   479  5.915254  -3.288971
   480  6.033990666666667  -2.986273
   481  5.9746223333333335  -3.137622
   482  6.132860666666667  -3.1892803333333335
   483  6.3504673333333335  -3.0895896666666665
   484  6.192229  -3.0379313333333333
   485  5.601197  -2.903824
   486  5.929305  -2.8578906666666666
   487  5.765251  -2.8808573333333336
   488  5.705882666666667  -3.0322063333333333
   489  5.810568333333333  -3.160588666666667
   490  5.869936666666667  -3.009239666666667
   491  5.861723  -2.5315873333333334
   492  5.73146  -2.717705666666667
   493  5.8955139999999995  -2.694739
   494  5.237288  -3.212419
   495  5.479894  -3.006689
   496  5.3585910000000005  -3.109554
   497  5.463276666666667  -3.2379363333333333
   498  5.689265333333333  -3.263453666666667
   499  5.5845796666666665  -3.1350713333333338
   500  5.138493  -2.621185
   501  5.4469623333333335  -2.8096110000000003
   502  5.292727666666667  -2.715398
   503  5.171424666666667  -2.818263
   504  5.204356333333334  -3.0153410000000003
   505  5.325659333333333  -2.9124760000000003
   506  5.524308  -2.411187
   507  5.575567333333334  -2.739611666666667
   508  5.549937666666667  -2.5753993333333334
   509  5.395703  -2.4811863333333335
   510  5.267098000000001  -2.5511856666666666
   511  5.421332666666667  -2.645398666666667
   512  4.773956  -2.828283
   513  5.016980666666667  -2.690217666666667
   514  4.8954683333333335  -2.759250333333333
   515  4.9284  -2.9563283333333334
   516  5.082844000000001  -3.0843736666666666
   517  5.049912333333333  -2.8872956666666667
   518  4.921801  -2.5286013333333335
   519  4.705109  -2.4360176666666664
   520  4.583596666666667  -2.505050333333333
   521  4.678776333333333  -2.6666666666666665
   522  4.800288666666667  -2.5976339999999998
   523  5.836093333333333  -2.367375
   524  5.680200666666667  -2.389281
   525  5.705830333333334  -2.5534933333333334
   526  5.697892  -1.949528
   527  5.893954666666667  -2.2134886666666667
   528  5.7959233333333335  -2.0815083333333333
   529  5.640030666666667  -2.1034143333333333
   530  5.582169333333334  -2.2573006666666666
   531  5.738062  -2.2353946666666666
   532  6.082855666666666  -2.2177213333333334
   533  6.1737253333333335  -2.089973666666667
   534  6.075694  -1.9579933333333333
   535  5.886793  -1.9537606666666667
   536  5.984824333333333  -2.085741
   537  5.205791  -2.027961
   538  5.533858333333334  -1.9756723333333333
   539  5.369824666666666  -2.0018166666666666
   540  5.311963333333333  -2.155703
   541  5.418135666666667  -2.283445
   542  5.475997  -2.1295586666666666
   543  5.1833583333333335  -2.2257023333333334
   544  5.1609256666666665  -2.4234436666666666
   545  5.289530666666667  -2.3534443333333335
   546  5.589803333333333  -1.7888976666666667
   547  5.481714666666667  -1.6282673333333333
   548  5.317680999999999  -1.6544116666666666
   549  5.261736  -1.8411863333333334
   550  5.4257696666666675  -1.815042
   551  5.246045666666666  0.43959669999999995
   552  5.077118333333334  0.2921223
   553  5.09877  0.13791776666666666
   554  5.2893490000000005  0.13118763333333333
   555  5.2676973333333335  0.2853921666666666
   556  5.070548666666667  -0.010249433333333335
   557  5.232906333333333  -0.16514676666666667
   558  5.423485333333334  -0.1718769
   559  5.4517066666666665  -0.0237097
   560  5.261127666666667  -0.016979566666666668
   561  5.818598  -0.09599455
   562  5.536375333333333  -0.24536091666666665
   563  5.677486666666667  -0.17067773333333333
   564  5.705708  -0.022510533333333332
   565  5.592818  0.05097348333333333
   566  5.564596666666667  -0.09719371666666667
   567  5.809484  -0.5907362
   568  5.533337333333334  -0.4102748
   569  5.671410666666667  -0.5005055
   570  5.812522  -0.4258223166666667
   571  5.81556  -0.26090843333333336
   572  5.674448666666667  -0.33559161666666665
   573  5.821257999999999  0.03811656666666667
   574  5.823918  0.17222768333333333
   575  5.708368  0.11160058333333334
   576  6.255516  0.09658548
   577  5.964237333333333  -0.031801206666666665
   578  6.109876666666667  0.03239213666666667
   579  6.112536666666666  0.16650325333333332
   580  5.969557333333333  0.23642102666666667
   581  5.966897333333333  0.10230991
   582  6.211703  -0.395935
   583  5.9496329999999995  -0.1959747
   584  6.080668  -0.29595485
   585  6.226307333333334  -0.23176150666666664
   586  6.240911666666666  -0.06758801333333331
   587  6.095272333333334  -0.13178135666666665
   588  6.253564  0.22851058666666665
   589  6.251612000000001  0.3604356933333333
   590  6.110584666666667  0.29842836
   591  6.376205666666666  0.19384722
   592  6.496895333333334  0.29110895999999997
   593  6.4949433333333335  0.42303406666666665
   594  6.372301666666667  0.45769743333333335
   595  6.374253666666667  0.3257723266666667
   596  6.505726666666667  0.7559674000000001
   597  6.377693333333333  0.6241641
   598  6.500335  0.5895007333333333
   599  6.383301666666667  0.010056186666666675
   600  6.511087333333333  -0.07647310666666665
   601  6.503991333333334  0.10731792666666667
   602  6.354093  -0.3182908
   603  6.4964830000000005  -0.2406466
   604  6.368697333333333  -0.15411730666666665
   605  5.943557  -0.5258024666666667
   606  6.07763  -0.46086873333333334
   607  5.946594999999999  -0.36088858333333335
   608  6.199338  -0.883048
   609  5.939435333333334  -0.6881734666666667
   610  6.0693866666666665  -0.7856107333333334
   611  6.203459666666666  -0.720677
   612  6.207581333333334  -0.558306
   613  6.073508333333334  -0.6232397333333334
   614  6.341755333333333  -0.458302
   615  6.471807666666667  -0.520669
   616  6.484145333333333  -0.3806578
   617  5.744648  -1.083336
   618  5.787872  -0.7549361333333334
   619  5.76626  -0.9191360666666668
   620  5.8962113333333335  -1.0165733333333333
   621  6.047774666666666  -0.9498106666666667
   622  5.917823333333334  -0.8523734
   623  6.333512  -0.7830440000000001
   624  6.4676860000000005  -0.68304
   625  6.337633666666666  -0.620673
   626  5.538974666666666  -0.7433371333333333
   627  5.674229333333334  -0.6670366666666667
   628  5.536156000000001  -0.5768059666666666
   629  5.517362666666666  -0.9075370666666667
   630  5.631005333333333  -0.9954365333333334
   631  5.6526173333333345  -0.8312366
   632  5.4973  -1.3395366666666668
   633  5.6209739999999995  -1.2114363333333333
   634  5.507331333333333  -1.1235368666666667
   635  5.825506  -1.555671
   636  5.5242526666666665  -1.4969816666666667
   637  5.674879333333333  -1.5263263333333335
   638  5.7985533333333334  -1.398226
   639  5.771600666666666  -1.2407810000000001
   640  5.647926666666667  -1.3688813333333334
   641  5.74043  -1.8182423333333333
   642  5.782968  -1.6869566666666667
   643  5.632341333333333  -1.657612
   644  6.118232  -1.8267076666666666
   645  5.971869  -1.6911893333333334
   646  5.929331  -1.822475
   647  6.277098  -1.521169
   648  5.922131333333333  -1.2292803333333333
   649  6.099614666666667  -1.3752246666666668
   650  6.2511779999999995  -1.308462
   651  6.225258  -1.095755
   652  6.073694666666667  -1.1625176666666668
   653  6.350247333333334  1.6909943333333335
   654  6.360300666666666  1.8557786666666667
   655  6.210871  1.7822746666666667
   656  6.856314  1.744174
   657  6.512234  1.5988646666666666
   658  6.684274  1.6715193333333334
   659  6.694327333333334  1.8363036666666666
   660  6.532340666666666  1.9284333333333334
   661  6.522287333333334  1.763649
   662  6.705619  2.291747
   663  6.806082333333333  1.9266983333333332
   664  6.755850666666667  2.1092226666666667
   665  6.593864  2.2013523333333334
   666  6.482109  2.1109576666666667
   667  6.644095666666668  2.018828
   668  4.992873  2.334451
   669  5.355067666666667  2.4918383333333334
   670  5.173970333333333  2.4131446666666667
   671  5.165298333333333  2.246841
   672  5.337723666666667  2.159231
   673  5.346395666666666  2.3255346666666665
   674  6.402304  2.519438
   675  6.381004  2.1868546666666666
   676  6.391654  2.3531463333333336
   677  6.253018666666667  2.445409
   678  6.1037333333333335  2.37138
   679  6.242368666666667  2.279117333333333
   680  5.016166  2.172768666666667
   681  5.039459  2.0110863333333335
   682  5.188591333333334  2.0851586666666666
   683  4.783076  2.2297013333333333
   684  4.573279  2.1249516666666666
   685  4.806369  2.068019
   686  6.266094333333334  0.7209565666666666
   687  5.982083  2.796484
   688  5.963659666666667  2.4637286666666665
   689  5.972871333333334  2.6301063333333334
   690  5.833443666666667  2.7211666666666665
   691  5.684804333333333  2.6458493333333335
   692  5.824231999999999  2.554789
   693  7.049693333333333  1.1498602333333334
   694  6.841726666666666  1.0188154666666667
   695  6.9829886666666665  0.9305810666666666
   696  5.000229333333333  -1.5909083333333334
   697  5.186927666666667  -1.5292726666666667
   698  5.044556666666668  -1.4089116666666666
   699  5.1074356666666665  0.5319467
   700  6.782129333333334  1.4587062333333334
   701  6.707944666666666  1.1732384666666666
   702  7.1238779999999995  1.435328
   703  6.990096  1.589751
   704  6.915911333333334  1.3042832333333332
   705  6.604514  2.367644
   706  6.503409  2.443541
   707  6.492759  2.2772493333333332
   708  6.770405  2.828283
   709  6.727214333333333  2.4705923333333333
   710  6.748809666666667  2.6494376666666666
   711  6.647704666666667  2.7253346666666665
   712  6.525004333333333  2.6223863333333335
   713  6.626109333333333  2.546489333333333
   714  6.300682  3.151515
   715  6.613830666666667  2.9360269999999997
   716  6.4572563333333335  3.043771
   717  6.334556  2.9408226666666666
   718  6.36843  2.7301303333333333
   719  6.4911303333333334  2.8330786666666667
   720  6.438049333333334  1.3133969
   721  6.535904666666666  1.1005838000000001
   722  6.610089333333334  1.3860515666666666
   723  7.197551  2.343434
   724  6.970059666666667  1.9439273333333331
   725  7.083805333333333  2.1436806666666666
   726  7.033573666666666  2.326205
   727  6.869596333333334  2.308976
   728  6.919828  2.1264516666666666
   729  6.689161666666667  -0.7587296666666666
   730  6.776463333333333  -0.9344233333333334
   731  6.853748333333333  -0.6854103
   732  6.420813666666667  -0.9587376666666667
   733  6.642289333333333  -1.0344273333333334
   734  6.554987666666666  -0.8587336666666667
   735  5.090295  -0.2511849666666666
   736  6.289217  1.2385185666666667
   737  6.749513  -1.684918
   738  6.812363  -2.0122453333333334
   739  6.780938  -1.8485816666666666
   740  6.587873666666667  -1.7773539999999999
   741  6.426234333333333  -1.86979
   742  6.619298666666666  -1.9410176666666665
   743  6.240987666666666  -2.2702053333333336
   744  4.919072  2.989899
   745  5.330467333333333  2.710321
   746  5.1247696666666664  2.85011
   747  4.943672333333334  2.7714163333333333
   748  4.968272666666667  2.5529336666666667
   749  5.14937  2.631627333333333
   750  6.262230333333333  2.6117866666666667
   751  6.122156666666667  2.7041353333333333
   752  6.112945  2.5377576666666664
   753  5.576271  3.307042
   754  5.846812333333333  2.96667
   755  5.711541666666667  3.136856
   756  5.562902333333334  3.061538666666667
   757  5.549533666666666  2.8160353333333332
   758  5.698173  2.8913526666666662
   759  7.012615  -1.700496
   760  6.881064  -1.692707
   761  6.912489000000001  -1.8563706666666666
   762  6.825681  -1.3017173333333334
   763  6.787597  -1.4933176666666665
   764  6.919148  -1.5011066666666666
   765  6.592041333333333  -1.6303349999999999
   766  6.4345696666666665  -1.575752
   767  6.272930333333333  -1.668188
   768  6.2687626666666665  -1.815207
   769  6.430402  -1.7227709999999998
   770  6.668209333333333  -1.2471343333333333
   771  6.472653666666666  -1.3841516666666667
   772  6.630125333333333  -1.4387346666666667
   773  6.126567333333333  -1.5326696666666666
   774  5.976036666666666  -1.5441703333333334
   775  6.1223996666666665  -1.6796886666666666
   776  5.949083999999999  -1.3867253333333334
   777  6.194482333333333  3.033171333333333
   778  6.088282666666667  2.9148276666666666
   779  6.228356333333333  2.822479
   780  6.059211666666667  3.2033573333333334
   781  5.817741333333333  3.2551996666666665
   782  5.953012000000001  3.0850136666666663
   783  4.565617  2.505051
   784  4.4982386666666665  2.3434346666666666
   785  4.430860333333333  2.181818333333333
   786  4.850454333333333  2.3913176666666667
   787  4.7080356666666665  2.4481843333333333
   788  4.640657333333333  2.2865679999999995
   789  4.801253666666667  2.828283
   790  4.683435333333333  2.666667
   791  4.825854  2.609800333333333
   792  7.391888333333333  2.020202
   793  7.2947196666666665  2.181818
   794  7.0672283333333334  1.7823113333333334
   795  7.278142666666667  1.8204486666666666
   796  7.180974  1.9820646666666668
   797  7.055169  2.505050333333333
   798  6.912787  2.6666666666666665
   799  6.891191666666667  2.487821333333333
   800  7.2010103333333335  1.6278883333333332
   801  4.727541666666666  -2.2382763333333333
   802  4.966666333333333  -2.1331186666666664
   803  5.075037666666667  -1.902822
   804  4.944284333333333  -1.777683
   805  4.835913  -2.007979666666667
   806  5.130982666666666  -1.7160473333333333
   807  6.446733666666667  -1.1714446666666667
   808  4.944233666666666  -2.33086
   809  5.357204666666667  3.201327666666667
   810  5.138138333333333  3.095613333333333
   811  5.343836  2.9558243333333336
  END_COORDINATES 
  BOUNDARIES, ELEMENT 
    1 1 2 4 5 1
    2 2 11 13 14 2
    3 20 21 23 24 3
    4 21 30 32 33 4
    5 39 40 42 43 5
    6 40 20 50 51 6
    7 30 57 59 60 7
    8 57 66 68 69 8
    9 75 76 78 79 9
    10 76 1 85 86 10
    11 195 196 198 199 34
    12 11 205 206 207 35
    13 205 217 218 219 37
    14 66 229 230 231 40
    15 256 39 259 260 46
    16 277 75 280 281 50
    17 292 277 295 296 53
    18 229 337 338 339 61
    19 196 292 459 460 84
    20 479 195 482 483 88
    21 494 479 497 498 91
    22 512 494 515 516 94
    23 337 512 520 521 95
    24 708 714 715 716 141
    25 714 753 780 781 160
    26 783 256 784 785 161
    27 744 783 789 790 162
    28 217 723 792 793 163
    29 723 708 797 798 164
    30 753 744 809 810 170
  END_BOUNDARIES 
  MATERIALS, NUMBER= 1, DEFAULT=1 
  END_MATERIALS 
  SUBDOMAINS 
  END_SUBDOMAINS 
  CHARACTERISTICS 
  END_CHARACTERISTICS 
