  NODES_PER_ELEMENT
   1 3
   2 3
   3 3
   4 3
   5 3
   6 3
   7 3
   8 3
   9 3
   10 3
   11 3
   12 3
   13 3
   14 3
   15 3
   16 3
   17 3
   18 3
   19 3
   20 3
   21 3
   22 3
   23 3
   24 3
   25 3
   26 3
   27 3
   28 3
   29 3
   30 3
   31 3
   32 3
   33 3
   34 3
   35 3
   36 3
   37 3
   38 3
   39 3
   40 3
   41 3
   42 3
   43 3
   44 3
   45 3
   46 3
   47 3
   48 3
   49 3
   50 3
   51 3
   52 3
   53 3
   54 3
   55 3
   56 3
   57 3
   58 3
   59 3
   60 3
   61 3
   62 3
   63 3
   64 3
   65 3
   66 3
   67 3
   68 3
   69 3
   70 3
   71 3
   72 3
   73 3
   74 3
   75 3
   76 3
   77 3
   78 3
   79 3
   80 3
   81 3
   82 3
   83 3
   84 3
   85 3
   86 3
   87 3
   88 3
   89 3
   90 3
   91 3
   92 3
   93 3
   94 3
   95 3
   96 3
   97 3
   98 3
   99 3
   100 3
   101 3
   102 3
   103 3
   104 3
   105 3
   106 3
   107 3
   108 3
   109 3
   110 3
   111 3
   112 3
   113 3
   114 3
   115 3
   116 3
   117 3
   118 3
   119 3
   120 3
   121 3
   122 3
   123 3
   124 3
   125 3
   126 3
   127 3
   128 3
   129 3
   130 3
   131 3
   132 3
   133 3
   134 3
   135 3
   136 3
   137 3
   138 3
   139 3
   140 3
   141 3
   142 3
   143 3
   144 3
   145 3
   146 3
   147 3
   148 3
   149 3
   150 3
   151 3
   152 3
   153 3
   154 3
   155 3
   156 3
   157 3
   158 3
   159 3
   160 3
   161 3
   162 3
   163 3
   164 3
   165 3
   166 3
   167 3
   168 3
   169 3
   170 3
   171 3
   172 3
   173 3
   174 3
   175 3
   176 3
   177 3
   178 3
   179 3
   180 3
   181 3
   182 3
   183 3
   184 3
   185 3
   186 3
   187 3
   188 3
   189 3
   190 3
   191 3
   192 3
   193 3
   194 3
   195 3
   196 3
   197 3
   198 3
   199 3
   200 3
   201 3
   202 3
   203 3
   204 3
   205 3
   206 3
   207 3
   208 3
   209 3
   210 3
   211 3
   212 3
   213 3
   214 3
   215 3
   216 3
   217 3
   218 3
   219 3
   220 3
   221 3
   222 3
   223 3
   224 3
   225 3
   226 3
   227 3
   228 3
   229 3
   230 3
   231 3
   232 3
   233 3
   234 3
   235 3
   236 3
   237 3
   238 3
   239 3
   240 3
   241 3
   242 3
   243 3
   244 3
   245 3
   246 3
   247 3
   248 3
   249 3
   250 3
   251 3
   252 3
   253 3
   254 3
   255 3
   256 3
   257 3
   258 3
   259 3
   260 3
   261 3
   262 3
   263 3
   264 3
  END_NODES_PER_ELEMENT
  ELEMENTS
  1 1 2 3  
  2 2 6 5  
  3 105 96 94  
  4 96 88 81  
  5 75 82 74  
  6 82 92 83  
  7 54 63 53  
  8 63 75 64  
  9 88 78 81  
  10 78 68 66  
  11 92 101 91  
  12 101 111 102  
  13 150 151 145  
  14 151 152 147  
  15 3 2 5  
  16 3 5 8  
  17 1 3 4  
  18 5 6 13  
  19 74 82 83  
  20 74 83 76  
  21 75 74 64  
  22 64 74 65  
  23 83 92 91  
  24 83 91 84  
  25 94 96 81  
  26 94 81 85  
  27 105 94 106  
  28 53 63 64  
  29 53 64 56  
  30 54 53 44  
  31 91 101 102  
  32 91 102 93  
  33 102 111 113  
  34 66 68 57  
  35 78 66 81  
  36 65 74 76  
  37 65 76 67  
  38 67 76 79  
  39 65 67 55  
  40 64 65 56  
  41 56 65 55  
  42 56 55 48  
  43 84 91 93  
  44 84 93 79  
  45 84 79 76  
  46 84 76 83  
  47 48 55 47  
  48 56 48 53  
  49 8 5 10  
  50 3 8 7  
  51 85 81 72  
  52 94 85 97  
  53 93 102 107  
  54 145 151 147  
  55 145 147 139  
  56 150 145 148  
  57 147 152 149  
  58 139 147 143  
  59 145 139 138  
  60 106 94 97  
  61 106 97 109  
  62 105 106 116  
  63 116 106 109  
  64 44 53 48  
  65 54 44 41  
  66 113 111 122  
  67 113 122 121  
  68 102 113 107  
  69 107 113 121  
  70 109 97 99  
  71 57 68 52  
  72 57 52 45  
  73 45 52 42  
  74 57 45 50  
  75 66 57 50  
  76 67 79 73  
  77 55 67 60  
  78 47 55 60  
  79 48 47 36  
  80 121 122 134  
  81 10 5 13  
  82 8 10 15  
  83 7 8 11  
  84 3 7 4  
  85 72 81 66  
  86 85 72 71  
  87 97 85 86  
  88 93 107 98  
  89 143 147 149  
  90 139 143 132  
  91 138 139 130  
  92 145 138 148  
  93 31 23 25  
  94 50 45 39  
  95 13 21 10  
  96 99 97 86  
  97 99 86 90  
  98 90 86 77  
  99 99 90 104  
  100 109 99 110  
  101 73 79 87  
  102 67 73 60  
  103 36 47 38  
  104 48 36 37  
  105 15 10 20  
  106 8 15 11  
  107 7 11 12  
  108 71 72 59  
  109 86 85 71  
  110 98 107 114  
  111 93 98 79  
  112 132 143 136  
  113 139 132 130  
  114 138 130 131  
  115 77 86 71  
  116 90 77 80  
  117 104 90 95  
  118 99 104 110  
  119 110 104 115  
  120 115 104 108  
  121 110 115 120  
  122 25 23 16  
  123 31 25 34  
  124 39 45 34  
  125 50 39 43  
  126 109 110 119  
  127 115 108 118  
  128 110 120 119  
  129 119 120 135  
  130 108 104 95  
  131 108 95 100  
  132 100 95 89  
  133 108 100 112  
  134 120 115 124  
  135 87 79 98  
  136 87 98 103  
  137 103 98 114  
  138 87 103 89  
  139 38 47 49  
  140 37 36 30  
  141 73 87 89  
  142 36 38 27  
  143 48 37 44  
  144 20 10 21  
  145 59 72 66  
  146 89 95 80  
  147 12 11 18  
  148 114 107 121  
  149 112 100 103  
  150 103 100 89  
  151 15 20 22  
  152 71 59 62  
  153 7 12 9  
  154 108 112 118  
  155 118 112 123  
  156 123 112 117  
  157 118 123 128  
  158 136 143 144  
  159 131 130 125  
  160 117 112 103  
  161 128 123 132  
  162 128 132 136  
  163 128 136 124  
  164 138 131 140  
  165 123 125 130  
  166 118 128 124  
  167 80 77 69  
  168 16 23 14  
  169 16 14 9  
  170 43 39 35  
  171 95 90 80  
  172 34 25 28  
  173 25 16 19  
  174 50 43 59  
  175 31 34 42  
  176 109 119 116  
  177 37 30 32  
  178 71 62 77  
  179 69 77 62  
  180 120 124 129  
  181 12 18 19  
  182 19 18 26  
  183 26 18 24  
  184 19 26 28  
  185 28 26 35  
  186 35 26 33  
  187 24 18 17  
  188 26 24 33  
  189 33 24 27  
  190 35 33 40  
  191 17 18 11  
  192 17 11 15  
  193 17 15 22  
  194 24 17 27  
  195 40 33 38  
  196 35 40 43  
  197 43 40 51  
  198 51 40 46  
  199 43 51 59  
  200 46 40 38  
  201 51 46 58  
  202 58 46 49  
  203 49 46 38  
  204 51 58 62  
  205 62 58 69  
  206 69 58 61  
  207 61 58 49  
  208 61 49 60  
  209 69 61 70  
  210 70 61 60  
  211 69 70 80  
  212 125 123 117  
  213 125 117 114  
  214 19 16 12  
  215 12 16 9  
  216 115 118 124  
  217 36 27 30  
  218 7 9 4  
  219 4 9 14  
  220 28 25 19  
  221 140 131 133  
  222 27 38 33  
  223 144 143 149  
  224 144 149 146  
  225 144 146 137  
  226 137 146 142  
  227 137 142 129  
  228 144 137 136  
  229 49 47 60  
  230 22 20 32  
  231 131 125 126  
  232 34 28 39  
  233 62 59 51  
  234 138 140 148  
  235 35 39 28  
  236 129 124 136  
  237 131 126 133  
  238 32 30 22  
  239 22 30 27  
  240 140 133 141  
  241 140 141 148  
  242 141 133 134  
  243 134 133 121  
  244 37 32 44  
  245 120 129 135  
  246 126 125 114  
  247 133 126 121  
  248 121 126 114  
  249 89 80 70  
  250 130 132 123  
  251 42 34 45  
  252 41 44 32  
  253 136 137 129  
  254 89 70 73  
  255 73 70 60  
  256 135 127 119  
  257 119 127 116  
  258 114 117 103  
  259 22 27 17  
  260 21 29 20  
  261 135 129 142  
  262 29 41 32  
  263 50 59 66  
  264 32 20 29  
  END_ELEMENTS  
  COORDINATES  
   1   5.745763e+00  3.310832e+00   
   2   5.437002e+00  3.231173e+00   
   3   5.674110e+00  2.950343e+00   
   4   6.300682e+00  3.151515e+00   
   5   5.365350e+00  2.870685e+00   
   6   5.128241e+00  3.151515e+00   
   7   6.028087e+00  2.690667e+00   
   8   5.606268e+00  2.575087e+00   
   9   6.400955e+00  2.718802e+00   
   10   5.122872e+00  2.512187e+00   
   11   5.904054e+00  2.309734e+00   
   12   6.282454e+00  2.438519e+00   
   13   4.773956e+00  2.828283e+00   
   14   6.762712e+00  2.835698e+00   
   15   5.474023e+00  2.198789e+00   
   16   6.677856e+00  2.467193e+00   
   17   5.806720e+00  2.023701e+00   
   18   6.204865e+00  2.046189e+00   
   19   6.511977e+00  2.103250e+00   
   20   4.958314e+00  2.107228e+00   
   21   4.559322e+00  2.493052e+00   
   22   5.338257e+00  1.822610e+00   
   23   7.075911e+00  2.505051e+00   
   24   6.028809e+00  1.692490e+00   
   25   6.910088e+00  2.141694e+00   
   26   6.421701e+00  1.734138e+00   
   27   5.646354e+00  1.503757e+00   
   28   6.745621e+00  1.777111e+00   
   29   4.363482e+00  2.020202e+00   
   30   5.183033e+00  1.498115e+00   
   31   7.307473e+00  2.181818e+00   
   32   4.797512e+00  1.604683e+00   
   33   6.097126e+00  1.376395e+00   
   34   7.143580e+00  1.817099e+00   
   35   6.565225e+00  1.381524e+00   
   36   5.283238e+00  1.110957e+00   
   37   4.898052e+00  1.217546e+00   
   38   5.787291e+00  1.002029e+00   
   39   6.962381e+00  1.334180e+00   
   40   6.328857e+00  1.060294e+00   
   41   4.220339e+00  1.476441e+00   
   42   7.565240e+00  1.696970e+00   
   43   6.722905e+00  1.013950e+00   
   44   4.462514e+00  1.097352e+00   
   45   7.358867e+00  1.285377e+00   
   46   6.122102e+00  7.482263e-01   
   47   5.379264e+00  7.240490e-01   
   48   4.906775e+00  8.335468e-01   
   49   5.763366e+00  6.127004e-01   
   50   7.120024e+00  9.671216e-01   
   51   6.488793e+00  6.674230e-01   
   52   7.743526e+00  1.212121e+00   
   53   4.453179e+00  7.039282e-01   
   54   4.128729e+00  8.888889e-01   
   55   5.083665e+00  4.627148e-01   
   56   4.787515e+00  5.182801e-01   
   57   7.515871e+00  9.266584e-01   
   58   6.245580e+00  3.730247e-01   
   59   6.933028e+00  5.297903e-01   
   60   5.445477e+00  2.955200e-01   
   61   5.873307e+00  2.442743e-01   
   62   6.580282e+00  2.792529e-01   
   63   4.106251e+00  5.656566e-01   
   64   4.430700e+00  3.806959e-01   
   65   4.772095e+00  2.211083e-01   
   66   7.457789e+00  5.288318e-01   
   67   5.116942e+00  6.985073e-02   
   68   7.855381e+00  7.272727e-01   
   69   6.184650e+00  2.966363e-03   
   70   5.816768e+00 -1.501802e-01   
   71   6.898198e+00  3.660952e-02   
   72   7.266581e+00  1.896834e-01   
   73   5.440684e+00 -1.626427e-01   
   74   4.421037e+00  8.408048e-02   
   75   4.083772e+00  2.424242e-01   
   76   4.769006e+00 -7.415892e-02   
   77   6.529404e+00 -1.997941e-01   
   78   7.886435e+00  4.040404e-01   
   79   5.075453e+00 -3.222311e-01   
   80   6.181574e+00 -3.969807e-01   
   81   7.610766e+00  5.400750e-02   
   82   4.086923e+00 -8.080808e-02   
   83   4.424188e+00 -2.391518e-01   
   84   4.778185e+00 -3.682686e-01   
   85   7.217222e+00 -2.028923e-01   
   86   6.872645e+00 -4.039014e-01   
   87   5.396770e+00 -5.598670e-01   
   88   7.917490e+00  8.080808e-02   
   89   5.836281e+00 -6.021326e-01   
   90   6.526546e+00 -5.991264e-01   
   91   4.440398e+00 -5.352580e-01   
   92   4.090074e+00 -4.040404e-01   
   93   4.800032e+00 -6.656327e-01   
   94   7.553677e+00 -3.845685e-01   
   95   6.182219e+00 -8.023695e-01   
   96   7.898740e+00 -2.424242e-01   
   97   7.220859e+00 -5.985420e-01   
   98   5.151075e+00 -8.551452e-01   
   99   6.873265e+00 -7.932482e-01   
   100   5.916691e+00 -9.865607e-01   
   101   4.119345e+00 -7.272727e-01   
   102   4.469669e+00 -8.584904e-01   
   103   5.535918e+00 -1.056966e+00   
   104   6.530676e+00 -9.984476e-01   
   105   7.879991e+00 -5.656566e-01   
   106   7.548742e+00 -7.780074e-01   
   107   4.809495e+00 -1.061226e+00   
   108   6.184286e+00 -1.197691e+00   
   109   7.218479e+00 -9.921447e-01   
   110   6.872936e+00 -1.192852e+00   
   111   4.148615e+00 -1.050505e+00   
   112   5.840462e+00 -1.401535e+00   
   113   4.455572e+00 -1.226099e+00   
   114   5.115082e+00 -1.410018e+00   
   115   6.530717e+00 -1.396862e+00   
   116   7.779661e+00 -1.088101e+00   
   117   5.494456e+00 -1.601771e+00   
   118   6.184844e+00 -1.597592e+00   
   119   7.294063e+00 -1.413522e+00   
   120   6.879208e+00 -1.592407e+00   
   121   4.617565e+00 -1.624922e+00   
   122   4.232516e+00 -1.535354e+00   
   123   5.770087e+00 -1.843141e+00   
   124   6.535448e+00 -1.796735e+00   
   125   5.298183e+00 -1.846754e+00   
   126   4.898882e+00 -1.823342e+00   
   127   7.610169e+00 -1.595424e+00   
   128   6.139329e+00 -1.961795e+00   
   129   6.884325e+00 -1.992349e+00   
   130   5.477395e+00 -2.204302e+00   
   131   5.078298e+00 -2.180832e+00   
   132   5.905991e+00 -2.252697e+00   
   133   4.678965e+00 -2.157973e+00   
   134   4.389831e+00 -2.096940e+00   
   135   7.403926e+00 -2.020202e+00   
   136   6.300273e+00 -2.318812e+00   
   137   6.735547e+00 -2.440121e+00   
   138   5.258181e+00 -2.537864e+00   
   139   5.654007e+00 -2.562250e+00   
   140   4.858876e+00 -2.515214e+00   
   141   4.565617e+00 -2.505051e+00   
   142   7.101695e+00 -2.474714e+00   
   143   6.084706e+00 -2.639806e+00   
   144   6.439607e+00 -2.693703e+00   
   145   5.445648e+00 -2.887334e+00   
   146   6.770405e+00 -2.828283e+00   
   147   5.784631e+00 -2.925611e+00   
   148   4.898305e+00 -2.970389e+00   
   149   6.423729e+00 -3.085763e+00   
   150   5.237288e+00 -3.212419e+00   
   151   5.576271e+00 -3.250695e+00   
   152   5.915254e+00 -3.288971e+00   
  END_COORDINATES
  BOUNDARIES, ELEMENT
    1         1     2         1     
    2         2     6         2     
    3         105     96         3     
    4         96     88         4     
    5         75     82         5     
    6         82     92         6     
    7         54     63         7     
    8         63     75         8     
    9         88     78         9     
    10         78     68         10     
    11         92     101         11     
    12         101     111         12     
    13         150     151         13     
    14         151     152         14     
    15         4     1         17     
    16         6     13         18     
    17         148     150         56     
    18         152     149         57     
    19         116     105         62     
    20         41     54         65     
    21         111     122         66     
    22         68     52         71     
    23         52     42         73     
    24         122     134         80     
    25         31     23         93     
    26         13     21         95     
    27         23     14         168     
    28         42     31         175     
    29         14     4         219     
    30         149     146         224     
    31         146     142         226     
    32         141     148         241     
    33         134     141         242     
    34         135     127         256     
    35         127     116         257     
    36         21     29         260     
    37         142     135         261     
    38         29     41         262     
  END_BOUNDARIES
  MATERIALS, NUMBER= 1, DEFAULT=1
  END_MATERIALS
  SUBDOMAINS
  END_SUBDOMAINS
  CHARACTERISTICS
  END_CHARACTERISTICS
