  NODES_PER_ELEMENT
   1 9
   2 9
   3 9
   4 9
   5 9
   6 9
   7 9
   8 9
   9 9
   10 9
   11 9
   12 9
   13 9
   14 9
   15 9
   16 9
   17 9
   18 9
   19 9
   20 9
   21 9
   22 9
   23 9
   24 9
   25 9
   26 9
   27 9
   28 9
   29 9
   30 9
   31 9
   32 9
   33 9
   34 9
   35 9
   36 9
   37 9
   38 9
   39 9
   40 9
   41 9
   42 9
   43 9
   44 9
   45 9
   46 9
   47 9
   48 9
   49 9
   50 9
   51 9
   52 9
   53 9
   54 9
   55 9
   56 9
   57 9
   58 9
   59 9
   60 9
   61 9
   62 9
   63 9
   64 9
   65 9
   66 9
   67 9
   68 9
   69 9
   70 9
   71 9
   72 9
   73 9
   74 9
   75 9
   76 9
   77 9
   78 9
   79 9
   80 9
   81 9
   82 9
   83 9
   84 9
   85 9
   86 9
   87 9
   88 9
   89 9
   90 9
   91 9
   92 9
   93 9
   94 9
   95 9
   96 9
   97 9
   98 9
   99 9
   100 9
   101 9
   102 9
   103 9
   104 9
   105 9
   106 9
   107 9
   108 9
   109 9
   110 9
   111 9
   112 9
   113 9
   114 9
   115 9
   116 9
   117 9
   118 9
   119 9
   120 9
   121 9
   122 9
   123 9
   124 9
   125 9
   126 9
   127 9
   128 9
   129 9
   130 9
   131 9
   132 9
   133 9
   134 9
   135 9
   136 9
   137 9
   138 9
   139 9
   140 9
   141 9
   142 9
   143 9
   144 9
   145 9
   146 9
   147 9
   148 9
   149 9
   150 9
   151 9
   152 9
   153 9
   154 9
   155 9
   156 9
   157 9
   158 9
   159 9
   160 9
   161 9
   162 9
   163 9
   164 9
   165 9
   166 9
   167 9
   168 9
   169 9
   170 9
   171 9
   172 9
   173 9
   174 9
   175 9
   176 9
   177 9
   178 9
   179 9
   180 9
   181 9
   182 9
   183 9
   184 9
   185 9
   186 9
   187 9
   188 9
   189 9
   190 9
   191 9
   192 9
   193 9
   194 9
   195 9
   196 9
   197 9
   198 9
   199 9
   200 9
   201 9
   202 9
   203 9
   204 9
   205 9
   206 9
   207 9
   208 9
   209 9
   210 9
   211 9
   212 9
   213 9
   214 9
   215 9
   216 9
   217 9
   218 9
   219 9
   220 9
   221 9
   222 9
   223 9
   224 9
   225 9
   226 9
   227 9
   228 9
   229 9
   230 9
   231 9
   232 9
   233 9
   234 9
   235 9
   236 9
   237 9
   238 9
   239 9
   240 9
   241 9
   242 9
   243 9
   244 9
   245 9
   246 9
   247 9
   248 9
   249 9
   250 9
   251 9
   252 9
   253 9
   254 9
   255 9
   256 9
   257 9
   258 9
   259 9
   260 9
   261 9
   262 9
   263 9
   264 9
   265 9
   266 9
   267 9
   268 9
   269 9
   270 9
   271 9
   272 9
   273 9
   274 9
   275 9
   276 9
   277 9
   278 9
   279 9
   280 9
   281 9
   282 9
   283 9
   284 9
   285 9
   286 9
   287 9
   288 9
   289 9
   290 9
   291 9
   292 9
   293 9
   294 9
   295 9
   296 9
   297 9
   298 9
   299 9
   300 9
   301 9
   302 9
   303 9
   304 9
   305 9
   306 9
   307 9
   308 9
   309 9
   310 9
   311 9
   312 9
   313 9
   314 9
   315 9
   316 9
   317 9
   318 9
   319 9
   320 9
   321 9
   322 9
   323 9
   324 9
   325 9
   326 9
   327 9
   328 9
   329 9
   330 9
   331 9
   332 9
   333 9
   334 9
   335 9
   336 9
   337 9
   338 9
   339 9
   340 9
   341 9
   342 9
   343 9
   344 9
   345 9
   346 9
   347 9
   348 9
   349 9
  END_NODES_PER_ELEMENT
  ELEMENTS
  1 1399 1352 1310 1363 1378 1331 1336 1381 1357  
  2 1352 1291 1249 1310 1322 1270 1281 1331 1300  
  3 1440 1399 1363 1409 1420 1381 1386 1425 1407  
  4 1455 1440 1409 1429 1448 1425 1416 1444 1434  
  5 1459 1455 1429 1437 1457 1444 1432 1450 1447  
  6 1291 1201 1180 1249 1244 1189 1212 1270 1228  
  7 1201 1141 1117 1180 1171 1133 1148 1189 1158  
  8 1141 1088 1059 1117 1115 1073 1087 1133 1102  
  9 1088 1018 988 1059 1050 1003 1024 1073 1039  
  10 1018 941 918 988 978 929 954 1003 968  
  11 941 885 858 918 908 869 889 929 899  
  12 885 817 793 858 851 807 825 869 838  
  13 817 754 734 793 785 744 764 807 773  
  14 754 694 674 734 724 683 707 744 715  
  15 694 628 614 674 662 621 645 683 653  
  16 628 561 550 614 594 554 580 621 587  
  17 561 503 487 550 532 495 519 554 525  
  18 503 440 422 487 474 432 453 495 463  
  19 440 367 355 422 406 359 390 432 396  
  20 367 311 289 355 339 298 322 359 329  
  21 311 232 222 289 271 226 258 298 261  
  22 232 181 170 222 204 174 195 226 199  
  23 181 131 115 170 158 123 144 174 148  
  24 131 89 73 115 109 76 92 123 95  
  25 89 55 48 73 70 51 59 76 65  
  26 55 34 25 48 44 26 37 51 38  
  27 34 7 12 25 17 9 21 26 16  
  28 7 1 8 12 2 3 10 9 5  
  29 1463 1459 1437 1441 1461 1450 1439 1454 1453  
  30 1460 1463 1441 1435 1462 1454 1438 1449 1452  
  31 1456 1460 1435 1428 1458 1449 1431 1443 1446  
  32 1445 1456 1428 1411 1451 1443 1417 1430 1436  
  33 1433 1445 1411 1389 1442 1430 1398 1414 1422  
  34 1415 1433 1389 1360 1427 1414 1375 1394 1403  
  35 1393 1415 1360 1330 1405 1394 1347 1359 1377  
  36 1353 1393 1330 1297 1374 1359 1311 1326 1342  
  37 1319 1353 1297 1258 1337 1326 1276 1289 1308  
  38 1286 1319 1258 1214 1304 1289 1237 1254 1272  
  39 1236 1286 1214 1178 1262 1254 1195 1205 1230  
  40 1196 1236 1178 1142 1213 1205 1162 1169 1185  
  41 1161 1196 1142 1110 1179 1169 1128 1135 1150  
  42 1118 1161 1110 1074 1138 1135 1092 1097 1114  
  43 1078 1118 1074 1036 1100 1097 1052 1056 1076  
  44 1038 1078 1036 990 1058 1056 1011 1015 1037  
  45 981 1038 990 943 1008 1015 966 960 986  
  46 935 981 943 890 955 960 913 911 936  
  47 874 935 890 839 904 911 863 856 884  
  48 820 874 839 790 846 856 815 806 827  
  49 780 820 790 747 797 806 766 761 784  
  50 727 780 747 702 751 761 726 713 738  
  51 682 727 702 656 705 713 678 671 692  
  52 637 682 656 608 661 671 631 624 646  
  53 588 637 608 557 613 624 584 574 598  
  54 535 588 557 506 560 574 531 521 548  
  55 483 535 506 454 510 521 480 472 496  
  56 438 483 454 409 462 472 434 421 447  
  57 384 438 409 356 412 421 383 371 395  
  58 321 384 356 302 352 371 328 312 342  
  59 270 321 302 244 295 312 273 257 284  
  60 215 270 244 192 242 257 217 202 228  
  61 165 215 192 146 190 202 171 152 176  
  62 112 165 146 101 141 152 124 105 128  
  63 77 112 101 71 94 105 84 74 90  
  64 46 77 71 43 62 74 56 42 58  
  65 14 46 43 18 28 42 32 13 24  
  66 1 14 18 8 4 13 11 3 6  
  67 25 12 36 48 21 23 40 37 29  
  68 12 8 30 36 10 15 33 23 19  
  69 8 18 31 30 11 22 27 15 20  
  70 73 48 36 68 59 40 52 67 54  
  71 18 43 50 31 32 45 39 22 35  
  72 115 73 68 110 92 67 86 111 88  
  73 170 115 110 163 144 111 137 166 139  
  74 43 71 72 50 56 69 60 45 57  
  75 71 101 97 72 84 98 83 69 81  
  76 101 146 140 97 124 143 118 98 121  
  77 146 192 177 140 171 183 159 143 164  
  78 192 244 227 177 217 234 201 183 208  
  79 244 302 285 227 273 292 255 234 263  
  80 302 356 340 285 328 347 313 292 319  
  81 356 409 387 340 383 398 361 347 373  
  82 409 454 431 387 434 445 410 398 419  
  83 454 506 478 431 480 492 452 445 469  
  84 506 557 529 478 531 543 505 492 518  
  85 557 608 582 529 584 593 556 543 570  
  86 608 656 630 582 631 642 606 593 619  
  87 656 702 675 630 678 689 655 642 666  
  88 222 170 163 214 195 166 189 219 191  
  89 289 222 214 280 258 219 247 287 250  
  90 702 747 720 675 726 733 698 689 711  
  91 747 790 762 720 766 777 743 733 756  
  92 355 289 280 346 322 287 315 350 318  
  93 790 839 809 762 815 823 787 777 799  
  94 839 890 857 809 863 873 832 823 849  
  95 890 943 905 857 913 921 878 873 898  
  96 943 990 952 905 966 972 928 921 947  
  97 990 1036 994 952 1011 1016 976 972 992  
  98 1036 1074 1032 994 1052 1051 1012 1016 1033  
  99 1074 1110 1067 1032 1092 1086 1049 1051 1071  
  100 1110 1142 1098 1067 1128 1122 1082 1086 1105  
  101 1142 1178 1131 1098 1162 1153 1111 1122 1136  
  102 1178 1214 1165 1131 1195 1190 1145 1153 1170  
  103 1214 1258 1207 1165 1237 1233 1183 1190 1209  
  104 1258 1297 1245 1207 1276 1273 1223 1233 1252  
  105 1297 1330 1280 1245 1311 1307 1264 1273 1288  
  106 1330 1360 1306 1280 1347 1332 1292 1307 1318  
  107 1360 1389 1325 1306 1375 1356 1313 1332 1343  
  108 1389 1411 1350 1325 1398 1380 1335 1356 1370  
  109 1411 1428 1376 1350 1417 1404 1361 1380 1395  
  110 1428 1435 1397 1376 1431 1419 1390 1404 1412  
  111 1435 1441 1410 1397 1438 1426 1402 1419 1421  
  112 1441 1437 1406 1410 1439 1423 1408 1426 1424  
  113 1437 1429 1396 1406 1432 1413 1400 1423 1418  
  114 1429 1409 1372 1396 1416 1392 1382 1413 1401  
  115 1409 1363 1327 1372 1386 1344 1349 1392 1367  
  116 1363 1310 1279 1327 1336 1295 1305 1344 1320  
  117 1310 1249 1216 1279 1281 1234 1250 1295 1266  
  118 1249 1180 1159 1216 1212 1168 1187 1234 1198  
  119 1180 1117 1101 1159 1148 1109 1132 1168 1137  
  120 1117 1059 1040 1101 1087 1048 1069 1109 1079  
  121 1059 988 975 1040 1024 984 1006 1048 1017  
  122 988 918 903 975 954 909 939 984 946  
  123 918 858 842 903 889 850 872 909 875  
  124 858 793 782 842 825 789 813 850 819  
  125 793 734 723 782 764 728 750 789 758  
  126 734 674 663 723 707 672 695 728 700  
  127 674 614 601 663 645 607 632 672 638  
  128 614 550 539 601 580 544 571 607 577  
  129 550 487 476 539 519 481 509 544 512  
  130 422 355 346 415 390 350 379 418 385  
  131 487 422 415 476 453 418 446 481 449  
  132 476 415 405 468 446 408 436 473 439  
  133 539 476 468 528 509 473 499 533 501  
  134 601 539 528 590 571 533 558 596 564  
  135 663 601 590 652 632 596 623 659 626  
  136 723 663 652 712 695 659 681 716 687  
  137 782 723 712 771 750 716 741 776 746  
  138 842 782 771 830 813 776 802 836 808  
  139 903 842 830 896 872 836 862 900 867  
  140 975 903 896 963 939 900 927 970 932  
  141 1040 975 963 1028 1006 970 997 1034 1002  
  142 1101 1040 1028 1091 1069 1034 1062 1096 1066  
  143 1159 1101 1091 1149 1132 1096 1121 1155 1125  
  144 1216 1159 1149 1203 1187 1155 1174 1211 1181  
  145 1279 1216 1203 1256 1250 1211 1232 1268 1238  
  146 1327 1279 1256 1303 1305 1268 1282 1314 1293  
  147 1372 1327 1303 1340 1349 1314 1323 1354 1333  
  148 1396 1372 1340 1371 1382 1354 1355 1383 1373  
  149 1406 1396 1371 1368 1400 1383 1369 1391 1385  
  150 1410 1406 1368 1365 1408 1391 1366 1387 1388  
  151 1032 1067 1025 996 1049 1045 1010 1014 1029  
  152 994 1032 996 965 1012 1014 982 980 998  
  153 952 994 965 923 976 980 945 940 958  
  154 1067 1098 1057 1025 1082 1077 1043 1045 1063  
  155 1098 1131 1083 1057 1111 1108 1070 1077 1093  
  156 905 952 923 876 928 940 902 892 915  
  157 1131 1165 1124 1083 1145 1143 1103 1108 1127  
  158 1165 1207 1167 1124 1183 1184 1144 1143 1164  
  159 1207 1245 1208 1167 1223 1227 1186 1184 1206  
  160 1245 1280 1242 1208 1264 1263 1226 1227 1243  
  161 1280 1306 1251 1242 1292 1277 1248 1263 1271  
  162 1306 1325 1260 1251 1313 1294 1255 1277 1285  
  163 1325 1350 1278 1260 1335 1312 1269 1294 1302  
  164 1350 1376 1316 1278 1361 1346 1298 1312 1329  
  165 1376 1397 1358 1316 1390 1379 1338 1346 1364  
  166 857 905 876 833 878 892 854 845 868  
  167 809 857 833 788 832 845 810 795 822  
  168 762 809 788 742 787 795 763 752 775  
  169 720 762 742 699 743 752 719 709 731  
  170 675 720 699 658 698 709 677 667 688  
  171 630 675 658 609 655 667 633 620 643  
  172 582 630 609 559 606 620 585 573 595  
  173 529 582 559 508 556 573 534 520 547  
  174 478 529 508 451 505 520 479 466 493  
  175 431 478 451 404 452 466 428 416 443  
  176 387 431 404 376 410 416 388 380 400  
  177 340 387 376 336 361 380 354 337 358  
  178 285 340 336 281 313 337 309 282 310  
  179 227 285 281 221 255 282 249 223 252  
  180 177 227 221 168 201 223 193 172 196  
  181 140 177 168 134 159 172 151 136 153  
  182 97 140 134 108 118 136 122 102 119  
  183 72 97 108 78 83 102 93 75 87  
  184 50 72 78 61 60 75 66 53 64  
  185 31 50 61 30 39 53 47 27 41  
  186 36 30 61 68 33 47 63 52 49  
  187 110 68 106 125 86 85 114 117 96  
  188 163 110 125 161 137 117 145 160 142  
  189 214 163 161 210 189 160 185 211 186  
  190 280 214 210 272 247 211 239 277 243  
  191 346 280 272 338 315 277 306 343 308  
  192 415 346 338 405 379 343 372 408 375  
  193 134 168 127 108 151 147 116 122 132  
  194 1397 1410 1365 1358 1402 1387 1362 1379 1384  
  195 68 61 107 106 63 80 104 85 79  
  196 1368 1328 1321 1365 1348 1324 1341 1366 1345  
  197 1321 1316 1358 1365 1317 1338 1362 1341 1339  
  198 1371 1340 1328 1368 1355 1334 1348 1369 1351  
  199 1340 1303 1287 1328 1323 1296 1309 1334 1315  
  200 1303 1256 1246 1287 1282 1253 1267 1296 1274  
  201 1256 1203 1197 1246 1232 1200 1219 1253 1224  
  202 1203 1149 1146 1197 1174 1147 1172 1200 1173  
  203 1149 1091 1089 1146 1121 1090 1116 1147 1119  
  204 1091 1028 1026 1089 1062 1027 1060 1090 1061  
  205 1028 963 961 1026 997 962 993 1027 995  
  206 963 896 893 961 927 894 924 962 925  
  207 896 830 829 893 862 828 860 894 861  
  208 830 771 768 829 802 769 798 828 800  
  209 771 712 706 768 741 708 736 769 739  
  210 712 652 640 706 681 648 673 708 676  
  211 652 590 581 640 623 586 611 648 617  
  212 590 528 523 581 558 524 552 586 555  
  213 528 468 461 523 499 464 491 524 494  
  214 468 405 399 461 436 402 430 464 433  
  215 405 338 332 399 372 334 365 402 368  
  216 338 272 266 332 306 268 301 334 304  
  217 272 210 205 266 239 206 235 268 237  
  218 210 161 154 205 185 156 178 206 179  
  219 161 125 106 154 145 114 130 156 135  
  220 996 1025 985 959 1010 1005 973 977 991  
  221 965 996 959 944 982 977 950 953 967  
  222 1025 1057 1020 985 1043 1041 1004 1005 1021  
  223 923 965 944 907 945 953 926 917 938  
  224 1057 1083 1023 1020 1070 1053 1022 1041 1047  
  225 1083 1124 1085 1023 1103 1106 1055 1053 1080  
  226 1124 1167 1140 1085 1144 1156 1113 1106 1130  
  227 1167 1208 1194 1140 1186 1202 1166 1156 1176  
  228 1208 1242 1251 1194 1226 1248 1217 1202 1221  
  229 876 923 907 864 902 917 888 871 895  
  230 833 876 864 818 854 871 840 824 847  
  231 788 833 818 767 810 824 791 778 801  
  232 742 788 767 721 763 778 745 732 755  
  233 699 742 721 679 719 732 703 690 710  
  234 658 699 679 639 677 690 660 649 670  
  235 609 658 639 597 633 649 618 603 625  
  236 559 609 597 546 585 603 572 553 579  
  237 508 559 546 489 534 553 516 498 526  
  238 451 508 489 427 479 498 459 442 470  
  239 404 451 427 360 428 442 392 381 413  
  240 376 404 360 336 388 381 348 354 369  
  241 168 221 231 188 193 225 209 175 200  
  242 221 281 291 231 249 288 260 225 254  
  243 281 336 360 291 309 348 326 288 316  
  244 1260 1278 1193 1188 1269 1235 1191 1220 1231  
  245 1251 1260 1188 1194 1255 1220 1192 1217 1218  
  246 1278 1316 1247 1193 1298 1284 1215 1235 1257  
  247 1328 1287 1275 1321 1309 1283 1299 1324 1301  
  248 1316 1321 1275 1247 1317 1299 1261 1284 1290  
  249 1287 1246 1239 1275 1267 1241 1259 1283 1265  
  250 168 188 149 127 175 169 138 147 155  
  251 188 231 248 213 209 240 230 198 220  
  252 291 360 353 296 326 357 327 293 325  
  253 231 291 296 248 260 293 275 240 264  
  254 108 127 99 78 116 113 91 93 100  
  255 99 107 61 78 103 80 66 91 82  
  256 1246 1197 1210 1239 1219 1204 1225 1241 1222  
  257 1275 1239 1210 1247 1259 1225 1229 1261 1240  
  258 1197 1146 1160 1210 1172 1152 1182 1204 1177  
  259 1247 1210 1160 1193 1229 1182 1175 1215 1199  
  260 1194 1188 1126 1140 1192 1157 1134 1166 1163  
  261 1188 1193 1112 1126 1191 1151 1120 1157 1154  
  262 360 427 417 353 392 420 386 357 389  
  263 427 489 477 417 459 482 448 420 450  
  264 489 546 538 477 516 541 507 482 511  
  265 546 597 591 538 572 592 563 541 566  
  266 597 639 629 591 618 636 610 592 616  
  267 639 679 657 629 660 668 641 636 651  
  268 679 721 704 657 703 714 680 668 691  
  269 721 767 757 704 745 760 730 714 737  
  270 767 818 805 757 791 812 781 760 786  
  271 818 864 852 805 840 859 826 812 834  
  272 864 907 912 852 888 910 882 859 886  
  273 907 944 959 912 926 950 937 910 931  
  274 959 985 933 912 973 957 920 937 948  
  275 985 1020 1023 933 1004 1022 979 957 989  
  276 1146 1089 1099 1160 1116 1094 1129 1152 1123  
  277 1193 1160 1099 1112 1175 1129 1107 1151 1139  
  278 1089 1026 1035 1099 1060 1031 1068 1094 1064  
  279 1026 961 969 1035 993 964 1001 1031 1000  
  280 106 107 162 154 104 133 157 130 129  
  281 961 893 901 969 924 897 934 964 930  
  282 893 829 843 901 860 837 870 897 865  
  283 829 768 779 843 798 772 811 837 804  
  284 768 706 697 779 736 701 740 772 735  
  285 706 640 627 697 673 635 664 701 669  
  286 640 581 575 627 611 578 599 635 605  
  287 581 523 515 575 552 517 545 578 549  
  288 523 461 456 515 491 458 485 517 488  
  289 461 399 393 456 430 394 424 458 425  
  290 399 332 331 393 365 330 363 394 362  
  291 332 266 269 331 301 265 303 330 300  
  292 205 154 162 212 178 157 187 207 182  
  293 266 205 212 269 235 207 238 265 236  
  294 1023 1085 1065 999 1055 1075 1030 1009 1044  
  295 1085 1140 1126 1065 1113 1134 1095 1075 1104  
  296 262 248 296 299 256 275 297 283 278  
  297 296 353 349 299 327 351 323 297 324  
  298 188 213 184 149 198 197 167 169 180  
  299 184 162 107 149 173 133 126 167 150  
  300 149 107 99 127 126 103 113 138 120  
  301 353 417 411 349 386 414 378 351 382  
  302 417 477 471 411 448 475 441 414 444  
  303 213 248 262 246 230 256 253 229 241  
  304 269 212 224 279 238 218 251 274 245  
  305 212 162 184 224 187 173 203 218 194  
  306 184 213 246 224 197 229 233 203 216  
  307 1023 999 919 933 1009 956 922 979 971  
  308 1065 1126 1112 1046 1095 1120 1081 1054 1084  
  309 1112 1099 1035 1046 1107 1068 1042 1081 1072  
  310 477 538 537 471 507 536 502 475 504  
  311 538 591 612 537 563 600 576 536 569  
  312 591 629 657 612 610 641 634 600 622  
  313 657 704 686 612 680 696 650 634 665  
  314 704 757 748 686 730 749 717 696 725  
  315 757 805 792 748 781 796 770 749 774  
  316 805 852 835 792 826 844 816 796 821  
  317 852 912 933 835 882 920 881 844 880  
  318 1035 969 983 1046 1001 974 1013 1042 1007  
  319 1065 1046 983 999 1054 1013 987 1030 1019  
  320 969 901 914 983 934 906 949 974 942  
  321 999 983 914 919 987 949 916 956 951  
  322 331 269 279 335 303 274 307 333 305  
  323 393 331 335 397 363 333 366 391 364  
  324 456 393 397 457 424 391 426 455 423  
  325 515 456 457 514 485 455 486 513 484  
  326 575 515 514 562 545 513 540 567 542  
  327 627 575 562 602 599 567 583 615 589  
  328 697 627 602 685 664 615 644 693 654  
  329 779 697 685 759 740 693 722 765 729  
  330 901 843 866 914 870 853 891 906 877  
  331 843 779 848 866 811 814 855 853 831  
  332 224 246 290 279 233 267 286 251 259  
  333 246 262 299 290 253 283 294 267 276  
  334 299 349 344 290 323 345 317 294 320  
  335 279 290 344 335 286 317 341 307 314  
  336 848 779 759 835 814 765 794 841 803  
  337 349 411 403 344 378 407 374 345 377  
  338 335 344 403 397 341 374 401 366 370  
  339 457 397 403 465 426 401 435 460 429  
  340 403 411 471 465 407 441 467 435 437  
  341 471 537 527 465 502 530 497 467 500  
  342 457 465 527 514 460 497 522 486 490  
  343 562 514 527 602 540 522 565 583 551  
  344 527 537 612 602 530 576 604 565 568  
  345 602 612 686 685 604 650 684 644 647  
  346 685 686 748 759 684 717 753 722 718  
  347 759 748 792 835 753 770 816 794 783  
  348 914 866 848 919 891 855 883 916 887  
  349 919 848 835 933 883 841 881 922 879  
  END_ELEMENTS  
  COORDINATES  
   1   5.033898e+00 -3.975397e+00   
   2   4.888386e+00 -3.919517e+00   
   3   5.076152e+00 -3.823770e+00   
   4   5.237288e+00 -3.978005e+00   
   5   4.937953e+00 -3.780993e+00   
   6   5.245726e+00 -3.830628e+00   
   7   4.742874e+00 -3.863636e+00   
   8   5.118406e+00 -3.672144e+00   
   9   4.799754e+00 -3.738216e+00   
   10   4.987520e+00 -3.642469e+00   
   11   5.254164e+00 -3.683251e+00   
   12   4.856634e+00 -3.612795e+00   
   13   5.415299e+00 -3.837486e+00   
   14   5.440678e+00 -3.980614e+00   
   15   5.147253e+00 -3.548472e+00   
   16   4.698128e+00 -3.682053e+00   
   17   4.634149e+00 -3.776475e+00   
   18   5.389921e+00 -3.694359e+00   
   19   5.009678e+00 -3.518917e+00   
   20   5.261493e+00 -3.575044e+00   
   21   4.762108e+00 -3.587632e+00   
   22   5.375733e+00 -3.601616e+00   
   23   4.872104e+00 -3.489363e+00   
   24   5.553095e+00 -3.803660e+00   
   25   4.667581e+00 -3.562469e+00   
   26   4.596502e+00 -3.625891e+00   
   27   5.268823e+00 -3.466836e+00   
   28   5.593220e+00 -3.942285e+00   
   29   4.758119e+00 -3.481623e+00   
   30   5.176099e+00 -3.424800e+00   
   31   5.361546e+00 -3.508872e+00   
   32   5.512969e+00 -3.665035e+00   
   33   5.031837e+00 -3.395365e+00   
   34   4.525424e+00 -3.689313e+00   
   35   5.476526e+00 -3.561600e+00   
   36   4.887574e+00 -3.365930e+00   
   37   4.644133e+00 -3.473884e+00   
   38   4.547568e+00 -3.534270e+00   
   39   5.440082e+00 -3.458165e+00   
   40   4.754130e+00 -3.375615e+00   
   41   5.344985e+00 -3.375620e+00   
   42   5.690890e+00 -3.769833e+00   
   43   5.636018e+00 -3.635711e+00   
   44   4.451003e+00 -3.594656e+00   
   45   5.577318e+00 -3.521585e+00   
   46   5.745763e+00 -3.903956e+00   
   47   5.249887e+00 -3.293075e+00   
   48   4.620686e+00 -3.385299e+00   
   49   5.071056e+00 -3.248227e+00   
   50   5.518618e+00 -3.407458e+00   
   51   4.498634e+00 -3.442649e+00   
   52   4.892225e+00 -3.203379e+00   
   53   5.421146e+00 -3.284405e+00   
   54   4.736339e+00 -3.230348e+00   
   55   4.376583e+00 -3.500000e+00   
   56   5.759952e+00 -3.589078e+00   
   57   5.696458e+00 -3.478359e+00   
   58   5.829128e+00 -3.713744e+00   
   59   4.580453e+00 -3.257317e+00   
   60   5.632965e+00 -3.367640e+00   
   61   5.323675e+00 -3.161351e+00   
   62   5.898305e+00 -3.838409e+00   
   63   5.110275e+00 -3.101090e+00   
   64   5.554385e+00 -3.254477e+00   
   65   4.441272e+00 -3.310477e+00   
   66   5.475805e+00 -3.141315e+00   
   67   4.718548e+00 -3.085082e+00   
   68   4.896875e+00 -3.040828e+00   
   69   5.815599e+00 -3.435134e+00   
   70   4.302090e+00 -3.363636e+00   
   71   5.883885e+00 -3.542446e+00   
   72   5.747313e+00 -3.327822e+00   
   73   4.540221e+00 -3.129335e+00   
   74   5.967366e+00 -3.657654e+00   
   75   5.687624e+00 -3.224550e+00   
   76   4.383909e+00 -3.178304e+00   
   77   6.050847e+00 -3.772862e+00   
   78   5.627935e+00 -3.121278e+00   
   79   5.164377e+00 -2.939403e+00   
   80   5.357415e+00 -2.982300e+00   
   81   5.921740e+00 -3.385936e+00   
   82   5.486175e+00 -3.004375e+00   
   83   5.851855e+00 -3.283014e+00   
   84   5.991625e+00 -3.488859e+00   
   85   4.971339e+00 -2.896507e+00   
   86   4.789551e+00 -2.909217e+00   
   87   5.794211e+00 -3.186061e+00   
   88   4.633762e+00 -2.952928e+00   
   89   4.227598e+00 -3.227273e+00   
   90   6.072084e+00 -3.601994e+00   
   91   5.614935e+00 -3.026451e+00   
   92   4.477972e+00 -2.996639e+00   
   93   5.736568e+00 -3.089109e+00   
   94   6.152542e+00 -3.715130e+00   
   95   4.326279e+00 -3.043774e+00   
   96   4.867328e+00 -2.810512e+00   
   97   5.956397e+00 -3.238205e+00   
   98   6.027881e+00 -3.336739e+00   
   99   5.601934e+00 -2.931624e+00   
   100   5.715446e+00 -2.995047e+00   
   101   6.099364e+00 -3.435272e+00   
   102   5.900798e+00 -3.147572e+00   
   103   5.496544e+00 -2.867436e+00   
   104   5.218479e+00 -2.777717e+00   
   105   6.176801e+00 -3.546335e+00   
   106   5.045803e+00 -2.752186e+00   
   107   5.391155e+00 -2.803248e+00   
   108   5.845200e+00 -3.056939e+00   
   109   4.174586e+00 -3.090909e+00   
   110   4.682226e+00 -2.777605e+00   
   111   4.548975e+00 -2.820773e+00   
   112   6.254237e+00 -3.657398e+00   
   113   5.694323e+00 -2.900986e+00   
   114   4.945104e+00 -2.711808e+00   
   115   4.415724e+00 -2.863942e+00   
   116   5.815956e+00 -2.963643e+00   
   117   4.763316e+00 -2.724517e+00   
   118   6.047101e+00 -3.182389e+00   
   119   5.987290e+00 -3.104911e+00   
   120   5.611736e+00 -2.818762e+00   
   121   6.124265e+00 -3.274937e+00   
   122   5.927478e+00 -3.027433e+00   
   123   4.268649e+00 -2.909244e+00   
   124   6.201428e+00 -3.367485e+00   
   125   4.844406e+00 -2.671430e+00   
   126   5.529149e+00 -2.736539e+00   
   127   5.786713e+00 -2.870347e+00   
   128   6.285397e+00 -3.473092e+00   
   129   5.204060e+00 -2.631543e+00   
   130   5.048345e+00 -2.619148e+00   
   131   4.121573e+00 -2.954545e+00   
   132   5.922908e+00 -2.933123e+00   
   133   5.359775e+00 -2.643938e+00   
   134   6.009756e+00 -2.997926e+00   
   135   4.936796e+00 -2.597279e+00   
   136   6.073781e+00 -3.062250e+00   
   137   4.629521e+00 -2.651675e+00   
   138   5.726928e+00 -2.770089e+00   
   139   4.498575e+00 -2.690002e+00   
   140   6.137806e+00 -3.126573e+00   
   141   6.369366e+00 -3.578699e+00   
   142   4.727384e+00 -2.613542e+00   
   143   6.220649e+00 -3.213136e+00   
   144   4.367629e+00 -2.728328e+00   
   145   4.825246e+00 -2.575410e+00   
   146   6.303492e+00 -3.299698e+00   
   147   5.918338e+00 -2.838812e+00   
   148   4.224579e+00 -2.773255e+00   
   149   5.667144e+00 -2.669831e+00   
   150   5.493148e+00 -2.596558e+00   
   151   6.029859e+00 -2.902602e+00   
   152   6.393993e+00 -3.399849e+00   
   153   6.121358e+00 -2.974915e+00   
   154   5.050887e+00 -2.486109e+00   
   155   5.853281e+00 -2.729537e+00   
   156   4.928487e+00 -2.482750e+00   
   157   5.189642e+00 -2.485369e+00   
   158   4.081529e+00 -2.818182e+00   
   159   6.212858e+00 -3.047228e+00   
   160   4.691451e+00 -2.502567e+00   
   161   4.806086e+00 -2.479390e+00   
   162   5.328396e+00 -2.484628e+00   
   163   4.576816e+00 -2.525745e+00   
   164   6.306454e+00 -3.132962e+00   
   165   6.484495e+00 -3.500000e+00   
   166   4.448176e+00 -2.559230e+00   
   167   5.626521e+00 -2.549179e+00   
   168   6.049963e+00 -2.807278e+00   
   169   5.788224e+00 -2.620262e+00   
   170   4.319535e+00 -2.592714e+00   
   171   6.400051e+00 -3.218695e+00   
   172   6.168936e+00 -2.887580e+00   
   173   5.457147e+00 -2.456577e+00   
   174   4.180509e+00 -2.637266e+00   
   175   5.979633e+00 -2.688986e+00   
   176   6.498677e+00 -3.313893e+00   
   177   6.287909e+00 -2.967883e+00   
   178   5.039287e+00 -2.351343e+00   
   179   4.913232e+00 -2.350937e+00   
   180   5.742388e+00 -2.508543e+00   
   181   4.041484e+00 -2.681818e+00   
   182   5.175060e+00 -2.349273e+00   
   183   6.392259e+00 -3.052788e+00   
   184   5.585899e+00 -2.428527e+00   
   185   4.787176e+00 -2.350531e+00   
   186   4.666340e+00 -2.369775e+00   
   187   5.310832e+00 -2.347203e+00   
   188   5.909304e+00 -2.570694e+00   
   189   4.545504e+00 -2.389020e+00   
   190   6.597304e+00 -3.409091e+00   
   191   4.414754e+00 -2.419961e+00   
   192   6.496609e+00 -3.137693e+00   
   193   6.160481e+00 -2.714794e+00   
   194   5.437102e+00 -2.329365e+00   
   195   4.284004e+00 -2.450902e+00   
   196   6.269968e+00 -2.797183e+00   
   197   5.696553e+00 -2.396824e+00   
   198   5.858256e+00 -2.467908e+00   
   199   4.147049e+00 -2.498178e+00   
   200   6.087035e+00 -2.608786e+00   
   201   6.379456e+00 -2.879572e+00   
   202   6.603362e+00 -3.227937e+00   
   203   5.563373e+00 -2.311528e+00   
   204   4.010094e+00 -2.545455e+00   
   205   5.027687e+00 -2.216577e+00   
   206   4.897977e+00 -2.219124e+00   
   207   5.160477e+00 -2.213178e+00   
   208   6.485228e+00 -2.964519e+00   
   209   6.013588e+00 -2.502778e+00   
   210   4.768266e+00 -2.221672e+00   
   211   4.641230e+00 -2.236984e+00   
   212   5.293268e+00 -2.209779e+00   
   213   5.807208e+00 -2.365122e+00   
   214   4.514193e+00 -2.252295e+00   
   215   6.710114e+00 -3.318182e+00   
   216   5.672765e+00 -2.289725e+00   
   217   6.591000e+00 -3.049466e+00   
   218   5.417057e+00 -2.202153e+00   
   219   4.381333e+00 -2.280692e+00   
   220   5.957049e+00 -2.409533e+00   
   221   6.270999e+00 -2.622311e+00   
   222   4.248474e+00 -2.309089e+00   
   223   6.371000e+00 -2.706786e+00   
   224   5.540847e+00 -2.194528e+00   
   225   6.194436e+00 -2.528587e+00   
   226   4.113589e+00 -2.359090e+00   
   227   6.471002e+00 -2.791261e+00   
   228   6.699477e+00 -3.138369e+00   
   229   5.782156e+00 -2.267923e+00   
   230   5.900510e+00 -2.316287e+00   
   231   6.117873e+00 -2.434863e+00   
   232   3.978705e+00 -2.409091e+00   
   233   5.648976e+00 -2.182627e+00   
   234   6.578196e+00 -2.876250e+00   
   235   5.017598e+00 -2.076502e+00   
   236   5.151151e+00 -2.076542e+00   
   237   4.885422e+00 -2.078320e+00   
   238   5.284705e+00 -2.076581e+00   
   239   4.753245e+00 -2.080138e+00   
   240   6.055843e+00 -2.351157e+00   
   241   5.866353e+00 -2.239456e+00   
   242   6.807953e+00 -3.227273e+00   
   243   4.622760e+00 -2.093151e+00   
   244   6.685391e+00 -2.961239e+00   
   245   5.411220e+00 -2.073999e+00   
   246   5.757105e+00 -2.170725e+00   
   247   4.492275e+00 -2.106165e+00   
   248   5.993813e+00 -2.267452e+00   
   249   6.368701e+00 -2.535703e+00   
   250   4.358027e+00 -2.131575e+00   
   251   5.537735e+00 -2.071417e+00   
   252   6.464459e+00 -2.619516e+00   
   253   5.832196e+00 -2.162624e+00   
   254   6.293384e+00 -2.441722e+00   
   255   6.560216e+00 -2.703329e+00   
   256   5.950550e+00 -2.210988e+00   
   257   6.795592e+00 -3.048801e+00   
   258   4.223779e+00 -2.156985e+00   
   259   5.650287e+00 -2.069216e+00   
   260   6.218067e+00 -2.347741e+00   
   261   4.085379e+00 -2.193796e+00   
   262   5.907288e+00 -2.154523e+00   
   263   6.666913e+00 -2.786198e+00   
   264   6.143038e+00 -2.267612e+00   
   265   5.141826e+00 -1.939905e+00   
   266   5.007509e+00 -1.936427e+00   
   267   5.762840e+00 -2.067015e+00   
   268   4.872867e+00 -1.937516e+00   
   269   5.276142e+00 -1.943383e+00   
   270   6.905793e+00 -3.136364e+00   
   271   3.946980e+00 -2.230608e+00   
   272   4.738224e+00 -1.938604e+00   
   273   6.773611e+00 -2.869067e+00   
   274   5.405382e+00 -1.945845e+00   
   275   6.068009e+00 -2.187482e+00   
   276   5.850457e+00 -2.073939e+00   
   277   4.604291e+00 -1.949319e+00   
   278   6.003042e+00 -2.134173e+00   
   279   5.534622e+00 -1.948307e+00   
   280   4.470358e+00 -1.960034e+00   
   281   6.466404e+00 -2.449096e+00   
   282   6.557917e+00 -2.532246e+00   
   283   5.938074e+00 -2.080863e+00   
   284   6.883070e+00 -2.957261e+00   
   285   6.649430e+00 -2.615396e+00   
   286   5.651599e+00 -1.955806e+00   
   287   4.334721e+00 -1.982457e+00   
   288   6.392333e+00 -2.354858e+00   
   289   4.199084e+00 -2.004880e+00   
   290   5.768575e+00 -1.963306e+00   
   291   6.318261e+00 -2.260620e+00   
   292   6.755630e+00 -2.696146e+00   
   293   6.230233e+00 -2.184066e+00   
   294   5.868718e+00 -1.985254e+00   
   295   6.992530e+00 -3.045455e+00   
   296   6.142206e+00 -2.107512e+00   
   297   6.055533e+00 -2.057357e+00   
   298   4.057169e+00 -2.028502e+00   
   299   5.968861e+00 -2.007203e+00   
   300   5.139571e+00 -1.797111e+00   
   301   5.003365e+00 -1.791418e+00   
   302   6.861830e+00 -2.776895e+00   
   303   5.275778e+00 -1.802804e+00   
   304   4.866157e+00 -1.790989e+00   
   305   5.408650e+00 -1.810126e+00   
   306   4.728949e+00 -1.790561e+00   
   307   5.541522e+00 -1.817448e+00   
   308   4.592412e+00 -1.799564e+00   
   309   6.563974e+00 -2.365552e+00   
   310   6.650057e+00 -2.446450e+00   
   311   3.915254e+00 -2.052124e+00   
   312   6.970548e+00 -2.865720e+00   
   313   6.736141e+00 -2.527348e+00   
   314   5.664271e+00 -1.830318e+00   
   315   4.455874e+00 -1.808567e+00   
   316   6.499438e+00 -2.256945e+00   
   317   5.787020e+00 -1.843189e+00   
   318   4.318271e+00 -1.830072e+00   
   319   6.842424e+00 -2.602983e+00   
   320   5.898774e+00 -1.870960e+00   
   321   7.079267e+00 -2.954545e+00   
   322   4.180667e+00 -1.851577e+00   
   323   6.010529e+00 -1.898731e+00   
   324   6.111727e+00 -1.948246e+00   
   325   6.323914e+00 -2.073049e+00   
   326   6.434903e+00 -2.148338e+00   
   327   6.212925e+00 -1.997761e+00   
   328   6.948707e+00 -2.678618e+00   
   329   4.038435e+00 -1.882001e+00   
   330   5.137317e+00 -1.654317e+00   
   331   5.275413e+00 -1.662226e+00   
   332   4.999220e+00 -1.646409e+00   
   333   5.411918e+00 -1.674407e+00   
   334   4.859447e+00 -1.644463e+00   
   335   5.548422e+00 -1.686589e+00   
   336   6.661543e+00 -2.282008e+00   
   337   6.742198e+00 -2.360654e+00   
   338   4.719673e+00 -1.642517e+00   
   339   3.896204e+00 -1.912426e+00   
   340   6.822852e+00 -2.439299e+00   
   341   5.676943e+00 -1.704831e+00   
   342   7.061967e+00 -2.759271e+00   
   343   4.580532e+00 -1.649809e+00   
   344   5.805465e+00 -1.723073e+00   
   345   5.928830e+00 -1.756666e+00   
   346   4.441391e+00 -1.657100e+00   
   347   6.929218e+00 -2.509820e+00   
   348   6.606544e+00 -2.159032e+00   
   349   6.052196e+00 -1.790260e+00   
   350   4.301820e+00 -1.677687e+00   
   351   6.167920e+00 -1.839134e+00   
   352   7.175227e+00 -2.839924e+00   
   353   6.283644e+00 -1.888009e+00   
   354   6.742438e+00 -2.237451e+00   
   355   4.162249e+00 -1.698274e+00   
   356   7.035585e+00 -2.580340e+00   
   357   6.417594e+00 -1.962033e+00   
   358   6.820008e+00 -2.296851e+00   
   359   4.019701e+00 -1.735500e+00   
   360   6.551545e+00 -2.036056e+00   
   361   6.897578e+00 -2.356250e+00   
   362   5.138366e+00 -1.505175e+00   
   363   5.279979e+00 -1.514912e+00   
   364   5.419272e+00 -1.530317e+00   
   365   4.996753e+00 -1.495437e+00   
   366   5.558564e+00 -1.545723e+00   
   367   3.877153e+00 -1.772727e+00   
   368   4.855789e+00 -1.492789e+00   
   369   6.718142e+00 -2.133608e+00   
   370   5.691780e+00 -1.566341e+00   
   371   7.153386e+00 -2.652821e+00   
   372   4.714825e+00 -1.490142e+00   
   373   7.004303e+00 -2.418176e+00   
   374   5.824996e+00 -1.586960e+00   
   375   4.573579e+00 -1.495104e+00   
   376   6.823332e+00 -2.192895e+00   
   377   5.955850e+00 -1.621651e+00   
   378   6.086704e+00 -1.656342e+00   
   379   4.432333e+00 -1.500067e+00   
   380   6.897819e+00 -2.233048e+00   
   381   6.693847e+00 -2.029766e+00   
   382   6.211420e+00 -1.704726e+00   
   383   7.111028e+00 -2.480103e+00   
   384   7.271186e+00 -2.725302e+00   
   385   4.290544e+00 -1.518063e+00   
   386   6.336135e+00 -1.753109e+00   
   387   6.972305e+00 -2.273201e+00   
   388   6.829741e+00 -2.108185e+00   
   389   6.469425e+00 -1.815420e+00   
   390   4.148755e+00 -1.536058e+00   
   391   5.426625e+00 -1.386228e+00   
   392   6.602714e+00 -1.877731e+00   
   393   5.284544e+00 -1.367599e+00   
   394   5.139414e+00 -1.356032e+00   
   395   7.232129e+00 -2.546377e+00   
   396   4.003408e+00 -1.563484e+00   
   397   5.568706e+00 -1.404856e+00   
   398   7.079388e+00 -2.326533e+00   
   399   4.994285e+00 -1.344465e+00   
   400   6.925163e+00 -2.141698e+00   
   401   5.706617e+00 -1.427852e+00   
   402   4.852131e+00 -1.341116e+00   
   403   5.844528e+00 -1.450848e+00   
   404   6.836149e+00 -2.023475e+00   
   405   4.709977e+00 -1.337766e+00   
   406   3.858062e+00 -1.590909e+00   
   407   5.982870e+00 -1.486636e+00   
   408   4.566625e+00 -1.340400e+00   
   409   7.186470e+00 -2.379865e+00   
   410   7.020585e+00 -2.175210e+00   
   411   6.121213e+00 -1.522425e+00   
   412   7.353230e+00 -2.612651e+00   
   413   6.740842e+00 -1.888431e+00   
   414   6.254920e+00 -1.570317e+00   
   415   4.423274e+00 -1.343034e+00   
   416   6.952507e+00 -2.050348e+00   
   417   6.388627e+00 -1.618209e+00   
   418   4.279267e+00 -1.358438e+00   
   419   7.135791e+00 -2.223962e+00   
   420   6.521255e+00 -1.668807e+00   
   421   7.310872e+00 -2.439933e+00   
   422   4.135260e+00 -1.373843e+00   
   423   5.432205e+00 -1.238659e+00   
   424   5.287769e+00 -1.219821e+00   
   425   5.141894e+00 -1.206767e+00   
   426   5.576640e+00 -1.257497e+00   
   427   6.653884e+00 -1.719405e+00   
   428   6.878969e+00 -1.899131e+00   
   429   5.720134e+00 -1.279720e+00   
   430   4.996018e+00 -1.193713e+00   
   431   7.068865e+00 -2.077220e+00   
   432   3.987116e+00 -1.391467e+00   
   433   4.852094e+00 -1.188844e+00   
   434   7.250997e+00 -2.272714e+00   
   435   5.863628e+00 -1.301942e+00   
   436   4.708170e+00 -1.183975e+00   
   437   6.009958e+00 -1.338851e+00   
   438   7.435273e+00 -2.500000e+00   
   439   4.562922e+00 -1.184690e+00   
   440   3.838971e+00 -1.409091e+00   
   441   6.156288e+00 -1.375759e+00   
   442   6.787836e+00 -1.747096e+00   
   443   7.001151e+00 -1.929803e+00   
   444   6.295490e+00 -1.425641e+00   
   445   7.192195e+00 -2.121392e+00   
   446   4.417675e+00 -1.185404e+00   
   447   7.378385e+00 -2.331946e+00   
   448   6.434692e+00 -1.475523e+00   
   449   4.271732e+00 -1.199000e+00   
   450   6.569114e+00 -1.525870e+00   
   451   6.921789e+00 -1.774788e+00   
   452   7.123334e+00 -1.960475e+00   
   453   4.125789e+00 -1.212596e+00   
   454   7.315524e+00 -2.165563e+00   
   455   5.437784e+00 -1.091091e+00   
   456   5.290995e+00 -1.072044e+00   
   457   5.584574e+00 -1.110138e+00   
   458   5.144373e+00 -1.057502e+00   
   459   6.703535e+00 -1.576217e+00   
   460   5.733651e+00 -1.131587e+00   
   461   4.997751e+00 -1.042961e+00   
   462   7.505772e+00 -2.391178e+00   
   463   3.976027e+00 -1.227939e+00   
   464   4.852057e+00 -1.036573e+00   
   465   5.882729e+00 -1.153037e+00   
   466   7.049796e+00 -1.809259e+00   
   467   6.037046e+00 -1.191065e+00   
   468   4.706362e+00 -1.030184e+00   
   469   7.250203e+00 -2.004506e+00   
   470   6.837045e+00 -1.609941e+00   
   471   6.191363e+00 -1.229094e+00   
   472   7.445898e+00 -2.223959e+00   
   473   4.559219e+00 -1.028979e+00   
   474   3.826265e+00 -1.243282e+00   
   475   6.336060e+00 -1.280965e+00   
   476   4.412076e+00 -1.027774e+00   
   477   6.480758e+00 -1.332837e+00   
   478   7.177803e+00 -1.843729e+00   
   479   6.970555e+00 -1.643665e+00   
   480   7.377073e+00 -2.048537e+00   
   481   4.264197e+00 -1.039562e+00   
   482   6.616973e+00 -1.382934e+00   
   483   7.576271e+00 -2.282356e+00   
   484   5.443333e+00 -9.464315e-01   
   485   5.298144e+00 -9.269541e-01   
   486   5.588522e+00 -9.659090e-01   
   487   4.116319e+00 -1.051350e+00   
   488   5.150735e+00 -9.100610e-01   
   489   6.753187e+00 -1.433030e+00   
   490   5.739207e+00 -9.773908e-01   
   491   5.003327e+00 -8.931679e-01   
   492   7.308212e+00 -1.887620e+00   
   493   7.100955e+00 -1.680051e+00   
   494   4.855806e+00 -8.846083e-01   
   495   3.964939e+00 -1.064411e+00   
   496   7.509935e+00 -2.106221e+00   
   497   5.889893e+00 -9.888727e-01   
   498   6.886254e+00 -1.472786e+00   
   499   4.708285e+00 -8.760488e-01   
   500   6.058115e+00 -1.028415e+00   
   501   4.559004e+00 -8.730465e-01   
   502   6.226336e+00 -1.067958e+00   
   503   3.813559e+00 -1.077472e+00   
   504   6.376022e+00 -1.128363e+00   
   505   7.231355e+00 -1.716436e+00   
   506   7.438622e+00 -1.931511e+00   
   507   6.525707e+00 -1.188767e+00   
   508   7.019320e+00 -1.512542e+00   
   509   4.409724e+00 -8.700443e-01   
   510   7.642797e+00 -2.163905e+00   
   511   6.663222e+00 -1.242358e+00   
   512   4.260135e+00 -8.807732e-01   
   513   5.448882e+00 -8.017723e-01   
   514   5.592470e+00 -8.216802e-01   
   515   5.305293e+00 -7.818644e-01   
   516   6.800736e+00 -1.295948e+00   
   517   5.157098e+00 -7.626197e-01   
   518   7.364404e+00 -1.760137e+00   
   519   4.110546e+00 -8.915021e-01   
   520   7.152114e+00 -1.550843e+00   
   521   7.573973e+00 -1.988483e+00   
   522   5.744763e+00 -8.231942e-01   
   523   5.008902e+00 -7.433750e-01   
   524   4.859554e+00 -7.326441e-01   
   525   3.957902e+00 -9.083009e-01   
   526   6.934380e+00 -1.338250e+00   
   527   5.897057e+00 -8.247083e-01   
   528   4.710207e+00 -7.219133e-01   
   529   7.284908e+00 -1.589144e+00   
   530   6.079183e+00 -8.657655e-01   
   531   7.497452e+00 -1.803838e+00   
   532   3.805259e+00 -9.250998e-01   
   533   4.558789e+00 -7.171140e-01   
   534   7.068024e+00 -1.380553e+00   
   535   7.709324e+00 -2.045455e+00   
   536   6.415983e+00 -9.757600e-01   
   537   6.261310e+00 -9.068227e-01   
   538   6.570657e+00 -1.044697e+00   
   539   4.407371e+00 -7.123146e-01   
   540   5.589688e+00 -6.995063e-01   
   541   6.709471e+00 -1.101781e+00   
   542   5.454832e+00 -6.700814e-01   
   543   7.420595e+00 -1.632654e+00   
   544   4.256072e+00 -7.219846e-01   
   545   5.319976e+00 -6.406564e-01   
   546   6.848284e+00 -1.158866e+00   
   547   7.201572e+00 -1.419872e+00   
   548   7.636333e+00 -1.856464e+00   
   549   5.168942e+00 -6.152816e-01   
   550   4.104772e+00 -7.316546e-01   
   551   5.729939e+00 -6.623308e-01   
   552   5.017909e+00 -5.899068e-01   
   553   6.982506e+00 -1.203715e+00   
   554   3.950865e+00 -7.521909e-01   
   555   4.866054e+00 -5.758766e-01   
   556   7.335121e+00 -1.459191e+00   
   557   7.556281e+00 -1.676165e+00   
   558   4.714199e+00 -5.618463e-01   
   559   7.116727e+00 -1.248564e+00   
   560   7.775215e+00 -1.909091e+00   
   561   3.796959e+00 -7.727273e-01   
   562   5.586905e+00 -5.773325e-01   
   563   6.620215e+00 -9.114035e-01   
   564   4.561709e+00 -5.566705e-01   
   565   5.870190e+00 -6.251554e-01   
   566   6.754995e+00 -9.710357e-01   
   567   5.460782e+00 -5.383904e-01   
   568   6.094190e+00 -6.726531e-01   
   569   6.469203e+00 -8.157772e-01   
   570   7.471753e+00 -1.501456e+00   
   571   4.409220e+00 -5.514947e-01   
   572   6.889775e+00 -1.030668e+00   
   573   7.251030e+00 -1.288901e+00   
   574   7.698694e+00 -1.724446e+00   
   575   5.334658e+00 -4.994484e-01   
   576   6.318191e+00 -7.201509e-01   
   577   4.255773e+00 -5.573351e-01   
   578   5.180787e+00 -4.679435e-01   
   579   7.023183e+00 -1.075264e+00   
   580   4.102327e+00 -5.631754e-01   
   581   5.026916e+00 -4.364386e-01   
   582   7.385333e+00 -1.329239e+00   
   583   5.715114e+00 -5.014674e-01   
   584   7.608385e+00 -1.543722e+00   
   585   7.156591e+00 -1.119861e+00   
   586   4.872554e+00 -4.191090e-01   
   587   3.946585e+00 -5.770423e-01   
   588   7.841106e+00 -1.772727e+00   
   589   5.549861e+00 -4.306400e-01   
   590   4.718191e+00 -4.017793e-01   
   591   6.669772e+00 -7.781097e-01   
   592   6.800519e+00 -8.402899e-01   
   593   7.522911e+00 -1.370258e+00   
   594   3.790843e+00 -5.909091e-01   
   595   7.291622e+00 -1.159143e+00   
   596   4.564630e+00 -3.962270e-01   
   597   6.931265e+00 -9.024702e-01   
   598   7.752325e+00 -1.590043e+00   
   599   5.384608e+00 -3.598126e-01   
   600   6.522422e+00 -6.557944e-01   
   601   4.411069e+00 -3.906747e-01   
   602   5.843323e+00 -4.256024e-01   
   603   7.063861e+00 -9.468137e-01   
   604   6.109197e+00 -4.795408e-01   
   605   5.218097e+00 -3.209168e-01   
   606   7.426653e+00 -1.198425e+00   
   607   4.255475e+00 -3.926855e-01   
   608   7.660489e+00 -1.411278e+00   
   609   7.196456e+00 -9.911572e-01   
   610   6.735934e+00 -7.049509e-01   
   611   5.051587e+00 -2.820210e-01   
   612   6.375072e+00 -5.334792e-01   
   613   7.896266e+00 -1.636364e+00   
   614   4.099882e+00 -3.946963e-01   
   615   5.638940e+00 -3.228896e-01   
   616   6.851893e+00 -7.480948e-01   
   617   4.891268e+00 -2.619515e-01   
   618   6.967853e+00 -7.912388e-01   
   619   7.564965e+00 -1.237759e+00   
   620   7.332215e+00 -1.029385e+00   
   621   3.942305e+00 -4.018936e-01   
   622   6.642543e+00 -5.944126e-01   
   623   4.730950e+00 -2.418820e-01   
   624   7.805957e+00 -1.455639e+00   
   625   7.097431e+00 -8.281289e-01   
   626   4.573310e+00 -2.332042e-01   
   627   5.434558e+00 -2.201769e-01   
   628   3.784728e+00 -4.090909e-01   
   629   6.802095e+00 -6.317922e-01   
   630   7.467974e+00 -1.067612e+00   
   631   7.703277e+00 -1.277093e+00   
   632   4.415671e+00 -2.245265e-01   
   633   7.227008e+00 -8.650191e-01   
   634   6.549153e+00 -4.838743e-01   
   635   5.255407e+00 -1.738901e-01   
   636   6.903268e+00 -6.558998e-01   
   637   7.951426e+00 -1.500000e+00   
   638   4.257545e+00 -2.227786e-01   
   639   7.004441e+00 -6.800074e-01   
   640   5.076257e+00 -1.276034e-01   
   641   6.762665e+00 -5.330309e-01   
   642   7.607020e+00 -1.105260e+00   
   643   7.362565e+00 -8.991090e-01   
   644   5.901359e+00 -2.095837e-01   
   645   4.099419e+00 -2.210307e-01   
   646   7.849830e+00 -1.320365e+00   
   647   6.135626e+00 -2.641808e-01   
   648   4.909983e+00 -1.047940e-01   
   649   7.131001e+00 -7.094442e-01   
   650   6.369892e+00 -3.187779e-01   
   651   6.884489e+00 -5.463016e-01   
   652   4.743709e+00 -8.198465e-02   
   653   3.940919e+00 -2.241517e-01   
   654   5.692363e+00 -1.213410e-01   
   655   7.498121e+00 -9.331989e-01   
   656   7.746066e+00 -1.142908e+00   
   657   6.723234e+00 -4.342695e-01   
   658   7.257561e+00 -7.388811e-01   
   659   4.581991e+00 -7.018144e-02   
   660   7.006314e+00 -5.595723e-01   
   661   7.996382e+00 -1.363636e+00   
   662   3.782419e+00 -2.272727e-01   
   663   4.420273e+00 -5.837822e-02   
   664   5.483366e+00 -3.309835e-02   
   665   6.542650e+00 -3.011237e-01   
   666   7.639193e+00 -9.686935e-01   
   667   7.392914e+00 -7.688333e-01   
   668   6.865711e+00 -4.367034e-01   
   669   5.293151e+00  5.913379e-03   
   670   7.139066e+00 -5.834569e-01   
   671   7.893702e+00 -1.185090e+00   
   672   4.259615e+00 -5.287162e-02   
   673   5.102936e+00  4.492510e-02   
   674   4.098957e+00 -4.736503e-02   
   675   7.528267e+00 -7.987856e-01   
   676   4.928874e+00  6.548994e-02   
   677   7.271819e+00 -6.073415e-01   
   678   7.780265e+00 -1.004188e+00   
   679   7.008188e+00 -4.391372e-01   
   680   6.715407e+00 -2.834695e-01   
   681   4.754812e+00  8.605478e-02   
   682   8.041339e+00 -1.227273e+00   
   683   3.939533e+00 -4.640979e-02   
   684   6.162054e+00 -4.882082e-02   
   685   5.959396e+00  6.434928e-03   
   686   6.364712e+00 -1.040766e-01   
   687   4.590234e+00  9.812683e-02   
   688   7.410391e+00 -6.336414e-01   
   689   7.671366e+00 -8.321270e-01   
   690   7.147132e+00 -4.574696e-01   
   691   6.863818e+00 -2.928243e-01   
   692   7.928576e+00 -1.047549e+00   
   693   5.745785e+00  8.020756e-02   
   694   3.780109e+00 -4.545455e-02   
   695   4.425657e+00  1.101989e-01   
   696   6.536146e+00 -1.183731e-01   
   697   5.532174e+00  1.539802e-01   
   698   7.548964e+00 -6.599413e-01   
   699   7.286076e+00 -4.758019e-01   
   700   4.263269e+00  1.179760e-01   
   701   5.330895e+00  1.857169e-01   
   702   7.814465e+00 -8.654684e-01   
   703   7.012229e+00 -3.021790e-01   
   704   6.707580e+00 -1.326695e-01   
   705   8.076887e+00 -1.090909e+00   
   706   5.129615e+00  2.174536e-01   
   707   4.100881e+00  1.257531e-01   
   708   4.947765e+00  2.357739e-01   
   709   7.427869e+00 -4.984495e-01   
   710   7.153551e+00 -3.193056e-01   
   711   7.694571e+00 -6.872641e-01   
   712   4.765915e+00  2.540942e-01   
   713   7.963450e+00 -9.100069e-01   
   714   6.861925e+00 -1.489452e-01   
   715   3.941187e+00  1.310584e-01   
   716   4.598478e+00  2.664351e-01   
   717   6.396732e+00  6.797564e-02   
   718   6.212558e+00  1.359562e-01   
   719   7.294874e+00 -3.364322e-01   
   720   7.569661e+00 -5.210970e-01   
   721   7.016270e+00 -1.652208e-01   
   722   6.028384e+00  2.039367e-01   
   723   4.431041e+00  2.787760e-01   
   724   3.781492e+00  1.363636e-01   
   725   6.559272e+00  4.392793e-02   
   726   7.840178e+00 -7.145869e-01   
   727   8.112435e+00 -9.545455e-01   
   728   4.266923e+00  2.888237e-01   
   729   5.806225e+00  2.916077e-01   
   730   6.721812e+00  1.988022e-02   
   731   7.437949e+00 -3.569807e-01   
   732   7.159971e+00 -1.811416e-01   
   733   7.717777e+00 -5.424012e-01   
   734   4.102805e+00  2.988713e-01   
   735   5.363871e+00  3.905930e-01   
   736   5.143677e+00  4.019073e-01   
   737   6.873427e+00 -3.125283e-04   
   738   7.992964e+00 -7.436571e-01   
   739   4.957958e+00  4.130998e-01   
   740   5.584066e+00  3.792788e-01   
   741   4.772238e+00  4.242923e-01   
   742   7.303672e+00 -1.970624e-01   
   743   7.581023e+00 -3.775293e-01   
   744   3.942840e+00  3.085266e-01   
   745   7.025043e+00 -2.050528e-02   
   746   4.604122e+00  4.355373e-01   
   747   7.865892e+00 -5.637053e-01   
   748   6.428751e+00  2.400278e-01   
   749   6.582397e+00  2.062289e-01   
   750   4.436005e+00  4.467823e-01   
   751   8.145750e+00 -7.727273e-01   
   752   7.448029e+00 -2.155120e-01   
   753   6.263062e+00  3.207332e-01   
   754   3.782875e+00  3.181818e-01   
   755   7.168428e+00 -3.783458e-02   
   756   7.730102e+00 -3.970047e-01   
   757   6.736044e+00  1.724300e-01   
   758   4.271994e+00  4.586038e-01   
   759   6.097373e+00  4.014385e-01   
   760   6.884930e+00  1.483201e-01   
   761   8.022479e+00 -5.773072e-01   
   762   7.592386e+00 -2.339616e-01   
   763   7.311814e+00 -5.516387e-02   
   764   4.107984e+00  4.704253e-01   
   765   5.866665e+00  5.030079e-01   
   766   7.879181e+00 -4.164802e-01   
   767   7.033816e+00  1.242103e-01   
   768   5.157739e+00  5.863610e-01   
   769   4.968150e+00  5.904257e-01   
   770   6.481084e+00  3.617223e-01   
   771   4.778561e+00  5.944904e-01   
   772   5.396848e+00  5.954692e-01   
   773   3.948001e+00  4.852126e-01   
   774   6.619683e+00  3.363754e-01   
   775   7.455450e+00 -7.092829e-02   
   776   4.609765e+00  6.046395e-01   
   777   7.742428e+00 -2.516083e-01   
   778   7.176886e+00  1.054725e-01   
   779   5.635958e+00  6.045774e-01   
   780   8.179065e+00 -5.909091e-01   
   781   6.758282e+00  3.110284e-01   
   782   4.440969e+00  6.147885e-01   
   783   6.364252e+00  4.692385e-01   
   784   8.036259e+00 -4.355128e-01   
   785   3.788018e+00  5.000000e-01   
   786   6.902616e+00  2.872197e-01   
   787   7.599085e+00 -8.669271e-02   
   788   7.319956e+00  8.673468e-02   
   789   4.277066e+00  6.283839e-01   
   790   7.892469e+00 -2.692550e-01   
   791   7.046950e+00  2.634110e-01   
   792   6.533417e+00  4.834167e-01   
   793   4.113162e+00  6.419793e-01   
   794   6.247421e+00  5.767547e-01   
   795   7.462870e+00  7.365543e-02   
   796   6.656969e+00  4.665218e-01   
   797   8.193338e+00 -4.545455e-01   
   798   5.139676e+00  7.556366e-01   
   799   7.748156e+00 -9.827679e-02   
   800   4.957646e+00  7.568897e-01   
   801   7.187332e+00  2.443631e-01   
   802   4.775616e+00  7.581428e-01   
   803   6.024618e+00  6.703525e-01   
   804   5.349685e+00  7.694562e-01   
   805   6.780521e+00  4.496269e-01   
   806   8.050040e+00 -2.937184e-01   
   807   3.953162e+00  6.618987e-01   
   808   4.610422e+00  7.684555e-01   
   809   7.605785e+00  6.057619e-02   
   810   7.327715e+00  2.253152e-01   
   811   5.559695e+00  7.832757e-01   
   812   6.920302e+00  4.261193e-01   
   813   4.445229e+00  7.787683e-01   
   814   5.801816e+00  7.639503e-01   
   815   7.897226e+00 -1.098609e-01   
   816   6.465443e+00  6.177438e-01   
   817   3.793161e+00  6.818182e-01   
   818   7.060084e+00  4.026117e-01   
   819   4.283145e+00  7.945314e-01   
   820   8.207612e+00 -3.181818e-01   
   821   6.626281e+00  6.004094e-01   
   822   7.467716e+00  2.157400e-01   
   823   7.753884e+00  5.505474e-02   
   824   7.197779e+00  3.832537e-01   
   825   4.121061e+00  8.102945e-01   
   826   6.787120e+00  5.830750e-01   
   827   8.055251e+00 -1.231123e-01   
   828   4.947141e+00  9.233537e-01   
   829   5.121612e+00  9.249123e-01   
   830   4.772671e+00  9.217951e-01   
   831   5.706732e+00  8.869843e-01   
   832   7.607717e+00  2.061648e-01   
   833   7.335474e+00  3.638957e-01   
   834   6.930845e+00  5.570255e-01   
   835   6.397470e+00  7.520709e-01   
   836   4.611080e+00  9.322716e-01   
   837   5.302522e+00  9.434431e-01   
   838   3.961690e+00  8.369654e-01   
   839   7.901982e+00  4.953329e-02   
   840   7.074571e+00  5.309759e-01   
   841   6.182572e+00  8.376970e-01   
   842   4.449488e+00  9.427481e-01   
   843   5.483432e+00  9.619740e-01   
   844   6.595594e+00  7.342970e-01   
   845   7.472561e+00  3.578246e-01   
   846   8.213277e+00 -1.363636e-01   
   847   7.208323e+00  5.120585e-01   
   848   5.967674e+00  9.233232e-01   
   849   7.752817e+00  2.068869e-01   
   850   4.289224e+00  9.606789e-01   
   851   3.802319e+00  8.636364e-01   
   852   6.793719e+00  7.165230e-01   
   853   5.611648e+00  1.010018e+00   
   854   7.342074e+00  4.931411e-01   
   855   5.853769e+00  9.906929e-01   
   856   8.060462e+00  4.749392e-02   
   857   7.609648e+00  3.517535e-01   
   858   4.128960e+00  9.786098e-01   
   859   6.941388e+00  6.879316e-01   
   860   5.115722e+00  1.080433e+00   
   861   4.946956e+00  1.080723e+00   
   862   4.778190e+00  1.081012e+00   
   863   7.897917e+00  2.076089e-01   
   864   7.089058e+00  6.593402e-01   
   865   5.290031e+00  1.095234e+00   
   866   5.739865e+00  1.058063e+00   
   867   4.617661e+00  1.090658e+00   
   868   7.473934e+00  4.912865e-01   
   869   3.970219e+00  1.012032e+00   
   870   5.464340e+00  1.110034e+00   
   871   7.218866e+00  6.408634e-01   
   872   4.457133e+00  1.100303e+00   
   873   7.751750e+00  3.587190e-01   
   874   8.218942e+00  4.545455e-02   
   875   4.298345e+00  1.117238e+00   
   876   7.348674e+00  6.223866e-01   
   877   5.609259e+00  1.141755e+00   
   878   7.605793e+00  4.894318e-01   
   879   6.268566e+00  1.030496e+00   
   880   6.671557e+00  9.136166e-01   
   881   6.493075e+00  9.731313e-01   
   882   6.850038e+00  8.541019e-01   
   883   6.044057e+00  1.087860e+00   
   884   8.053718e+00  2.174408e-01   
   885   3.811478e+00  1.045455e+00   
   886   6.980806e+00  8.136815e-01   
   887   5.899117e+00  1.130668e+00   
   888   7.111573e+00  7.732611e-01   
   889   4.139557e+00  1.134172e+00   
   890   7.893851e+00  3.656846e-01   
   891   5.754177e+00  1.173477e+00   
   892   7.475306e+00  6.247483e-01   
   893   5.109831e+00  1.235953e+00   
   894   4.946770e+00  1.238091e+00   
   895   7.231159e+00  7.583705e-01   
   896   4.783710e+00  1.240230e+00   
   897   5.277540e+00  1.247024e+00   
   898   7.744171e+00  5.006898e-01   
   899   3.980440e+00  1.157995e+00   
   900   4.624243e+00  1.249044e+00   
   901   5.445249e+00  1.258095e+00   
   902   7.350745e+00  7.434799e-01   
   903   4.464777e+00  1.257858e+00   
   904   8.209520e+00  2.272727e-01   
   905   7.601938e+00  6.271101e-01   
   906   5.606869e+00  1.273493e+00   
   907   7.134087e+00  8.871821e-01   
   908   3.821323e+00  1.181818e+00   
   909   4.307466e+00  1.273796e+00   
   910   7.020223e+00  9.394314e-01   
   911   8.046974e+00  3.873877e-01   
   912   6.906358e+00  9.916807e-01   
   913   7.882550e+00  5.119477e-01   
   914   5.768489e+00  1.288891e+00   
   915   7.470960e+00  7.508749e-01   
   916   5.944465e+00  1.270644e+00   
   917   7.243451e+00  8.758776e-01   
   918   4.150155e+00  1.289734e+00   
   919   6.120441e+00  1.252397e+00   
   920   6.747519e+00  1.092936e+00   
   921   7.736593e+00  6.426605e-01   
   922   6.354560e+00  1.223294e+00   
   923   7.352815e+00  8.645732e-01   
   924   5.114996e+00  1.392373e+00   
   925   4.954135e+00  1.394616e+00   
   926   7.161103e+00  9.601581e-01   
   927   4.793275e+00  1.396859e+00   
   928   7.591176e+00  7.582699e-01   
   929   3.990661e+00  1.303958e+00   
   930   5.279807e+00  1.401203e+00   
   931   7.074820e+00  1.016503e+00   
   932   4.636175e+00  1.408242e+00   
   933   6.588680e+00  1.194192e+00   
   934   5.444617e+00  1.410034e+00   
   935   8.200097e+00  4.090909e-01   
   936   8.032586e+00  5.287011e-01   
   937   6.988537e+00  1.072847e+00   
   938   7.253495e+00  9.621483e-01   
   939   4.479076e+00  1.419626e+00   
   940   7.466614e+00  8.770015e-01   
   941   3.831168e+00  1.318182e+00   
   942   5.610608e+00  1.424041e+00   
   943   7.871248e+00  6.582109e-01   
   944   7.188119e+00  1.033134e+00   
   945   7.345886e+00  9.641385e-01   
   946   4.322721e+00  1.438072e+00   
   947   7.720277e+00  7.816851e-01   
   948   6.873228e+00  1.169133e+00   
   949   5.776598e+00  1.438048e+00   
   950   7.129417e+00  1.093574e+00   
   951   5.957639e+00  1.432919e+00   
   952   7.580413e+00  8.894297e-01   
   953   7.263538e+00  1.048419e+00   
   954   4.166366e+00  1.456519e+00   
   955   8.182621e+00  5.454545e-01   
   956   6.138680e+00  1.427790e+00   
   957   6.757920e+00  1.265418e+00   
   958   7.452493e+00  9.853985e-01   
   959   7.070715e+00  1.154014e+00   
   960   8.018197e+00  6.700145e-01   
   961   5.120161e+00  1.548793e+00   
   962   4.961500e+00  1.551141e+00   
   963   4.802840e+00  1.553488e+00   
   964   5.282073e+00  1.555383e+00   
   965   7.338958e+00  1.063704e+00   
   966   7.849377e+00  8.051003e-01   
   967   7.214754e+00  1.126362e+00   
   968   4.007598e+00  1.478259e+00   
   969   5.443986e+00  1.561973e+00   
   970   4.648108e+00  1.567441e+00   
   971   6.364179e+00  1.420467e+00   
   972   7.703960e+00  9.207097e-01   
   973   6.998937e+00  1.245329e+00   
   974   5.614347e+00  1.574589e+00   
   975   4.493376e+00  1.581393e+00   
   976   7.559100e+00  1.006659e+00   
   977   7.165971e+00  1.204305e+00   
   978   3.848829e+00  1.500000e+00   
   979   6.589677e+00  1.413145e+00   
   980   7.438372e+00  1.093796e+00   
   981   8.165145e+00  6.818182e-01   
   982   7.300092e+00  1.159150e+00   
   983   5.784707e+00  1.587206e+00   
   984   4.337977e+00  1.602348e+00   
   985   6.927159e+00  1.336644e+00   
   986   7.988824e+00  8.343683e-01   
   987   5.970814e+00  1.595194e+00   
   988   4.182578e+00  1.623303e+00   
   989   6.739695e+00  1.425824e+00   
   990   7.827506e+00  9.519897e-01   
   991   7.101823e+00  1.299704e+00   
   992   7.678169e+00  1.045043e+00   
   993   5.124317e+00  1.704278e+00   
   994   7.537786e+00  1.123887e+00   
   995   4.968692e+00  1.705694e+00   
   996   7.261226e+00  1.254596e+00   
   997   4.813066e+00  1.707110e+00   
   998   7.400420e+00  1.198469e+00   
   999   6.156920e+00  1.603182e+00   
   1000   5.283643e+00  1.711339e+00   
   1001   5.442968e+00  1.718400e+00   
   1002   4.660704e+00  1.721634e+00   
   1003   4.024534e+00  1.652561e+00   
   1004   6.889712e+00  1.438503e+00   
   1005   7.037675e+00  1.395103e+00   
   1006   4.508342e+00  1.736158e+00   
   1007   5.610768e+00  1.731272e+00   
   1008   8.128270e+00  8.636364e-01   
   1009   6.373797e+00  1.617640e+00   
   1010   7.204708e+00  1.354079e+00   
   1011   7.797238e+00  1.083427e+00   
   1012   7.500748e+00  1.237788e+00   
   1013   5.778568e+00  1.744145e+00   
   1014   7.362467e+00  1.303142e+00   
   1015   7.959451e+00  9.987221e-01   
   1016   7.652378e+00  1.169376e+00   
   1017   4.355225e+00  1.760941e+00   
   1018   3.866491e+00  1.681818e+00   
   1019   5.957676e+00  1.755500e+00   
   1020   6.852265e+00  1.540363e+00   
   1021   6.991644e+00  1.495729e+00   
   1022   6.721470e+00  1.586231e+00   
   1023   6.590674e+00  1.632098e+00   
   1024   4.202108e+00  1.785724e+00   
   1025   7.148190e+00  1.453562e+00   
   1026   5.128474e+00  1.859763e+00   
   1027   4.975883e+00  1.860247e+00   
   1028   4.823292e+00  1.860731e+00   
   1029   7.309635e+00  1.407628e+00   
   1030   6.136783e+00  1.766856e+00   
   1031   5.285212e+00  1.867295e+00   
   1032   7.463709e+00  1.351688e+00   
   1033   7.612990e+00  1.288608e+00   
   1034   4.673300e+00  1.875827e+00   
   1035   5.441950e+00  1.874827e+00   
   1036   7.766970e+00  1.214864e+00   
   1037   7.924874e+00  1.132622e+00   
   1038   8.091395e+00  1.045455e+00   
   1039   4.046233e+00  1.824680e+00   
   1040   4.523309e+00  1.890923e+00   
   1041   6.945613e+00  1.596354e+00   
   1042   5.607189e+00  1.887955e+00   
   1043   7.093576e+00  1.552954e+00   
   1044   6.329344e+00  1.786010e+00   
   1045   7.256803e+00  1.512113e+00   
   1046   5.772429e+00  1.901083e+00   
   1047   6.836888e+00  1.666635e+00   
   1048   4.372474e+00  1.919534e+00   
   1049   7.414562e+00  1.461176e+00   
   1050   3.890357e+00  1.863636e+00   
   1051   7.573603e+00  1.407841e+00   
   1052   7.725233e+00  1.339429e+00   
   1053   6.728163e+00  1.736915e+00   
   1054   5.944537e+00  1.915807e+00   
   1055   6.521905e+00  1.805164e+00   
   1056   7.890298e+00  1.266523e+00   
   1057   7.038961e+00  1.652346e+00   
   1058   8.052510e+00  1.181818e+00   
   1059   4.221638e+00  1.948145e+00   
   1060   5.128484e+00  2.007232e+00   
   1061   4.980637e+00  2.008516e+00   
   1062   4.832790e+00  2.009799e+00   
   1063   7.201024e+00  1.614738e+00   
   1064   5.281053e+00  2.018001e+00   
   1065   6.116646e+00  1.930530e+00   
   1066   4.686613e+00  2.024763e+00   
   1067   7.365415e+00  1.570663e+00   
   1068   5.433622e+00  2.028770e+00   
   1069   4.540436e+00  2.039726e+00   
   1070   6.952306e+00  1.747039e+00   
   1071   7.522657e+00  1.523549e+00   
   1072   5.594986e+00  2.047118e+00   
   1073   4.067931e+00  1.996800e+00   
   1074   7.683496e+00  1.463995e+00   
   1075   6.284891e+00  1.954380e+00   
   1076   7.845257e+00  1.396987e+00   
   1077   7.145246e+00  1.717363e+00   
   1078   8.013626e+00  1.318182e+00   
   1079   4.392286e+00  2.068252e+00   
   1080   6.659382e+00  1.884457e+00   
   1081   5.756350e+00  2.065465e+00   
   1082   7.308473e+00  1.676522e+00   
   1083   6.865651e+00  1.841731e+00   
   1084   5.924607e+00  2.074404e+00   
   1085   6.453136e+00  1.978230e+00   
   1086   7.471712e+00  1.639256e+00   
   1087   4.244135e+00  2.096778e+00   
   1088   3.914223e+00  2.045455e+00   
   1089   5.128494e+00  2.154701e+00   
   1090   4.985391e+00  2.156784e+00   
   1091   4.842288e+00  2.158867e+00   
   1092   7.630752e+00  1.585922e+00   
   1093   7.065261e+00  1.818293e+00   
   1094   5.276895e+00  2.168707e+00   
   1095   6.092864e+00  2.083343e+00   
   1096   4.699925e+00  2.173698e+00   
   1097   7.800215e+00  1.527452e+00   
   1098   7.251530e+00  1.782381e+00   
   1099   5.425295e+00  2.182713e+00   
   1100   7.965280e+00  1.454545e+00   
   1101   4.557563e+00  2.188529e+00   
   1102   4.090824e+00  2.139298e+00   
   1103   6.796859e+00  1.963749e+00   
   1104   6.250527e+00  2.101252e+00   
   1105   7.414529e+00  1.748499e+00   
   1106   6.590602e+00  2.031998e+00   
   1107   5.582783e+00  2.206280e+00   
   1108   6.985275e+00  1.919222e+00   
   1109   4.412098e+00  2.216970e+00   
   1110   7.578008e+00  1.707849e+00   
   1111   7.178215e+00  1.889547e+00   
   1112   5.740271e+00  2.229847e+00   
   1113   6.408190e+00  2.119161e+00   
   1114   7.744599e+00  1.656597e+00   
   1115   3.937512e+00  2.181818e+00   
   1116   5.124028e+00  2.291247e+00   
   1117   4.266632e+00  2.245411e+00   
   1118   7.916934e+00  1.590909e+00   
   1119   4.987536e+00  2.293217e+00   
   1120   5.904676e+00  2.233002e+00   
   1121   4.851044e+00  2.295188e+00   
   1122   7.357346e+00  1.857742e+00   
   1123   5.264961e+00  2.310125e+00   
   1124   6.728067e+00  2.085767e+00   
   1125   4.714297e+00  2.312189e+00   
   1126   6.069081e+00  2.236157e+00   
   1127   6.915332e+00  2.035168e+00   
   1128   7.520585e+00  1.820476e+00   
   1129   5.405893e+00  2.329004e+00   
   1130   6.538527e+00  2.162790e+00   
   1131   7.104900e+00  1.996714e+00   
   1132   4.577550e+00  2.329191e+00   
   1133   4.113716e+00  2.281796e+00   
   1134   6.216162e+00  2.248125e+00   
   1135   7.688984e+00  1.785743e+00   
   1136   7.287010e+00  1.966178e+00   
   1137   4.435246e+00  2.359006e+00   
   1138   7.858447e+00  1.727273e+00   
   1139   5.561584e+00  2.371823e+00   
   1140   6.363243e+00  2.260093e+00   
   1141   3.960800e+00  2.318182e+00   
   1142   7.463163e+00  1.933102e+00   
   1143   6.845389e+00  2.151114e+00   
   1144   6.668864e+00  2.206419e+00   
   1145   7.033806e+00  2.106587e+00   
   1146   5.119563e+00  2.427793e+00   
   1147   4.989682e+00  2.429651e+00   
   1148   4.292942e+00  2.388822e+00   
   1149   4.859801e+00  2.431508e+00   
   1150   7.629774e+00  1.902471e+00   
   1151   5.717275e+00  2.414642e+00   
   1152   5.253027e+00  2.451544e+00   
   1153   7.216673e+00  2.074615e+00   
   1154   5.886320e+00  2.400836e+00   
   1155   4.728669e+00  2.450680e+00   
   1156   6.486452e+00  2.293583e+00   
   1157   6.055364e+00  2.387031e+00   
   1158   4.141347e+00  2.421684e+00   
   1159   4.597536e+00  2.469852e+00   
   1160   5.386491e+00  2.475295e+00   
   1161   7.799960e+00  1.863636e+00   
   1162   7.395804e+00  2.042809e+00   
   1163   6.196305e+00  2.386815e+00   
   1164   6.781103e+00  2.267714e+00   
   1165   6.962712e+00  2.216461e+00   
   1166   6.337245e+00  2.386600e+00   
   1167   6.609660e+00  2.327072e+00   
   1168   4.458394e+00  2.501043e+00   
   1169   7.570564e+00  2.019198e+00   
   1170   7.142992e+00  2.186090e+00   
   1171   3.989751e+00  2.454545e+00   
   1172   5.108675e+00  2.543480e+00   
   1173   4.989057e+00  2.548025e+00   
   1174   4.869438e+00  2.552569e+00   
   1175   5.540385e+00  2.537366e+00   
   1176   6.451408e+00  2.408600e+00   
   1177   5.224733e+00  2.564936e+00   
   1178   7.328446e+00  2.152515e+00   
   1179   7.738963e+00  1.984465e+00   
   1180   4.319252e+00  2.532233e+00   
   1181   4.744375e+00  2.576353e+00   
   1182   5.340790e+00  2.586392e+00   
   1183   6.893342e+00  2.329009e+00   
   1184   6.716816e+00  2.384315e+00   
   1185   7.505869e+00  2.127273e+00   
   1186   6.565571e+00  2.430599e+00   
   1187   4.619311e+00  2.600137e+00   
   1188   6.041647e+00  2.537904e+00   
   1189   4.168977e+00  2.561571e+00   
   1190   7.069312e+00  2.297565e+00   
   1191   5.867963e+00  2.568671e+00   
   1192   6.176447e+00  2.525506e+00   
   1193   5.694279e+00  2.599437e+00   
   1194   6.311247e+00  2.513107e+00   
   1195   7.252179e+00  2.265593e+00   
   1196   7.677966e+00  2.105294e+00   
   1197   5.097788e+00  2.659167e+00   
   1198   4.486215e+00  2.637819e+00   
   1199   5.460575e+00  2.650491e+00   
   1200   4.988432e+00  2.666399e+00   
   1201   4.018702e+00  2.590909e+00   
   1202   6.416364e+00  2.523617e+00   
   1203   4.879075e+00  2.673630e+00   
   1204   5.196439e+00  2.678328e+00   
   1205   7.441174e+00  2.235349e+00   
   1206   6.662864e+00  2.483726e+00   
   1207   6.823971e+00  2.441557e+00   
   1208   6.521481e+00  2.534127e+00   
   1209   6.997442e+00  2.406809e+00   
   1210   5.295090e+00  2.697489e+00   
   1211   4.760080e+00  2.702026e+00   
   1212   4.353118e+00  2.675501e+00   
   1213   7.615934e+00  2.211738e+00   
   1214   7.175913e+00  2.378670e+00   
   1215   5.580360e+00  2.714591e+00   
   1216   4.641085e+00  2.730421e+00   
   1217   6.314848e+00  2.622771e+00   
   1218   6.191595e+00  2.648157e+00   
   1219   5.096656e+00  2.749175e+00   
   1220   6.068341e+00  2.673542e+00   
   1221   6.404692e+00  2.615398e+00   
   1222   5.179510e+00  2.755397e+00   
   1223   6.760157e+00  2.536852e+00   
   1224   4.995799e+00  2.763105e+00   
   1225   5.262365e+00  2.761618e+00   
   1226   6.494535e+00  2.608025e+00   
   1227   6.608912e+00  2.583137e+00   
   1228   4.210896e+00  2.721918e+00   
   1229   5.380765e+00  2.763617e+00   
   1230   7.357785e+00  2.359896e+00   
   1231   5.915234e+00  2.716087e+00   
   1232   4.894942e+00  2.777036e+00   
   1233   6.925572e+00  2.516054e+00   
   1234   4.514035e+00  2.774595e+00   
   1235   5.762128e+00  2.758632e+00   
   1236   7.553902e+00  2.318182e+00   
   1237   7.101542e+00  2.484610e+00   
   1238   4.782545e+00  2.810028e+00   
   1239   5.229640e+00  2.825748e+00   
   1240   5.321894e+00  2.823746e+00   
   1241   5.162582e+00  2.832465e+00   
   1242   6.467588e+00  2.681923e+00   
   1243   6.562914e+00  2.660949e+00   
   1244   4.068673e+00  2.768335e+00   
   1245   6.696342e+00  2.632146e+00   
   1246   5.095524e+00  2.839182e+00   
   1247   5.466441e+00  2.829745e+00   
   1248   6.393019e+00  2.707179e+00   
   1249   4.386985e+00  2.818769e+00   
   1250   4.670147e+00  2.843020e+00   
   1251   6.318450e+00  2.732436e+00   
   1252   6.855398e+00  2.611689e+00   
   1253   5.003166e+00  2.859812e+00   
   1254   7.274397e+00  2.484443e+00   
   1255   6.206742e+00  2.770808e+00   
   1256   4.910809e+00  2.880441e+00   
   1257   5.640875e+00  2.858324e+00   
   1258   7.027172e+00  2.590550e+00   
   1259   5.263023e+00  2.883874e+00   
   1260   6.095034e+00  2.809180e+00   
   1261   5.381423e+00  2.885873e+00   
   1262   7.463392e+00  2.454199e+00   
   1263   6.516916e+00  2.738761e+00   
   1264   6.631293e+00  2.713873e+00   
   1265   5.189456e+00  2.901004e+00   
   1266   4.549059e+00  2.892867e+00   
   1267   5.115889e+00  2.918133e+00   
   1268   4.805009e+00  2.918030e+00   
   1269   5.962506e+00  2.863504e+00   
   1270   4.252814e+00  2.882265e+00   
   1271   6.438053e+00  2.783873e+00   
   1272   7.202196e+00  2.583041e+00   
   1273   6.785225e+00  2.707324e+00   
   1274   5.027090e+00  2.943473e+00   
   1275   5.296405e+00  2.942001e+00   
   1276   6.950639e+00  2.686526e+00   
   1277   6.359191e+00  2.828985e+00   
   1278   5.829977e+00  2.917828e+00   
   1279   4.699209e+00  2.955619e+00   
   1280   6.566244e+00  2.795599e+00   
   1281   4.427971e+00  2.942714e+00   
   1282   4.938290e+00  2.968814e+00   
   1283   5.216330e+00  2.969542e+00   
   1284   5.519622e+00  2.958015e+00   
   1285   6.251648e+00  2.878665e+00   
   1286   7.372881e+00  2.590215e+00   
   1287   5.136254e+00  2.997083e+00   
   1288   6.710782e+00  2.794905e+00   
   1289   7.129995e+00  2.681639e+00   
   1290   5.421368e+00  2.994148e+00   
   1291   4.118644e+00  2.945761e+00   
   1292   6.483087e+00  2.860566e+00   
   1293   4.839029e+00  3.010718e+00   
   1294   6.144106e+00  2.928344e+00   
   1295   4.584083e+00  3.011139e+00   
   1296   5.051013e+00  3.027135e+00   
   1297   6.874107e+00  2.782502e+00   
   1298   5.701390e+00  3.002057e+00   
   1299   5.323113e+00  3.030281e+00   
   1300   4.298732e+00  3.010587e+00   
   1301   5.241079e+00  3.053593e+00   
   1302   6.018995e+00  2.987732e+00   
   1303   4.965771e+00  3.057186e+00   
   1304   7.302850e+00  2.681471e+00   
   1305   4.739767e+00  3.052623e+00   
   1306   6.399931e+00  2.925534e+00   
   1307   6.636339e+00  2.882485e+00   
   1308   7.050473e+00  2.778368e+00   
   1309   5.159044e+00  3.076905e+00   
   1310   4.468958e+00  3.066659e+00   
   1311   6.790270e+00  2.875937e+00   
   1312   5.893884e+00  3.047119e+00   
   1313   6.296554e+00  2.986521e+00   
   1314   4.873049e+00  3.103407e+00   
   1315   5.078376e+00  3.105561e+00   
   1316   5.572802e+00  3.086286e+00   
   1317   5.461312e+00  3.102424e+00   
   1318   6.548297e+00  2.956184e+00   
   1319   7.232819e+00  2.772727e+00   
   1320   4.629828e+00  3.111889e+00   
   1321   5.349821e+00  3.118562e+00   
   1322   4.169492e+00  3.078460e+00   
   1323   4.997709e+00  3.134216e+00   
   1324   5.265828e+00  3.137645e+00   
   1325   6.193177e+00  3.047509e+00   
   1326   6.970952e+00  2.875097e+00   
   1327   4.780326e+00  3.149627e+00   
   1328   5.181835e+00  3.156728e+00   
   1329   5.771777e+00  3.123173e+00   
   1330   6.706434e+00  2.969371e+00   
   1331   4.344649e+00  3.138908e+00   
   1332   6.460256e+00  3.029883e+00   
   1333   4.915265e+00  3.183247e+00   
   1334   5.105740e+00  3.183987e+00   
   1335   6.075484e+00  3.111959e+00   
   1336   4.519889e+00  3.171156e+00   
   1337   7.150308e+00  2.870210e+00   
   1338   5.529950e+00  3.177292e+00   
   1339   5.439036e+00  3.191323e+00   
   1340   5.029646e+00  3.211246e+00   
   1341   5.348121e+00  3.205353e+00   
   1342   6.878186e+00  2.974343e+00   
   1343   6.357158e+00  3.097050e+00   
   1344   4.675573e+00  3.212640e+00   
   1345   5.268568e+00  3.219372e+00   
   1346   5.649670e+00  3.199228e+00   
   1347   6.613508e+00  3.051802e+00   
   1348   5.189015e+00  3.233391e+00   
   1349   4.832821e+00  3.232278e+00   
   1350   5.957792e+00  3.176410e+00   
   1351   5.123334e+00  3.248542e+00   
   1352   4.220339e+00  3.211158e+00   
   1353   7.067797e+00  2.967693e+00   
   1354   4.957481e+00  3.263087e+00   
   1355   5.057654e+00  3.263693e+00   
   1356   6.254060e+00  3.164216e+00   
   1357   4.395538e+00  3.241550e+00   
   1358   5.487098e+00  3.268299e+00   
   1359   6.785420e+00  3.073589e+00   
   1360   6.520581e+00  3.134233e+00   
   1361   5.842164e+00  3.244290e+00   
   1362   5.416760e+00  3.280222e+00   
   1363   4.570820e+00  3.275654e+00   
   1364   5.581538e+00  3.273449e+00   
   1365   5.346421e+00  3.292144e+00   
   1366   5.271308e+00  3.301100e+00   
   1367   4.738680e+00  3.302948e+00   
   1368   5.196194e+00  3.310055e+00   
   1369   5.140928e+00  3.313097e+00   
   1370   6.136785e+00  3.232236e+00   
   1371   5.085661e+00  3.316140e+00   
   1372   4.885316e+00  3.314929e+00   
   1373   5.002160e+00  3.317921e+00   
   1374   6.966102e+00  3.072750e+00   
   1375   6.417762e+00  3.207578e+00   
   1376   5.726537e+00  3.312170e+00   
   1377   6.688110e+00  3.160628e+00   
   1378   4.271186e+00  3.311943e+00   
   1379   5.513406e+00  3.347670e+00   
   1380   6.019511e+00  3.300255e+00   
   1381   4.446427e+00  3.344191e+00   
   1382   4.946666e+00  3.372148e+00   
   1383   5.046839e+00  3.372754e+00   
   1384   5.431150e+00  3.365324e+00   
   1385   5.114594e+00  3.382836e+00   
   1386   4.644540e+00  3.373618e+00   
   1387   5.348894e+00  3.382977e+00   
   1388   5.265622e+00  3.387948e+00   
   1389   6.314943e+00  3.280923e+00   
   1390   5.633125e+00  3.369606e+00   
   1391   5.182349e+00  3.392918e+00   
   1392   4.801787e+00  3.393256e+00   
   1393   6.864407e+00  3.177806e+00   
   1394   6.590799e+00  3.247668e+00   
   1395   5.900655e+00  3.366923e+00   
   1396   5.008016e+00  3.429368e+00   
   1397   5.539714e+00  3.427041e+00   
   1398   6.198086e+00  3.352512e+00   
   1399   4.322034e+00  3.412728e+00   
   1400   5.088260e+00  3.452575e+00   
   1401   4.875425e+00  3.456872e+00   
   1402   5.445541e+00  3.450426e+00   
   1403   6.488542e+00  3.324185e+00   
   1404   5.781800e+00  3.433591e+00   
   1405   6.762712e+00  3.269454e+00   
   1406   5.168503e+00  3.475782e+00   
   1407   4.532405e+00  3.460445e+00   
   1408   5.259935e+00  3.474796e+00   
   1409   4.718259e+00  3.471582e+00   
   1410   5.351367e+00  3.473810e+00   
   1411   6.081230e+00  3.424101e+00   
   1412   5.674161e+00  3.487468e+00   
   1413   4.949062e+00  3.520487e+00   
   1414   6.386285e+00  3.400701e+00   
   1415   6.661017e+00  3.361103e+00   
   1416   4.804184e+00  3.541595e+00   
   1417   5.959147e+00  3.489556e+00   
   1418   5.038928e+00  3.550742e+00   
   1419   5.566522e+00  3.541345e+00   
   1420   4.420270e+00  3.547273e+00   
   1421   5.457603e+00  3.564853e+00   
   1422   6.266614e+00  3.476831e+00   
   1423   5.128794e+00  3.580997e+00   
   1424   5.238739e+00  3.584678e+00   
   1425   4.618383e+00  3.576700e+00   
   1426   5.348684e+00  3.588360e+00   
   1427   6.559322e+00  3.440791e+00   
   1428   5.837064e+00  3.555012e+00   
   1429   4.890108e+00  3.611607e+00   
   1430   6.146942e+00  3.552960e+00   
   1431   5.715197e+00  3.605330e+00   
   1432   4.989596e+00  3.648909e+00   
   1433   6.457627e+00  3.520480e+00   
   1434   4.713922e+00  3.655146e+00   
   1435   5.593331e+00  3.655648e+00   
   1436   6.020025e+00  3.620741e+00   
   1437   5.089084e+00  3.686211e+00   
   1438   5.469666e+00  3.679280e+00   
   1439   5.217543e+00  3.694561e+00   
   1440   4.518507e+00  3.681818e+00   
   1441   5.346001e+00  3.702911e+00   
   1442   6.335141e+00  3.601149e+00   
   1443   5.893108e+00  3.688523e+00   
   1444   4.809461e+00  3.733592e+00   
   1445   6.212654e+00  3.681818e+00   
   1446   5.755904e+00  3.742195e+00   
   1447   4.914933e+00  3.776985e+00   
   1448   4.623660e+00  3.768697e+00   
   1449   5.618699e+00  3.795867e+00   
   1450   5.020405e+00  3.820378e+00   
   1451   6.080903e+00  3.751927e+00   
   1452   5.480596e+00  3.821698e+00   
   1453   5.181448e+00  3.833953e+00   
   1454   5.342492e+00  3.847528e+00   
   1455   4.728814e+00  3.855576e+00   
   1456   5.949153e+00  3.822035e+00   
   1457   4.840269e+00  3.905061e+00   
   1458   5.796610e+00  3.879061e+00   
   1459   4.951725e+00  3.954545e+00   
   1460   5.644068e+00  3.936086e+00   
   1461   5.145354e+00  3.973345e+00   
   1462   5.491525e+00  3.964116e+00   
   1463   5.338983e+00  3.992145e+00   
  END_COORDINATES
  BOUNDARIES, ELEMENT
    1         1399     1352     1378         1     
    2         1352     1291     1322         2     
    3         1440     1399     1420         3     
    4         1455     1440     1448         4     
    5         1459     1455     1457         5     
    6         1291     1201     1244         6     
    7         1201     1141     1171         7     
    8         1141     1088     1115         8     
    9         1088     1018     1050         9     
    10         1018     941     978         10     
    11         941     885     908         11     
    12         885     817     851         12     
    13         817     754     785         13     
    14         754     694     724         14     
    15         694     628     662         15     
    16         628     561     594         16     
    17         561     503     532         17     
    18         503     440     474         18     
    19         440     367     406         19     
    20         367     311     339         20     
    21         311     232     271         21     
    22         232     181     204         22     
    23         181     131     158         23     
    24         131     89     109         24     
    25         89     55     70         25     
    26         55     34     44         26     
    27         34     7     17         27     
    28         7     1     2         28     
    29         1463     1459     1461         29     
    30         1460     1463     1462         30     
    31         1456     1460     1458         31     
    32         1445     1456     1451         32     
    33         1433     1445     1442         33     
    34         1415     1433     1427         34     
    35         1393     1415     1405         35     
    36         1353     1393     1374         36     
    37         1319     1353     1337         37     
    38         1286     1319     1304         38     
    39         1236     1286     1262         39     
    40         1196     1236     1213         40     
    41         1161     1196     1179         41     
    42         1118     1161     1138         42     
    43         1078     1118     1100         43     
    44         1038     1078     1058         44     
    45         981     1038     1008         45     
    46         935     981     955         46     
    47         874     935     904         47     
    48         820     874     846         48     
    49         780     820     797         49     
    50         727     780     751         50     
    51         682     727     705         51     
    52         637     682     661         52     
    53         588     637     613         53     
    54         535     588     560         54     
    55         483     535     510         55     
    56         438     483     462         56     
    57         384     438     412         57     
    58         321     384     352         58     
    59         270     321     295         59     
    60         215     270     242         60     
    61         165     215     190         61     
    62         112     165     141         62     
    63         77     112     94         63     
    64         46     77     62         64     
    65         14     46     28         65     
    66         1     14     4         66     
  END_BOUNDARIES
  MATERIALS, NUMBER= 1, DEFAULT=1
  END_MATERIALS
  SUBDOMAINS
  END_SUBDOMAINS
  CHARACTERISTICS
  END_CHARACTERISTICS
