  NODES_PER_ELEMENT 
  1 10
  2 10
  3 10
  4 10
  5 10
  6 10
  7 10
  8 10
  9 10
  10 10
  11 10
  12 10
  13 10
  14 10
  15 10
  16 10
  17 10
  18 10
  19 10
  20 10
  21 10
  22 10
  23 10
  24 10
  25 10
  26 10
  27 10
  28 10
  29 10
  30 10
  31 10
  32 10
  33 10
  34 10
  35 10
  36 10
  37 10
  38 10
  39 10
  40 10
  41 10
  42 10
  43 10
  44 10
  45 10
  46 10
  47 10
  48 10
  49 10
  50 10
  51 10
  52 10
  53 10
  54 10
  55 10
  56 10
  57 10
  58 10
  59 10
  60 10
  61 10
  62 10
  63 10
  64 10
  65 10
  66 10
  67 10
  68 10
  69 10
  70 10
  71 10
  72 10
  73 10
  74 10
  75 10
  76 10
  77 10
  78 10
  79 10
  80 10
  81 10
  82 10
  83 10
  84 10
  85 10
  86 10
  87 10
  88 10
  89 10
  90 10
  91 10
  92 10
  93 10
  94 10
  95 10
  96 10
  97 10
  98 10
  99 10
  100 10
  101 10
  102 10
  103 10
  104 10
  105 10
  106 10
  107 10
  108 10
  109 10
  110 10
  111 10
  112 10
  113 10
  114 10
  115 10
  116 10
  117 10
  118 10
  119 10
  120 10
  121 10
  122 10
  123 10
  124 10
  125 10
  126 10
  127 10
  128 10
  129 10
  130 10
  END_NODES_PER_ELEMENT 
  ELEMENTS 
  1 1 2 3 4 5 6 7 8 9 10
  2 11 12 13 14 15 16 17 18 19 20
  3 21 22 23 24 25 26 27 28 29 30
  4 3 2 31 7 6 32 33 34 35 36
  5 1 3 37 9 8 38 39 40 41 42
  6 13 12 43 17 16 44 45 46 47 48
  7 11 13 49 19 18 50 51 52 53 54
  8 23 22 37 27 26 55 56 57 58 59
  9 21 23 60 29 28 61 62 63 64 65
  10 31 2 66 33 32 67 68 69 70 71
  11 31 66 72 70 69 73 74 75 76 77
  12 3 31 78 35 34 79 80 81 82 83
  13 60 23 84 62 61 85 86 87 88 89
  14 21 60 90 64 63 91 92 93 94 95
  15 90 60 96 92 91 97 98 99 100 101
  16 96 60 84 98 97 88 87 102 103 104
  17 90 96 105 100 99 106 107 108 109 110
  18 105 96 111 107 106 112 113 114 115 116
  19 111 96 117 113 112 118 119 120 121 122
  20 105 111 123 115 114 124 125 126 127 128
  21 117 96 84 119 118 103 102 129 130 131
  22 111 117 132 121 120 133 134 135 136 137
  23 43 12 138 45 44 139 140 141 142 143
  24 43 138 144 142 141 145 146 147 148 149
  25 13 43 150 47 46 151 152 153 154 155
  26 49 13 156 51 50 157 158 159 160 161
  27 11 49 162 53 52 163 164 165 166 167
  28 162 49 168 164 163 169 170 171 172 173
  29 168 49 174 170 169 175 176 177 178 179
  30 162 168 180 172 171 181 182 183 184 185
  31 180 168 186 182 181 187 188 189 190 191
  32 174 49 156 176 175 160 159 192 193 194
  33 174 156 195 193 192 196 197 198 199 200
  34 186 168 201 188 187 202 203 204 205 206
  35 180 186 207 190 189 208 209 210 211 212
  36 207 186 213 209 208 214 215 216 217 218
  37 195 156 219 197 196 220 221 222 223 224
  38 174 195 201 199 198 225 226 227 228 229
  39 174 201 168 228 227 203 202 178 177 230
  40 213 186 231 215 214 232 233 234 235 236
  41 207 213 237 217 216 238 239 240 241 242
  42 219 156 150 221 220 243 244 245 246 247
  43 219 150 248 246 245 249 250 251 252 253
  44 248 150 144 250 249 254 255 256 257 258
  45 219 248 259 252 251 260 261 262 263 264
  46 195 219 265 223 222 266 267 268 269 270
  47 144 150 43 255 254 152 151 148 147 271
  48 144 138 272 146 145 273 274 275 276 277
  49 248 144 278 257 256 279 280 281 282 283
  50 259 248 284 261 260 285 286 287 288 289
  51 219 259 265 263 262 290 291 267 266 292
  52 265 259 293 291 290 294 295 296 297 298
  53 293 259 299 295 294 300 301 302 303 304
  54 265 293 305 297 296 306 307 308 309 310
  55 299 259 284 301 300 288 287 311 312 313
  56 299 284 314 312 311 315 316 317 318 319
  57 314 284 320 316 315 321 322 323 324 325
  58 293 326 327 328 329 330 331 332 333 334
  59 305 293 335 307 306 336 337 338 339 340
  60 265 305 341 309 308 342 343 344 345 346
  61 195 265 341 269 268 345 344 347 348 349
  62 195 341 201 348 347 350 351 226 225 352
  63 132 117 353 134 133 354 355 356 357 358
  64 111 132 359 136 135 360 361 362 363 364
  65 335 293 327 337 336 333 332 365 366 367
  66 305 335 368 339 338 369 370 371 372 373
  67 341 305 374 343 342 375 376 377 378 379
  68 278 144 380 280 279 381 382 383 384 385
  69 278 380 320 384 383 386 387 388 389 390
  70 278 320 284 389 388 322 321 391 392 393
  71 248 278 284 282 281 392 391 286 285 394
  72 78 31 395 80 79 396 397 398 399 400
  73 3 78 84 82 81 401 402 403 404 405
  74 84 23 3 86 85 406 407 404 403 408
  75 13 150 156 154 153 244 243 158 157 409
  76 353 117 410 355 354 411 412 413 414 415
  77 359 132 416 361 360 417 418 419 420 421
  78 368 335 422 370 369 423 424 425 426 427
  79 374 305 368 376 375 372 371 428 429 430
  80 132 353 431 357 356 432 433 434 435 436
  81 111 359 123 363 362 437 438 125 124 439
  82 123 359 440 438 437 441 442 443 444 445
  83 341 374 446 378 377 447 448 449 450 451
  84 395 31 72 397 396 76 75 452 453 454
  85 78 395 455 399 398 456 457 458 459 460
  86 410 117 84 412 411 130 129 461 462 463
  87 422 335 327 424 423 366 365 464 465 466
  88 446 374 467 448 447 468 469 470 471 472
  89 416 132 431 418 417 435 434 473 474 475
  90 431 353 476 433 432 477 478 479 480 481
  91 353 410 455 414 413 482 483 484 485 486
  92 455 410 78 483 482 487 488 459 458 489
  93 368 422 416 426 425 490 491 492 493 494
  94 416 422 359 491 490 495 496 420 419 497
  95 368 416 431 493 492 474 473 498 499 500
  96 341 446 201 450 449 501 502 351 350 503
  97 455 395 504 457 456 505 506 507 508 509
  98 467 374 431 469 468 510 511 512 513 514
  99 476 353 455 478 477 485 484 515 516 517
  100 504 395 518 506 505 519 520 521 522 523
  101 518 395 72 520 519 453 452 524 525 526
  102 504 518 527 522 521 528 529 530 531 532
  103 527 518 533 529 528 534 535 536 537 538
  104 533 518 72 535 534 525 524 539 540 541
  105 504 527 542 531 530 543 544 545 546 547
  106 542 527 548 544 543 549 550 551 552 553
  107 504 542 476 546 545 554 555 556 557 558
  108 476 542 467 555 554 559 560 561 562 563
  109 548 527 564 550 549 565 566 567 568 569
  110 542 548 570 552 551 571 572 573 574 575
  111 570 548 231 572 571 576 577 578 579 580
  112 542 570 467 574 573 581 582 560 559 583
  113 467 570 446 582 581 584 585 471 470 586
  114 431 476 467 480 479 562 561 513 512 587
  115 455 504 476 508 507 557 556 516 515 588
  116 272 380 144 589 590 382 381 276 275 591
  117 299 314 326 318 317 592 593 594 595 596
  118 299 326 293 595 594 329 328 303 302 597
  119 410 84 78 462 461 402 401 488 487 598
  120 374 368 431 429 428 499 498 511 510 599
  121 237 213 548 239 238 600 601 602 603 604
  122 359 422 440 496 495 605 606 442 441 607
  123 440 422 327 606 605 465 464 608 609 610
  124 446 570 231 585 584 579 578 611 612 613
  125 231 548 213 577 576 601 600 235 234 614
  126 231 186 201 233 232 205 204 615 616 617
  127 446 231 201 612 611 616 615 502 501 618
  128 533 564 527 619 620 566 565 537 536 621
  129 564 237 548 622 623 603 602 568 567 624
  130 23 37 3 58 57 39 38 407 406 625
  END_ELEMENTS 
  COORDINATES 
   1  6.254237  -3.962727
   2  6.762712  -3.624394
   3  5.952132  -3.276594
   4  6.423728666666666  -3.8499493333333334
   5  6.593220333333333  -3.737171666666667
   6  6.492518666666666  -3.5084606666666667
   7  6.222325333333333  -3.3925273333333332
   8  6.0528336666666664  -3.505305
   9  6.153535333333333  -3.734016
   10  6.323027  -3.621238333333333
   11  7.344781  2.989899
   12  6.928178  3.474747
   13  6.676683  2.837245
   14  7.205913333333333  3.151515
   15  7.067045666666667  3.313131
   16  6.844346333333333  3.262246333333333
   17  6.7605146666666665  3.0497456666666665
   18  6.8993823333333335  2.8881296666666665
   19  7.122081666666666  2.939014333333333
   20  6.983214  3.100630333333333
   21  4.348283  -3.313131
   22  4.728814  -3.811952
   23  5.020531  -3.194856
   24  4.475126666666667  -3.4794046666666665
   25  4.601970333333333  -3.645678333333333
   26  4.826053  -3.606253333333333
   27  4.923292  -3.400554666666667
   28  4.796448333333333  -3.234281
   29  4.572365666666667  -3.273706
   30  4.699209333333333  -3.4399796666666664
   31  6.79542  -2.888256
   32  6.773614666666666  -3.379014666666667
   33  6.7845173333333335  -3.1336353333333333
   34  6.514324  -3.017702
   35  6.2332279999999995  -3.147148
   36  6.503421333333333  -3.2630813333333335
   37  5.40678  -4.134105
   38  5.770348  -3.5624309999999997
   39  5.588564  -3.848268
   40  5.6892656666666666  -4.076979
   41  5.971751333333334  -4.019853
   42  5.871049666666667  -3.7911420000000002
   43  6.294392  3.26249
   44  6.716916  3.4039946666666667
   45  6.505654  3.333242333333333
   46  6.421822333333333  3.1207416666666665
   47  6.549252666666667  2.9789933333333334
   48  6.633084333333334  3.191494
   49  7.145767  2.322585
   50  6.8330443333333335  2.6656916666666666
   51  6.989405666666666  2.4941383333333333
   52  7.212105  2.545023
   53  7.278443  2.767461
   54  7.055743666666667  2.7165763333333337
   55  4.954802666666667  -3.9193363333333333
   56  5.1807913333333335  -4.026720666666667
   57  5.278030333333334  -3.821022
   58  5.149280666666667  -3.507939
   59  5.052041666666667  -3.7136376666666666
   60  4.579363  -2.656946
   61  4.873475  -3.0155526666666668
   62  4.726419  -2.8362493333333334
   63  4.502336333333333  -2.8756743333333334
   64  4.425309666666667  -3.0944026666666664
   65  4.649392333333334  -3.0549776666666664
   66  7.271186  -3.090817
   67  6.932203333333333  -3.446535
   68  7.101694666666667  -3.268676
   69  7.112597333333333  -3.0232966666666665
   70  6.954008666666667  -2.9557763333333336
   71  6.943106  -3.2011556666666667
   72  7.653055  -2.505051
   73  7.398475666666667  -2.8955616666666666
   74  7.525765333333333  -2.7003063333333333
   75  7.3671766666666665  -2.632786
   76  7.081298333333334  -2.7605210000000002
   77  7.239887  -2.828041333333333
   78  6.08568  -2.455736
   79  6.55884  -2.744082666666667
   80  6.32226  -2.599909333333333
   81  6.041164  -2.7293553333333334
   82  5.9966479999999995  -3.0029746666666663
   83  6.277743999999999  -2.8735286666666666
   84  5.224183  -2.457161
   85  5.088415  -2.948957666666667
   86  5.156299  -2.7030593333333335
   87  5.009243  -2.523756
   88  4.794303  -2.590351
   89  4.941358999999999  -2.7696543333333334
   90  4.050847  -2.595611
   91  4.403191  -2.636501
   92  4.227019  -2.616056
   93  4.1499923333333335  -2.8347843333333334
   94  4.249137666666667  -3.0739576666666664
   95  4.326164333333334  -2.8552293333333334
   96  4.384989  -2.024102
   97  4.514571666666667  -2.445998
   98  4.449780333333333  -2.23505
   99  4.273608333333334  -2.214605
   100  4.162227666666666  -2.405108
   101  4.338399666666667  -2.425553
   102  4.944451666666667  -2.312808
   103  4.664720333333333  -2.1684550000000002
   104  4.729511666666666  -2.3794030000000004
   105  3.874526  -1.858586
   106  4.2148346666666665  -1.96893
   107  4.044680333333333  -1.913758
   108  3.9332996666666666  -2.104261
   109  3.9920733333333334  -2.349936
   110  4.103454  -2.159433
   111  4.316738  -1.364683
   112  4.362238666666666  -1.8042956666666667
   113  4.339488333333334  -1.5844893333333334
   114  4.169334  -1.5293173333333334
   115  4.02193  -1.6939516666666667
   116  4.192084333333334  -1.7491236666666667
   117  4.95386  -1.631981
   118  4.574612666666667  -1.893395
   119  4.764236333333333  -1.762688
   120  4.741486  -1.5428816666666667
   121  4.529112  -1.4537823333333333
   122  4.551862333333333  -1.6735886666666666
   123  3.753183  -0.8888889
   124  4.128886333333333  -1.2060849666666666
   125  3.9410346666666665  -1.0474869333333334
   126  3.7936306666666666  -1.2121212666666668
   127  3.8340783333333333  -1.5353536333333335
   128  3.9814823333333336  -1.3707193
   129  5.1340753333333335  -2.1821010000000003
   130  5.043967666666666  -1.907041
   131  4.854344  -2.037748
   132  4.869828  -0.9393185
   133  4.925849333333333  -1.4010935
   134  4.897838666666667  -1.1702059999999999
   135  4.685464666666666  -1.0811066666666667
   136  4.501101333333334  -1.2228948333333334
   137  4.713475333333333  -1.3119941666666666
   138  6.259808  3.959596
   139  6.705388  3.636363333333333
   140  6.482597999999999  3.7979796666666665
   141  6.271336  3.7272273333333334
   142  6.282864  3.4948586666666666
   143  6.4941260000000005  3.565611
   144  5.620854  3.314459
   145  6.046823333333333  3.744550333333333
   146  5.833838666666666  3.5295046666666665
   147  5.845366666666666  3.297136
   148  6.069879333333334  3.279813
   149  6.058351333333333  3.5121816666666668
   150  5.986435  2.7264
   151  6.191739666666667  3.0837933333333334
   152  6.0890873333333335  2.9050966666666667
   153  6.216517666666666  2.763348333333333
   154  6.4466003333333335  2.8002966666666667
   155  6.31917  2.9420450000000002
   156  6.463185  2.171552
   157  6.605517  2.6153473333333332
   158  6.534351  2.3934496666666667
   159  6.690712333333334  2.2218963333333335
   160  6.918239666666667  2.272240666666667
   161  6.761878333333333  2.443794
   162  7.73769  2.343434
   163  7.343074666666666  2.3295346666666665
   164  7.5403823333333335  2.3364843333333334
   165  7.6067203333333335  2.5589223333333333
   166  7.475750666666666  2.7744106666666664
   167  7.409412666666667  2.5519726666666664
   168  7.463068  1.727168
   169  7.251534  2.124112666666667
   170  7.357301  1.9256403333333334
   171  7.554608666666667  1.93259
   172  7.646149333333333  2.138012
   173  7.448841666666667  2.1310623333333334
   174  6.769424  1.739776
   175  7.020319333333333  2.1283153333333336
   176  6.894871666666667  1.9340456666666668
   177  7.000638666666666  1.7355733333333334
   178  7.2318533333333335  1.7313706666666666
   179  7.126086333333333  1.929843
   180  8.004346  1.69697
   181  7.643494  1.7171020000000001
   182  7.82392  1.707036
   183  7.915460666666666  1.912458
   184  7.826575333333333  2.1279459999999997
   185  7.7350346666666665  1.9225240000000001
   186  7.699938  1.106792
   187  7.542024666666666  1.520376
   188  7.620981333333334  1.313584
   189  7.801407333333334  1.303518
   190  7.902876666666667  1.5002440000000001
   191  7.722450666666667  1.5103099999999998
   192  6.565264666666667  2.027626666666667
   193  6.667344333333333  1.8837013333333334
   194  6.7927919999999995  2.0779710000000002
   195  6.186278  1.665877
   196  6.370882666666667  2.002993666666667
   197  6.278580333333333  1.8344353333333334
   198  6.38066  1.69051
   199  6.575042  1.715143
   200  6.472962333333332  1.8590683333333333
   201  6.779434  1.19156
   202  7.23519  1.548632
   203  7.007312  1.370096
   204  7.086268666666667  1.163304
   205  7.393103333333333  1.135048
   206  7.314146666666666  1.3418400000000001
   207  8.20427  0.8888889
   208  7.868048666666667  1.0341576333333333
   209  8.036159333333334  0.9615232666666667
   210  8.137628666666666  1.1582492666666666
   211  8.070987333333333  1.4276096333333332
   212  7.969518000000001  1.2308836333333333
   213  7.711663  0.4413444
   214  7.703846333333334  0.8849761333333334
   215  7.707754666666666  0.6631602666666667
   216  7.875865333333333  0.5905259
   217  8.040067666666666  0.7397074
   218  7.871956999999999  0.8123417666666667
   219  5.773246  2.201091
   220  6.233205333333333  2.1813983333333336
   221  6.003225666666667  2.1912446666666665
   222  5.910923333333334  2.022686333333333
   223  6.048600666666666  1.8442816666666666
   224  6.140903000000001  2.01284
   225  6.3839966666666665  1.5077713333333334
   226  6.581715333333333  1.3496656666666667
   227  6.776097333333333  1.3742986666666666
   228  6.772760666666667  1.5570373333333334
   229  6.578378666666666  1.5324043333333333
   230  7.003975333333333  1.5528346666666666
   231  7.104751  0.4823615
   232  7.501542333333334  0.8986485
   233  7.303146666666667  0.6905049999999999
   234  7.307055  0.46868913333333334
   235  7.509359  0.4550167666666667
   236  7.505450666666667  0.6768326333333333
   237  8.278871  -0.08080808
   238  7.900732333333333  0.26729357333333337
   239  8.089801666666666  0.09324274666666665
   240  8.254004  0.24242424666666662
   241  8.229137  0.5656565733333332
   242  8.064934666666666  0.41647507333333333
   243  6.304268333333334  2.3565013333333336
   244  6.1453516666666665  2.5414506666666665
   245  5.9153720000000005  2.551297
   246  5.844309  2.376194
   247  6.074288666666667  2.3663476666666665
   248  5.318119  2.691712
   249  5.763663  2.714837333333333
   250  5.540891  2.7032746666666667
   251  5.469828000000001  2.5281716666666667
   252  5.621537  2.364631333333333
   253  5.6926  2.539734333333333
   254  5.864574666666667  2.9224196666666664
   255  5.742714333333333  3.1184393333333333
   256  5.519942333333333  3.1068766666666665
   257  5.419030666666667  2.899294333333333
   258  5.641802666666666  2.910857
   259  5.101247  2.034119
   260  5.245828333333334  2.4725143333333333
   261  5.173537666666666  2.2533166666666666
   262  5.325246666666667  2.0897763333333335
   263  5.5492463333333335  2.1454336666666665
   264  5.397537333333333  2.3089739999999996
   265  5.424221  1.597018
   266  5.656904333333333  1.9997333333333334
   267  5.540562666666667  1.7983756666666666
   268  5.67824  1.619971
   269  5.932259  1.642924
   270  5.794581666666667  1.8213286666666668
   271  5.967227  3.101116333333333
   272  5.576271  4.142097
   273  6.031962333333333  4.020429666666667
   274  5.804116666666666  4.081263333333333
   275  5.591132  3.8662176666666666
   276  5.605993  3.590338333333333
   277  5.818977666666666  3.805384
   278  4.924278  3.268128
   279  5.388662  3.299015333333333
   280  5.15647  3.2835716666666666
   281  5.055558333333334  3.0759893333333332
   282  5.186838666666667  2.8838506666666666
   283  5.287750333333334  3.091433
   284  4.702781  2.68138
   285  5.113006333333334  2.688268
   286  4.907893666666666  2.684824
   287  4.835603  2.4656263333333333
   288  4.968425  2.2498726666666666
   289  5.040715666666666  2.4690703333333333
   290  5.208905  1.8884186666666667
   291  5.316563  1.7427183333333334
   292  5.4329046666666665  1.9440760000000001
   293  4.622483  1.47845
   294  4.941659  1.848896
   295  4.782071  1.663673
   296  4.889729  1.5179726666666666
   297  5.156975  1.5574953333333335
   298  5.049316999999999  1.7031956666666666
   299  4.410039  2.04226
   300  4.870844333333333  2.0368326666666667
   301  4.640441666666667  2.0395463333333335
   302  4.4808536666666665  1.8543233333333335
   303  4.551668333333334  1.6663866666666667
   304  4.711256333333334  1.8516096666666666
   305  5.22901  0.9338986
   306  4.824658666666666  1.2969328666666666
   307  5.026834333333333  1.1154157333333334
   308  5.2940803333333335  1.1549384
   309  5.359150666666666  1.3759782
   310  5.091904666666667  1.3364555333333332
   311  4.605200333333333  2.46834
   312  4.507619666666667  2.2553
   313  4.738022333333333  2.2525863333333334
   314  4.073176  2.666667
   315  4.492912666666666  2.6764756666666667
   316  4.283044333333334  2.671571333333333
   317  4.185463666666667  2.458531333333333
   318  4.297751333333333  2.250395666666667
   319  4.395332  2.463435666666667
   320  4.389831  3.385396
   321  4.598464333333333  2.916052
   322  4.494147666666667  3.150724
   323  4.284279333333333  3.1458196666666667
   324  4.178727666666667  2.9062433333333333
   325  4.388596  2.9111476666666665
   326  3.881356  1.894751
   327  3.76668  1.050505
   328  4.375440666666666  1.6172170000000001
   329  4.128398333333333  1.755984
   330  3.8431306666666667  1.6133356666666667
   331  3.804905333333333  1.3319203333333334
   332  4.051947666666667  1.1931533333333333
   333  4.337215333333333  1.3358016666666668
   334  4.090173  1.4745686666666666
   335  4.595208  0.7939519
   336  4.613391333333333  1.2502839666666667
   337  4.604299666666667  1.0221179333333335
   338  4.806475333333333  0.8406008
   339  5.017742666666667  0.8872497
   340  4.815567000000001  1.0687668333333333
   341  5.908158  1.094262
   342  5.455392666666667  0.9873530666666667
   343  5.681775333333333  1.0408075333333333
   344  5.746845666666667  1.2618473333333333
   345  5.585533333333333  1.4294326666666668
   346  5.5204629999999995  1.2083928666666668
   347  6.000864666666667  1.2848003333333333
   348  6.093571333333333  1.4753386666666668
   349  5.839552333333334  1.452385666666667
   350  6.198583333333334  1.1266946666666666
   351  6.489008666666667  1.1591273333333334
   352  6.29129  1.317233
   353  5.511115  -1.279827
   354  5.139611666666666  -1.5145963333333332
   355  5.325363333333334  -1.3972116666666667
   356  5.297352666666667  -1.1663241666666666
   357  5.083590333333333  -1.0528213333333334
   358  5.111601  -1.2837088333333333
   359  4.293138  -0.5372656
   360  4.677598  -0.8053008666666667
   361  4.485368  -0.6712832333333334
   362  4.301004666666667  -0.8130714000000001
   363  4.308871333333333  -1.0888772000000002
   364  4.493234666666666  -0.9470890333333334
   365  4.0428560000000004  0.9649873
   366  4.319032  0.8794696000000001
   367  4.3281236666666665  1.1076356333333335
   368  5.006191  0.2708814
   369  4.732202333333333  0.6195950666666667
   370  4.869196666666667  0.4452382333333334
   371  5.080464  0.49188713333333334
   372  5.154737  0.7128928666666667
   373  4.943469666666666  0.6662439666666667
   374  5.707895  0.4240867
   375  5.388638333333333  0.7639613
   376  5.548266666666667  0.5940239999999999
   377  5.7746493333333335  0.6474784666666666
   378  5.841403666666666  0.8708702333333334
   379  5.615021  0.8174157666666667
   380  4.898305  3.945328
   381  5.380004333333333  3.5247486666666665
   382  5.139154666666666  3.7350383333333332
   383  4.906962666666667  3.7195946666666666
   384  4.915620333333333  3.4938613333333333
   385  5.147812333333333  3.509305
   386  4.7288136666666665  3.758684
   387  4.559322333333333  3.57204
   388  4.56798  3.3463066666666665
   389  4.746129  3.3072173333333335
   390  4.737471333333333  3.532950666666667
   391  4.776613333333334  2.8769626666666666
   392  4.850445666666666  3.0725453333333332
   393  4.672296666666667  3.1116346666666668
   394  4.981726  2.880406666666667
   395  6.756347  -2.230064
   396  6.782395666666667  -2.668858666666667
   397  6.769371333333333  -2.4494613333333333
   398  6.532791333333333  -2.305288
   399  6.309235666666667  -2.380512
   400  6.545815666666667  -2.5246853333333337
   401  5.798514333333333  -2.456211
   402  5.511348666666667  -2.456686
   403  5.466832666666667  -2.7303053333333334
   404  5.709482333333333  -3.0034496666666666
   405  5.753998333333333  -2.7298303333333336
   406  5.331064666666666  -3.222102
   407  5.6415983333333335  -3.249348
   408  5.398948666666667  -2.9762036666666667
   409  6.375434333333334  2.5783989999999997
   410  5.592726  -1.959911
   411  5.166815333333333  -1.741291
   412  5.3797706666666665  -1.850601
   413  5.565522333333333  -1.7332163333333332
   414  5.538318666666667  -1.5065216666666668
   415  5.352567  -1.6239063333333332
   416  4.77893  -0.2453875
   417  4.839528666666666  -0.7080081666666667
   418  4.809229333333334  -0.4766978333333333
   419  4.616999333333333  -0.3426802
   420  4.455068666666667  -0.4399729
   421  4.647298666666667  -0.5739905333333334
   422  4.351674  0.2360237
   423  4.51403  0.6079758333333334
   424  4.4328520000000005  0.42199976666666666
   425  4.5698463333333335  0.24764293333333334
   426  4.788018666666667  0.2592621666666667
   427  4.651024333333333  0.43361900000000003
   428  5.240092333333333  0.3219498333333333
   429  5.473993666666667  0.37301826666666665
   430  5.314365333333334  0.5429555666666667
   431  5.455335  -0.4077887
   432  5.492521666666667  -0.9891475666666667
   433  5.473928333333333  -0.6984681333333334
   434  5.260166  -0.5849653
   435  5.064997  -0.7621419
   436  5.278759333333333  -0.8756447333333334
   437  4.113153  -0.6544733666666667
   438  3.9331679999999998  -0.7716811333333333
   439  4.121019666666666  -0.9302791666666668
   440  3.720279  0.08080808
   441  4.102185  -0.33124104
   442  3.911232  -0.12521648000000002
   443  3.731247  -0.24242424666666662
   444  3.742215  -0.5656565733333332
   445  3.9221999999999997  -0.4484488066666667
   446  6.401497  0.4961455
   447  5.939095666666667  0.4481063
   448  6.170296333333333  0.4721259
   449  6.237050666666667  0.6955176666666667
   450  6.0726043333333335  0.8948898333333334
   451  6.00585  0.6714980666666667
   452  7.354152333333333  -2.4133886666666666
   453  7.055249666666667  -2.3217263333333333
   454  7.068274  -2.541123666666667
   455  6.135892  -1.742613
   456  6.549528666666666  -2.0675803333333334
   457  6.342710333333334  -1.9050966666666667
   458  6.119154666666667  -1.9803206666666666
   459  6.102417333333333  -2.2180283333333333
   460  6.325973  -2.1428043333333338
   461  5.347030666666667  -2.291411
   462  5.469878333333333  -2.125661
   463  5.256923  -2.016351
   464  3.961678  0.7790112333333334
   465  4.156676  0.5075174666666668
   466  4.237854  0.6934935333333333
   467  6.188288  -0.08500556
   468  5.8680259999999995  0.25438928
   469  6.028157  0.08469186000000001
   470  6.259357666666666  0.10871146000000002
   471  6.330427333333334  0.30242848000000006
   472  6.099226666666667  0.27840888
   473  5.229866666666666  -0.3536549666666667
   474  5.0043983333333335  -0.29952123333333336
   475  5.034697666666667  -0.5308315666666666
   476  6.125095  -0.9999511
   477  5.715775  -1.1865350333333333
   478  5.920435  -1.0932430666666666
   479  5.901841666666667  -0.8025636333333334
   480  5.678588333333333  -0.6051761666666666
   481  5.697181666666666  -0.8958556
   482  5.773781333333333  -1.8874783333333334
   483  5.954836666666667  -1.8150456666666666
   484  5.927633  -1.588351
   485  5.719374  -1.434089
   486  5.746577666666667  -1.6607836666666664
   487  5.757044  -2.125186
   488  5.921362  -2.290461
   489  5.938099333333334  -2.0527533333333334
   490  4.494092666666667  0.07555329999999999
   491  4.636511333333333  -0.08491710000000002
   492  4.854683666666666  -0.07329786666666666
   493  4.930437333333334  0.0987917666666667
   494  4.7122649999999995  0.08717253333333334
   495  4.332162  -0.02173940000000002
   496  4.31265  -0.27950250000000004
   497  4.474580666666667  -0.1822098
   498  5.305620333333334  -0.18156533333333336
   499  5.1559056666666665  0.04465803333333329
   500  5.080152  -0.1274316
   501  6.527476  0.7279503333333334
   502  6.653455  0.9597551666666666
   503  6.363029666666667  0.9273224999999999
   504  6.74439  -1.530187
   505  6.752361333333333  -1.9967716666666666
   506  6.748375666666667  -1.7634793333333334
   507  6.5415573333333334  -1.6009956666666667
   508  6.338724666666667  -1.6718043333333332
   509  6.5455429999999994  -1.834288
   510  5.623708333333333  0.1467949
   511  5.5395216666666665  -0.13049689999999997
   512  5.699652666666666  -0.30019432
   513  5.943970333333334  -0.19259994
   514  5.783839333333333  -0.02290252
   515  6.132293  -1.4950590333333333
   516  6.128694  -1.2475050666666667
   517  5.924034  -1.3407970333333334
   518  7.356498  -1.86977
   519  6.956397333333333  -2.109966
   520  7.156447666666667  -1.989868
   521  7.152462  -1.7565756666666665
   522  6.948426  -1.6433813333333334
   523  6.952411666666667  -1.8766736666666668
   524  7.554202666666667  -2.2932906666666666
   525  7.4553503333333335  -2.0815303333333333
   526  7.255300000000001  -2.2016283333333333
   527  7.344534  -1.169874
   528  7.3525100000000005  -1.6364713333333334
   529  7.348522  -1.4031726666666666
   530  7.144486000000001  -1.2899783333333334
   531  6.944438  -1.4100826666666666
   532  7.148474  -1.523277
   533  7.949788  -1.858586
   534  7.554261333333334  -1.866042
   535  7.752024666666666  -1.862314
   536  7.748036666666667  -1.6290153333333335
   537  7.5462853333333335  -1.3994446666666667
   538  7.550273333333334  -1.6327433333333332
   539  7.751966  -2.289562666666667
   540  7.850877  -2.0740743333333334
   541  7.653113666666667  -2.077802333333333
   542  6.73385  -0.6961825
   543  7.140972666666667  -1.0119768333333334
   544  6.937411333333333  -0.8540796666666668
   545  6.737363333333334  -0.9741839999999999
   546  6.740876666666667  -1.2521855
   547  6.9409246666666675  -1.1320811666666666
   548  7.332567  -0.4699761
   549  7.3405450000000005  -0.9365747000000001
   550  7.336556  -0.7032754000000001
   551  7.132994666666667  -0.5453782333333334
   552  6.933422333333334  -0.6207803666666667
   553  7.136983666666667  -0.7786775333333334
   554  6.530931666666667  -0.7974387000000001
   555  6.328013333333334  -0.8986949
   556  6.331526666666667  -1.1766964
   557  6.537958333333333  -1.3534416999999999
   558  6.534445000000001  -1.0754402
   559  6.551996  -0.49245685333333333
   560  6.370142  -0.2887312066666667
   561  6.167223666666667  -0.38998740666666665
   562  6.146159333333333  -0.6949692533333334
   563  6.349077666666666  -0.5937130533333334
   564  8.175171  -1.050505
   565  7.621413  -1.1300843333333335
   566  7.8982920000000005  -1.0902946666666666
   567  7.894303000000001  -0.8569953666666666
   568  7.613435  -0.6634857333333333
   569  7.617424  -0.8967850333333334
   570  6.720454  -0.1303916
   571  7.128529333333334  -0.35678126666666665
   572  6.9244916666666665  -0.24358643333333332
   573  6.724919333333333  -0.3189885666666667
   574  6.729384666666667  -0.5075855333333334
   575  6.9289570000000005  -0.43218340000000005
   576  7.2566283333333335  -0.15253023333333332
   577  7.180689666666667  0.16491563333333337
   578  6.9766520000000005  0.2781104666666667
   579  6.848553  0.07385943333333339
   580  7.052590666666667  -0.03933540000000002
   581  6.543065333333334  -0.11526291999999999
   582  6.365676666666666  -0.10013424
   583  6.547530666666667  -0.3038598866666667
   584  6.614135  0.0784541
   585  6.507816  0.2872998
   586  6.436746333333333  0.09358278000000002
   587  5.922906  -0.4975817866666666
   588  6.335125666666667  -1.4242503666666666
   589  5.350282333333333  4.076507333333333
   590  5.1242936666666665  4.010917666666667
   591  5.365143333333333  3.8006279999999997
   592  4.009236  2.4093616666666664
   593  3.945296  2.1520563333333333
   594  4.057583666666667  1.9439206666666669
   595  4.233811333333334  1.9930903333333334
   596  4.1215236666666675  2.201226
   597  4.304626  1.8051536666666668
   598  5.634196333333333  -2.290936
   599  5.389807  0.09572646666666666
   600  7.5852976666666665  0.13757090000000005
   601  7.458932333333333  -0.16620259999999992
   602  7.648001666666667  -0.3402534266666667
   603  7.963436333333334  -0.21053075333333332
   604  7.774367000000001  -0.03647992666666666
   605  4.141209  0.18428516
   606  3.9307440000000002  0.13254662
   607  4.121697  -0.07347794
   608  3.751213  0.7272726933333333
   609  3.7357460000000002  0.40404038666666664
   610  3.9462110000000004  0.4557789266666667
   611  6.8703330000000005  0.4869561666666667
   612  6.635915  0.4915508333333333
   613  6.742234  0.2827051333333333
   614  7.382993666666667  0.15124326666666668
   615  6.887873  0.9551605
   616  6.9963120000000005  0.718761
   617  7.194707666666666  0.9269045
   618  6.761894000000001  0.7233556666666666
   619  8.024915666666667  -1.5892256666666666
   620  8.100043333333334  -1.3198653333333334
   621  7.823164333333334  -1.359655
   622  8.209737666666667  -0.7272726933333333
   623  8.244304333333334  -0.40404038666666664
   624  7.928869666666667  -0.53376306
   625  5.459814333333333  -3.535185
  END_COORDINATES 
  BOUNDARIES, ELEMENT 
    1 1 2 4 5 1
    2 11 12 14 15 2
    3 21 22 24 25 3
    4 37 1 40 41 5
    5 22 37 55 56 8
    6 2 66 67 68 10
    7 66 72 73 74 11
    8 90 21 93 94 14
    9 105 90 108 109 17
    10 123 105 126 127 20
    11 12 138 139 140 23
    12 162 11 165 166 27
    13 180 162 183 184 30
    14 207 180 210 211 35
    15 237 207 240 241 41
    16 138 272 273 274 48
    17 320 314 323 324 57
    18 326 327 330 331 58
    19 380 320 386 387 69
    20 440 123 443 444 82
    21 72 533 539 540 104
    22 272 380 589 590 116
    23 314 326 592 593 117
    24 327 440 608 609 123
    25 533 564 619 620 128
    26 564 237 622 623 129
  END_BOUNDARIES 
  MATERIALS, NUMBER= 1, DEFAULT=1 
  END_MATERIALS 
  SUBDOMAINS 
  END_SUBDOMAINS 
  CHARACTERISTICS 
  END_CHARACTERISTICS 
