  NODES_PER_ELEMENT
   1 4
   2 4
   3 4
   4 4
   5 4
   6 4
   7 4
   8 4
   9 4
   10 4
   11 4
   12 4
   13 4
   14 4
   15 4
   16 4
   17 4
   18 4
   19 4
   20 4
   21 4
   22 4
   23 4
   24 4
   25 4
   26 4
   27 4
   28 4
   29 4
   30 4
   31 4
   32 4
   33 4
   34 4
   35 4
   36 4
   37 4
   38 4
   39 4
   40 4
   41 4
   42 4
   43 4
   44 4
   45 4
   46 4
   47 4
   48 4
   49 4
   50 4
   51 4
   52 4
   53 4
   54 4
   55 4
   56 4
   57 4
   58 4
   59 4
   60 4
   61 4
   62 4
   63 4
   64 4
   65 4
   66 4
   67 4
   68 4
   69 4
   70 4
   71 4
   72 4
   73 4
   74 4
   75 4
   76 4
   77 4
   78 4
   79 4
   80 4
   81 4
   82 4
   83 4
   84 4
   85 4
   86 4
   87 4
   88 4
   89 4
   90 4
   91 4
   92 4
   93 4
   94 4
   95 4
   96 4
   97 4
   98 4
   99 4
   100 4
   101 4
   102 4
   103 4
   104 4
   105 4
   106 4
   107 4
   108 4
   109 4
   110 4
   111 4
   112 4
   113 4
   114 4
   115 4
   116 4
   117 4
   118 4
   119 4
   120 4
   121 4
   122 4
   123 4
   124 4
   125 4
   126 4
   127 4
   128 4
   129 4
   130 4
   131 4
   132 4
   133 4
   134 4
   135 4
   136 4
   137 4
   138 4
   139 4
   140 4
   141 4
   142 4
   143 4
   144 4
   145 4
   146 4
   147 4
   148 4
   149 4
   150 4
   151 4
   152 4
   153 4
   154 4
   155 4
   156 4
   157 4
   158 4
   159 4
   160 4
   161 4
   162 4
   163 4
   164 4
   165 4
   166 4
   167 4
   168 4
   169 4
   170 4
  END_NODES_PER_ELEMENT
  ELEMENTS
  1 198 199 190 175  
  2 108 112 114 104  
  3 190 186 173 175  
  4 186 184 176 173  
  5 184 185 178 176  
  6 185 188 180 178  
  7 188 192 182 180  
  8 192 195 189 182  
  9 195 197 196 189  
  10 163 152 144 159  
  11 156 159 144 146  
  12 197 202 200 196  
  13 152 143 132 144  
  14 158 156 146 150  
  15 102 108 104 96  
  16 160 158 150 147  
  17 165 160 147 157  
  18 170 165 157 167  
  19 179 170 167 174  
  20 187 179 174 183  
  21 194 187 183 193  
  22 201 194 193 200  
  23 204 201 200 203  
  24 200 202 205 203  
  25 204 203 205 206  
  26 153 175 173 161  
  27 145 153 161 148  
  28 140 145 148 139  
  29 135 140 139 133  
  30 128 135 133 125  
  31 124 128 125 122  
  32 121 124 122 116  
  33 118 121 116 111  
  34 114 118 111 109  
  35 91 102 96 90  
  36 82 91 90 84  
  37 74 82 84 75  
  38 65 74 75 66  
  39 57 65 66 56  
  40 48 57 56 46  
  41 43 48 46 39  
  42 37 43 39 34  
  43 29 37 34 26  
  44 21 29 26 19  
  45 15 21 19 12  
  46 10 15 12 7  
  47 143 130 110 132  
  48 130 117 94 110  
  49 117 98 89 94  
  50 98 92 83 89  
  51 92 85 77 83  
  52 85 80 71 77  
  53 80 73 64 71  
  54 73 67 59 64  
  55 67 60 55 59  
  56 60 52 49 55  
  57 3 10 7 5  
  58 1 3 5 2  
  59 4 1 2 6  
  60 8 4 6 11  
  61 14 8 11 16  
  62 22 14 16 23  
  63 30 22 23 31  
  64 52 41 40 49  
  65 41 30 31 40  
  66 196 200 193 191  
  67 146 144 132 136  
  68 150 146 136 147  
  69 189 196 191 181  
  70 182 189 181 177  
  71 180 182 177 172  
  72 178 180 172 169  
  73 176 178 169 164  
  74 173 176 164 161  
  75 148 161 164 151  
  76 139 148 151 137  
  77 133 139 137 129  
  78 125 133 129 123  
  79 122 125 123 115  
  80 116 122 115 107  
  81 111 116 107 105  
  82 193 183 181 191  
  83 183 174 171 181  
  84 174 167 162 171  
  85 167 157 149 162  
  86 157 147 138 149  
  87 7 12 9 5  
  88 12 19 17 9  
  89 55 49 51 59  
  90 19 26 25 17  
  91 26 34 32 25  
  92 34 39 38 32  
  93 39 46 47 38  
  94 46 56 58 47  
  95 56 66 68 58  
  96 66 75 78 68  
  97 75 84 86 78  
  98 84 90 93 86  
  99 90 96 97 93  
  100 96 104 103 97  
  101 109 111 105 103  
  102 104 114 109 103  
  103 6 2 5 9  
  104 11 6 9 13  
  105 49 40 44 51  
  106 64 59 51 54  
  107 71 64 54 62  
  108 77 71 62 69  
  109 83 77 69 76  
  110 89 83 76 79  
  111 94 89 79 87  
  112 110 94 87 95  
  113 132 110 95 120  
  114 16 11 13 20  
  115 23 16 20 27  
  116 31 23 27 35  
  117 40 31 35 44  
  118 103 105 101 97  
  119 105 107 100 101  
  120 107 115 106 100  
  121 97 101 100 93  
  122 115 123 113 106  
  123 123 129 126 113  
  124 129 137 141 126  
  125 137 151 154 141  
  126 151 164 169 154  
  127 169 172 166 154  
  128 177 181 171 168  
  129 172 177 168 166  
  130 171 162 155 168  
  131 168 155 154 166  
  132 147 136 131 138  
  133 136 132 120 131  
  134 162 149 142 155  
  135 154 155 142 141  
  136 149 138 134 142  
  137 13 9 17 18  
  138 54 51 44 45  
  139 62 54 45 53  
  140 69 62 53 63  
  141 76 69 63 70  
  142 79 76 70 72  
  143 20 13 18 24  
  144 18 17 25 24  
  145 87 79 72 81  
  146 78 81 72 68  
  147 95 87 81 88  
  148 81 78 86 88  
  149 86 93 100 99  
  150 120 95 99 119  
  151 58 68 72 61  
  152 25 32 33 24  
  153 32 38 42 33  
  154 27 20 24 28  
  155 38 47 50 42  
  156 47 58 61 50  
  157 126 141 142 134  
  158 138 131 127 134  
  159 131 120 119 127  
  160 134 127 119 126  
  161 126 119 99 113  
  162 113 99 100 106  
  163 27 28 36 35  
  164 44 35 36 45  
  165 61 72 70 63  
  166 61 63 53 50  
  167 50 53 45 42  
  168 42 45 36 33  
  169 28 24 33 36  
  170 99 95 88 86  
  END_ELEMENTS  
  COORDINATES  
   1   4.935400e+00  4.719600e+00   
   2   5.052422e+00  4.175629e+00   
   3   4.324600e+00  4.337100e+00   
   4   5.753400e+00  4.534400e+00   
   5   4.745729e+00  3.860066e+00   
   6   5.460807e+00  3.944150e+00   
   7   4.486542e+00  3.538016e+00   
   8   6.152900e+00  4.230000e+00   
   9   5.109395e+00  3.387739e+00   
   10   4.125300e+00  3.585200e+00   
   11   5.884310e+00  3.684970e+00   
   12   4.588597e+00  3.168783e+00   
   13   5.624938e+00  3.186680e+00   
   14   6.552400e+00  3.925600e+00   
   15   4.115300e+00  3.078550e+00   
   16   6.289320e+00  3.380410e+00   
   17   5.095273e+00  2.776372e+00   
   18   5.483797e+00  2.786313e+00   
   19   4.608411e+00  2.669083e+00   
   20   6.014257e+00  2.888482e+00   
   21   4.105300e+00  2.571900e+00   
   22   6.976950e+00  3.552600e+00   
   23   6.685460e+00  3.034291e+00   
   24   5.725295e+00  2.394317e+00   
   25   5.172319e+00  2.256065e+00   
   26   4.637448e+00  2.158341e+00   
   27   6.395427e+00  2.592686e+00   
   28   6.150264e+00  2.274531e+00   
   29   4.105300e+00  2.064250e+00   
   30   7.401500e+00  3.179600e+00   
   31   7.073252e+00  2.611842e+00   
   32   5.229468e+00  1.683881e+00   
   33   5.800624e+00  1.762456e+00   
   34   4.663748e+00  1.621236e+00   
   35   6.726513e+00  2.169699e+00   
   36   6.330069e+00  1.836589e+00   
   37   4.105300e+00  1.556600e+00   
   38   5.281184e+00  1.095769e+00   
   39   4.686869e+00  1.076341e+00   
   40   7.470093e+00  2.056828e+00   
   41   7.906200e+00  2.464700e+00   
   42   5.911323e+00  1.111422e+00   
   43   4.105300e+00  1.048400e+00   
   44   7.092279e+00  1.631709e+00   
   45   6.637660e+00  1.135932e+00   
   46   4.699149e+00  5.209472e-01   
   47   5.301670e+00  4.914151e-01   
   48   4.105300e+00  5.402000e-01   
   49   7.826822e+00  1.517802e+00   
   50   5.925825e+00  4.515296e-01   
   51   7.538730e+00  1.169910e+00   
   52   8.269700e+00  1.684700e+00   
   53   6.544608e+00  3.781816e-01   
   54   7.285077e+00  7.035189e-01   
   55   8.035281e+00  1.170122e+00   
   56   4.697252e+00 -3.023613e-02   
   57   4.105300e+00  3.205000e-02   
   58   5.300522e+00 -1.025859e-01   
   59   7.947272e+00  8.325143e-01   
   60   8.331750e+00  1.160050e+00   
   61   5.915238e+00 -1.745309e-01   
   62   7.132412e+00  1.397959e-01   
   63   6.466869e+00 -2.023341e-01   
   64   7.823397e+00  3.743669e-01   
   65   4.105300e+00 -4.761000e-01   
   66   4.666028e+00 -5.791790e-01   
   67   8.393800e+00  6.354000e-01   
   68   5.268243e+00 -6.945562e-01   
   69   6.988162e+00 -3.821046e-01   
   70   6.419466e+00 -6.308823e-01   
   71   7.700971e+00 -1.338500e-01   
   72   5.958745e+00 -8.260254e-01   
   73   8.349750e+00  1.077000e-01   
   74   4.105300e+00 -9.837500e-01   
   75   4.611009e+00 -1.107623e+00   
   76   6.811545e+00 -8.359784e-01   
   77   7.534267e+00 -6.236337e-01   
   78   5.146244e+00 -1.257995e+00   
   79   6.494424e+00 -1.225386e+00   
   80   8.305700e+00 -4.200000e-01   
   81   5.695948e+00 -1.396701e+00   
   82   4.105300e+00 -1.491400e+00   
   83   7.327106e+00 -1.086906e+00   
   84   4.531040e+00 -1.601848e+00   
   85   8.102950e+00 -8.786000e-01   
   86   5.009369e+00 -1.817891e+00   
   87   6.174449e+00 -1.701295e+00   
   88   5.499689e+00 -1.798165e+00   
   89   7.031525e+00 -1.525803e+00   
   90   4.404854e+00 -1.986932e+00   
   91   4.105300e+00 -1.963520e+00   
   92   7.900200e+00 -1.337200e+00   
   93   4.678388e+00 -2.117476e+00   
   94   6.707079e+00 -1.983048e+00   
   95   5.793751e+00 -2.179903e+00   
   96   4.314935e+00 -2.279905e+00   
   97   4.501121e+00 -2.302881e+00   
   98   7.591300e+00 -1.795800e+00   
   99   5.201543e+00 -2.324681e+00   
   100   4.794062e+00 -2.371879e+00   
   101   4.605380e+00 -2.381036e+00   
   102   4.105300e+00 -2.373879e+00   
   103   4.406160e+00 -2.441401e+00   
   104   4.261086e+00 -2.452473e+00   
   105   4.516811e+00 -2.478028e+00   
   106   4.843904e+00 -2.521691e+00   
   107   4.635391e+00 -2.520793e+00   
   108   4.105300e+00 -2.503700e+00   
   109   4.345623e+00 -2.532221e+00   
   110   6.326962e+00 -2.431130e+00   
   111   4.417822e+00 -2.567749e+00   
   112   4.114600e+00 -2.546200e+00   
   113   5.006328e+00 -2.600183e+00   
   114   4.214100e+00 -2.577400e+00   
   115   4.720544e+00 -2.614764e+00   
   116   4.503736e+00 -2.623391e+00   
   117   7.282400e+00 -2.254400e+00   
   118   4.305300e+00 -2.627900e+00   
   119   5.404203e+00 -2.653547e+00   
   120   5.750976e+00 -2.635080e+00   
   121   4.384400e+00 -2.695800e+00   
   122   4.577331e+00 -2.709222e+00   
   123   4.815007e+00 -2.726474e+00   
   124   4.448300e+00 -2.778100e+00   
   125   4.642350e+00 -2.811047e+00   
   126   5.159152e+00 -2.834170e+00   
   127   5.499435e+00 -2.826540e+00   
   128   4.494300e+00 -2.871600e+00   
   129   4.884170e+00 -2.891976e+00   
   130   6.694213e+00 -2.711037e+00   
   131   5.690367e+00 -2.879003e+00   
   132   6.094093e+00 -2.839873e+00   
   133   4.680790e+00 -2.940919e+00   
   134   5.391611e+00 -2.963839e+00   
   135   4.520500e+00 -2.972500e+00   
   136   5.912966e+00 -3.001899e+00   
   137   4.880800e+00 -3.078190e+00   
   138   5.598091e+00 -3.052492e+00   
   139   4.688568e+00 -3.078844e+00   
   140   4.526000e+00 -3.076600e+00   
   141   5.098115e+00 -3.089622e+00   
   142   5.309764e+00 -3.142154e+00   
   143   6.266100e+00 -3.043400e+00   
   144   6.183522e+00 -3.088179e+00   
   145   4.510400e+00 -3.179600e+00   
   146   6.052895e+00 -3.125016e+00   
   147   5.810766e+00 -3.166051e+00   
   148   4.671224e+00 -3.218542e+00   
   149   5.500663e+00 -3.209884e+00   
   150   5.963110e+00 -3.181207e+00   
   151   4.852345e+00 -3.252317e+00   
   152   6.321999e+00 -3.159227e+00   
   153   4.474500e+00 -3.277500e+00   
   154   5.055424e+00 -3.305703e+00   
   155   5.254509e+00 -3.312882e+00   
   156   6.154900e+00 -3.229600e+00   
   157   5.670935e+00 -3.289566e+00   
   158   6.027800e+00 -3.253600e+00   
   159   6.265100e+00 -3.228600e+00   
   160   5.907600e+00 -3.302700e+00   
   161   4.645925e+00 -3.361941e+00   
   162   5.423860e+00 -3.355324e+00   
   163   6.363200e+00 -3.244600e+00   
   164   4.810461e+00 -3.407341e+00   
   165   5.799500e+00 -3.374800e+00   
   166   5.114952e+00 -3.421850e+00   
   167   5.577733e+00 -3.409915e+00   
   168   5.228989e+00 -3.448347e+00   
   169   4.960382e+00 -3.454037e+00   
   170   5.708400e+00 -3.466900e+00   
   171   5.368512e+00 -3.492148e+00   
   172   5.066837e+00 -3.516298e+00   
   173   4.627516e+00 -3.544382e+00   
   174   5.511999e+00 -3.534695e+00   
   175   4.352459e+00 -3.535436e+00   
   176   4.791168e+00 -3.561641e+00   
   177   5.181167e+00 -3.568701e+00   
   178   4.918032e+00 -3.588851e+00   
   179   5.637300e+00 -3.575100e+00   
   180   5.020177e+00 -3.627726e+00   
   181   5.314182e+00 -3.638405e+00   
   182   5.119091e+00 -3.675836e+00   
   183   5.464452e+00 -3.661618e+00   
   184   4.813900e+00 -3.706400e+00   
   185   4.900400e+00 -3.712000e+00   
   186   4.727900e+00 -3.716900e+00   
   187   5.589200e+00 -3.696200e+00   
   188   4.984300e+00 -3.733500e+00   
   189   5.212220e+00 -3.736716e+00   
   190   4.645300e+00 -3.743200e+00   
   191   5.347567e+00 -3.746426e+00   
   192   5.062800e+00 -3.770200e+00   
   193   5.442966e+00 -3.781544e+00   
   194   5.569200e+00 -3.793300e+00   
   195   5.133200e+00 -3.820900e+00   
   196   5.285833e+00 -3.822894e+00   
   197   5.192900e+00 -3.883600e+00   
   198   4.188200e+00 -3.882600e+00   
   199   4.491500e+00 -3.906500e+00   
   200   5.390645e+00 -3.924834e+00   
   201   5.564200e+00 -3.923500e+00   
   202   5.252600e+00 -3.982400e+00   
   203   5.408031e+00 -4.119576e+00   
   204   5.561148e+00 -4.173093e+00   
   205   5.272300e+00 -4.260800e+00   
   206   5.556600e+00 -4.545000e+00   
  END_COORDINATES
  BOUNDARIES, ELEMENT
    1         198     199         1     
    2         199     190         1     
    3         175     198         1     
    4         112     114         2     
    5         108     112         2     
    6         190     186         3     
    7         186     184         4     
    8         184     185         5     
    9         185     188         6     
    10         188     192         7     
    11         192     195         8     
    12         195     197         9     
    13         159     163         10     
    14         163     152         10     
    15         156     159         11     
    16         197     202         12     
    17         152     143         13     
    18         158     156         14     
    19         102     108         15     
    20         160     158         16     
    21         165     160         17     
    22         170     165         18     
    23         179     170         19     
    24         187     179         20     
    25         194     187         21     
    26         201     194         22     
    27         204     201         23     
    28         202     205         24     
    29         205     206         25     
    30         206     204         25     
    31         153     175         26     
    32         145     153         27     
    33         140     145         28     
    34         135     140         29     
    35         128     135         30     
    36         124     128         31     
    37         121     124         32     
    38         118     121         33     
    39         114     118         34     
    40         91     102         35     
    41         82     91         36     
    42         74     82         37     
    43         65     74         38     
    44         57     65         39     
    45         48     57         40     
    46         43     48         41     
    47         37     43         42     
    48         29     37         43     
    49         21     29         44     
    50         15     21         45     
    51         10     15         46     
    52         143     130         47     
    53         130     117         48     
    54         117     98         49     
    55         98     92         50     
    56         92     85         51     
    57         85     80         52     
    58         80     73         53     
    59         73     67         54     
    60         67     60         55     
    61         60     52         56     
    62         3     10         57     
    63         1     3         58     
    64         4     1         59     
    65         8     4         60     
    66         14     8         61     
    67         22     14         62     
    68         30     22         63     
    69         52     41         64     
    70         41     30         65     
  END_BOUNDARIES
  MATERIALS, NUMBER= 1, DEFAULT=1
  END_MATERIALS
  SUBDOMAINS
  END_SUBDOMAINS
  CHARACTERISTICS
  END_CHARACTERISTICS
