  NODES_PER_ELEMENT 
  1 10
  2 10
  3 10
  4 10
  5 10
  6 10
  7 10
  8 10
  9 10
  10 10
  11 10
  12 10
  13 10
  14 10
  15 10
  16 10
  17 10
  18 10
  19 10
  20 10
  21 10
  22 10
  23 10
  24 10
  25 10
  26 10
  27 10
  28 10
  29 10
  30 10
  31 10
  32 10
  33 10
  34 10
  35 10
  36 10
  37 10
  38 10
  39 10
  40 10
  41 10
  42 10
  43 10
  44 10
  45 10
  46 10
  47 10
  48 10
  49 10
  50 10
  51 10
  52 10
  53 10
  54 10
  55 10
  56 10
  57 10
  58 10
  59 10
  60 10
  61 10
  62 10
  63 10
  64 10
  65 10
  66 10
  67 10
  68 10
  69 10
  70 10
  71 10
  72 10
  73 10
  74 10
  75 10
  76 10
  77 10
  78 10
  79 10
  80 10
  81 10
  82 10
  83 10
  84 10
  85 10
  86 10
  87 10
  88 10
  89 10
  90 10
  91 10
  92 10
  93 10
  94 10
  95 10
  96 10
  97 10
  98 10
  99 10
  100 10
  101 10
  102 10
  103 10
  104 10
  105 10
  106 10
  107 10
  108 10
  109 10
  110 10
  111 10
  112 10
  113 10
  END_NODES_PER_ELEMENT 
  ELEMENTS 
  1 1 2 3 4 5 6 7 8 9 10
  2 11 12 13 14 15 16 17 18 19 20
  3 21 22 23 24 25 26 27 28 29 30
  4 31 32 33 34 35 36 37 38 39 40
  5 41 42 43 44 45 46 47 48 49 50
  6 3 2 51 7 6 52 53 54 55 56
  7 1 57 58 59 60 61 62 63 64 65
  8 66 67 68 69 70 71 72 73 74 75
  9 13 12 76 17 16 77 78 79 80 81
  10 11 13 82 19 18 83 84 85 86 87
  11 23 22 88 27 26 89 90 91 92 93
  12 21 23 94 29 28 95 96 97 98 99
  13 33 32 100 37 36 101 102 103 104 105
  14 31 33 106 39 38 107 108 109 110 111
  15 51 2 112 53 52 113 114 115 116 117
  16 51 112 66 116 115 118 119 120 121 122
  17 3 51 123 55 54 124 125 126 127 128
  18 43 42 129 47 46 130 131 132 133 134
  19 41 100 32 135 136 102 101 137 138 139
  20 68 67 140 72 71 141 142 143 144 145
  21 66 68 51 74 73 146 147 121 120 148
  22 76 12 149 78 77 150 151 152 153 154
  23 76 149 155 153 152 156 157 158 159 160
  24 155 149 161 157 156 162 163 164 165 166
  25 76 155 167 159 158 168 169 170 171 172
  26 13 76 173 80 79 174 175 176 177 178
  27 167 155 179 169 168 180 181 182 183 184
  28 76 167 173 171 170 185 186 175 174 187
  29 173 167 188 186 185 189 190 191 192 193
  30 188 167 194 190 189 195 196 197 198 199
  31 173 188 200 192 191 201 202 203 204 205
  32 194 167 179 196 195 183 182 206 207 208
  33 194 179 209 207 206 210 211 212 213 214
  34 209 179 215 211 210 216 217 218 219 220
  35 194 209 221 213 212 222 223 224 225 226
  36 188 194 227 198 197 228 229 230 231 232
  37 200 188 233 202 201 234 235 236 237 238
  38 173 200 239 204 203 240 241 242 243 244
  39 215 179 161 217 216 245 246 247 248 249
  40 209 215 250 219 218 251 252 253 254 255
  41 221 209 256 223 222 257 258 259 260 261
  42 194 221 227 225 224 262 263 229 228 264
  43 227 221 265 263 262 266 267 268 269 270
  44 265 221 271 267 266 272 273 274 275 276
  45 227 265 277 269 268 278 279 280 281 282
  46 271 221 256 273 272 260 259 283 284 285
  47 271 256 286 284 283 287 288 289 290 291
  48 286 256 292 288 287 293 294 295 296 297
  49 271 286 298 290 289 299 300 301 302 303
  50 265 271 304 275 274 305 306 307 308 309
  51 277 265 310 279 278 311 312 313 314 315
  52 227 277 233 281 280 316 317 318 319 320
  53 233 277 33 317 316 321 322 323 324 325
  54 292 256 250 294 293 326 327 328 329 330
  55 292 250 331 329 328 332 333 334 335 336
  56 286 292 337 296 295 338 339 340 341 342
  57 298 286 343 300 299 344 345 346 347 348
  58 271 298 304 302 301 349 350 306 305 351
  59 304 298 140 350 349 352 353 354 355 356
  60 331 250 357 333 332 358 359 360 361 362
  61 292 331 363 335 334 364 365 366 367 368
  62 94 23 363 96 95 369 370 371 372 373
  63 21 94 374 98 97 375 376 377 378 379
  64 374 94 380 376 375 381 382 383 384 385
  65 380 94 331 382 381 386 387 388 389 390
  66 374 380 391 384 383 392 393 394 395 396
  67 391 380 357 393 392 397 398 399 400 401
  68 123 51 343 125 124 402 403 404 405 406
  69 233 188 227 235 234 231 230 319 318 407
  70 239 200 43 241 240 408 409 410 411 412
  71 3 123 413 127 126 414 415 416 417 418
  72 200 233 100 237 236 419 420 421 422 423
  73 173 239 13 243 242 424 425 177 176 426
  74 13 239 82 425 424 427 428 84 83 429
  75 106 33 277 108 107 322 321 430 431 432
  76 250 215 357 252 251 433 434 359 358 435
  77 256 209 250 258 257 254 253 327 326 436
  78 31 106 437 110 109 438 439 440 441 442
  79 437 106 310 439 438 443 444 445 446 447
  80 265 304 310 308 307 448 449 312 311 450
  81 277 310 106 314 313 444 443 431 430 451
  82 337 292 363 339 338 367 366 452 453 454
  83 337 363 413 453 452 455 456 457 458 459
  84 286 337 343 341 340 460 461 345 344 462
  85 298 343 68 347 346 463 464 465 466 467
  86 68 343 51 464 463 403 402 147 146 468
  87 140 67 469 142 141 470 471 472 473 474
  88 68 140 298 144 143 353 352 466 465 475
  89 179 155 161 181 180 165 164 246 245 476
  90 331 357 380 361 360 398 397 389 388 477
  91 331 94 363 387 386 372 371 365 364 478
  92 413 123 337 415 414 479 480 458 457 481
  93 3 413 57 417 416 482 483 484 485 486
  94 100 233 33 420 419 324 323 104 103 487
  95 100 41 43 136 135 49 48 488 489 490
  96 200 100 43 422 421 489 488 409 408 491
  97 57 413 23 483 482 492 493 494 495 496
  98 3 57 1 485 484 60 59 9 8 497
  99 58 57 88 62 61 498 499 500 501 502
  100 391 357 503 400 399 504 505 506 507 508
  101 140 469 509 473 472 510 511 512 513 514
  102 509 469 515 511 510 516 517 518 519 520
  103 140 509 304 513 512 521 522 355 354 523
  104 304 509 310 522 521 524 525 449 448 526
  105 310 509 515 525 524 519 518 527 528 529
  106 503 357 215 505 504 434 433 530 531 532
  107 515 437 310 533 534 446 445 528 527 535
  108 337 123 343 480 479 405 404 461 460 536
  109 82 239 43 428 427 411 410 537 538 539
  110 129 82 43 540 541 538 537 133 132 542
  111 23 413 363 493 492 456 455 370 369 543
  112 503 215 161 531 530 248 247 544 545 546
  113 88 57 23 499 498 495 494 92 91 547
  END_ELEMENTS 
  COORDINATES 
   1  6.568074  -2.989899
   2  6.936144  -2.666667
   3  6.41642  -2.446029
   4  6.690764  -2.882155
   5  6.813454  -2.7744109999999997
   6  6.762902666666666  -2.593121
   7  6.589661333333333  -2.5195749999999997
   8  6.466971333333333  -2.627319
   9  6.517522666666666  -2.8086089999999997
   10  6.640212666666667  -2.700865
   11  4.565617  2.505051
   12  4.363482  2.020202
   13  4.867556  2.12918
   14  4.4982386666666665  2.3434346666666666
   15  4.430860333333333  2.181818333333333
   16  4.531506666666667  2.0565279999999997
   17  4.699531333333334  2.092854
   18  4.766909666666667  2.2544703333333334
   19  4.666263333333333  2.3797606666666664
   20  4.598885  2.218144333333333
   21  4.488417  -2.343434
   22  4.773956  -2.828283
   23  5.218162  -2.383196
   24  4.583596666666667  -2.505050333333333
   25  4.678776333333333  -2.6666666666666665
   26  4.922024666666667  -2.6799206666666664
   27  5.070093333333333  -2.5315583333333334
   28  4.974913666666667  -2.369942
   29  4.731665333333334  -2.3566879999999997
   30  4.826845  -2.518304333333333
   31  7.489057  1.858586
   32  7.197551  2.343434
   33  6.872534  1.639467
   34  7.391888333333333  2.020202
   35  7.2947196666666665  2.181818
   36  7.089212  2.1087783333333334
   37  6.980873  1.8741226666666666
   38  7.078041666666667  1.7125066666666666
   39  7.283549333333333  1.7855463333333335
   40  7.186380666666667  1.9471623333333332
   41  6.770405  2.828283
   42  6.300682  3.151515
   43  5.884504  2.600581
   44  6.613830666666667  2.9360269999999997
   45  6.4572563333333335  3.043771
   46  6.161956  2.9678703333333334
   47  6.02323  2.7842256666666665
   48  6.179804333333333  2.6764816666666666
   49  6.475104666666667  2.7523823333333333
   50  6.3185303333333325  2.8601263333333335
   51  6.916217  -1.866497
   52  6.929501666666666  -2.3999436666666667
   53  6.922859333333333  -2.1332203333333335
   54  6.749618  -2.059674333333333
   55  6.583018999999999  -2.2528516666666665
   56  6.756260333333333  -2.3263976666666664
   57  5.868706  -2.758505
   58  5.915254  -3.288971
   59  6.334951333333334  -2.9127676666666664
   60  6.101828666666667  -2.8356363333333334
   61  5.884222  -2.935327
   62  5.899738  -3.112149
   63  6.132860666666667  -3.1892803333333335
   64  6.3504673333333335  -3.0895896666666665
   65  6.117344666666667  -3.0124583333333335
   66  7.610169  -1.595424
   67  7.78926  -1.050505
   68  7.169498  -1.155991
   69  7.669866  -1.4137843333333333
   70  7.729563  -1.2321446666666667
   71  7.582672666666666  -1.085667
   72  7.376085333333333  -1.120829
   73  7.316388333333333  -1.3024686666666667
   74  7.463278666666667  -1.4489463333333332
   75  7.5229756666666665  -1.2673066666666666
   76  4.691725  1.523209
   77  4.472896333333334  1.8545376666666666
   78  4.582310666666666  1.6888733333333332
   79  4.750335333333333  1.7251993333333333
   80  4.808945666666667  1.9271896666666666
   81  4.6409210000000005  1.8908636666666663
   82  4.919072  2.989899
   83  4.884728  2.4160863333333333
   84  4.9019  2.7029926666666664
   85  4.801253666666667  2.828283
   86  4.683435333333333  2.666667
   87  4.784081666666666  2.5413766666666664
   88  5.237288  -3.212419
   89  4.9284  -2.9563283333333334
   90  5.082844000000001  -3.0843736666666666
   91  5.230912666666667  -2.9360113333333335
   92  5.224537333333334  -2.6596036666666665
   93  5.076468666666667  -2.807966
   94  4.829461  -1.677459
   95  5.088595000000001  -2.147950333333333
   96  4.959028  -1.9127046666666667
   97  4.715779666666667  -1.8994506666666666
   98  4.602098333333333  -2.1214423333333334
   99  4.845346666666667  -2.1346963333333333
   100  6.473395  2.103409
   101  6.956165666666666  2.2634256666666666
   102  6.714780333333334  2.1834173333333333
   103  6.606441333333334  1.9487616666666667
   104  6.739487666666666  1.7941143333333334
   105  6.847826666666666  2.02877
   106  7.194622  1.267402
   107  6.979896666666667  1.5154453333333333
   108  7.087259333333333  1.3914236666666666
   109  7.2927669999999996  1.4644633333333332
   110  7.390912  1.6615246666666668
   111  7.1854043333333335  1.5884850000000001
   112  7.307473  -2.181818
   113  7.059920333333333  -2.5050506666666665
   114  7.183696666666666  -2.343434333333333
   115  7.177054333333333  -2.076711
   116  7.046635666666666  -1.971604
   117  7.053277999999999  -2.2383273333333333
   118  7.408371666666667  -1.9863533333333332
   119  7.509270333333333  -1.7908886666666666
   120  7.378851666666667  -1.6857816666666667
   121  7.147534333333333  -1.7761393333333333
   122  7.277953  -1.8812463333333334
   123  6.341477  -1.82053
   124  6.7246369999999995  -1.8511746666666666
   125  6.533057  -1.8358523333333334
   126  6.366458  -2.0290296666666667
   127  6.391439  -2.2375293333333333
   128  6.558038  -2.044352
   129  5.576271  3.307042
   130  6.059211666666667  3.2033573333333334
   131  5.817741333333333  3.2551996666666665
   132  5.679015333333333  3.071555
   133  5.781759666666667  2.836068
   134  5.920485666666667  3.019712666666667
   135  6.671401666666667  2.5866583333333333
   136  6.572398333333333  2.3450336666666667
   137  7.055169  2.505050333333333
   138  6.912787  2.6666666666666665
   139  6.813783666666667  2.425042
   140  7.401169  -0.5950403
   141  7.659896333333333  -0.8986834333333333
   142  7.530532666666667  -0.7468618666666667
   143  7.3239453333333335  -0.7820238666666667
   144  7.246721666666667  -0.9690074333333334
   145  7.453309  -0.9338454333333334
   146  7.085071  -1.3928263333333333
   147  7.000643999999999  -1.6296616666666668
   148  7.2319613333333335  -1.5393039999999998
   149  4.200051  1.373737
   150  4.309005  1.8047136666666665
   151  4.2545280000000005  1.5892253333333333
   152  4.363942333333333  1.423561
   153  4.527833666666667  1.473385
   154  4.4184193333333335  1.6390493333333334
   155  4.640198  1.035556
   156  4.3467666666666664  1.26101
   157  4.493482333333334  1.148283
   158  4.6573736666666665  1.198107
   159  4.674549333333333  1.360658
   160  4.510658  1.3108339999999998
   161  4.099601  0.5656566
   162  4.1665676666666664  1.1043768666666667
   163  4.133084333333334  0.8350167333333333
   164  4.2798  0.7222897333333332
   165  4.459999  0.8789228666666666
   166  4.313283333333334  0.9916498666666667
   167  5.157009  1.152377
   168  4.812468333333333  1.0744963333333333
   169  4.984738666666667  1.1134366666666666
   170  5.001914333333334  1.2759876666666667
   171  4.846819666666667  1.3995983333333333
   172  4.829644  1.2370473333333334
   173  5.288579  1.57272
   174  4.890676333333333  1.5397126666666667
   175  5.089627666666667  1.5562163333333332
   176  5.148238  1.7582066666666665
   177  5.007897000000001  1.9436933333333333
   178  4.949286666666667  1.741703
   179  5.052602  0.5628003
   180  4.777666  0.8779707666666666
   181  4.915134  0.7203855333333333
   182  5.087404333333334  0.7593258666666667
   183  5.122206666666667  0.9558514333333333
   184  4.9499363333333335  0.9169111000000001
   185  5.200865666666667  1.2924913333333332
   186  5.244722333333334  1.4326056666666667
   187  5.045771  1.4161019999999997
   188  5.718685  1.207331
   189  5.3442343333333335  1.170695
   190  5.531459666666667  1.1890129999999999
   191  5.575316333333333  1.3291273333333333
   192  5.431947666666667  1.4509236666666665
   193  5.388091  1.3108093333333333
   194  5.488444  0.6627081
   195  5.267487333333333  0.9891540333333333
   196  5.377965666666667  0.8259310666666666
   197  5.565191  0.8442490666666667
   198  5.641938  1.0257900333333332
   199  5.4547126666666665  1.0074720333333333
   200  5.827455  1.818659
   201  5.754941666666666  1.411107
   202  5.791198333333333  1.614883
   203  5.6478296666666665  1.7366793333333332
   204  5.4682043333333334  1.6546996666666667
   205  5.611573  1.5329033333333333
   206  5.197882666666667  0.5961029
   207  5.343163333333334  0.6294055000000001
   208  5.232685  0.7926284666666668
   209  5.386623  0.1062754
   210  5.163942333333334  0.4106253333333334
   211  5.275282666666667  0.2584503666666667
   212  5.420563333333334  0.29175296666666667
   213  5.454503666666667  0.4772305333333334
   214  5.309223  0.4439279333333333
   215  4.728977  -0.01255668
   216  4.944727  0.37101464000000006
   217  4.836852  0.17922898000000004
   218  4.948192333333334  0.027054013333333335
   219  5.167407666666667  0.06666470666666667
   220  5.056067333333334  0.21883967333333335
   221  5.948662  0.2909608
   222  5.573969333333333  0.16783720000000002
   223  5.7613156666666665  0.22939900000000002
   224  5.795256  0.41487656666666667
   225  5.64185  0.5387923333333333
   226  5.607909666666667  0.3533147666666667
   227  6.082169  0.7326886
   228  5.686352333333334  0.6860349333333333
   229  5.884260666666667  0.7093617666666667
   230  5.961007666666667  0.8909027333333334
   231  5.839846333333333  1.0491168666666666
   232  5.763099333333334  0.8675759
   233  6.28792  1.390026
   234  5.90843  1.2682293333333332
   235  6.0981749999999995  1.3291276666666667
   236  6.134431666666666  1.5329036666666667
   237  5.980943333333333  1.6757813333333333
   238  5.944686666666667  1.4720053333333334
   239  5.376862  2.164
   240  5.677257333333333  1.9337726666666668
   241  5.527059666666666  2.0488863333333334
   242  5.347434333333333  1.9669066666666668
   243  5.318006666666667  1.7698133333333332
   244  5.497631999999999  1.851793
   245  4.734935  0.5637524
   246  4.417268  0.5647044999999999
   247  4.309393  0.37291884
   248  4.519185  0.18018108
   249  4.62706  0.37196673999999996
   250  5.162443  -0.4480191
   251  4.873465666666667  -0.15771082000000003
   252  5.017954333333333  -0.30286496
   253  5.2371696666666665  -0.2632542666666666
   254  5.311896333333333  -0.0784894333333333
   255  5.092681  -0.11810012666666665
   256  5.829854  -0.2950288
   257  5.534366666666667  -0.02749266666666665
   258  5.682110333333333  -0.1612607333333333
   259  5.869456666666666  -0.09969893333333332
   260  5.909059333333333  0.09563093333333333
   261  5.721713  0.034069133333333355
   262  5.9931643333333335  0.4382034
   263  6.0376666666666665  0.585446
   264  5.839758333333333  0.5621191666666667
   265  6.512809  0.3614932
   266  6.136711  0.3144716
   267  6.3247599999999995  0.3379824
   268  6.369262333333333  0.485225
   269  6.225715666666667  0.6089568000000001
   270  6.181213333333333  0.4617142
   271  6.295198  -0.1893741
   272  6.0641739999999995  0.13084916666666668
   273  6.179686  -0.029262466666666653
   274  6.367735  -0.005751666666666683
   275  6.440272  0.17787076666666662
   276  6.252223  0.1543599666666667
   277  6.691312  1.011043
   278  6.57231  0.5780098
   279  6.631811  0.7945264
   280  6.488264333333333  0.9182581999999999
   281  6.285216666666667  0.8254734
   282  6.428763333333333  0.7017416000000001
   283  5.984968666666667  -0.25981056666666663
   284  6.140083333333333  -0.22459233333333334
   285  6.024571333333333  -0.06448069999999999
   286  6.177575  -0.7489201
   287  5.945761  -0.44632589999999994
   288  6.061668  -0.597623
   289  6.216782666666667  -0.5624047666666666
   290  6.255990333333333  -0.3758894333333333
   291  6.100875666666667  -0.41110766666666665
   292  5.591229  -0.8379744
   293  5.7503123333333335  -0.4760106666666667
   294  5.670770666666667  -0.6569925333333333
   295  5.786677666666667  -0.8082896333333334
   296  5.982126333333333  -0.7786048666666666
   297  5.8662193333333335  -0.6273077666666667
   298  6.744888  -0.5760403
   299  6.366679333333334  -0.6912935
   300  6.555783666666667  -0.6336668999999999
   301  6.594991333333334  -0.44715156666666667
   302  6.445094666666667  -0.31826283333333333
   303  6.405887  -0.5047781666666666
   304  6.887278  -0.1048496
   305  6.492558  -0.16119926666666667
   306  6.6899180000000005  -0.13302443333333333
   307  6.762455  0.05059799999999999
   308  6.637632  0.2060456
   309  6.5650949999999995  0.022423166666666675
   310  7.176683  0.6157943
   311  6.734100333333333  0.44626023333333337
   312  6.955391666666666  0.5310272666666667
   313  7.014892666666666  0.7475438666666666
   314  6.853102333333333  0.8792934333333333
   315  6.793601333333334  0.6627768333333334
   316  6.556848  1.1373706666666665
   317  6.422384  1.2636983333333334
   318  6.219336333333334  1.1709135333333334
   319  6.1507526666666665  0.9518010666666668
   320  6.353800333333333  1.0445858666666668
   321  6.751719333333333  1.2205176666666666
   322  6.812126666666667  1.4299923333333333
   323  6.6776626666666665  1.55632
   324  6.482791333333333  1.473173
   325  6.617255333333333  1.3468453333333332
   326  5.607383666666666  -0.3460255666666667
   327  5.384913333333333  -0.3970223333333333
   328  5.305371666666667  -0.5780042
   329  5.448300333333333  -0.7079892999999999
   330  5.527842  -0.5270074333333333
   331  5.027232  -1.027414
   332  5.117372666666666  -0.6411507333333334
   333  5.072302333333333  -0.8342823666666668
   334  5.215231  -0.9642674666666667
   335  5.40323  -0.9011209333333333
   336  5.2603013333333335  -0.7711358333333335
   337  5.962427  -1.307171
   338  5.7149616666666665  -0.9943732666666667
   339  5.838694333333334  -1.1507721333333334
   340  6.034143  -1.1210873666666668
   341  6.105859  -0.9350037333333334
   342  5.910410333333334  -0.9646885
   343  6.555287  -1.25244
   344  6.303479  -0.9167600666666667
   345  6.429383  -1.0846000333333334
   346  6.618487333333333  -1.0269734333333334
   347  6.681687666666667  -0.8015068666666667
   348  6.492583333333333  -0.8591334666666667
   349  6.792351333333333  -0.4189767333333333
   350  6.839814666666667  -0.26191316666666664
   351  6.642454666666667  -0.29008799999999996
   352  6.963648333333333  -0.5823736333333333
   353  7.182408666666667  -0.5887069666666667
   354  7.229872  -0.4316434
   355  7.058575  -0.2682465
   356  7.011111666666667  -0.42531006666666665
   357  4.588818  -0.619629
   358  4.971234666666667  -0.5052224
   359  4.780026333333333  -0.5624257
   360  4.7349559999999995  -0.7555573333333333
   361  4.881094  -0.8914856666666666
   362  4.926164333333333  -0.6983540333333332
   363  5.391052  -1.567118
   364  5.1485053333333335  -1.2073153333333333
   365  5.269778666666666  -1.3872166666666668
   366  5.457777666666667  -1.3240701333333333
   367  5.5245033333333335  -1.0810222666666667
   368  5.336504333333333  -1.1441688
   369  5.275792  -2.11117
   370  5.3334220000000006  -1.8391440000000001
   371  5.203855  -1.6038983333333334
   372  5.0166580000000005  -1.6406786666666666
   373  5.146225  -1.875924333333333
   374  4.270535  -1.69697
   375  4.643152333333333  -1.6839626666666667
   376  4.456843666666667  -1.6904663333333334
   377  4.343162333333333  -1.912458
   378  4.415789666666667  -2.1279459999999997
   379  4.529471  -1.9059543333333335
   380  4.636977  -1.249495
   381  4.7652996666666665  -1.5348043333333334
   382  4.701138333333334  -1.3921496666666666
   383  4.5148296666666665  -1.3986533333333333
   384  4.392682333333333  -1.5478116666666668
   385  4.578991  -1.5413080000000001
   386  4.895384666666667  -1.4607773333333334
   387  4.961308333333333  -1.2440956666666667
   388  4.8971469999999995  -1.1014410000000001
   389  4.767062  -1.175468
   390  4.831223333333333  -1.3181226666666668
   391  4.148615  -1.050505
   392  4.474189666666667  -1.183165
   393  4.311402333333334  -1.116835
   394  4.189255  -1.2659933333333333
   395  4.229895  -1.4814816666666668
   396  4.352042333333333  -1.3323233333333333
   397  4.620924  -1.0395396666666668
   398  4.604871  -0.8295843333333333
   399  4.442083666666667  -0.7632543333333334
   400  4.295349333333333  -0.9068796666666668
   401  4.458136666666667  -0.9732096666666665
   402  6.795907  -1.6618113333333333
   403  6.675597  -1.4571256666666668
   404  6.484017  -1.4418033333333333
   405  6.412747  -1.6311666666666667
   406  6.6043270000000005  -1.646489
   407  6.029591333333333  1.1100151999999999
   408  5.846471333333333  2.0792996666666665
   409  5.865487666666667  2.3399403333333333
   410  5.7152899999999995  2.455054
   411  5.546076  2.309527
   412  5.6962736666666665  2.1944133333333333
   413  5.866374  -2.047091
   414  6.183109333333333  -1.8960503333333334
   415  6.024741666666667  -1.9715706666666666
   416  6.049722666666667  -2.180070333333333
   417  6.233071333333333  -2.3130496666666667
   418  6.208090333333334  -2.10455
   419  6.3497449999999995  1.6278203333333334
   420  6.41157  1.8656146666666666
   421  6.2580816666666665  2.0084923333333333
   422  6.042768333333333  1.9135756666666668
   423  6.196256666666667  1.770698
   424  5.207093333333334  2.1523933333333334
   425  5.037324666666667  2.1407866666666666
   426  5.177665666666667  1.9553
   427  5.224265333333333  2.439299666666667
   428  5.071668666666667  2.714599333333333
   429  5.054496666666666  2.4276929999999997
   430  6.859082  1.096496
   431  7.026852  1.181949
   432  6.919489333333334  1.3059706666666666
   433  4.682257333333333  -0.21491412
   434  4.635537666666667  -0.41727156
   435  4.826746  -0.36006826
   436  5.45964  -0.2122575
   437  7.743526  1.212121
   438  7.37759  1.248975
   439  7.560558  1.230548
   440  7.658703  1.4276093333333333
   441  7.57388  1.6430976666666668
   442  7.475735  1.4460363333333335
   443  7.188642333333333  1.0501994333333333
   444  7.182662666666666  0.8329968666666667
   445  7.365630666666666  0.8145698666666666
   446  7.554578333333334  1.0133454333333334
   447  7.371610333333333  1.0317724333333333
   448  6.983746333333333  0.13536503333333333
   449  7.0802146666666665  0.3755796666666667
   450  6.858923333333333  0.29081263333333335
   451  7.020872333333333  0.9647464333333332
   452  5.581510333333333  -1.480469
   453  5.771968666666667  -1.39382
   454  5.648236  -1.2374211333333334
   455  5.549492666666667  -1.727109
   456  5.707933333333334  -1.8871
   457  5.898391666666667  -1.800451
   458  5.930409333333333  -1.553811
   459  5.7399510000000005  -1.64046
   460  6.160047  -1.2889273333333333
   461  6.357667  -1.2706836666666668
   462  6.231763  -1.1028437
   463  6.760024  -1.2202903333333333
   464  6.964761  -1.1881406666666667
   465  7.027961333333334  -0.9626741
   466  6.886424666666667  -0.7693572
   467  6.823224333333333  -0.9948237666666667
   468  6.880334  -1.424976
   469  7.91119  -0.2424242
   470  7.829903333333333  -0.7811447333333333
   471  7.870546666666667  -0.5117844666666667
   472  7.741183  -0.3599629
   473  7.571176  -0.47750159999999997
   474  7.700539666666667  -0.6293231666666667
   475  7.105185  -0.7756905333333334
   476  4.597467  0.7213376333333333
   477  4.751009  -0.9655126666666667
   478  5.082581666666667  -1.423997
   479  6.215127  -1.6494103333333334
   480  6.088777  -1.4782906666666666
   481  6.056759333333335  -1.7249306666666666
   482  5.867151333333334  -2.284229
   483  5.867928666666667  -2.521367
   484  6.051277333333333  -2.6543463333333333
   485  6.233848666666667  -2.5501876666666665
   486  6.0504999999999995  -2.417208333333333
   487  6.544616333333333  1.7109673333333333
   488  6.080801  2.434857
   489  6.277098  2.269133
   490  6.376101333333334  2.5107576666666667
   491  6.061784666666667  2.1742163333333333
   492  5.6503033333333335  -2.159126
   493  5.434232666666667  -2.2711609999999998
   494  5.43501  -2.508299
   495  5.651858000000001  -2.633402
   496  5.651080666666666  -2.396264
   497  6.284400000000001  -2.7314776666666667
   498  5.6582333333333334  -2.909809666666667
   499  5.447760666666667  -3.0611143333333333
   500  5.463276666666667  -3.2379363333333333
   501  5.689265333333333  -3.263453666666667
   502  5.673749333333333  -3.086631666666667
   503  4.083772  -0.2424242
   504  4.420469333333333  -0.4938940666666667
   505  4.252120666666666  -0.36815913333333333
   506  4.105386333333334  -0.5117844666666667
   507  4.1270006666666665  -0.7811447333333333
   508  4.273734999999999  -0.6375194000000001
   509  7.360679  0.008677864
   510  7.727686333333334  -0.158723512
   511  7.544182666666667  -0.07502282399999999
   512  7.374175666666667  -0.19256152399999998
   513  7.387672333333334  -0.393800912
   514  7.557679333333334  -0.27626221199999995
   515  7.879991  0.5656566
   516  7.900790333333334  0.02693606666666662
   517  7.890390666666667  0.2962963333333333
   518  7.706887  0.37999702133333335
   519  7.533783000000001  0.1943374426666667
   520  7.717286666666666  0.11063675466666666
   521  7.202878666666667  -0.029164624
   522  7.0450783333333336  -0.06700711200000001
   523  7.2163753333333345  -0.23040401199999996
   524  7.299347  0.21105000933333334
   525  7.238015  0.41342215466666665
   526  7.141546666666667  0.17320752133333336
   527  7.645555  0.5823691666666666
   528  7.411119  0.5990817333333334
   529  7.4724509999999995  0.396709588
   530  4.513908666666667  -0.08917918666666666
   531  4.298840333333334  -0.16580169333333333
   532  4.467189  -0.29153662666666663
   533  7.834502666666667  0.7811447333333333
   534  7.789014333333333  0.9966328666666666
   535  7.600066666666667  0.7978573
   536  6.286397  -1.460047
   537  5.562693333333333  2.730353666666667
   538  5.240882666666667  2.860126333333333
   539  5.393479333333333  2.584826666666667
   540  5.357204666666667  3.201327666666667
   541  5.138138333333333  3.095613333333333
   542  5.459948999999999  2.965840666666667
   543  5.491862666666667  -1.9991349999999999
   544  4.094324666666666  0.29629633333333333
   545  4.089048333333333  0.026936066666666703
   546  4.304116666666666  0.1035585733333333
   547  5.441385333333334  -2.7847066666666667
  END_COORDINATES 
  BOUNDARIES, ELEMENT 
    1 1 2 4 5 1
    2 11 12 14 15 2
    3 21 22 24 25 3
    4 31 32 34 35 4
    5 41 42 44 45 5
    6 58 1 63 64 7
    7 66 67 69 70 8
    8 82 11 85 86 10
    9 22 88 89 90 11
    10 2 112 113 114 15
    11 112 66 118 119 16
    12 42 129 130 131 18
    13 32 41 137 138 19
    14 12 149 150 151 22
    15 149 161 162 163 24
    16 374 21 377 378 63
    17 391 374 394 395 66
    18 437 31 440 441 78
    19 67 469 470 471 87
    20 88 58 500 501 99
    21 503 391 506 507 100
    22 469 515 516 517 102
    23 515 437 533 534 107
    24 129 82 540 541 110
    25 161 503 544 545 112
  END_BOUNDARIES 
  MATERIALS, NUMBER= 1, DEFAULT=1 
  END_MATERIALS 
  SUBDOMAINS 
  END_SUBDOMAINS 
  CHARACTERISTICS 
  END_CHARACTERISTICS 
