  NODES_PER_ELEMENT
   1 9
   2 9
   3 9
   4 9
   5 9
   6 9
   7 9
   8 9
   9 9
   10 9
   11 9
   12 9
   13 9
   14 9
   15 9
   16 9
   17 9
   18 9
   19 9
   20 9
   21 9
   22 9
   23 9
   24 9
   25 9
   26 9
   27 9
   28 9
   29 9
   30 9
   31 9
   32 9
   33 9
   34 9
   35 9
   36 9
   37 9
   38 9
   39 9
   40 9
   41 9
   42 9
   43 9
   44 9
   45 9
   46 9
   47 9
   48 9
   49 9
   50 9
   51 9
  END_NODES_PER_ELEMENT
  ELEMENTS
  1 208 220 202 194 215 212 197 200 206  
  2 192 208 194 175 199 200 183 182 191  
  3 220 229 217 202 226 225 210 212 219  
  4 161 192 175 154 174 182 166 158 171  
  5 141 161 154 130 150 158 143 135 147  
  6 229 231 211 217 230 223 214 225 224  
  7 231 227 204 211 228 218 207 223 221  
  8 227 216 198 204 222 209 201 218 213  
  9 216 193 179 198 205 184 187 209 196  
  10 193 170 159 179 181 162 169 184 172  
  11 170 153 140 159 160 145 148 162 156  
  12 113 141 130 106 125 135 117 108 122  
  13 95 113 106 87 104 108 97 89 98  
  14 76 95 87 66 86 89 77 70 80  
  15 57 76 66 47 68 70 58 53 64  
  16 37 57 47 31 48 53 39 33 43  
  17 10 37 31 16 22 33 24 12 21  
  18 1 10 16 7 3 12 9 2 5  
  19 13 1 7 14 4 2 8 11 6  
  20 36 13 14 28 23 11 20 32 19  
  21 62 36 28 51 50 32 41 56 44  
  22 78 62 51 67 69 56 60 71 65  
  23 91 78 67 84 85 71 75 88 79  
  24 107 91 84 100 99 88 92 102 96  
  25 129 107 100 121 116 102 110 123 112  
  26 153 129 121 140 139 123 131 145 134  
  27 175 194 202 180 183 197 189 178 185  
  28 154 175 180 149 166 178 167 151 165  
  29 130 154 149 127 143 151 137 128 138  
  30 106 130 127 105 117 128 114 103 115  
  31 87 106 105 82 97 103 93 83 94  
  32 66 87 82 59 77 83 72 61 74  
  33 47 66 59 34 58 61 49 40 52  
  34 31 47 34 16 39 40 25 24 30  
  35 28 14 7 26 20 8 15 27 17  
  36 34 26 7 16 29 15 9 25 18  
  37 51 28 26 45 41 27 35 46 38  
  38 45 26 34 59 35 29 49 54 42  
  39 67 51 45 59 60 46 54 63 55  
  40 84 67 59 82 75 63 72 81 73  
  41 84 82 105 100 81 93 101 92 90  
  42 121 100 105 118 110 101 111 119 109  
  43 105 127 133 118 114 132 124 111 120  
  44 140 121 118 133 131 119 124 136 126  
  45 159 140 133 155 148 136 144 157 146  
  46 133 127 149 155 132 137 152 144 142  
  47 179 159 155 173 169 157 164 176 168  
  48 155 149 180 173 152 167 177 164 163  
  49 198 179 173 204 187 176 188 201 186  
  50 204 173 180 211 188 177 195 207 190  
  51 211 180 202 217 195 189 210 214 203  
  END_ELEMENTS  
  COORDINATES  
   1   5.576271e+00  3.307042e+00   
   2   5.660166e+00  3.006022e+00   
   3   5.247672e+00  3.148470e+00   
   4   5.938476e+00  3.229278e+00   
   5   5.381911e+00  2.874878e+00   
   6   5.940731e+00  2.984103e+00   
   7   5.744061e+00  2.705002e+00   
   8   5.942987e+00  2.738927e+00   
   9   5.516151e+00  2.601286e+00   
   10   4.919072e+00  2.989899e+00   
   11   6.221297e+00  2.962184e+00   
   12   5.103656e+00  2.743735e+00   
   13   6.300682e+00  3.151515e+00   
   14   6.141912e+00  2.772852e+00   
   15   5.845337e+00  2.500226e+00   
   16   5.288240e+00  2.497571e+00   
   17   6.050608e+00  2.565135e+00   
   18   5.624884e+00  2.387266e+00   
   19   6.395711e+00  2.809971e+00   
   20   6.255879e+00  2.630043e+00   
   21   4.928155e+00  2.575052e+00   
   22   4.742345e+00  2.747475e+00   
   23   6.535543e+00  2.989899e+00   
   24   5.113966e+00  2.402629e+00   
   25   5.404431e+00  2.274306e+00   
   26   5.946612e+00  2.295451e+00   
   27   6.158229e+00  2.391342e+00   
   28   6.369846e+00  2.487234e+00   
   29   5.733617e+00  2.173246e+00   
   30   5.178442e+00  2.194186e+00   
   31   4.939691e+00  2.307688e+00   
   32   6.570126e+00  2.657758e+00   
   33   4.752654e+00  2.406369e+00   
   34   5.520623e+00  2.051041e+00   
   35   6.044330e+00  2.130410e+00   
   36   6.770405e+00  2.828283e+00   
   37   4.565617e+00  2.505051e+00   
   38   6.266823e+00  2.207302e+00   
   39   4.952453e+00  2.114066e+00   
   40   5.242919e+00  1.985742e+00   
   41   6.489315e+00  2.284194e+00   
   42   5.870009e+00  1.957841e+00   
   43   4.708501e+00  2.188346e+00   
   44   6.736647e+00  2.435026e+00   
   45   6.142049e+00  1.965369e+00   
   46   6.375416e+00  2.023262e+00   
   47   4.965215e+00  1.920443e+00   
   48   4.464549e+00  2.262626e+00   
   49   5.695687e+00  1.785271e+00   
   50   6.983978e+00  2.585859e+00   
   51   6.608783e+00  2.081154e+00   
   52   5.342647e+00  1.711280e+00   
   53   4.664348e+00  1.970323e+00   
   54   6.006400e+00  1.742435e+00   
   55   6.330640e+00  1.790455e+00   
   56   6.903167e+00  2.212294e+00   
   57   4.363482e+00  2.020202e+00   
   58   4.989608e+00  1.637288e+00   
   59   5.870751e+00  1.519502e+00   
   60   6.654881e+00  1.838475e+00   
   61   5.442376e+00  1.436817e+00   
   62   7.197551e+00  2.343434e+00   
   63   6.285865e+00  1.557648e+00   
   64   4.635687e+00  1.667129e+00   
   65   6.999092e+00  1.969742e+00   
   66   5.014001e+00  1.354132e+00   
   67   6.700979e+00  1.595795e+00   
   68   4.281766e+00  1.696970e+00   
   69   7.343304e+00  2.101010e+00   
   70   4.607026e+00  1.363935e+00   
   71   7.095018e+00  1.727190e+00   
   72   5.908782e+00  1.116269e+00   
   73   6.338466e+00  1.188068e+00   
   74   5.462888e+00  1.047379e+00   
   75   6.768151e+00  1.259867e+00   
   76   4.200051e+00  1.373737e+00   
   77   5.016994e+00  9.784890e-01   
   78   7.489057e+00  1.858586e+00   
   79   7.192221e+00  1.397610e+00   
   80   4.583410e+00  9.740930e-01   
   81   6.391068e+00  8.184867e-01   
   82   5.946813e+00  7.130353e-01   
   83   5.483399e+00  6.579406e-01   
   84   6.835324e+00  9.239381e-01   
   85   7.616291e+00  1.535354e+00   
   86   4.149826e+00  9.696970e-01   
   87   5.019986e+00  6.028459e-01   
   88   7.289425e+00  1.068030e+00   
   89   4.559794e+00  5.842513e-01   
   90   6.454668e+00  4.315334e-01   
   91   7.743526e+00  1.212121e+00   
   92   6.905471e+00  5.773323e-01   
   93   6.003866e+00  2.857345e-01   
   94   5.515128e+00  2.464731e-01   
   95   4.099601e+00  5.656566e-01   
   96   7.358614e+00  7.331106e-01   
   97   5.026389e+00  2.072116e-01   
   98   4.559038e+00  1.844139e-01   
   99   7.811758e+00  8.888889e-01   
   100   6.975617e+00  2.307265e-01   
   101   6.518269e+00  4.458006e-02   
   102   7.427804e+00  3.981915e-01   
   103   5.546856e+00 -1.649945e-01   
   104   4.091687e+00  1.616162e-01   
   105   6.060920e+00 -1.415664e-01   
   106   5.032792e+00 -1.884227e-01   
   107   7.879991e+00  5.656566e-01   
   108   4.558282e+00 -2.154235e-01   
   109   6.679554e+00 -2.064722e-01   
   110   7.054370e+00 -8.399158e-02   
   111   6.304738e+00 -3.289528e-01   
   112   7.474980e+00  3.881229e-02   
   113   4.083772e+00 -2.424242e-01   
   114   5.925512e+00 -5.304405e-01   
   115   5.466040e+00 -5.469419e-01   
   116   7.895591e+00  1.616162e-01   
   117   5.006569e+00 -5.634434e-01   
   118   6.548556e+00 -5.163392e-01   
   119   6.840839e+00 -4.575244e-01   
   120   6.210721e+00 -6.435024e-01   
   121   7.133123e+00 -3.987097e-01   
   122   4.561381e+00 -6.049540e-01   
   123   7.522156e+00 -3.205669e-01   
   124   6.495931e+00 -7.565644e-01   
   125   4.116194e+00 -6.464646e-01   
   126   6.802724e+00 -7.288290e-01   
   127   5.790103e+00 -9.193145e-01   
   128   5.385224e+00 -9.288893e-01   
   129   7.911190e+00 -2.424242e-01   
   130   4.980345e+00 -9.384640e-01   
   131   7.109518e+00 -7.010936e-01   
   132   6.116705e+00 -9.580521e-01   
   133   6.443306e+00 -9.967896e-01   
   134   7.479872e+00 -6.737791e-01   
   135   4.564480e+00 -9.944845e-01   
   136   6.764609e+00 -1.000134e+00   
   137   5.732258e+00 -1.240694e+00   
   138   5.355279e+00 -1.247634e+00   
   139   7.850225e+00 -6.464646e-01   
   140   7.085913e+00 -1.003478e+00   
   141   4.148615e+00 -1.050505e+00   
   142   6.062171e+00 -1.257107e+00   
   143   4.978300e+00 -1.254574e+00   
   144   6.392085e+00 -1.273520e+00   
   145   7.437587e+00 -1.026991e+00   
   146   6.709932e+00 -1.276618e+00   
   147   4.593937e+00 -1.314156e+00   
   148   7.027780e+00 -1.279716e+00   
   149   5.674412e+00 -1.562074e+00   
   150   4.209575e+00 -1.373737e+00   
   151   5.325333e+00 -1.566378e+00   
   152   6.007638e+00 -1.556162e+00   
   153   7.789260e+00 -1.050505e+00   
   154   4.976254e+00 -1.570683e+00   
   155   6.340864e+00 -1.550251e+00   
   156   7.363747e+00 -1.301340e+00   
   157   6.655255e+00 -1.553102e+00   
   158   4.623395e+00 -1.633826e+00   
   159   6.969646e+00 -1.555954e+00   
   160   7.699715e+00 -1.322965e+00   
   161   4.270535e+00 -1.696970e+00   
   162   7.289908e+00 -1.575689e+00   
   163   5.968551e+00 -1.854176e+00   
   164   6.306001e+00 -1.821712e+00   
   165   5.308781e+00 -1.868695e+00   
   166   4.986460e+00 -1.850750e+00   
   167   5.631102e+00 -1.886640e+00   
   168   6.599011e+00 -1.815212e+00   
   169   6.892020e+00 -1.808712e+00   
   170   7.610169e+00 -1.595424e+00   
   171   4.682968e+00 -1.935476e+00   
   172   7.175421e+00 -1.848667e+00   
   173   6.271138e+00 -2.093174e+00   
   174   4.379476e+00 -2.020202e+00   
   175   4.996666e+00 -2.130816e+00   
   176   6.542767e+00 -2.077322e+00   
   177   5.929465e+00 -2.152190e+00   
   178   5.292229e+00 -2.171011e+00   
   179   6.814395e+00 -2.061470e+00   
   180   5.587791e+00 -2.211206e+00   
   181   7.458821e+00 -1.888621e+00   
   182   4.742542e+00 -2.237125e+00   
   183   4.964964e+00 -2.272379e+00   
   184   7.060934e+00 -2.121644e+00   
   185   5.173857e+00 -2.329533e+00   
   186   6.531096e+00 -2.282595e+00   
   187   6.755871e+00 -2.243719e+00   
   188   6.306321e+00 -2.321471e+00   
   189   5.382749e+00 -2.386686e+00   
   190   6.003628e+00 -2.392235e+00   
   191   4.762383e+00 -2.368513e+00   
   192   4.488417e+00 -2.343434e+00   
   193   7.307473e+00 -2.181818e+00   
   194   4.933262e+00 -2.413942e+00   
   195   5.700935e+00 -2.462998e+00   
   196   6.938840e+00 -2.333981e+00   
   197   5.055484e+00 -2.488054e+00   
   198   6.697347e+00 -2.425969e+00   
   199   4.559802e+00 -2.464646e+00   
   200   4.782224e+00 -2.499901e+00   
   201   6.519425e+00 -2.487869e+00   
   202   5.177707e+00 -2.562165e+00   
   203   5.497600e+00 -2.578345e+00   
   204   6.341503e+00 -2.549769e+00   
   205   7.121808e+00 -2.424242e+00   
   206   4.879028e+00 -2.597562e+00   
   207   6.077791e+00 -2.632280e+00   
   208   4.631187e+00 -2.585859e+00   
   209   6.816746e+00 -2.546318e+00   
   210   5.294265e+00 -2.693691e+00   
   211   5.814078e+00 -2.714791e+00   
   212   4.975831e+00 -2.695224e+00   
   213   6.635767e+00 -2.658076e+00   
   214   5.612451e+00 -2.770004e+00   
   215   4.702571e+00 -2.707071e+00   
   216   6.936144e+00 -2.666667e+00   
   217   5.410824e+00 -2.825217e+00   
   218   6.454789e+00 -2.769834e+00   
   219   5.149944e+00 -2.857021e+00   
   220   4.773956e+00 -2.828283e+00   
   221   6.159728e+00 -2.885857e+00   
   222   6.752109e+00 -2.828283e+00   
   223   5.864666e+00 -3.001881e+00   
   224   5.594361e+00 -3.010349e+00   
   225   5.324056e+00 -3.018818e+00   
   226   5.005622e+00 -3.020351e+00   
   227   6.568074e+00 -2.989899e+00   
   228   6.241664e+00 -3.139435e+00   
   229   5.237288e+00 -3.212419e+00   
   230   5.576271e+00 -3.250695e+00   
   231   5.915254e+00 -3.288971e+00   
  END_COORDINATES
  BOUNDARIES, ELEMENT
    1         208     220     215         1     
    2         192     208     199         2     
    3         220     229     226         3     
    4         161     192     174         4     
    5         141     161     150         5     
    6         229     231     230         6     
    7         231     227     228         7     
    8         227     216     222         8     
    9         216     193     205         9     
    10         193     170     181         10     
    11         170     153     160         11     
    12         113     141     125         12     
    13         95     113     104         13     
    14         76     95     86         14     
    15         57     76     68         15     
    16         37     57     48         16     
    17         10     37     22         17     
    18         1     10     3         18     
    19         13     1     4         19     
    20         36     13     23         20     
    21         62     36     50         21     
    22         78     62     69         22     
    23         91     78     85         23     
    24         107     91     99         24     
    25         129     107     116         25     
    26         153     129     139         26     
  END_BOUNDARIES
  MATERIALS, NUMBER= 1, DEFAULT=1
  END_MATERIALS
  SUBDOMAINS
  END_SUBDOMAINS
  CHARACTERISTICS
  END_CHARACTERISTICS
