  NODES_PER_ELEMENT
   1 4
   2 4
   3 4
   4 4
   5 4
   6 4
   7 4
   8 4
   9 4
   10 4
   11 4
   12 4
   13 4
   14 4
   15 4
   16 4
   17 4
   18 4
   19 4
   20 4
   21 4
   22 4
   23 4
   24 4
   25 4
   26 4
   27 4
   28 4
   29 4
   30 4
   31 4
   32 4
   33 4
   34 4
   35 4
   36 4
   37 4
   38 4
   39 4
   40 4
   41 4
   42 4
   43 4
   44 4
   45 4
   46 4
   47 4
   48 4
   49 4
   50 4
   51 4
   52 4
   53 4
   54 4
   55 4
   56 4
   57 4
   58 4
   59 4
   60 4
   61 4
   62 4
   63 4
   64 4
   65 4
   66 4
   67 4
   68 4
   69 4
   70 4
   71 4
   72 4
   73 4
   74 4
   75 4
   76 4
   77 4
   78 4
   79 4
   80 4
   81 4
   82 4
   83 4
   84 4
   85 4
   86 4
   87 4
   88 4
   89 4
   90 4
   91 4
   92 4
   93 4
   94 4
   95 4
   96 4
   97 4
   98 4
   99 4
   100 4
   101 4
   102 4
   103 4
   104 4
   105 4
   106 4
   107 4
   108 4
   109 4
   110 4
   111 4
   112 4
   113 4
   114 4
   115 4
   116 4
   117 4
   118 4
   119 4
   120 4
   121 4
   122 4
   123 4
   124 4
   125 4
   126 4
   127 4
   128 4
   129 4
   130 4
   131 4
   132 4
   133 4
   134 4
   135 4
   136 4
   137 4
   138 4
   139 4
   140 4
   141 4
   142 4
   143 4
   144 4
   145 4
   146 4
   147 4
   148 4
   149 4
   150 4
   151 4
   152 4
   153 4
   154 4
   155 4
   156 4
   157 4
   158 4
   159 4
   160 4
   161 4
   162 4
   163 4
   164 4
   165 4
   166 4
   167 4
   168 4
   169 4
   170 4
   171 4
   172 4
   173 4
   174 4
   175 4
   176 4
   177 4
   178 4
   179 4
  END_NODES_PER_ELEMENT
  ELEMENTS
  1 13 22 20 12  
  2 22 31 28 20  
  3 31 41 36 28  
  4 41 50 46 36  
  5 50 57 54 46  
  6 57 66 63 54  
  7 66 77 75 63  
  8 77 92 84 75  
  9 92 105 96 84  
  10 105 114 109 96  
  11 4 13 12 6  
  12 1 4 6 3  
  13 2 1 3 5  
  14 7 2 5 8  
  15 16 7 8 15  
  16 26 16 15 23  
  17 38 26 23 33  
  18 47 38 33 42  
  19 114 128 121 109  
  20 128 140 130 121  
  21 140 151 142 130  
  22 151 158 150 142  
  23 158 164 155 150  
  24 164 171 163 155  
  25 171 180 170 163  
  26 180 187 175 170  
  27 187 192 182 175  
  28 192 198 190 182  
  29 198 199 194 190  
  30 199 201 197 194  
  31 201 202 195 197  
  32 202 200 193 195  
  33 200 196 188 193  
  34 196 186 178 188  
  35 186 174 169 178  
  36 174 162 159 169  
  37 162 152 146 159  
  38 59 47 42 55  
  39 73 59 55 67  
  40 88 73 67 85  
  41 107 88 85 101  
  42 122 107 101 117  
  43 138 122 117 134  
  44 152 138 134 146  
  45 193 188 183 184  
  46 195 193 184 189  
  47 188 178 176 183  
  48 178 169 167 176  
  49 169 159 157 167  
  50 159 146 145 157  
  51 197 195 189 191  
  52 194 197 191 185  
  53 190 194 185 179  
  54 182 190 179 172  
  55 175 182 172 166  
  56 170 175 166 161  
  57 163 170 161 154  
  58 155 163 154 149  
  59 150 155 149 143  
  60 142 150 143 135  
  61 130 142 135 124  
  62 121 130 124 112  
  63 146 134 131 145  
  64 109 121 112 104  
  65 96 109 104 94  
  66 84 96 94 82  
  67 75 84 82 74  
  68 63 75 74 61  
  69 54 63 61 52  
  70 46 54 52 44  
  71 36 46 44 35  
  72 28 36 35 27  
  73 20 28 27 19  
  74 12 20 19 14  
  75 6 12 14 11  
  76 3 6 11 9  
  77 5 3 9 10  
  78 8 5 10 15  
  79 23 15 10 18  
  80 134 117 115 131  
  81 117 101 98 115  
  82 101 85 86 98  
  83 85 67 70 86  
  84 67 55 60 70  
  85 33 23 18 30  
  86 42 33 30 39  
  87 55 42 39 48  
  88 10 9 17 18  
  89 9 11 21 17  
  90 11 14 19 21  
  91 19 27 29 21  
  92 27 35 37 29  
  93 35 44 45 37  
  94 44 52 53 45  
  95 52 61 62 53  
  96 30 18 17 25  
  97 39 30 25 34  
  98 61 74 69 62  
  99 60 55 48 58  
  100 74 82 79 69  
  101 82 94 89 79  
  102 94 104 97 89  
  103 104 112 108 97  
  104 112 124 118 108  
  105 124 135 125 118  
  106 135 143 137 125  
  107 143 149 141 137  
  108 149 154 147 141  
  109 154 161 153 147  
  110 161 166 156 153  
  111 166 172 165 156  
  112 172 179 173 165  
  113 179 185 181 173  
  114 185 191 189 181  
  115 189 184 177 181  
  116 184 183 176 177  
  117 176 167 168 177  
  118 181 177 168 173  
  119 167 157 160 168  
  120 157 145 148 160  
  121 173 168 160 165  
  122 145 131 132 148  
  123 131 115 116 132  
  124 115 98 100 116  
  125 70 60 58 71  
  126 86 70 71 87  
  127 98 86 87 100  
  128 48 39 34 43  
  129 17 21 24 25  
  130 21 29 32 24  
  131 32 34 25 24  
  132 29 37 40 32  
  133 34 32 40 43  
  134 37 45 49 40  
  135 45 53 56 49  
  136 53 62 64 56  
  137 62 69 68 64  
  138 69 79 76 68  
  139 79 89 83 76  
  140 89 97 95 83  
  141 97 108 106 95  
  142 108 118 111 106  
  143 118 125 120 111  
  144 125 137 127 120  
  145 137 141 136 127  
  146 141 147 139 136  
  147 147 153 144 139  
  148 165 160 148 156  
  149 153 156 148 144  
  150 148 132 129 144  
  151 132 116 119 129  
  152 48 43 51 58  
  153 43 40 49 51  
  154 71 58 51 65  
  155 51 49 56 65  
  156 116 100 103 119  
  157 100 87 90 103  
  158 87 71 80 90  
  159 56 64 72 65  
  160 64 68 76 72  
  161 80 71 65 78  
  162 76 83 81 72  
  163 65 72 81 78  
  164 83 95 93 81  
  165 95 106 99 93  
  166 106 111 110 99  
  167 111 120 113 110  
  168 120 127 123 113  
  169 127 136 126 123  
  170 136 139 133 126  
  171 139 144 129 133  
  172 133 129 119 126  
  173 123 126 119 113  
  174 90 80 78 91  
  175 78 81 93 91  
  176 103 90 91 102  
  177 91 93 99 102  
  178 119 103 102 113  
  179 99 110 113 102  
  END_ELEMENTS  
  COORDINATES  
   1   5.033898e+00 -3.975397e+00   
   2   4.627119e+00 -3.783296e+00   
   3   5.110374e+00 -3.508439e+00   
   4   5.570721e+00 -3.954545e+00   
   5   4.768722e+00 -3.422608e+00   
   6   5.505390e+00 -3.513193e+00   
   7   4.376583e+00 -3.500000e+00   
   8   4.544747e+00 -3.324078e+00   
   9   5.143927e+00 -3.118780e+00   
   10   4.801578e+00 -3.070459e+00   
   11   5.493896e+00 -3.151177e+00   
   12   5.858226e+00 -3.437033e+00   
   13   6.050847e+00 -3.772862e+00   
   14   5.751482e+00 -3.195834e+00   
   15   4.488937e+00 -3.049624e+00   
   16   4.188920e+00 -3.136364e+00   
   17   5.175578e+00 -2.742628e+00   
   18   4.804727e+00 -2.690822e+00   
   19   5.902325e+00 -2.999292e+00   
   20   6.134846e+00 -3.266411e+00   
   21   5.575594e+00 -2.769629e+00   
   22   6.357284e+00 -3.590909e+00   
   23   4.429432e+00 -2.663436e+00   
   24   5.446535e+00 -2.461736e+00   
   25   5.177491e+00 -2.384268e+00   
   26   4.041484e+00 -2.681818e+00   
   27   6.137711e+00 -2.751568e+00   
   28   6.417470e+00 -3.026718e+00   
   29   5.843433e+00 -2.490199e+00   
   30   4.812781e+00 -2.296513e+00   
   31   6.710114e+00 -3.318182e+00   
   32   5.578302e+00 -2.232244e+00   
   33   4.397058e+00 -2.232994e+00   
   34   5.259234e+00 -2.043111e+00   
   35   6.379794e+00 -2.486218e+00   
   36   6.680281e+00 -2.755414e+00   
   37   6.073907e+00 -2.208289e+00   
   38   3.944141e+00 -2.227273e+00   
   39   4.862944e+00 -1.889988e+00   
   40   5.764006e+00 -1.933931e+00   
   41   6.994910e+00 -3.045455e+00   
   42   4.400301e+00 -1.770318e+00   
   43   5.408298e+00 -1.675397e+00   
   44   6.608995e+00 -2.194766e+00   
   45   6.295784e+00 -1.912119e+00   
   46   6.928949e+00 -2.463264e+00   
   47   3.877153e+00 -1.772727e+00   
   48   4.979459e+00 -1.450009e+00   
   49   5.974755e+00 -1.615795e+00   
   50   7.271186e+00 -2.725302e+00   
   51   5.615689e+00 -1.303369e+00   
   52   6.825459e+00 -1.896778e+00   
   53   6.521047e+00 -1.630855e+00   
   54   7.149885e+00 -2.147533e+00   
   55   4.468980e+00 -1.206697e+00   
   56   6.223539e+00 -1.313760e+00   
   57   7.496291e+00 -2.409091e+00   
   58   5.182546e+00 -1.049087e+00   
   59   3.823999e+00 -1.227273e+00   
   60   4.811994e+00 -9.264571e-01   
   61   7.020438e+00 -1.595106e+00   
   62   6.731798e+00 -1.373204e+00   
   63   7.348843e+00 -1.820998e+00   
   64   6.498263e+00 -1.126333e+00   
   65   5.892725e+00 -8.744248e-01   
   66   7.709324e+00 -2.045455e+00   
   67   4.338035e+00 -6.704422e-01   
   68   6.682386e+00 -1.011742e+00   
   69   6.886504e+00 -1.130948e+00   
   70   4.806915e+00 -5.548292e-01   
   71   5.339228e+00 -5.603501e-01   
   72   6.342982e+00 -8.029724e-01   
   73   3.796959e+00 -7.727273e-01   
   74   7.175654e+00 -1.289444e+00   
   75   7.511937e+00 -1.469943e+00   
   76   6.658637e+00 -7.799088e-01   
   77   7.881356e+00 -1.681269e+00   
   78   5.951309e+00 -4.177626e-01   
   79   6.954560e+00 -8.425317e-01   
   80   5.635283e+00 -3.253791e-01   
   81   6.317408e+00 -4.429255e-01   
   82   7.279979e+00 -9.496991e-01   
   83   6.656043e+00 -4.668623e-01   
   84   7.641137e+00 -1.082256e+00   
   85   4.279288e+00 -1.475150e-01   
   86   4.747293e+00 -7.308089e-02   
   87   5.226921e+00 -5.212186e-02   
   88   3.781490e+00 -2.272727e-01   
   89   6.989367e+00 -5.115351e-01   
   90   5.615312e+00  1.975520e-03   
   91   5.981436e+00 -5.011805e-02   
   92   8.041339e+00 -1.227273e+00   
   93   6.322726e+00 -1.002898e-01   
   94   7.344503e+00 -5.851349e-01   
   95   6.658762e+00 -1.330797e-01   
   96   7.728976e+00 -6.750038e-01   
   97   7.004912e+00 -1.651131e-01   
   98   4.740424e+00  4.031685e-01   
   99   6.344505e+00  2.177465e-01   
   100   5.205852e+00  4.229680e-01   
   101   4.270829e+00  3.604533e-01   
   102   6.036396e+00  3.156048e-01   
   103   5.651838e+00  4.094224e-01   
   104   7.373584e+00 -2.016868e-01   
   105   8.149367e+00 -7.727273e-01   
   106   6.653525e+00  1.908678e-01   
   107   3.782875e+00  3.181818e-01   
   108   6.997935e+00  1.858492e-01   
   109   7.771064e+00 -2.489989e-01   
   110   6.383743e+00  4.590948e-01   
   111   6.630095e+00  4.847525e-01   
   112   7.370182e+00  1.909188e-01   
   113   6.201569e+00  6.694240e-01   
   114   8.207612e+00 -3.181818e-01   
   115   4.768471e+00  8.809877e-01   
   116   5.258298e+00  8.912418e-01   
   117   4.291187e+00  8.615143e-01   
   118   6.963854e+00  5.221178e-01   
   119   5.779180e+00  8.798864e-01   
   120   6.549129e+00  7.585731e-01   
   121   7.774083e+00  1.988768e-01   
   122   3.801268e+00  8.636364e-01   
   123   6.259395e+00  9.339613e-01   
   124   7.332221e+00  5.663724e-01   
   125   6.895138e+00  8.416315e-01   
   126   6.101801e+00  1.091744e+00   
   127   6.495656e+00  1.023791e+00   
   128   8.213268e+00  2.272727e-01   
   129   5.747444e+00  1.298121e+00   
   130   7.729946e+00  6.183229e-01   
   131   4.813350e+00  1.353132e+00   
   132   5.314968e+00  1.357416e+00   
   133   6.012671e+00  1.287665e+00   
   134   4.324178e+00  1.340980e+00   
   135   7.260604e+00  9.297415e-01   
   136   6.363574e+00  1.257927e+00   
   137   6.810528e+00  1.144704e+00   
   138   3.831168e+00  1.318182e+00   
   139   6.188769e+00  1.473131e+00   
   140   8.165145e+00  6.818182e-01   
   141   6.667610e+00  1.418397e+00   
   142   7.648335e+00  1.026224e+00   
   143   7.155421e+00  1.271330e+00   
   144   5.906710e+00  1.648348e+00   
   145   4.873842e+00  1.826342e+00   
   146   4.371465e+00  1.824628e+00   
   147   6.484096e+00  1.681918e+00   
   148   5.469076e+00  1.871885e+00   
   149   7.012240e+00  1.589041e+00   
   150   7.531027e+00  1.416081e+00   
   151   8.067463e+00  1.136364e+00   
   152   3.888629e+00  1.863636e+00   
   153   6.235559e+00  1.926662e+00   
   154   6.827903e+00  1.889254e+00   
   155   7.375534e+00  1.766080e+00   
   156   5.945494e+00  2.194627e+00   
   157   4.864279e+00  2.260603e+00   
   158   7.916934e+00  1.590909e+00   
   159   4.417290e+00  2.267270e+00   
   160   5.325501e+00  2.332277e+00   
   161   6.601535e+00  2.175844e+00   
   162   3.960800e+00  2.318182e+00   
   163   7.186346e+00  2.099669e+00   
   164   7.755956e+00  1.954545e+00   
   165   5.741555e+00  2.518446e+00   
   166   6.345168e+00  2.454662e+00   
   167   4.856586e+00  2.634023e+00   
   168   5.227094e+00  2.678173e+00   
   169   4.475898e+00  2.673795e+00   
   170   6.959318e+00  2.417328e+00   
   171   7.553902e+00  2.318182e+00   
   172   6.114099e+00  2.736251e+00   
   173   5.574864e+00  2.815091e+00   
   174   4.066084e+00  2.772727e+00   
   175   6.704513e+00  2.706226e+00   
   176   4.863679e+00  2.944812e+00   
   177   5.153080e+00  2.968986e+00   
   178   4.564993e+00  3.030492e+00   
   179   5.891493e+00  2.994411e+00   
   180   7.303965e+00  2.681818e+00   
   181   5.439313e+00  3.069333e+00   
   182   6.445768e+00  2.985220e+00   
   183   4.880057e+00  3.145746e+00   
   184   5.074965e+00  3.224516e+00   
   185   5.685207e+00  3.216818e+00   
   186   4.220339e+00  3.211158e+00   
   187   7.067797e+00  2.967693e+00   
   188   4.701382e+00  3.305364e+00   
   189   5.323643e+00  3.309160e+00   
   190   6.167610e+00  3.236326e+00   
   191   5.534471e+00  3.358335e+00   
   192   6.762712e+00  3.272604e+00   
   193   4.938113e+00  3.486405e+00   
   194   5.875551e+00  3.445195e+00   
   195   5.245822e+00  3.584457e+00   
   196   4.423729e+00  3.568144e+00   
   197   5.574978e+00  3.581018e+00   
   198   6.457627e+00  3.520480e+00   
   199   6.051091e+00  3.772727e+00   
   200   4.728814e+00  3.855576e+00   
   201   5.644068e+00  3.936086e+00   
   202   5.135593e+00  3.990471e+00   
  END_COORDINATES
  BOUNDARIES, ELEMENT
    1         13     22         1     
    2         22     31         2     
    3         31     41         3     
    4         41     50         4     
    5         50     57         5     
    6         57     66         6     
    7         66     77         7     
    8         77     92         8     
    9         92     105         9     
    10         105     114         10     
    11         4     13         11     
    12         1     4         12     
    13         2     1         13     
    14         7     2         14     
    15         16     7         15     
    16         26     16         16     
    17         38     26         17     
    18         47     38         18     
    19         114     128         19     
    20         128     140         20     
    21         140     151         21     
    22         151     158         22     
    23         158     164         23     
    24         164     171         24     
    25         171     180         25     
    26         180     187         26     
    27         187     192         27     
    28         192     198         28     
    29         198     199         29     
    30         199     201         30     
    31         201     202         31     
    32         202     200         32     
    33         200     196         33     
    34         196     186         34     
    35         186     174         35     
    36         174     162         36     
    37         162     152         37     
    38         59     47         38     
    39         73     59         39     
    40         88     73         40     
    41         107     88         41     
    42         122     107         42     
    43         138     122         43     
    44         152     138         44     
  END_BOUNDARIES
  MATERIALS, NUMBER= 1, DEFAULT=1
  END_MATERIALS
  SUBDOMAINS
  END_SUBDOMAINS
  CHARACTERISTICS
  END_CHARACTERISTICS
