  NODES_PER_ELEMENT
   1 6
   2 6
   3 6
   4 6
   5 6
   6 6
   7 6
   8 6
   9 6
   10 6
   11 6
   12 6
   13 6
   14 6
   15 6
   16 6
   17 6
   18 6
   19 6
   20 6
   21 6
   22 6
   23 6
   24 6
   25 6
   26 6
   27 6
   28 6
   29 6
   30 6
   31 6
   32 6
   33 6
   34 6
   35 6
   36 6
   37 6
   38 6
   39 6
   40 6
   41 6
   42 6
   43 6
   44 6
   45 6
   46 6
   47 6
   48 6
   49 6
   50 6
   51 6
   52 6
   53 6
   54 6
   55 6
   56 6
   57 6
   58 6
   59 6
   60 6
   61 6
   62 6
   63 6
   64 6
   65 6
   66 6
   67 6
   68 6
   69 6
   70 6
   71 6
   72 6
   73 6
   74 6
   75 6
   76 6
   77 6
   78 6
   79 6
   80 6
   81 6
   82 6
   83 6
   84 6
   85 6
   86 6
   87 6
   88 6
   89 6
   90 6
   91 6
   92 6
   93 6
   94 6
   95 6
   96 6
   97 6
   98 6
   99 6
   100 6
   101 6
   102 6
   103 6
   104 6
   105 6
   106 6
   107 6
   108 6
   109 6
   110 6
   111 6
   112 6
   113 6
   114 6
   115 6
   116 6
   117 6
   118 6
   119 6
   120 6
   121 6
   122 6
   123 6
   124 6
   125 6
   126 6
   127 6
   128 6
   129 6
   130 6
   131 6
   132 6
   133 6
   134 6
   135 6
   136 6
   137 6
   138 6
   139 6
   140 6
   141 6
   142 6
   143 6
   144 6
   145 6
   146 6
   147 6
   148 6
   149 6
   150 6
   151 6
   152 6
   153 6
   154 6
   155 6
   156 6
   157 6
   158 6
   159 6
   160 6
   161 6
   162 6
   163 6
   164 6
   165 6
   166 6
   167 6
   168 6
   169 6
   170 6
   171 6
   172 6
   173 6
   174 6
   175 6
   176 6
   177 6
   178 6
   179 6
   180 6
   181 6
   182 6
   183 6
   184 6
   185 6
   186 6
   187 6
   188 6
   189 6
   190 6
   191 6
   192 6
   193 6
   194 6
   195 6
   196 6
   197 6
   198 6
   199 6
   200 6
   201 6
   202 6
   203 6
   204 6
   205 6
   206 6
   207 6
   208 6
   209 6
   210 6
   211 6
   212 6
   213 6
   214 6
   215 6
   216 6
   217 6
   218 6
   219 6
   220 6
   221 6
   222 6
   223 6
   224 6
   225 6
   226 6
   227 6
   228 6
   229 6
   230 6
   231 6
   232 6
   233 6
   234 6
   235 6
   236 6
   237 6
   238 6
   239 6
   240 6
   241 6
   242 6
   243 6
   244 6
   245 6
   246 6
   247 6
   248 6
   249 6
   250 6
   251 6
   252 6
   253 6
   254 6
   255 6
   256 6
   257 6
   258 6
   259 6
   260 6
   261 6
   262 6
   263 6
   264 6
   265 6
   266 6
   267 6
   268 6
   269 6
   270 6
   271 6
   272 6
   273 6
   274 6
   275 6
   276 6
   277 6
   278 6
   279 6
   280 6
   281 6
   282 6
   283 6
   284 6
   285 6
   286 6
   287 6
   288 6
   289 6
   290 6
   291 6
   292 6
   293 6
   294 6
   295 6
   296 6
   297 6
   298 6
   299 6
   300 6
   301 6
   302 6
   303 6
   304 6
   305 6
   306 6
   307 6
   308 6
   309 6
   310 6
   311 6
   312 6
   313 6
   314 6
   315 6
   316 6
   317 6
   318 6
   319 6
   320 6
   321 6
   322 6
   323 6
   324 6
   325 6
   326 6
   327 6
   328 6
   329 6
   330 6
   331 6
   332 6
   333 6
   334 6
   335 6
   336 6
   337 6
   338 6
   339 6
   340 6
   341 6
   342 6
   343 6
   344 6
   345 6
   346 6
   347 6
   348 6
   349 6
   350 6
   351 6
   352 6
   353 6
   354 6
   355 6
   356 6
   357 6
   358 6
   359 6
   360 6
   361 6
   362 6
   363 6
   364 6
   365 6
   366 6
   367 6
   368 6
   369 6
   370 6
   371 6
   372 6
   373 6
   374 6
   375 6
   376 6
   377 6
   378 6
   379 6
   380 6
   381 6
   382 6
   383 6
   384 6
   385 6
   386 6
   387 6
   388 6
   389 6
   390 6
   391 6
   392 6
   393 6
   394 6
   395 6
   396 6
   397 6
   398 6
   399 6
   400 6
   401 6
   402 6
   403 6
   404 6
   405 6
   406 6
   407 6
   408 6
   409 6
   410 6
   411 6
   412 6
   413 6
   414 6
   415 6
   416 6
   417 6
   418 6
   419 6
   420 6
   421 6
   422 6
   423 6
   424 6
   425 6
   426 6
   427 6
   428 6
   429 6
   430 6
   431 6
   432 6
   433 6
   434 6
   435 6
   436 6
   437 6
   438 6
   439 6
   440 6
   441 6
   442 6
   443 6
   444 6
   445 6
   446 6
   447 6
   448 6
   449 6
   450 6
   451 6
   452 6
   453 6
   454 6
   455 6
   456 6
   457 6
   458 6
   459 6
   460 6
   461 6
   462 6
   463 6
   464 6
   465 6
   466 6
   467 6
   468 6
   469 6
   470 6
   471 6
   472 6
   473 6
   474 6
   475 6
   476 6
   477 6
   478 6
   479 6
   480 6
   481 6
   482 6
   483 6
   484 6
   485 6
   486 6
   487 6
   488 6
   489 6
   490 6
   491 6
   492 6
   493 6
   494 6
   495 6
   496 6
   497 6
   498 6
   499 6
   500 6
   501 6
   502 6
   503 6
   504 6
   505 6
   506 6
   507 6
   508 6
   509 6
   510 6
   511 6
   512 6
   513 6
   514 6
   515 6
   516 6
   517 6
   518 6
   519 6
   520 6
   521 6
   522 6
   523 6
   524 6
   525 6
   526 6
   527 6
   528 6
   529 6
   530 6
   531 6
   532 6
   533 6
   534 6
   535 6
   536 6
   537 6
   538 6
   539 6
   540 6
   541 6
   542 6
   543 6
   544 6
   545 6
   546 6
   547 6
   548 6
   549 6
   550 6
   551 6
   552 6
   553 6
   554 6
   555 6
   556 6
   557 6
   558 6
   559 6
   560 6
   561 6
   562 6
   563 6
   564 6
   565 6
   566 6
   567 6
   568 6
   569 6
   570 6
   571 6
   572 6
   573 6
   574 6
   575 6
   576 6
   577 6
   578 6
   579 6
   580 6
   581 6
   582 6
   583 6
   584 6
   585 6
   586 6
   587 6
   588 6
   589 6
   590 6
   591 6
   592 6
   593 6
   594 6
   595 6
   596 6
   597 6
   598 6
   599 6
   600 6
   601 6
   602 6
   603 6
   604 6
   605 6
   606 6
   607 6
   608 6
   609 6
   610 6
   611 6
   612 6
   613 6
   614 6
   615 6
   616 6
   617 6
   618 6
   619 6
   620 6
   621 6
   622 6
   623 6
   624 6
   625 6
   626 6
   627 6
   628 6
   629 6
   630 6
   631 6
   632 6
   633 6
   634 6
   635 6
   636 6
   637 6
   638 6
   639 6
   640 6
   641 6
   642 6
   643 6
   644 6
   645 6
   646 6
   647 6
   648 6
   649 6
   650 6
   651 6
   652 6
   653 6
   654 6
   655 6
   656 6
   657 6
   658 6
   659 6
   660 6
   661 6
   662 6
   663 6
   664 6
   665 6
   666 6
   667 6
   668 6
   669 6
   670 6
   671 6
   672 6
   673 6
   674 6
   675 6
   676 6
   677 6
   678 6
   679 6
   680 6
   681 6
   682 6
   683 6
   684 6
   685 6
   686 6
   687 6
   688 6
   689 6
   690 6
   691 6
   692 6
   693 6
   694 6
   695 6
   696 6
  END_NODES_PER_ELEMENT
  ELEMENTS
  1 73 102 81 86 90 76  
  2 1325 1348 1291 1335 1320 1309  
  3 1402 1371 1365 1386 1368 1385  
  4 1455 1450 1420 1453 1437 1442  
  5 47 25 32 36 27 38  
  6 234 281 245 256 261 237  
  7 1260 1289 1234 1273 1262 1245  
  8 1348 1374 1318 1359 1346 1334  
  9 385 433 391 410 412 388  
  10 1413 1430 1388 1423 1409 1403  
  11 1365 1371 1321 1368 1347 1344  
  12 1402 1365 1411 1385 1389 1407  
  13 1291 1348 1318 1320 1334 1308  
  14 1291 1318 1266 1308 1292 1283  
  15 1325 1291 1269 1309 1284 1297  
  16 188 234 200 211 216 192  
  17 1226 1260 1203 1242 1232 1213  
  18 81 102 133 90 117 106  
  19 73 81 48 76 63 60  
  20 433 487 441 461 464 434  
  21 1396 1413 1370 1406 1393 1382  
  22 1450 1411 1420 1432 1416 1437  
  23 998 931 948 966 938 975  
  24 795 850 787 826 820 792  
  25 994 1045 976 1016 1010 987  
  26 1209 1157 1165 1182 1161 1188  
  27 32 25 11 27 16 19  
  28 47 32 56 38 44 51  
  29 102 144 133 124 137 117  
  30 133 144 188 137 165 159  
  31 336 385 345 360 365 340  
  32 1264 1209 1227 1236 1215 1244  
  33 207 158 169 182 162 184  
  34 1455 1420 1441 1442 1431 1449  
  35 666 719 662 693 690 665  
  36 324 268 277 295 275 299  
  37 1102 1143 1081 1125 1111 1094  
  38 1371 1329 1321 1350 1324 1347  
  39 1321 1329 1277 1324 1304 1300  
  40 1234 1289 1269 1262 1281 1254  
  41 1269 1289 1325 1281 1307 1297  
  42 1234 1269 1230 1254 1250 1233  
  43 1260 1234 1203 1245 1216 1232  
  44 1203 1234 1176 1216 1206 1190  
  45 1277 1329 1264 1304 1293 1267  
  46 1277 1264 1227 1267 1244 1253  
  47 1321 1277 1278 1300 1276 1301  
  48 158 119 125 138 120 143  
  49 1266 1318 1313 1292 1315 1290  
  50 1291 1266 1230 1283 1247 1263  
  51 612 666 611 640 639 609  
  52 1176 1234 1230 1206 1233 1204  
  53 1176 1230 1158 1204 1192 1167  
  54 1203 1176 1132 1190 1153 1166  
  55 1277 1227 1278 1253 1252 1276  
  56 1230 1269 1291 1250 1284 1263  
  57 245 281 293 261 288 267  
  58 234 245 200 237 223 216  
  59 200 245 212 223 228 205  
  60 212 245 279 228 259 248  
  61 200 212 157 205 183 176  
  62 1143 1187 1131 1164 1159 1137  
  63 1318 1374 1353 1346 1361 1336  
  64 1388 1430 1410 1409 1421 1400  
  65 1413 1388 1370 1403 1380 1393  
  66 1370 1388 1339 1380 1363 1357  
  67 1339 1388 1369 1363 1379 1356  
  68 1370 1339 1313 1357 1326 1341  
  69 391 433 441 412 434 414  
  70 391 441 400 414 419 395  
  71 400 441 476 419 453 435  
  72 391 400 344 395 374 368  
  73 385 391 345 388 369 365  
  74 345 391 344 369 368 343  
  75 345 344 279 343 312 313  
  76 1365 1321 1317 1344 1319 1343  
  77 1411 1365 1372 1389 1367 1392  
  78 1402 1411 1434 1407 1424 1418  
  79 1434 1411 1450 1424 1432 1444  
  80 1158 1230 1207 1192 1217 1181  
  81 1176 1158 1113 1167 1135 1146  
  82 1374 1396 1353 1384 1376 1361  
  83 1353 1396 1370 1376 1382 1360  
  84 1353 1370 1313 1360 1341 1332  
  85 188 200 133 192 166 159  
  86 119 80 87 99 83 101  
  87 81 133 109 106 121 92  
  88 48 81 70 63 74 58  
  89 73 48 37 60 41 53  
  90 37 48 22 41 33 28  
  91 22 48 40 33 42 29  
  92 37 22 15 28 18 24  
  93 15 22 7 18 12 9  
  94 7 22 23 12 21 13  
  95 15 7 1 9 2 5  
  96 1 7 11 2 6 4  
  97 11 7 23 6 13 14  
  98 1 11 10 4 8 3  
  99 10 11 25 8 16 17  
  100 1226 1203 1173 1213 1189 1200  
  101 441 487 498 464 493 467  
  102 1430 1443 1410 1436 1427 1421  
  103 1410 1443 1428 1427 1435 1419  
  104 1428 1443 1451 1435 1446 1440  
  105 1428 1451 1456 1440 1454 1445  
  106 1410 1428 1387 1419 1408 1399  
  107 948 931 875 938 903 911  
  108 998 948 1021 975 988 1009  
  109 787 850 848 820 846 818  
  110 795 787 727 792 756 764  
  111 976 1045 1032 1010 1034 1007  
  112 994 976 920 987 949 956  
  113 549 612 554 583 585 551  
  114 1165 1157 1104 1161 1130 1134  
  115 1209 1165 1227 1188 1194 1215  
  116 1227 1165 1174 1194 1171 1202  
  117 1174 1165 1114 1171 1142 1145  
  118 1227 1221 1278 1223 1249 1252  
  119 56 32 61 44 45 57  
  120 47 56 80 51 66 62  
  121 80 56 87 66 71 83  
  122 87 56 61 71 57 72  
  123 336 345 293 340 317 315  
  124 293 345 279 317 313 286  
  125 336 293 281 315 288 308  
  126 293 279 245 286 259 267  
  127 1353 1313 1318 1332 1315 1336  
  128 169 158 125 162 143 146  
  129 169 125 141 146 128 151  
  130 141 125 96 128 108 115  
  131 169 141 189 151 164 178  
  132 207 169 221 184 193 210  
  133 1441 1420 1412 1431 1417 1429  
  134 1455 1441 1459 1449 1452 1457  
  135 1459 1441 1433 1452 1438 1448  
  136 1433 1441 1412 1438 1429 1425  
  137 1459 1433 1456 1448 1447 1458  
  138 1456 1414 1428 1439 1422 1445  
  139 662 719 727 690 723 694  
  140 666 662 611 665 634 639  
  141 611 662 613 634 635 610  
  142 613 662 671 635 667 643  
  143 611 613 547 610 582 581  
  144 277 268 221 275 246 251  
  145 324 277 338 299 307 327  
  146 1081 1143 1131 1111 1137 1109  
  147 1081 1131 1063 1109 1097 1073  
  148 1063 1131 1132 1097 1129 1098  
  149 1081 1063 1015 1073 1040 1047  
  150 1102 1081 1032 1094 1058 1069  
  151 1321 1278 1317 1301 1298 1319  
  152 1317 1278 1274 1298 1275 1296  
  153 1274 1278 1221 1275 1249 1248  
  154 1317 1274 1328 1296 1303 1322  
  155 125 119 87 120 101 104  
  156 125 87 96 104 89 108  
  157 96 87 61 89 72 77  
  158 1266 1313 1238 1290 1280 1257  
  159 1187 1226 1173 1205 1200 1178  
  160 1187 1173 1131 1178 1151 1159  
  161 1131 1173 1132 1151 1152 1129  
  162 1132 1173 1203 1152 1189 1166  
  163 212 279 243 248 258 227  
  164 200 157 133 176 145 166  
  165 1132 1176 1113 1153 1146 1124  
  166 157 212 181 183 196 168  
  167 612 611 554 609 584 585  
  168 554 611 547 584 581 550  
  169 554 547 476 550 510 515  
  170 1369 1388 1410 1379 1400 1390  
  171 1369 1410 1387 1390 1399 1378  
  172 1369 1387 1337 1378 1362 1355  
  173 1337 1387 1364 1362 1377 1352  
  174 1369 1337 1316 1355 1330 1342  
  175 1364 1387 1414 1377 1401 1391  
  176 1337 1364 1312 1352 1338 1323  
  177 1316 1337 1285 1330 1310 1299  
  178 1369 1316 1339 1342 1331 1356  
  179 1339 1316 1287 1331 1305 1314  
  180 1287 1316 1261 1305 1288 1272  
  181 1339 1287 1313 1314 1302 1326  
  182 1261 1316 1285 1288 1299 1271  
  183 1261 1285 1224 1271 1256 1241  
  184 1224 1285 1259 1256 1270 1239  
  185 1261 1224 1201 1241 1212 1231  
  186 1287 1261 1228 1272 1243 1258  
  187 1259 1285 1312 1270 1295 1286  
  188 1259 1312 1282 1286 1294 1268  
  189 1282 1312 1340 1294 1327 1311  
  190 1259 1282 1225 1268 1255 1240  
  191 1224 1259 1197 1239 1229 1210  
  192 1201 1224 1163 1212 1191 1180  
  193 1261 1201 1228 1231 1214 1243  
  194 1228 1201 1170 1214 1186 1199  
  195 1170 1201 1140 1186 1169 1154  
  196 1228 1170 1238 1199 1208 1235  
  197 1228 1238 1287 1235 1265 1258  
  198 1140 1201 1163 1169 1180 1148  
  199 1140 1163 1101 1148 1133 1119  
  200 1101 1163 1138 1133 1147 1118  
  201 1140 1101 1074 1119 1087 1108  
  202 1170 1140 1107 1154 1122 1141  
  203 23 22 40 21 29 30  
  204 23 40 50 30 43 34  
  205 50 40 70 43 55 59  
  206 70 40 48 55 42 58  
  207 23 50 35 34 39 26  
  208 476 441 498 453 467 485  
  209 476 498 554 485 527 515  
  210 554 498 549 527 525 551  
  211 549 498 487 525 493 517  
  212 344 400 359 374 377 349  
  213 1101 1138 1071 1118 1105 1086  
  214 1140 1074 1107 1108 1090 1122  
  215 1107 1074 1044 1090 1057 1076  
  216 1044 1074 1006 1057 1041 1024  
  217 1107 1044 1085 1076 1065 1095  
  218 400 476 430 435 450 411  
  219 1138 1163 1197 1147 1179 1168  
  220 1138 1197 1172 1168 1185 1156  
  221 1074 1101 1031 1087 1068 1054  
  222 1387 1428 1414 1408 1422 1401  
  223 1414 1456 1433 1439 1447 1426  
  224 35 50 64 39 54 49  
  225 23 35 11 26 20 14  
  226 1006 1074 1031 1041 1054 1020  
  227 1006 1031 962 1020 1000 983  
  228 962 1031 1003 1000 1018 982  
  229 1006 962 928 983 945 968  
  230 1044 1006 971 1024 989 1008  
  231 1085 1044 1017 1065 1029 1051  
  232 1107 1085 1149 1095 1117 1127  
  233 1365 1317 1372 1343 1345 1367  
  234 1411 1372 1420 1392 1397 1416  
  235 962 1003 926 982 967 943  
  236 1006 928 971 968 951 989  
  237 971 928 895 951 913 929  
  238 895 928 857 913 893 874  
  239 971 895 944 929 918 955  
  240 1003 1031 1071 1018 1053 1037  
  241 1003 1071 1038 1037 1055 1022  
  242 928 962 886 945 924 908  
  243 1207 1230 1266 1217 1247 1237  
  244 1158 1207 1149 1181 1177 1155  
  245 1113 1158 1080 1135 1121 1099  
  246 1221 1227 1174 1223 1202 1198  
  247 1274 1221 1218 1248 1219 1246  
  248 1328 1274 1282 1303 1279 1306  
  249 1317 1328 1372 1322 1349 1345  
  250 1372 1328 1375 1349 1351 1373  
  251 1375 1328 1340 1351 1333 1358  
  252 1372 1375 1420 1373 1398 1397  
  253 1114 1165 1104 1142 1134 1110  
  254 1114 1104 1052 1110 1077 1084  
  255 1052 1104 1021 1077 1064 1033  
  256 1114 1052 1067 1084 1059 1091  
  257 857 928 886 893 908 870  
  258 857 886 811 870 847 831  
  259 811 886 854 847 868 830  
  260 857 811 761 831 786 805  
  261 971 944 1017 955 980 995  
  262 1017 944 991 980 969 1005  
  263 189 141 167 164 150 177  
  264 895 857 822 874 836 859  
  265 1174 1114 1128 1145 1123 1150  
  266 141 96 114 115 103 126  
  267 169 189 221 178 203 193  
  268 221 189 247 203 217 231  
  269 247 189 218 217 202 230  
  270 221 247 277 231 260 251  
  271 277 247 298 260 273 289  
  272 298 247 264 273 255 280  
  273 277 298 338 289 318 307  
  274 338 298 357 318 328 348  
  275 264 247 218 255 230 238  
  276 264 218 240 238 229 252  
  277 240 218 185 229 201 213  
  278 264 240 302 252 271 282  
  279 185 218 167 201 190 174  
  280 185 167 139 174 149 160  
  281 167 218 189 190 202 177  
  282 139 167 114 149 142 127  
  283 139 114 100 127 105 118  
  284 185 139 172 160 155 179  
  285 100 114 75 105 91 85  
  286 139 100 134 118 116 135  
  287 172 139 134 155 135 153  
  288 172 134 173 153 154 171  
  289 173 134 130 154 131 152  
  290 172 173 220 171 198 195  
  291 185 172 226 179 199 204  
  292 75 114 96 91 103 84  
  293 75 96 61 84 77 65  
  294 75 61 35 65 46 52  
  295 100 75 64 85 67 79  
  296 100 64 93 79 78 97  
  297 134 100 93 116 97 112  
  298 240 185 226 213 204 232  
  299 240 226 278 232 253 257  
  300 278 226 263 253 244 269  
  301 240 278 302 257 291 271  
  302 302 278 352 291 316 326  
  303 264 302 322 282 311 292  
  304 130 134 93 131 112 110  
  305 130 93 98 110 94 111  
  306 98 93 50 94 68 69  
  307 130 98 147 111 122 140  
  308 173 130 180 152 156 175  
  309 220 173 209 198 191 215  
  310 172 220 226 195 224 199  
  311 226 220 263 224 239 244  
  312 263 220 266 239 242 265  
  313 357 298 322 328 310 341  
  314 322 298 264 310 280 292  
  315 357 322 370 341 346 361  
  316 370 322 302 346 311 332  
  317 357 370 416 361 390 384  
  318 338 357 398 348 376 366  
  319 352 278 334 316 306 342  
  320 302 352 370 326 356 332  
  321 278 263 334 269 296 306  
  322 93 64 50 78 54 68  
  323 416 370 436 390 403 425  
  324 357 416 398 384 406 376  
  325 944 895 871 918 880 907  
  326 671 662 727 667 694 698  
  327 671 727 736 698 731 703  
  328 736 727 787 731 756 762  
  329 736 787 796 762 793 768  
  330 796 787 848 793 818 825  
  331 736 796 733 768 767 734  
  332 796 848 860 825 855 828  
  333 733 796 823 767 806 774  
  334 736 733 674 734 702 704  
  335 860 848 920 855 882 889  
  336 860 920 905 889 914 879  
  337 796 860 823 828 839 806  
  338 905 920 976 914 949 941  
  339 905 976 970 941 973 936  
  340 860 905 823 879 863 839  
  341 970 976 1032 973 1007 1001  
  342 905 970 897 936 934 901  
  343 970 1032 1015 1001 1025 992  
  344 970 1015 953 992 984 959  
  345 1015 1032 1081 1025 1058 1047  
  346 953 1015 1012 984 1013 981  
  347 970 953 897 959 925 934  
  348 897 953 883 925 917 891  
  349 1012 1015 1063 1013 1040 1039  
  350 1012 1063 1061 1039 1062 1035  
  351 1061 1063 1132 1062 1098 1096  
  352 1012 1061 997 1035 1030 1004  
  353 883 953 950 917 952 916  
  354 897 883 819 891 852 858  
  355 953 1012 950 981 979 952  
  356 997 1061 1050 1030 1056 1026  
  357 1012 997 950 1004 974 979  
  358 950 997 935 974 965 942  
  359 935 997 991 965 993 963  
  360 950 935 876 942 904 912  
  361 876 935 864 904 898 869  
  362 950 876 883 912 878 916  
  363 883 876 815 878 845 849  
  364 815 876 810 845 842 813  
  365 883 815 819 849 816 852  
  366 819 815 758 816 788 789  
  367 810 876 864 842 869 838  
  368 810 864 803 838 832 807  
  369 758 815 751 788 784 753  
  370 819 738 823 776 780 821  
  371 803 864 871 832 867 837  
  372 871 864 930 867 896 900  
  373 803 871 822 837 844 808  
  374 810 803 744 807 771 778  
  375 930 864 935 896 898 933  
  376 930 935 991 933 963 961  
  377 930 991 944 961 969 937  
  378 930 944 871 937 907 900  
  379 815 810 751 813 783 784  
  380 744 803 747 771 772 745  
  381 810 744 751 778 746 783  
  382 751 744 687 746 713 716  
  383 687 744 684 713 712 683  
  384 751 687 697 716 692 726  
  385 671 736 674 703 704 672  
  386 671 674 617 672 645 644  
  387 617 674 621 645 647 618  
  388 671 617 613 644 615 643  
  389 613 617 552 615 587 586  
  390 552 617 565 587 589 559  
  391 613 552 547 586 548 582  
  392 547 552 489 548 521 519  
  393 489 552 497 521 524 495  
  394 547 489 476 519 481 510  
  395 621 674 678 647 676 650  
  396 617 621 565 618 591 589  
  397 565 621 578 591 602 571  
  398 578 621 646 602 633 616  
  399 565 578 512 571 545 541  
  400 552 565 497 559 531 524  
  401 684 744 747 712 745 714  
  402 684 747 679 714 711 682  
  403 679 747 761 711 752 718  
  404 684 679 624 682 653 655  
  405 697 687 619 692 651 660  
  406 646 621 678 633 650 663  
  407 646 738 697 691 717 669  
  408 512 578 539 545 558 526  
  409 687 684 627 683 656 657  
  410 751 697 758 726 728 753  
  411 758 697 738 728 717 748  
  412 578 646 619 616 631 597  
  413 565 512 497 541 505 531  
  414 497 512 449 505 480 472  
  415 449 512 469 480 491 459  
  416 497 449 430 472 438 462  
  417 489 497 430 495 462 458  
  418 897 819 823 858 821 861  
  419 624 679 625 653 654 623  
  420 684 624 627 655 626 656  
  421 627 624 564 626 592 594  
  422 564 624 568 592 595 566  
  423 627 564 573 594 567 601  
  424 905 897 823 901 861 863  
  425 469 512 539 491 526 504  
  426 469 539 500 504 520 483  
  427 500 539 573 520 556 537  
  428 469 500 426 483 465 448  
  429 449 469 407 459 440 428  
  430 1138 1172 1103 1156 1139 1120  
  431 568 624 625 595 623 596  
  432 568 625 572 596 599 570  
  433 572 625 636 599 630 608  
  434 568 572 508 570 542 540  
  435 573 564 500 567 532 537  
  436 1172 1197 1225 1185 1211 1196  
  437 1225 1197 1259 1211 1229 1240  
  438 1172 1225 1218 1196 1220 1193  
  439 564 568 506 566 538 536  
  440 627 573 619 601 593 620  
  441 619 539 578 579 558 597  
  442 109 133 157 121 145 129  
  443 1225 1282 1218 1255 1251 1220  
  444 70 81 109 74 92 88  
  445 1340 1312 1364 1327 1338 1354  
  446 1282 1340 1328 1311 1333 1306  
  447 854 886 926 868 906 890  
  448 854 926 892 890 910 872  
  449 761 811 739 786 773 750  
  450 426 500 451 465 475 442  
  451 811 854 779 830 814 797  
  452 857 761 822 805 791 836  
  453 822 761 747 791 752 785  
  454 469 426 407 448 418 440  
  455 407 426 372 418 399 387  
  456 372 426 396 399 409 382  
  457 407 372 351 387 358 378  
  458 875 931 843 903 888 862  
  459 848 850 922 846 885 884  
  460 508 572 516 542 544 513  
  461 1021 948 972 988 958 996  
  462 636 625 688 630 659 664  
  463 948 875 894 911 881 919  
  464 795 727 719 764 723 757  
  465 568 508 506 540 507 538  
  466 506 508 437 507 473 471  
  467 437 508 457 473 482 447  
  468 506 437 451 471 444 477  
  469 998 1021 1078 1009 1048 1042  
  470 572 636 588 608 614 580  
  471 1032 1045 1102 1034 1072 1069  
  472 994 920 922 956 921 957  
  473 1104 1157 1078 1130 1116 1092  
  474 372 396 333 382 364 354  
  475 407 351 379 378 363 393  
  476 396 426 451 409 442 422  
  477 396 451 437 422 444 415  
  478 351 372 309 358 339 329  
  479 61 32 35 45 31 46  
  480 1003 1038 964 1022 1002 986  
  481 437 457 401 447 429 420  
  482 1038 1071 1103 1055 1088 1070  
  483 1103 1071 1138 1088 1105 1120  
  484 1038 1103 1079 1070 1093 1060  
  485 1079 1103 1144 1093 1126 1112  
  486 1038 1079 1014 1060 1046 1027  
  487 457 508 516 482 513 486  
  488 457 516 470 486 494 466  
  489 470 516 535 494 529 502  
  490 457 470 408 466 443 432  
  491 207 221 268 210 246 235  
  492 1412 1420 1375 1417 1398 1395  
  493 1412 1375 1394 1395 1383 1404  
  494 470 535 490 502 511 479  
  495 457 408 401 432 405 429  
  496 401 408 334 405 375 371  
  497 535 516 588 529 553 561  
  498 535 588 605 561 590 569  
  499 408 470 424 443 445 417  
  500 324 338 389 327 362 355  
  501 1017 991 1080 1005 1036 1049  
  502 147 98 123 122 107 132  
  503 130 147 180 140 161 156  
  504 180 147 197 161 170 186  
  505 197 147 181 170 163 187  
  506 180 197 233 186 214 206  
  507 197 181 243 187 208 219  
  508 233 197 254 214 225 241  
  509 180 233 209 206 222 194  
  510 209 233 266 222 250 236  
  511 1238 1313 1287 1280 1302 1265  
  512 1163 1224 1197 1191 1210 1179  
  513 997 1050 991 1026 1023 993  
  514 1114 1067 1128 1091 1100 1123  
  515 1128 1067 1079 1100 1075 1106  
  516 892 926 964 910 947 927  
  517 964 926 1003 947 967 986  
  518 892 964 940 927 954 915  
  519 940 964 1014 954 990 978  
  520 892 940 866 915 902 877  
  521 940 1014 985 978 999 960  
  522 1266 1238 1207 1257 1222 1237  
  523 1067 1052 985 1059 1019 1028  
  524 854 892 817 872 856 833  
  525 1050 1061 1113 1056 1089 1083  
  526 1050 1113 1080 1083 1099 1066  
  527 1170 1107 1149 1141 1127 1162  
  528 1170 1149 1238 1162 1195 1208  
  529 733 823 738 774 780 735  
  530 674 733 678 702 706 676  
  531 678 733 738 706 735 709  
  532 678 738 646 709 691 663  
  533 758 738 819 748 776 789  
  534 243 279 301 258 290 272  
  535 1285 1337 1312 1310 1323 1295  
  536 173 180 209 175 194 191  
  537 181 212 243 196 227 208  
  538 1101 1071 1031 1086 1053 1068  
  539 747 803 822 772 808 785  
  540 1364 1414 1394 1391 1405 1381  
  541 157 181 123 168 148 136  
  542 338 398 389 366 392 362  
  543 389 398 452 392 423 421  
  544 359 400 430 377 411 394  
  545 619 687 627 651 657 620  
  546 539 619 573 579 593 556  
  547 430 476 489 450 481 458  
  548 697 619 646 660 631 669  
  549 985 1014 1067 999 1043 1028  
  550 344 359 301 349 330 321  
  551 301 359 314 330 335 304  
  552 344 301 279 321 290 312  
  553 314 359 379 335 373 347  
  554 301 314 254 304 283 276  
  555 35 64 75 49 67 52  
  556 940 985 909 960 946 923  
  557 352 334 408 342 375 380  
  558 1017 1044 971 1029 1008 995  
  559 1144 1103 1172 1126 1139 1160  
  560 1144 1172 1218 1160 1193 1183  
  561 1038 1014 964 1027 990 1002  
  562 1149 1085 1080 1117 1082 1115  
  563 1080 1085 1017 1082 1051 1049  
  564 1079 1144 1128 1112 1136 1106  
  565 535 605 555 569 577 543  
  566 605 588 661 590 622 632  
  567 1014 1079 1067 1046 1075 1043  
  568 1080 1158 1149 1121 1155 1115  
  569 416 436 478 425 456 446  
  570 866 940 909 902 923 887  
  571 866 909 835 887 873 851  
  572 835 909 894 873 899 865  
  573 866 835 794 851 812 829  
  574 794 835 766 812 800 775  
  575 866 794 817 829 802 840  
  576 817 794 743 802 769 782  
  577 743 794 720 769 755 732  
  578 817 743 779 782 763 798  
  579 817 779 854 798 814 833  
  580 779 743 705 763 724 740  
  581 892 866 817 877 840 856  
  582 886 962 926 924 943 906  
  583 1218 1221 1144 1219 1184 1183  
  584 254 197 243 225 219 249  
  585 1274 1218 1282 1246 1251 1279  
  586 625 679 688 654 685 659  
  587 688 679 761 685 718 725  
  588 436 370 424 403 397 431  
  589 233 294 309 262 300 270  
  590 167 141 114 150 126 142  
  591 449 407 379 428 393 413  
  592 449 379 430 413 404 438  
  593 564 506 500 536 503 532  
  594 766 835 809 800 827 790  
  595 811 779 739 797 759 773  
  596 720 794 766 755 775 741  
  597 720 766 695 741 730 707  
  598 695 766 749 730 754 721  
  599 720 695 652 707 675 686  
  600 749 766 809 754 790 781  
  601 749 809 799 781 804 770  
  602 799 809 875 804 841 834  
  603 749 799 729 770 765 737  
  604 695 749 670 721 708 681  
  605 652 695 606 675 649 628  
  606 720 652 661 686 658 689  
  607 729 799 760 765 777 742  
  608 729 760 677 742 715 700  
  609 749 729 670 737 699 708  
  610 670 729 677 699 700 673  
  611 695 670 606 681 638 649  
  612 871 895 822 880 859 844  
  613 761 739 688 750 710 725  
  614 688 739 705 710 722 696  
  615 705 739 779 722 759 740  
  616 652 606 555 628 576 607  
  617 1174 1128 1221 1150 1175 1198  
  618 451 500 506 475 503 477  
  619 743 720 661 732 689 701  
  620 516 572 588 544 580 553  
  621 588 636 661 614 648 622  
  622 379 351 314 363 331 347  
  623 972 948 894 958 919 932  
  624 894 875 809 881 841 853  
  625 333 396 367 364 381 350  
  626 309 372 333 339 354 323  
  627 437 367 396 402 381 415  
  628 636 688 705 664 696 668  
  629 1021 972 1052 996 1011 1033  
  630 351 309 294 329 300 325  
  631 490 535 555 511 543 523  
  632 490 555 514 523 533 499  
  633 514 555 606 533 576 557  
  634 490 514 436 499 474 463  
  635 424 470 490 445 479 454  
  636 123 98 70 107 82 95  
  637 408 424 352 417 386 380  
  638 147 123 181 132 148 163  
  639 1394 1414 1433 1405 1426 1415  
  640 705 743 661 724 701 680  
  641 705 661 636 680 648 668  
  642 243 301 254 272 276 249  
  643 1364 1394 1340 1381 1366 1354  
  644 909 985 972 946 977 939  
  645 555 605 652 577 629 607  
  646 478 436 514 456 474 496  
  647 605 661 652 632 658 629  
  648 416 478 460 446 468 439  
  649 809 835 894 827 865 853  
  650 367 437 401 402 420 383  
  651 367 401 334 383 371 353  
  652 294 233 254 262 241 274  
  653 294 254 314 274 283 303  
  654 294 314 351 303 331 325  
  655 460 478 528 468 501 492  
  656 333 367 305 350 337 319  
  657 305 367 334 337 353 320  
  658 305 334 263 320 296 284  
  659 305 263 266 284 265 285  
  660 266 220 209 242 215 236  
  661 266 233 309 250 270 287  
  662 305 266 333 285 297 319  
  663 416 460 398 439 427 406  
  664 528 478 546 501 509 534  
  665 460 528 518 492 522 488  
  666 518 528 598 522 562 560  
  667 546 478 514 509 496 530  
  668 546 514 606 530 557 575  
  669 528 546 604 534 574 563  
  670 604 546 606 574 575 603  
  671 528 604 598 563 600 562  
  672 598 604 677 600 642 641  
  673 848 922 920 884 921 882  
  674 518 452 460 484 455 488  
  675 460 452 398 455 423 427  
  676 1132 1113 1061 1124 1089 1096  
  677 972 985 1052 977 1019 1011  
  678 70 109 123 88 113 95  
  679 123 109 157 113 129 136  
  680 309 333 266 323 297 287  
  681 424 490 436 454 463 431  
  682 799 875 843 834 862 824  
  683 799 843 760 824 801 777  
  684 1104 1078 1021 1092 1048 1064  
  685 606 670 604 638 637 603  
  686 972 894 909 932 899 939  
  687 1340 1394 1375 1366 1383 1358  
  688 1412 1394 1433 1404 1415 1425  
  689 991 1050 1080 1023 1066 1036  
  690 359 430 379 394 404 373  
  691 1128 1144 1221 1136 1184 1175  
  692 1207 1238 1149 1222 1195 1177  
  693 32 11 35 19 20 31  
  694 50 70 98 59 82 69  
  695 677 604 670 642 637 673  
  696 424 370 352 397 356 386  
  END_ELEMENTS  
  COORDINATES  
   1   5.033898e+00 -3.975397e+00   
   2   5.128759e+00 -3.883477e+00   
   3   4.888386e+00 -3.919517e+00   
   4   4.981717e+00 -3.813065e+00   
   5   5.237288e+00 -3.978005e+00   
   6   5.076579e+00 -3.721145e+00   
   7   5.223621e+00 -3.791558e+00   
   8   4.836205e+00 -3.757185e+00   
   9   5.332149e+00 -3.886086e+00   
   10   4.742874e+00 -3.863636e+00   
   11   4.929537e+00 -3.650733e+00   
   12   5.365382e+00 -3.766706e+00   
   13   5.272070e+00 -3.651180e+00   
   14   5.125028e+00 -3.580767e+00   
   15   5.440678e+00 -3.980614e+00   
   16   4.727480e+00 -3.670023e+00   
   17   4.634149e+00 -3.776475e+00   
   18   5.473911e+00 -3.861234e+00   
   19   4.804521e+00 -3.537723e+00   
   20   4.971172e+00 -3.467539e+00   
   21   5.413832e+00 -3.626328e+00   
   22   5.507144e+00 -3.741854e+00   
   23   5.320520e+00 -3.510801e+00   
   24   5.593220e+00 -3.942285e+00   
   25   4.525424e+00 -3.689313e+00   
   26   5.166664e+00 -3.397573e+00   
   27   4.602464e+00 -3.557013e+00   
   28   5.626453e+00 -3.822905e+00   
   29   5.537300e+00 -3.596367e+00   
   30   5.443988e+00 -3.480840e+00   
   31   4.846156e+00 -3.354529e+00   
   32   4.679505e+00 -3.424713e+00   
   33   5.644834e+00 -3.698897e+00   
   34   5.351621e+00 -3.369581e+00   
   35   5.012808e+00 -3.284344e+00   
   36   4.451003e+00 -3.594656e+00   
   37   5.745763e+00 -3.903956e+00   
   38   4.528044e+00 -3.462357e+00   
   39   5.197765e+00 -3.256352e+00   
   40   5.567457e+00 -3.450880e+00   
   41   5.764144e+00 -3.779948e+00   
   42   5.674991e+00 -3.553410e+00   
   43   5.475089e+00 -3.339620e+00   
   44   4.581520e+00 -3.344691e+00   
   45   4.679870e+00 -3.274406e+00   
   46   4.846521e+00 -3.204222e+00   
   47   4.376583e+00 -3.500000e+00   
   48   5.782525e+00 -3.655940e+00   
   49   5.089272e+00 -3.153250e+00   
   50   5.382722e+00 -3.228360e+00   
   51   4.430059e+00 -3.382334e+00   
   52   4.944383e+00 -3.108622e+00   
   53   5.898305e+00 -3.838409e+00   
   54   5.274229e+00 -3.125258e+00   
   55   5.673009e+00 -3.359744e+00   
   56   4.483535e+00 -3.264668e+00   
   57   4.581885e+00 -3.194384e+00   
   58   5.780543e+00 -3.462274e+00   
   59   5.580641e+00 -3.248484e+00   
   60   5.916686e+00 -3.714401e+00   
   61   4.680235e+00 -3.124099e+00   
   62   4.302090e+00 -3.363636e+00   
   63   5.907577e+00 -3.579921e+00   
   64   5.165737e+00 -3.022155e+00   
   65   4.778096e+00 -3.028500e+00   
   66   4.355566e+00 -3.245971e+00   
   67   5.020847e+00 -2.977528e+00   
   68   5.384671e+00 -3.025707e+00   
   69   5.521430e+00 -3.075841e+00   
   70   5.778561e+00 -3.268608e+00   
   71   4.450137e+00 -3.130719e+00   
   72   4.548487e+00 -3.060435e+00   
   73   6.050847e+00 -3.772862e+00   
   74   5.905595e+00 -3.386255e+00   
   75   4.875958e+00 -2.932900e+00   
   76   6.041738e+00 -3.638382e+00   
   77   4.646550e+00 -2.982648e+00   
   78   5.276179e+00 -2.922604e+00   
   79   5.133390e+00 -2.881143e+00   
   80   4.227598e+00 -3.227273e+00   
   81   6.032629e+00 -3.503902e+00   
   82   5.719350e+00 -3.095964e+00   
   83   4.322168e+00 -3.112022e+00   
   84   4.744412e+00 -2.887049e+00   
   85   4.988500e+00 -2.836515e+00   
   86   6.152542e+00 -3.715130e+00   
   87   4.416738e+00 -2.996771e+00   
   88   5.936759e+00 -3.236491e+00   
   89   4.514802e+00 -2.918984e+00   
   90   6.143433e+00 -3.580650e+00   
   91   4.855114e+00 -2.786198e+00   
   92   6.063793e+00 -3.354138e+00   
   93   5.386620e+00 -2.823053e+00   
   94   5.523379e+00 -2.873187e+00   
   95   5.873942e+00 -3.106971e+00   
   96   4.612866e+00 -2.841197e+00   
   97   5.243831e+00 -2.781591e+00   
   98   5.660138e+00 -2.923321e+00   
   99   4.174586e+00 -3.090909e+00   
   100   5.101042e+00 -2.740130e+00   
   101   4.269156e+00 -2.975658e+00   
   102   6.254237e+00 -3.657398e+00   
   103   4.723568e+00 -2.740347e+00   
   104   4.373774e+00 -2.870874e+00   
   105   4.967657e+00 -2.689813e+00   
   106   6.194277e+00 -3.409843e+00   
   107   5.814731e+00 -2.934328e+00   
   108   4.471838e+00 -2.793087e+00   
   109   6.094957e+00 -3.204374e+00   
   110   5.480574e+00 -2.717385e+00   
   111   5.617334e+00 -2.767519e+00   
   112   5.340190e+00 -2.669027e+00   
   113   6.032140e+00 -3.074854e+00   
   114   4.834271e+00 -2.639497e+00   
   115   4.580620e+00 -2.695720e+00   
   116   5.197401e+00 -2.627565e+00   
   117   6.305081e+00 -3.486591e+00   
   118   5.050695e+00 -2.606756e+00   
   119   4.121573e+00 -2.954545e+00   
   120   4.226192e+00 -2.849761e+00   
   121   6.225441e+00 -3.260079e+00   
   122   5.764607e+00 -2.793089e+00   
   123   5.969323e+00 -2.945334e+00   
   124   6.369366e+00 -3.578699e+00   
   125   4.330810e+00 -2.744977e+00   
   126   4.691322e+00 -2.594870e+00   
   127   4.917309e+00 -2.556439e+00   
   128   4.439592e+00 -2.647610e+00   
   129   6.199943e+00 -3.099986e+00   
   130   5.574529e+00 -2.611717e+00   
   131   5.434145e+00 -2.563359e+00   
   132   5.919199e+00 -2.804095e+00   
   133   6.355924e+00 -3.315784e+00   
   134   5.293760e+00 -2.515001e+00   
   135   5.147054e+00 -2.494191e+00   
   136   6.137126e+00 -2.970466e+00   
   137   6.420209e+00 -3.407892e+00   
   138   4.081529e+00 -2.818182e+00   
   139   5.000347e+00 -2.473382e+00   
   140   5.721803e+00 -2.637286e+00   
   141   4.548374e+00 -2.550243e+00   
   142   4.794036e+00 -2.485894e+00   
   143   4.186147e+00 -2.713398e+00   
   144   6.484495e+00 -3.500000e+00   
   145   6.330427e+00 -3.155691e+00   
   146   4.297045e+00 -2.616076e+00   
   147   5.869076e+00 -2.662856e+00   
   148   6.106036e+00 -2.825031e+00   
   149   4.877074e+00 -2.402837e+00   
   150   4.651088e+00 -2.441267e+00   
   151   4.405827e+00 -2.518708e+00   
   152   5.540984e+00 -2.467076e+00   
   153   5.258472e+00 -2.396702e+00   
   154   5.400600e+00 -2.418718e+00   
   155   5.111765e+00 -2.375893e+00   
   156   5.684302e+00 -2.510048e+00   
   157   6.304930e+00 -2.995598e+00   
   158   4.041484e+00 -2.681818e+00   
   159   6.533019e+00 -3.316983e+00   
   160   4.969555e+00 -2.334729e+00   
   161   5.831575e+00 -2.535618e+00   
   162   4.152382e+00 -2.584496e+00   
   163   6.055913e+00 -2.683792e+00   
   164   4.505160e+00 -2.407638e+00   
   165   6.597304e+00 -3.409091e+00   
   166   6.493515e+00 -3.176364e+00   
   167   4.753802e+00 -2.332291e+00   
   168   6.273840e+00 -2.850163e+00   
   169   4.263281e+00 -2.487174e+00   
   170   5.974930e+00 -2.562512e+00   
   171   5.365311e+00 -2.300419e+00   
   172   5.223184e+00 -2.278403e+00   
   173   5.507439e+00 -2.322435e+00   
   174   4.846282e+00 -2.264183e+00   
   175   5.650757e+00 -2.365408e+00   
   176   6.468018e+00 -3.016271e+00   
   177   4.607874e+00 -2.298662e+00   
   178   4.362613e+00 -2.376104e+00   
   179   5.080973e+00 -2.237239e+00   
   180   5.794074e+00 -2.408380e+00   
   181   6.242750e+00 -2.704728e+00   
   182   4.010094e+00 -2.545455e+00   
   183   6.420224e+00 -2.881012e+00   
   184   4.120993e+00 -2.448132e+00   
   185   4.938763e+00 -2.196076e+00   
   186   5.937429e+00 -2.435274e+00   
   187   6.161767e+00 -2.583448e+00   
   188   6.710114e+00 -3.318182e+00   
   189   4.461946e+00 -2.265034e+00   
   190   4.715270e+00 -2.194794e+00   
   191   5.590963e+00 -2.243799e+00   
   192   6.670610e+00 -3.177563e+00   
   193   4.226510e+00 -2.342379e+00   
   194   5.734281e+00 -2.286771e+00   
   195   5.314133e+00 -2.161038e+00   
   196   6.389134e+00 -2.735577e+00   
   197   6.080784e+00 -2.462168e+00   
   198   5.456261e+00 -2.183055e+00   
   199   5.188197e+00 -2.133040e+00   
   200   6.631107e+00 -3.036944e+00   
   201   4.807751e+00 -2.126687e+00   
   202   4.569342e+00 -2.161166e+00   
   203   4.325842e+00 -2.231309e+00   
   204   5.045987e+00 -2.091876e+00   
   205   6.583312e+00 -2.901684e+00   
   206   5.889705e+00 -2.294150e+00   
   207   3.978705e+00 -2.409091e+00   
   208   6.360510e+00 -2.588741e+00   
   209   5.674487e+00 -2.165162e+00   
   210   4.084222e+00 -2.303338e+00   
   211   6.807953e+00 -3.227273e+00   
   212   6.535518e+00 -2.766425e+00   
   213   4.927199e+00 -2.048274e+00   
   214   6.033060e+00 -2.321045e+00   
   215   5.539785e+00 -2.104418e+00   
   216   6.768450e+00 -3.086654e+00   
   217   4.425137e+00 -2.122081e+00   
   218   4.676738e+00 -2.057297e+00   
   219   6.279527e+00 -2.467461e+00   
   220   5.405082e+00 -2.043674e+00   
   221   4.189739e+00 -2.197585e+00   
   222   5.829911e+00 -2.172542e+00   
   223   6.717831e+00 -2.951525e+00   
   224   5.279147e+00 -2.015675e+00   
   225   6.179980e+00 -2.349991e+00   
   226   5.153211e+00 -1.987676e+00   
   227   6.506894e+00 -2.619590e+00   
   228   6.670037e+00 -2.816266e+00   
   229   4.796187e+00 -1.978885e+00   
   230   4.532534e+00 -2.018213e+00   
   231   4.289034e+00 -2.088357e+00   
   232   5.034423e+00 -1.944074e+00   
   233   5.985335e+00 -2.179921e+00   
   234   6.905793e+00 -3.136364e+00   
   235   3.946980e+00 -2.230608e+00   
   236   5.677497e+00 -2.018282e+00   
   237   6.855174e+00 -3.001235e+00   
   238   4.658797e+00 -1.939637e+00   
   239   5.401067e+00 -1.930646e+00   
   240   4.915635e+00 -1.900472e+00   
   241   6.132255e+00 -2.208868e+00   
   242   5.542794e+00 -1.957538e+00   
   243   6.478270e+00 -2.472754e+00   
   244   5.275131e+00 -1.902647e+00   
   245   6.804555e+00 -2.866107e+00   
   246   4.052497e+00 -2.124855e+00   
   247   4.388329e+00 -1.979128e+00   
   248   6.672815e+00 -2.656832e+00   
   249   6.378723e+00 -2.355284e+00   
   250   5.832921e+00 -2.025661e+00   
   251   4.171684e+00 -2.037453e+00   
   252   4.778245e+00 -1.861225e+00   
   253   5.138579e+00 -1.843927e+00   
   254   6.279175e+00 -2.237814e+00   
   255   4.514592e+00 -1.900553e+00   
   256   6.992530e+00 -3.045455e+00   
   257   5.019791e+00 -1.800325e+00   
   258   6.644191e+00 -2.509997e+00   
   259   6.807334e+00 -2.706673e+00   
   260   4.270979e+00 -1.928224e+00   
   261   6.941911e+00 -2.910326e+00   
   262   6.128827e+00 -2.081366e+00   
   263   5.397051e+00 -1.817618e+00   
   264   4.640855e+00 -1.821977e+00   
   265   5.538779e+00 -1.844510e+00   
   266   5.680507e+00 -1.871401e+00   
   267   6.908130e+00 -2.790883e+00   
   268   3.915254e+00 -2.052124e+00   
   269   5.260499e+00 -1.758898e+00   
   270   6.021186e+00 -1.976963e+00   
   271   4.868060e+00 -1.748432e+00   
   272   6.592147e+00 -2.375276e+00   
   273   4.381349e+00 -1.834502e+00   
   274   6.275747e+00 -2.110313e+00   
   275   4.034441e+00 -1.964722e+00   
   276   6.492600e+00 -2.257806e+00   
   277   4.153629e+00 -1.877321e+00   
   278   5.123947e+00 -1.700178e+00   
   279   6.810112e+00 -2.547239e+00   
   280   4.507612e+00 -1.755926e+00   
   281   7.079267e+00 -2.954545e+00   
   282   4.730669e+00 -1.709185e+00   
   283   6.406704e+00 -2.136903e+00   
   284   5.471710e+00 -1.716793e+00   
   285   5.613438e+00 -1.743684e+00   
   286   6.910909e+00 -2.631449e+00   
   287   5.868772e+00 -1.822703e+00   
   288   7.045486e+00 -2.835102e+00   
   289   4.263999e+00 -1.783598e+00   
   290   6.758068e+00 -2.412519e+00   
   291   4.972216e+00 -1.648285e+00   
   292   4.600791e+00 -1.677878e+00   
   293   7.011705e+00 -2.715659e+00   
   294   6.272319e+00 -1.982811e+00   
   295   3.896204e+00 -1.912426e+00   
   296   5.373909e+00 -1.626392e+00   
   297   5.759789e+00 -1.710852e+00   
   298   4.374369e+00 -1.689875e+00   
   299   4.015391e+00 -1.825024e+00   
   300   6.164678e+00 -1.878408e+00   
   301   6.706024e+00 -2.277798e+00   
   302   4.820484e+00 -1.596392e+00   
   303   6.403276e+00 -2.009401e+00   
   304   6.620129e+00 -2.156895e+00   
   305   5.546368e+00 -1.615968e+00   
   306   5.237358e+00 -1.567671e+00   
   307   4.130474e+00 -1.729672e+00   
   308   7.175227e+00 -2.839924e+00   
   309   6.057037e+00 -1.774005e+00   
   310   4.467548e+00 -1.611827e+00   
   311   4.690605e+00 -1.565085e+00   
   312   6.900803e+00 -2.409736e+00   
   313   6.976664e+00 -2.503469e+00   
   314   6.534233e+00 -2.035991e+00   
   315   7.141446e+00 -2.720481e+00   
   316   5.071135e+00 -1.520805e+00   
   317   7.077461e+00 -2.587679e+00   
   318   4.240845e+00 -1.635950e+00   
   319   5.692720e+00 -1.583135e+00   
   320   5.448568e+00 -1.525566e+00   
   321   6.848759e+00 -2.275015e+00   
   322   4.560727e+00 -1.533778e+00   
   323   5.948054e+00 -1.662154e+00   
   324   3.877153e+00 -1.772727e+00   
   325   6.308764e+00 -1.837352e+00   
   326   4.919403e+00 -1.468912e+00   
   327   3.992237e+00 -1.677376e+00   
   328   4.356253e+00 -1.542461e+00   
   329   6.201123e+00 -1.732949e+00   
   330   6.766998e+00 -2.134741e+00   
   331   6.439721e+00 -1.863942e+00   
   332   4.741951e+00 -1.438454e+00   
   333   5.839071e+00 -1.550303e+00   
   334   5.350768e+00 -1.435165e+00   
   335   6.681102e+00 -2.013838e+00   
   336   7.271186e+00 -2.725302e+00   
   337   5.594728e+00 -1.472643e+00   
   338   4.107320e+00 -1.582024e+00   
   339   6.094126e+00 -1.628848e+00   
   340   7.207201e+00 -2.592501e+00   
   341   4.449431e+00 -1.464412e+00   
   342   5.184545e+00 -1.388299e+00   
   343   7.067355e+00 -2.365966e+00   
   344   6.991494e+00 -2.272233e+00   
   345   7.143216e+00 -2.459699e+00   
   346   4.612072e+00 -1.407147e+00   
   347   6.586221e+00 -1.870180e+00   
   348   4.222728e+00 -1.488535e+00   
   349   6.909732e+00 -2.131959e+00   
   350   5.741079e+00 -1.439811e+00   
   351   6.345209e+00 -1.691893e+00   
   352   5.018323e+00 -1.341432e+00   
   353   5.496927e+00 -1.382242e+00   
   354   5.985143e+00 -1.516997e+00   
   355   3.858062e+00 -1.590909e+00   
   356   4.840870e+00 -1.310974e+00   
   357   4.338136e+00 -1.395046e+00   
   358   6.238212e+00 -1.587791e+00   
   359   6.827971e+00 -1.991685e+00   
   360   7.353230e+00 -2.612651e+00   
   361   4.500777e+00 -1.337781e+00   
   362   3.973146e+00 -1.495557e+00   
   363   6.491709e+00 -1.698131e+00   
   364   5.883855e+00 -1.407332e+00   
   365   7.289244e+00 -2.479850e+00   
   366   4.083256e+00 -1.434340e+00   
   367   5.643087e+00 -1.329319e+00   
   368   7.139608e+00 -2.261075e+00   
   369   7.215469e+00 -2.354808e+00   
   370   4.663418e+00 -1.280516e+00   
   371   5.414993e+00 -1.280400e+00   
   372   6.131215e+00 -1.483690e+00   
   373   6.733090e+00 -1.848027e+00   
   374   7.060494e+00 -2.140698e+00   
   375   5.278434e+00 -1.241823e+00   
   376   4.198664e+00 -1.340851e+00   
   377   6.978733e+00 -2.000424e+00   
   378   6.379435e+00 -1.546586e+00   
   379   6.638210e+00 -1.704369e+00   
   380   5.112212e+00 -1.194957e+00   
   381   5.785863e+00 -1.296840e+00   
   382   6.029927e+00 -1.374026e+00   
   383   5.561153e+00 -1.227477e+00   
   384   4.332861e+00 -1.246248e+00   
   385   7.435273e+00 -2.500000e+00   
   386   4.967208e+00 -1.157137e+00   
   387   6.272438e+00 -1.442485e+00   
   388   7.361498e+00 -2.374959e+00   
   389   3.838971e+00 -1.409091e+00   
   390   4.495501e+00 -1.188983e+00   
   391   7.287723e+00 -2.249917e+00   
   392   3.949081e+00 -1.347873e+00   
   393   6.525935e+00 -1.552824e+00   
   394   6.898172e+00 -1.821119e+00   
   395   7.208608e+00 -2.129540e+00   
   396   5.928640e+00 -1.264361e+00   
   397   4.789756e+00 -1.126679e+00   
   398   4.059191e+00 -1.286655e+00   
   399   6.176074e+00 -1.343585e+00   
   400   7.129494e+00 -2.009163e+00   
   401   5.479218e+00 -1.125635e+00   
   402   5.678772e+00 -1.156900e+00   
   403   4.624215e+00 -1.112499e+00   
   404   6.803291e+00 -1.677461e+00   
   405   5.342660e+00 -1.087058e+00   
   406   4.193388e+00 -1.192053e+00   
   407   6.413661e+00 -1.401280e+00   
   408   5.206101e+00 -1.048481e+00   
   409   6.074786e+00 -1.233920e+00   
   410   7.505772e+00 -2.391178e+00   
   411   7.048934e+00 -1.829859e+00   
   412   7.431997e+00 -2.266136e+00   
   413   6.672248e+00 -1.520891e+00   
   414   7.351997e+00 -2.143299e+00   
   415   5.821548e+00 -1.124421e+00   
   416   4.327585e+00 -1.097451e+00   
   417   5.061098e+00 -1.010662e+00   
   418   6.317297e+00 -1.302379e+00   
   419   7.272883e+00 -2.022922e+00   
   420   5.596838e+00 -1.055058e+00   
   421   3.826265e+00 -1.243282e+00   
   422   5.967085e+00 -1.129817e+00   
   423   3.936375e+00 -1.182064e+00   
   424   4.916094e+00 -9.728419e-01   
   425   4.456299e+00 -1.020966e+00   
   426   6.220933e+00 -1.203479e+00   
   427   4.062494e+00 -1.118829e+00   
   428   6.559974e+00 -1.369347e+00   
   429   5.446333e+00 -9.794601e-01   
   430   6.968373e+00 -1.650554e+00   
   431   4.750554e+00 -9.586621e-01   
   432   5.309774e+00 -9.408830e-01   
   433   7.576271e+00 -2.282356e+00   
   434   7.496272e+00 -2.159518e+00   
   435   7.235858e+00 -1.851208e+00   
   436   4.585013e+00 -9.444822e-01   
   437   5.714457e+00 -9.844814e-01   
   438   6.837330e+00 -1.493984e+00   
   439   4.196691e+00 -1.024227e+00   
   440   6.459966e+00 -1.258861e+00   
   441   7.416272e+00 -2.036680e+00   
   442   6.113231e+00 -1.099377e+00   
   443   5.166711e+00 -9.043498e-01   
   444   5.859993e+00 -9.898775e-01   
   445   5.021707e+00 -8.665302e-01   
   446   4.325582e+00 -9.475330e-01   
   447   5.563952e+00 -9.088831e-01   
   448   6.363602e+00 -1.159961e+00   
   449   6.706287e+00 -1.337414e+00   
   450   7.155297e+00 -1.671903e+00   
   451   6.005529e+00 -9.952736e-01   
   452   3.813559e+00 -1.077472e+00   
   453   7.379247e+00 -1.864966e+00   
   454   4.878456e+00 -8.225374e-01   
   455   3.939679e+00 -1.014238e+00   
   456   4.454297e+00 -8.710488e-01   
   457   5.413447e+00 -8.332849e-01   
   458   7.079671e+00 -1.558780e+00   
   459   6.606279e+00 -1.226928e+00   
   460   4.065798e+00 -9.510030e-01   
   461   7.642797e+00 -2.163905e+00   
   462   6.986065e+00 -1.464595e+00   
   463   4.712915e+00 -8.083576e-01   
   464   7.562798e+00 -2.041067e+00   
   465   6.236253e+00 -1.025052e+00   
   466   5.270384e+00 -7.967517e-01   
   467   7.504570e+00 -1.927045e+00   
   468   4.194689e+00 -8.743092e-01   
   469   6.506271e+00 -1.116442e+00   
   470   5.127321e+00 -7.602185e-01   
   471   5.808543e+00 -8.468364e-01   
   472   6.855022e+00 -1.308026e+00   
   473   5.675133e+00 -8.092171e-01   
   474   4.569393e+00 -7.713026e-01   
   475   6.128551e+00 -9.209486e-01   
   476   7.342221e+00 -1.693253e+00   
   477   5.954079e+00 -8.522325e-01   
   478   4.323580e+00 -7.976155e-01   
   479   4.984069e+00 -7.162257e-01   
   480   6.752645e+00 -1.198901e+00   
   481   7.266595e+00 -1.580129e+00   
   482   5.524628e+00 -7.336189e-01   
   483   6.378921e+00 -9.815330e-01   
   484   3.805259e+00 -9.250998e-01   
   485   7.467545e+00 -1.755332e+00   
   486   5.379347e+00 -6.971079e-01   
   487   7.709324e+00 -2.045455e+00   
   488   3.931378e+00 -8.618652e-01   
   489   7.190969e+00 -1.467006e+00   
   490   4.840818e+00 -6.722329e-01   
   491   6.652637e+00 -1.088415e+00   
   492   4.063817e+00 -8.010204e-01   
   493   7.651096e+00 -1.931433e+00   
   494   5.236283e+00 -6.605747e-01   
   495   7.097362e+00 -1.372821e+00   
   496   4.438676e+00 -6.978692e-01   
   497   7.003756e+00 -1.278637e+00   
   498   7.592868e+00 -1.817411e+00   
   499   4.697295e+00 -6.351779e-01   
   500   6.251572e+00 -8.466236e-01   
   501   4.192708e+00 -7.243266e-01   
   502   5.094137e+00 -6.145329e-01   
   503   6.077101e+00 -7.779075e-01   
   504   6.547271e+00 -9.667957e-01   
   505   6.901380e+00 -1.169512e+00   
   506   5.902629e+00 -7.091914e-01   
   507   5.769219e+00 -6.715721e-01   
   508   5.635810e+00 -6.339529e-01   
   509   4.321616e+00 -6.476294e-01   
   510   7.403336e+00 -1.531153e+00   
   511   4.950885e+00 -5.705401e-01   
   512   6.799004e+00 -1.060387e+00   
   513   5.490528e+00 -5.974419e-01   
   514   4.553773e+00 -5.981230e-01   
   515   7.498819e+00 -1.616096e+00   
   516   5.345246e+00 -5.609310e-01   
   517   7.775215e+00 -1.909091e+00   
   518   3.796959e+00 -7.727273e-01   
   519   7.327709e+00 -1.418029e+00   
   520   6.419922e+00 -8.318863e-01   
   521   7.233792e+00 -1.328215e+00   
   522   3.929397e+00 -7.118826e-01   
   523   4.805513e+00 -5.338836e-01   
   524   7.140186e+00 -1.234031e+00   
   525   7.716987e+00 -1.795069e+00   
   526   6.693638e+00 -9.387682e-01   
   527   7.624142e+00 -1.678175e+00   
   528   4.061836e+00 -6.510378e-01   
   529   5.203100e+00 -5.148892e-01   
   530   4.436712e+00 -5.478832e-01   
   531   7.042523e+00 -1.122837e+00   
   532   6.187705e+00 -6.769297e-01   
   533   4.661991e+00 -4.968286e-01   
   534   4.190744e+00 -5.743406e-01   
   535   5.060953e+00 -4.688473e-01   
   536   6.013233e+00 -6.082136e-01   
   537   6.332554e+00 -7.121087e-01   
   538   5.871277e+00 -5.627442e-01   
   539   6.588272e+00 -8.171490e-01   
   540   5.737867e+00 -5.251249e-01   
   541   6.940147e+00 -1.013712e+00   
   542   5.595287e+00 -4.903657e-01   
   543   4.915581e+00 -4.321908e-01   
   544   5.450005e+00 -4.538548e-01   
   545   6.833745e+00 -9.158434e-01   
   546   4.319652e+00 -4.976433e-01   
   547   7.464450e+00 -1.369053e+00   
   548   7.370533e+00 -1.279239e+00   
   549   7.841106e+00 -1.772727e+00   
   550   7.559933e+00 -1.453996e+00   
   551   7.748261e+00 -1.655833e+00   
   552   7.276616e+00 -1.189424e+00   
   553   5.307196e+00 -4.086285e-01   
   554   7.655417e+00 -1.538939e+00   
   555   4.770209e+00 -3.955342e-01   
   556   6.500904e+00 -6.973714e-01   
   557   4.503433e+00 -4.110240e-01   
   558   6.728379e+00 -7.942242e-01   
   559   7.178953e+00 -1.078230e+00   
   560   3.790843e+00 -5.909091e-01   
   561   5.165050e+00 -3.625866e-01   
   562   3.923282e+00 -5.300644e-01   
   563   4.079773e+00 -4.745353e-01   
   564   6.123837e+00 -5.072358e-01   
   565   7.081290e+00 -9.670365e-01   
   566   5.981881e+00 -4.617664e-01   
   567   6.268686e+00 -5.424148e-01   
   568   5.839925e+00 -4.162970e-01   
   569   5.020206e+00 -3.248109e-01   
   570   5.697345e+00 -3.815378e-01   
   571   6.974888e+00 -8.691680e-01   
   572   5.554765e+00 -3.467786e-01   
   573   6.413536e+00 -5.775938e-01   
   574   4.208681e+00 -3.978380e-01   
   575   4.386373e+00 -3.607842e-01   
   576   4.611652e+00 -3.097296e-01   
   577   4.874834e+00 -2.881543e-01   
   578   6.868486e+00 -7.712994e-01   
   579   6.618333e+00 -6.400431e-01   
   580   5.411956e+00 -3.015523e-01   
   581   7.607044e+00 -1.325671e+00   
   582   7.501416e+00 -1.224663e+00   
   583   7.896266e+00 -1.636364e+00   
   584   7.702527e+00 -1.410614e+00   
   585   7.803421e+00 -1.519469e+00   
   586   7.407499e+00 -1.134849e+00   
   587   7.325304e+00 -1.056239e+00   
   588   5.269147e+00 -2.563259e-01   
   589   7.227641e+00 -9.450449e-01   
   590   5.124303e+00 -2.185502e-01   
   591   7.117493e+00 -8.454321e-01   
   592   6.094420e+00 -3.640218e-01   
   593   6.530965e+00 -5.202655e-01   
   594   6.223583e+00 -4.003421e-01   
   595   5.952464e+00 -3.185524e-01   
   596   5.806825e+00 -2.838064e-01   
   597   6.758441e+00 -6.171183e-01   
   598   3.784728e+00 -4.090909e-01   
   599   5.664245e+00 -2.490472e-01   
   600   3.941219e+00 -3.535618e-01   
   601   6.368433e+00 -4.355212e-01   
   602   7.011091e+00 -7.475635e-01   
   603   4.275402e+00 -2.609788e-01   
   604   4.097710e+00 -2.980327e-01   
   605   4.979458e+00 -1.807744e-01   
   606   4.453094e+00 -2.239250e-01   
   607   4.767198e+00 -1.813085e-01   
   608   5.522996e+00 -2.010045e-01   
   609   7.850532e+00 -1.391145e+00   
   610   7.644010e+00 -1.181281e+00   
   611   7.749638e+00 -1.282290e+00   
   612   7.951426e+00 -1.500000e+00   
   613   7.538382e+00 -1.080273e+00   
   614   5.380187e+00 -1.557781e-01   
   615   7.456187e+00 -1.001663e+00   
   616   6.918460e+00 -6.312906e-01   
   617   7.373992e+00 -9.230532e-01   
   618   7.263844e+00 -8.234404e-01   
   619   6.648395e+00 -4.629372e-01   
   620   6.485862e+00 -3.781929e-01   
   621   7.153696e+00 -7.238276e-01   
   622   5.181908e+00 -8.688998e-02   
   623   5.919364e+00 -1.860618e-01   
   624   6.065002e+00 -2.208078e-01   
   625   5.773725e+00 -1.513158e-01   
   626   6.194166e+00 -2.571282e-01   
   627   6.323330e+00 -2.934485e-01   
   628   4.608640e+00 -9.550392e-02   
   629   4.871822e+00 -7.392863e-02   
   630   5.632476e+00 -1.032731e-01   
   631   6.808415e+00 -4.771095e-01   
   632   5.037064e+00 -4.911422e-02   
   633   7.061065e+00 -6.075547e-01   
   634   7.787560e+00 -1.153830e+00   
   635   7.681932e+00 -1.052822e+00   
   636   5.491228e+00 -5.523035e-02   
   637   4.142275e+00 -1.295386e-01   
   638   4.319967e+00 -9.248477e-02   
   639   7.895488e+00 -1.254781e+00   
   640   7.996382e+00 -1.363636e+00   
   641   3.782419e+00 -2.272727e-01   
   642   3.938909e+00 -1.717436e-01   
   643   7.585758e+00 -9.389554e-01   
   644   7.503562e+00 -8.603457e-01   
   645   7.406706e+00 -7.828725e-01   
   646   6.968434e+00 -4.912817e-01   
   647   7.296558e+00 -6.832597e-01   
   648   5.292948e+00  1.365782e-02   
   649   4.486095e+00 -1.045394e-02   
   650   7.200960e+00 -5.990088e-01   
   651   6.597544e+00 -2.785604e-01   
   652   4.764186e+00  3.291717e-02   
   653   6.022963e+00 -7.796474e-02   
   654   5.877325e+00 -4.321874e-02   
   655   6.164865e+00 -1.103599e-01   
   656   6.294029e+00 -1.466802e-01   
   657   6.435012e+00 -1.938160e-01   
   658   4.929427e+00  5.773158e-02   
   659   5.727008e+00  1.375797e-03   
   660   6.742774e+00 -3.102816e-01   
   661   5.094669e+00  8.254599e-02   
   662   7.825481e+00 -1.025371e+00   
   663   7.108329e+00 -4.827358e-01   
   664   5.585759e+00  4.941854e-02   
   665   7.933410e+00 -1.126322e+00   
   666   8.041339e+00 -1.227273e+00   
   667   7.729307e+00 -9.115047e-01   
   668   5.436949e+00  1.021405e-01   
   669   6.902793e+00 -3.244538e-01   
   670   4.186840e+00  3.895545e-02   
   671   7.633133e+00 -7.976382e-01   
   672   7.536276e+00 -7.201650e-01   
   673   3.983475e+00 -3.249546e-03   
   674   7.439420e+00 -6.426918e-01   
   675   4.641641e+00  1.179671e-01   
   676   7.343821e+00 -5.584409e-01   
   677   3.780109e+00 -4.545455e-02   
   678   7.248223e+00 -4.741900e-01   
   679   5.980924e+00  6.487835e-02   
   680   5.238670e+00  1.710287e-01   
   681   4.352969e+00  1.209863e-01   
   682   6.122827e+00  3.248320e-02   
   683   6.405711e+00 -4.704773e-02   
   684   6.264729e+00  8.804980e-05   
   685   5.830607e+00  1.094729e-01   
   686   4.773665e+00  1.817822e-01   
   687   6.546694e+00 -9.418351e-02   
   688   5.680290e+00  1.540674e-01   
   689   4.938906e+00  2.065966e-01   
   690   7.968958e+00 -9.899583e-01   
   691   7.093341e+00 -3.300576e-01   
   692   6.691923e+00 -1.259048e-01   
   693   8.076887e+00 -1.090909e+00   
   694   7.868982e+00 -8.752386e-01   
   695   4.519097e+00  2.030171e-01   
   696   5.531480e+00  2.067894e-01   
   697   6.837152e+00 -1.576260e-01   
   698   7.772808e+00 -7.613721e-01   
   699   4.101136e+00  1.447474e-01   
   700   3.897771e+00  1.025424e-01   
   701   5.085695e+00  2.587714e-01   
   702   7.450369e+00 -4.935036e-01   
   703   7.670324e+00 -6.537705e-01   
   704   7.573467e+00 -5.762973e-01   
   705   5.382670e+00  2.595113e-01   
   706   7.354771e+00 -4.092527e-01   
   707   4.651120e+00  2.668321e-01   
   708   4.236010e+00  2.135681e-01   
   709   7.233236e+00 -3.215118e-01   
   710   5.632959e+00  2.685797e-01   
   711   6.083781e+00  1.805887e-01   
   712   6.379119e+00  9.502311e-02   
   713   6.520101e+00  4.788733e-02   
   714   6.225684e+00  1.481935e-01   
   715   3.781492e+00  1.363636e-01   
   716   6.642296e+00  1.422023e-02   
   717   7.027700e+00 -1.632298e-01   
   718   5.924245e+00  2.441737e-01   
   719   8.112435e+00 -9.545455e-01   
   720   4.783144e+00  3.306472e-01   
   721   4.402139e+00  2.955989e-01   
   722   5.484149e+00  3.213016e-01   
   723   8.012459e+00 -8.398258e-01   
   724   5.229696e+00  3.472541e-01   
   725   5.773928e+00  2.887683e-01   
   726   6.787526e+00 -1.750102e-02   
   727   7.912483e+00 -7.251061e-01   
   728   6.928675e+00 -6.492095e-02   
   729   4.015432e+00  2.505393e-01   
   730   4.541843e+00  3.478797e-01   
   731   7.809999e+00 -6.175045e-01   
   732   4.929933e+00  3.828220e-01   
   733   7.461318e+00 -3.443154e-01   
   734   7.584417e+00 -4.271091e-01   
   735   7.339783e+00 -2.565744e-01   
   736   7.707515e+00 -5.099028e-01   
   737   4.150306e+00  3.193600e-01   
   738   7.218248e+00 -1.688335e-01   
   739   5.585627e+00  3.830920e-01   
   740   5.357154e+00  4.142394e-01   
   741   4.673867e+00  4.116947e-01   
   742   3.899154e+00  2.843605e-01   
   743   5.076722e+00  4.349968e-01   
   744   6.493509e+00  1.899582e-01   
   745   6.340074e+00  2.431286e-01   
   746   6.615704e+00  1.562911e-01   
   747   6.186639e+00  2.962990e-01   
   748   7.119223e+00 -7.052470e-02   
   749   4.285180e+00  3.881807e-01   
   750   5.726596e+00  4.032806e-01   
   751   6.737899e+00  1.226240e-01   
   752   6.027102e+00  3.598841e-01   
   753   6.879049e+00  7.520405e-02   
   754   4.424885e+00  4.404615e-01   
   755   4.807975e+00  4.783530e-01   
   756   7.923713e+00 -5.763023e-01   
   757   8.145750e+00 -7.727273e-01   
   758   7.020198e+00  2.778412e-02   
   759   5.458633e+00  4.760297e-01   
   760   3.782875e+00  3.181818e-01   
   761   5.867565e+00  4.234691e-01   
   762   7.821229e+00 -4.687007e-01   
   763   5.204180e+00  5.019821e-01   
   764   8.045774e+00 -6.580076e-01   
   765   4.028794e+00  4.016861e-01   
   766   4.564589e+00  4.927423e-01   
   767   7.597020e+00 -2.843742e-01   
   768   7.720119e+00 -3.671680e-01   
   769   4.954764e+00  5.305278e-01   
   770   4.163668e+00  4.705068e-01   
   771   6.449585e+00  3.318107e-01   
   772   6.296150e+00  3.849811e-01   
   773   5.597403e+00  5.324175e-01   
   774   7.483252e+00 -1.458698e-01   
   775   4.698698e+00  5.594006e-01   
   776   7.216917e+00  1.605393e-02   
   777   3.912516e+00  4.355073e-01   
   778   6.590453e+00  3.024460e-01   
   779   5.331638e+00  5.689675e-01   
   780   7.361717e+00 -5.812885e-02   
   781   4.300357e+00  5.239770e-01   
   782   5.091272e+00  5.834763e-01   
   783   6.712647e+00  2.687789e-01   
   784   6.852048e+00  2.182373e-01   
   785   6.166494e+00  4.549961e-01   
   786   5.738372e+00  5.526061e-01   
   787   7.934942e+00 -4.274985e-01   
   788   6.993198e+00  1.708174e-01   
   789   7.117892e+00  1.143627e-01   
   790   4.440061e+00  5.762578e-01   
   791   6.006957e+00  5.185812e-01   
   792   8.057003e+00 -5.092038e-01   
   793   7.833832e+00 -3.259658e-01   
   794   4.832807e+00  6.260589e-01   
   795   8.179065e+00 -5.909091e-01   
   796   7.732722e+00 -2.244331e-01   
   797   5.470409e+00  6.253553e-01   
   798   5.218730e+00  6.504616e-01   
   799   4.042156e+00  5.528329e-01   
   800   4.574743e+00  6.421591e-01   
   801   3.788018e+00  5.000000e-01   
   802   4.969314e+00  6.790073e-01   
   803   6.405661e+00  4.736632e-01   
   804   4.178845e+00  6.063031e-01   
   805   5.869904e+00  6.173223e-01   
   806   7.618955e+00 -8.592862e-02   
   807   6.546528e+00  4.442985e-01   
   808   6.276005e+00  5.436782e-01   
   809   4.315533e+00  6.597732e-01   
   810   6.687396e+00  4.149338e-01   
   811   5.609179e+00  6.817431e-01   
   812   4.708851e+00  7.088174e-01   
   813   6.826796e+00  3.643922e-01   
   814   5.352915e+00  7.172378e-01   
   815   6.966197e+00  3.138506e-01   
   816   7.090891e+00  2.573960e-01   
   817   5.105822e+00  7.319558e-01   
   818   7.954770e+00 -2.795947e-01   
   819   7.215585e+00  2.009414e-01   
   820   8.071277e+00 -3.728402e-01   
   821   7.360386e+00  1.267586e-01   
   822   6.146349e+00  6.136932e-01   
   823   7.505187e+00  5.257582e-02   
   824   3.917659e+00  6.173255e-01   
   825   7.853660e+00 -1.780619e-01   
   826   8.193338e+00 -4.545455e-01   
   827   4.450214e+00  7.256746e-01   
   828   7.746684e+00 -7.995429e-02   
   829   4.839158e+00  7.749668e-01   
   830   5.491685e+00  7.736257e-01   
   831   5.740711e+00  7.464592e-01   
   832   6.517209e+00  5.645644e-01   
   833   5.240007e+00  7.987320e-01   
   834   4.046121e+00  7.095413e-01   
   835   4.584896e+00  7.915759e-01   
   836   6.009296e+00  7.124343e-01   
   837   6.401449e+00  6.144154e-01   
   838   6.658076e+00  5.351997e-01   
   839   7.632916e+00  5.855016e-02   
   840   4.975666e+00  8.279152e-01   
   841   4.182809e+00  7.630115e-01   
   842   6.804675e+00  5.056673e-01   
   843   3.793161e+00  6.818182e-01   
   844   6.271793e+00  6.844304e-01   
   845   6.944076e+00  4.551257e-01   
   846   8.091104e+00 -2.249363e-01   
   847   5.631083e+00  8.266878e-01   
   848   7.974597e+00 -1.316908e-01   
   849   7.059102e+00  4.225548e-01   
   850   8.207612e+00 -3.181818e-01   
   851   4.715203e+00  8.577253e-01   
   852   7.183797e+00  3.661002e-01   
   853   4.319631e+00  8.240055e-01   
   854   5.374192e+00  8.655082e-01   
   855   7.867621e+00 -3.358316e-02   
   856   5.115493e+00  8.815254e-01   
   857   5.872242e+00  8.111754e-01   
   858   7.323630e+00  3.249768e-01   
   859   6.147551e+00  7.680390e-01   
   860   7.760645e+00  6.452450e-02   
   861   7.468431e+00  2.507940e-01   
   862   3.921623e+00  7.740340e-01   
   863   7.607198e+00  1.875044e-01   
   864   6.628756e+00  6.554656e-01   
   865   4.454313e+00  8.899069e-01   
   866   4.845510e+00  9.238747e-01   
   867   6.512996e+00  7.053165e-01   
   868   5.513589e+00  9.185704e-01   
   869   6.775355e+00  6.259332e-01   
   870   5.762614e+00  8.914040e-01   
   871   6.397237e+00  7.551675e-01   
   872   5.249678e+00  9.483016e-01   
   873   4.606655e+00  9.360825e-01   
   874   6.010497e+00  8.667801e-01   
   875   4.050085e+00  8.662498e-01   
   876   6.921954e+00  5.964008e-01   
   877   4.985337e+00  9.774848e-01   
   878   7.036981e+00  5.638299e-01   
   879   7.734927e+00  1.934787e-01   
   880   6.272994e+00  8.387762e-01   
   881   4.186907e+00  9.272438e-01   
   882   7.972884e+00  4.292305e-02   
   883   7.152008e+00  5.312590e-01   
   884   8.096769e+00 -4.311814e-02   
   885   8.213277e+00 -1.363636e-01   
   886   5.652986e+00  9.716326e-01   
   887   4.736962e+00  1.002232e+00   
   888   3.802319e+00  8.636364e-01   
   889   7.865908e+00  1.410307e-01   
   890   5.384359e+00  1.013259e+00   
   891   7.291841e+00  4.901356e-01   
   892   5.125164e+00  1.031095e+00   
   893   5.896611e+00  9.581871e-01   
   894   4.323729e+00  9.882378e-01   
   895   6.148752e+00  9.223849e-01   
   896   6.622257e+00  7.997019e-01   
   897   7.431675e+00  4.490121e-01   
   898   6.728816e+00  7.666026e-01   
   899   4.476072e+00  1.034413e+00   
   900   6.506497e+00  8.495529e-01   
   901   7.570442e+00  3.857226e-01   
   902   4.869845e+00  1.071636e+00   
   903   3.930782e+00  9.558522e-01   
   904   6.875415e+00  7.370702e-01   
   905   7.709208e+00  3.224330e-01   
   906   5.523756e+00  1.066321e+00   
   907   6.406674e+00  9.046249e-01   
   908   5.786983e+00  1.038416e+00   
   909   4.628414e+00  1.080589e+00   
   910   5.259845e+00  1.096052e+00   
   911   4.065271e+00  1.014680e+00   
   912   7.015585e+00  7.112354e-01   
   913   6.034866e+00  1.013792e+00   
   914   7.840190e+00  2.699850e-01   
   915   5.009672e+00  1.125247e+00   
   916   7.130612e+00  6.786645e-01   
   917   7.267563e+00  6.200935e-01   
   918   6.282432e+00  9.882336e-01   
   919   4.202093e+00  1.075674e+00   
   920   7.971171e+00  2.175369e-01   
   921   8.095056e+00  1.314957e-01   
   922   8.218942e+00  4.545455e-02   
   923   4.761297e+00  1.149994e+00   
   924   5.663129e+00  1.121006e+00   
   925   7.407397e+00  5.789700e-01   
   926   5.394526e+00  1.161009e+00   
   927   5.150153e+00  1.174926e+00   
   928   5.920981e+00  1.105199e+00   
   929   6.156688e+00  1.068201e+00   
   930   6.615757e+00  9.439382e-01   
   931   3.811478e+00  1.045455e+00   
   932   4.335028e+00  1.144730e+00   
   933   6.722317e+00  9.108389e-01   
   934   7.546663e+00  5.437660e-01   
   935   6.828876e+00  8.777397e-01   
   936   7.685430e+00  4.804765e-01   
   937   6.515934e+00  9.990102e-01   
   938   3.945967e+00  1.104282e+00   
   939   4.487370e+00  1.190906e+00   
   940   4.894180e+00  1.219398e+00   
   941   7.817065e+00  4.174308e-01   
   942   6.969046e+00  8.519049e-01   
   943   5.533899e+00  1.215694e+00   
   944   6.416111e+00  1.054082e+00   
   945   5.797126e+00  1.187789e+00   
   946   4.635040e+00  1.230359e+00   
   947   5.284834e+00  1.239883e+00   
   948   4.080456e+00  1.163109e+00   
   949   7.948046e+00  3.649827e-01   
   950   7.109216e+00  8.260700e-01   
   951   6.042802e+00  1.159607e+00   
   952   7.246167e+00  7.674990e-01   
   953   7.383118e+00  7.089279e-01   
   954   5.034661e+00  1.269077e+00   
   955   6.290367e+00  1.134049e+00   
   956   8.085634e+00  3.133139e-01   
   957   8.209520e+00  2.272727e-01   
   958   4.213391e+00  1.232166e+00   
   959   7.522385e+00  6.737239e-01   
   960   4.767923e+00  1.299763e+00   
   961   6.655413e+00  1.052652e+00   
   962   5.673272e+00  1.270379e+00   
   963   6.761973e+00  1.019552e+00   
   964   5.175142e+00  1.318756e+00   
   965   6.940953e+00  9.657961e-01   
   966   3.821323e+00  1.181818e+00   
   967   5.417825e+00  1.308902e+00   
   968   5.926609e+00  1.253958e+00   
   969   6.555591e+00  1.107724e+00   
   970   7.661652e+00  6.385199e-01   
   971   6.164623e+00  1.214016e+00   
   972   4.346326e+00  1.301222e+00   
   973   7.793287e+00  5.754742e-01   
   974   7.081123e+00  9.399613e-01   
   975   3.955812e+00  1.240646e+00   
   976   7.924921e+00  5.124286e-01   
   977   4.493996e+00  1.340675e+00   
   978   4.901184e+00  1.367888e+00   
   979   7.227022e+00  9.146964e-01   
   980   6.438176e+00  1.200167e+00   
   981   7.363973e+00  8.561254e-01   
   982   5.557198e+00  1.363587e+00   
   983   5.802754e+00  1.336548e+00   
   984   7.498815e+00  7.940674e-01   
   985   4.641665e+00  1.380129e+00   
   986   5.308133e+00  1.387776e+00   
   987   8.062509e+00  4.607597e-01   
   988   4.086750e+00  1.312181e+00   
   989   6.048430e+00  1.308367e+00   
   990   5.041665e+00  1.417567e+00   
   991   6.695070e+00  1.161365e+00   
   992   7.638082e+00  7.588635e-01   
   993   6.874050e+00  1.107609e+00   
   994   8.200097e+00  4.090909e-01   
   995   6.312432e+00  1.280134e+00   
   996   4.219685e+00  1.381238e+00   
   997   7.053029e+00  1.053853e+00   
   998   3.831168e+00  1.318182e+00   
   999   4.774927e+00  1.448253e+00   
   1000   5.697346e+00  1.413782e+00   
   1001   7.778482e+00  7.239864e-01   
   1002   5.182440e+00  1.468412e+00   
   1003   5.441124e+00  1.456796e+00   
   1004   7.198929e+00  1.028588e+00   
   1005   6.577656e+00  1.253808e+00   
   1006   5.932237e+00  1.402717e+00   
   1007   7.910117e+00  6.609407e-01   
   1008   6.187124e+00  1.361991e+00   
   1009   3.962106e+00  1.389717e+00   
   1010   8.045033e+00  5.971234e-01   
   1011   4.347604e+00  1.470418e+00   
   1012   7.344828e+00  1.003323e+00   
   1013   7.479670e+00  9.412649e-01   
   1014   4.908188e+00  1.516377e+00   
   1015   7.614512e+00  8.792070e-01   
   1016   8.182621e+00  5.454545e-01   
   1017   6.460241e+00  1.346251e+00   
   1018   5.581272e+00  1.506990e+00   
   1019   4.495274e+00  1.509871e+00   
   1020   5.826828e+00  1.479951e+00   
   1021   4.093043e+00  1.461253e+00   
   1022   5.315431e+00  1.537432e+00   
   1023   6.828201e+00  1.249926e+00   
   1024   6.070930e+00  1.456342e+00   
   1025   7.754913e+00  8.443299e-01   
   1026   7.007181e+00  1.196170e+00   
   1027   5.048963e+00  1.567223e+00   
   1028   4.637185e+00  1.556967e+00   
   1029   6.334933e+00  1.428109e+00   
   1030   7.152995e+00  1.163085e+00   
   1031   5.721420e+00  1.557185e+00   
   1032   7.895313e+00  8.094529e-01   
   1033   4.220963e+00  1.550433e+00   
   1034   8.030229e+00  7.456355e-01   
   1035   7.298894e+00  1.137821e+00   
   1036   6.716491e+00  1.358153e+00   
   1037   5.449159e+00  1.603898e+00   
   1038   5.189738e+00  1.618069e+00   
   1039   7.429453e+00  1.081661e+00   
   1040   7.564295e+00  1.019603e+00   
   1041   5.959644e+00  1.548869e+00   
   1042   3.848829e+00  1.500000e+00   
   1043   4.770446e+00  1.625091e+00   
   1044   6.209624e+00  1.509966e+00   
   1045   8.165145e+00  6.818182e-01   
   1046   4.935650e+00  1.663512e+00   
   1047   7.708587e+00  9.948904e-01   
   1048   3.979767e+00  1.571536e+00   
   1049   6.599076e+00  1.450596e+00   
   1050   6.961333e+00  1.338487e+00   
   1051   6.467353e+00  1.495758e+00   
   1052   4.348883e+00  1.639613e+00   
   1053   5.589307e+00  1.654093e+00   
   1054   5.854235e+00  1.626103e+00   
   1055   5.323466e+00  1.684535e+00   
   1056   7.107146e+00  1.305402e+00   
   1057   6.098337e+00  1.602494e+00   
   1058   7.848988e+00  9.600134e-01   
   1059   4.490793e+00  1.686709e+00   
   1060   5.076425e+00  1.714358e+00   
   1061   7.252960e+00  1.272318e+00   
   1062   7.383519e+00  1.216158e+00   
   1063   7.514078e+00  1.159998e+00   
   1064   4.114360e+00  1.653206e+00   
   1065   6.342044e+00  1.577616e+00   
   1066   6.849622e+00  1.446714e+00   
   1067   4.632704e+00  1.733805e+00   
   1068   5.729422e+00  1.706603e+00   
   1069   7.993354e+00  9.274537e-01   
   1070   5.217940e+00  1.760021e+00   
   1071   5.457194e+00  1.751000e+00   
   1072   8.128270e+00  8.636364e-01   
   1073   7.658370e+00  1.135286e+00   
   1074   5.987050e+00  1.695021e+00   
   1075   4.797908e+00  1.772226e+00   
   1076   6.214825e+00  1.654600e+00   
   1077   4.242279e+00  1.742386e+00   
   1078   3.866491e+00  1.681818e+00   
   1079   4.963112e+00  1.810647e+00   
   1080   6.737911e+00  1.554941e+00   
   1081   7.802662e+00  1.110574e+00   
   1082   6.606188e+00  1.600103e+00   
   1083   7.015324e+00  1.468549e+00   
   1084   4.377952e+00  1.784808e+00   
   1085   6.474464e+00  1.645265e+00   
   1086   5.597310e+00  1.803510e+00   
   1087   5.862238e+00  1.775521e+00   
   1088   5.351668e+00  1.826487e+00   
   1089   7.161137e+00  1.435464e+00   
   1090   6.103538e+00  1.747128e+00   
   1091   4.519862e+00  1.831904e+00   
   1092   4.001083e+00  1.763489e+00   
   1093   5.104627e+00  1.856310e+00   
   1094   7.947028e+00  1.078014e+00   
   1095   6.347245e+00  1.722250e+00   
   1096   7.337059e+00  1.406122e+00   
   1097   7.618063e+00  1.278154e+00   
   1098   7.467618e+00  1.349962e+00   
   1099   6.903613e+00  1.576776e+00   
   1100   4.663177e+00  1.875360e+00   
   1101   5.737425e+00  1.856020e+00   
   1102   8.091395e+00  1.045455e+00   
   1103   5.246141e+00  1.901974e+00   
   1104   4.135676e+00  1.845160e+00   
   1105   5.483040e+00  1.898383e+00   
   1106   4.828381e+00  1.913782e+00   
   1107   6.220025e+00  1.799235e+00   
   1108   5.989157e+00  1.843527e+00   
   1109   7.762355e+00  1.253442e+00   
   1110   4.271348e+00  1.887581e+00   
   1111   7.908144e+00  1.214378e+00   
   1112   4.993978e+00  1.957106e+00   
   1113   7.069315e+00  1.598610e+00   
   1114   4.407021e+00  1.930003e+00   
   1115   6.656675e+00  1.744006e+00   
   1116   3.890357e+00  1.863636e+00   
   1117   6.524951e+00  1.789168e+00   
   1118   5.623155e+00  1.950893e+00   
   1119   5.864345e+00  1.924026e+00   
   1120   5.377513e+00  1.973870e+00   
   1121   6.833715e+00  1.708241e+00   
   1122   6.105645e+00  1.895634e+00   
   1123   4.550335e+00  1.973460e+00   
   1124   7.245237e+00  1.569268e+00   
   1125   8.052510e+00  1.181818e+00   
   1126   5.135492e+00  2.002769e+00   
   1127   6.397731e+00  1.866153e+00   
   1128   4.693650e+00  2.016916e+00   
   1129   7.571603e+00  1.468118e+00   
   1130   4.024950e+00  1.945307e+00   
   1131   7.722048e+00  1.396310e+00   
   1132   7.421159e+00  1.539926e+00   
   1133   5.764172e+00  1.997505e+00   
   1134   4.164644e+00  1.991620e+00   
   1135   6.999417e+00  1.730076e+00   
   1136   4.859247e+00  2.060240e+00   
   1137   7.867837e+00  1.357246e+00   
   1138   5.508886e+00  2.045765e+00   
   1139   5.262734e+00  2.061130e+00   
   1140   5.991264e+00  1.992032e+00   
   1141   6.244896e+00  1.946737e+00   
   1142   4.300316e+00  2.034042e+00   
   1143   8.013626e+00  1.318182e+00   
   1144   5.024844e+00  2.103565e+00   
   1145   4.440471e+00  2.075231e+00   
   1146   7.144900e+00  1.726890e+00   
   1147   5.649902e+00  2.092378e+00   
   1148   5.891092e+00  2.065511e+00   
   1149   6.575438e+00  1.933071e+00   
   1150   4.583786e+00  2.118687e+00   
   1151   7.692940e+00  1.527291e+00   
   1152   7.542495e+00  1.599099e+00   
   1153   7.320822e+00  1.697548e+00   
   1154   6.130515e+00  2.043136e+00   
   1155   6.752478e+00  1.897306e+00   
   1156   5.394106e+00  2.133025e+00   
   1157   3.914223e+00  2.045455e+00   
   1158   6.929519e+00  1.861542e+00   
   1159   7.819491e+00  1.493610e+00   
   1160   5.152085e+00  2.161925e+00   
   1161   4.053917e+00  2.091768e+00   
   1162   6.422602e+00  2.013655e+00   
   1163   5.790919e+00  2.138990e+00   
   1164   7.965280e+00  1.454545e+00   
   1165   4.193611e+00  2.138081e+00   
   1166   7.464096e+00  1.703654e+00   
   1167   7.075002e+00  1.858356e+00   
   1168   5.514290e+00  2.191761e+00   
   1169   6.022403e+00  2.137059e+00   
   1170   6.269766e+00  2.094240e+00   
   1171   4.333766e+00  2.179270e+00   
   1172   5.279327e+00  2.220285e+00   
   1173   7.663831e+00  1.658272e+00   
   1174   4.473921e+00  2.220458e+00   
   1175   4.688735e+00  2.239653e+00   
   1176   7.220486e+00  1.855170e+00   
   1177   6.694147e+00  2.034296e+00   
   1178   7.790383e+00  1.624591e+00   
   1179   5.655306e+00  2.238373e+00   
   1180   5.922231e+00  2.210538e+00   
   1181   6.871187e+00  1.998532e+00   
   1182   3.937512e+00  2.181818e+00   
   1183   5.040016e+00  2.279027e+00   
   1184   4.854332e+00  2.282977e+00   
   1185   5.399510e+00  2.279021e+00   
   1186   6.161654e+00  2.188163e+00   
   1187   7.916934e+00  1.590909e+00   
   1188   4.077206e+00  2.228131e+00   
   1189   7.585432e+00  1.762827e+00   
   1190   7.363759e+00  1.861276e+00   
   1191   5.796216e+00  2.288435e+00   
   1192   7.008569e+00  2.017789e+00   
   1193   5.167258e+00  2.337387e+00   
   1194   4.246585e+00  2.292989e+00   
   1195   6.563428e+00  2.160326e+00   
   1196   5.300267e+00  2.349225e+00   
   1197   5.519694e+00  2.337756e+00   
   1198   4.578871e+00  2.341424e+00   
   1199   6.271704e+00  2.237439e+00   
   1200   7.731895e+00  1.760954e+00   
   1201   6.053542e+00  2.282086e+00   
   1202   4.386740e+00  2.334178e+00   
   1203   7.507033e+00  1.867383e+00   
   1204   7.154053e+00  2.014603e+00   
   1205   7.858447e+00  1.727273e+00   
   1206   7.307664e+00  1.969031e+00   
   1207   6.812856e+00  2.135522e+00   
   1208   6.410592e+00  2.240911e+00   
   1209   3.960800e+00  2.318182e+00   
   1210   5.660604e+00  2.387818e+00   
   1211   5.420450e+00  2.407960e+00   
   1212   5.927528e+00  2.359983e+00   
   1213   7.653496e+00  1.865509e+00   
   1214   6.163592e+00  2.331362e+00   
   1215   4.130179e+00  2.383039e+00   
   1216   7.450937e+00  1.975138e+00   
   1217   6.950238e+00  2.154779e+00   
   1218   5.055189e+00  2.454489e+00   
   1219   4.869505e+00  2.458439e+00   
   1220   5.188198e+00  2.466327e+00   
   1221   4.683820e+00  2.462389e+00   
   1222   6.682137e+00  2.261552e+00   
   1223   4.491689e+00  2.455143e+00   
   1224   5.801514e+00  2.437880e+00   
   1225   5.321207e+00  2.478165e+00   
   1226   7.799960e+00  1.863636e+00   
   1227   4.299559e+00  2.447897e+00   
   1228   6.273641e+00  2.380638e+00   
   1229   5.548370e+00  2.484519e+00   
   1230   7.087620e+00  2.174036e+00   
   1231   6.051452e+00  2.430219e+00   
   1232   7.592499e+00  1.986338e+00   
   1233   7.241231e+00  2.128464e+00   
   1234   7.394842e+00  2.082893e+00   
   1235   6.412529e+00  2.384110e+00   
   1236   3.989751e+00  2.454545e+00   
   1237   6.829495e+00  2.286922e+00   
   1238   6.551418e+00  2.387582e+00   
   1239   5.689280e+00  2.534582e+00   
   1240   5.449127e+00  2.554724e+00   
   1241   5.925438e+00  2.508116e+00   
   1242   7.738963e+00  1.984465e+00   
   1243   6.161502e+00  2.479495e+00   
   1244   4.159130e+00  2.519403e+00   
   1245   7.536404e+00  2.094094e+00   
   1246   4.938433e+00  2.590488e+00   
   1247   6.966878e+00  2.306179e+00   
   1248   4.752749e+00  2.594439e+00   
   1249   4.607032e+00  2.590029e+00   
   1250   7.191910e+00  2.241414e+00   
   1251   5.140058e+00  2.604721e+00   
   1252   4.414902e+00  2.582783e+00   
   1253   4.267685e+00  2.567743e+00   
   1254   7.345521e+00  2.195842e+00   
   1255   5.273067e+00  2.616559e+00   
   1256   5.831163e+00  2.577204e+00   
   1257   6.698776e+00  2.412952e+00   
   1258   6.301446e+00  2.527521e+00   
   1259   5.577046e+00  2.631283e+00   
   1260   7.677966e+00  2.105294e+00   
   1261   6.049363e+00  2.578351e+00   
   1262   7.474372e+00  2.200537e+00   
   1263   7.109448e+00  2.335889e+00   
   1264   4.018702e+00  2.590909e+00   
   1265   6.440334e+00  2.530993e+00   
   1266   6.846135e+00  2.438322e+00   
   1267   4.127257e+00  2.639249e+00   
   1268   5.400987e+00  2.693119e+00   
   1269   7.296200e+00  2.308791e+00   
   1270   5.718929e+00  2.673906e+00   
   1271   5.955088e+00  2.647440e+00   
   1272   6.189307e+00  2.626378e+00   
   1273   7.615934e+00  2.211738e+00   
   1274   4.821677e+00  2.726488e+00   
   1275   4.675961e+00  2.722078e+00   
   1276   4.383028e+00  2.702629e+00   
   1277   4.235812e+00  2.687589e+00   
   1278   4.530245e+00  2.717668e+00   
   1279   5.023302e+00  2.740721e+00   
   1280   6.591444e+00  2.562011e+00   
   1281   7.425051e+00  2.313487e+00   
   1282   5.224927e+00  2.754954e+00   
   1283   6.988705e+00  2.468032e+00   
   1284   7.213738e+00  2.403267e+00   
   1285   5.860813e+00  2.716528e+00   
   1286   5.582550e+00  2.765688e+00   
   1287   6.329251e+00  2.674404e+00   
   1288   6.084806e+00  2.721999e+00   
   1289   7.553902e+00  2.318182e+00   
   1290   6.738803e+00  2.587381e+00   
   1291   7.131276e+00  2.497742e+00   
   1292   6.899067e+00  2.570341e+00   
   1293   4.068673e+00  2.768335e+00   
   1294   5.406491e+00  2.827524e+00   
   1295   5.724433e+00  2.808311e+00   
   1296   4.732424e+00  2.841756e+00   
   1297   7.334541e+00  2.449503e+00   
   1298   4.586708e+00  2.837346e+00   
   1299   5.990531e+00  2.791088e+00   
   1300   4.290711e+00  2.818285e+00   
   1301   4.437927e+00  2.833324e+00   
   1302   6.480361e+00  2.705422e+00   
   1303   4.879763e+00  2.863653e+00   
   1304   4.177228e+00  2.816675e+00   
   1305   6.224750e+00  2.770026e+00   
   1306   5.081388e+00  2.877886e+00   
   1307   7.463392e+00  2.454199e+00   
   1308   7.041638e+00  2.600051e+00   
   1309   7.252079e+00  2.543979e+00   
   1310   5.862426e+00  2.866139e+00   
   1311   5.285259e+00  2.914286e+00   
   1312   5.588054e+00  2.900093e+00   
   1313   6.631470e+00  2.736440e+00   
   1314   6.327889e+00  2.816045e+00   
   1315   6.791735e+00  2.719399e+00   
   1316   6.120249e+00  2.865647e+00   
   1317   4.643172e+00  2.957023e+00   
   1318   6.952000e+00  2.702359e+00   
   1319   4.494391e+00  2.953002e+00   
   1320   7.182047e+00  2.635235e+00   
   1321   4.345610e+00  2.948981e+00   
   1322   4.790510e+00  2.978921e+00   
   1323   5.726046e+00  2.957921e+00   
   1324   4.232127e+00  2.947371e+00   
   1325   7.372881e+00  2.590215e+00   
   1326   6.478999e+00  2.847062e+00   
   1327   5.466823e+00  2.986855e+00   
   1328   4.937849e+00  3.000818e+00   
   1329   4.118644e+00  2.945761e+00   
   1330   5.992144e+00  2.940698e+00   
   1331   6.223388e+00  2.911666e+00   
   1332   6.728826e+00  2.827354e+00   
   1333   5.141720e+00  3.037218e+00   
   1334   7.092409e+00  2.737543e+00   
   1335   7.302850e+00  2.681471e+00   
   1336   6.889090e+00  2.810314e+00   
   1337   5.864038e+00  3.015750e+00   
   1338   5.608282e+00  3.048339e+00   
   1339   6.326527e+00  2.957685e+00   
   1340   5.345591e+00  3.073617e+00   
   1341   6.610126e+00  2.906448e+00   
   1342   6.115813e+00  3.014052e+00   
   1343   4.561848e+00  3.081676e+00   
   1344   4.413067e+00  3.077655e+00   
   1345   4.712359e+00  3.105130e+00   
   1346   7.009898e+00  2.835026e+00   
   1347   4.282975e+00  3.080069e+00   
   1348   7.232819e+00  2.772727e+00   
   1349   4.859697e+00  3.127027e+00   
   1350   4.169492e+00  3.078460e+00   
   1351   5.003294e+00  3.132342e+00   
   1352   5.746274e+00  3.106167e+00   
   1353   6.826181e+00  2.918269e+00   
   1354   5.487051e+00  3.135101e+00   
   1355   5.987708e+00  3.089103e+00   
   1356   6.218952e+00  3.060071e+00   
   1357   6.457654e+00  3.017071e+00   
   1358   5.207165e+00  3.168742e+00   
   1359   7.150308e+00  2.870210e+00   
   1360   6.707481e+00  2.997363e+00   
   1361   6.946989e+00  2.942981e+00   
   1362   5.885427e+00  3.157937e+00   
   1363   6.362801e+00  3.096988e+00   
   1364   5.628510e+00  3.196585e+00   
   1365   4.480524e+00  3.206329e+00   
   1366   5.371009e+00  3.230000e+00   
   1367   4.631035e+00  3.229783e+00   
   1368   4.350432e+00  3.208744e+00   
   1369   6.111377e+00  3.162457e+00   
   1370   6.588781e+00  3.076457e+00   
   1371   4.220339e+00  3.211158e+00   
   1372   4.781546e+00  3.253236e+00   
   1373   4.925142e+00  3.258551e+00   
   1374   7.067797e+00  2.967693e+00   
   1375   5.068738e+00  3.263866e+00   
   1376   6.845294e+00  3.048038e+00   
   1377   5.767663e+00  3.248355e+00   
   1378   6.009097e+00  3.231291e+00   
   1379   6.255226e+00  3.199373e+00   
   1380   6.493928e+00  3.156373e+00   
   1381   5.512469e+00  3.291484e+00   
   1382   6.726594e+00  3.127132e+00   
   1383   5.232583e+00  3.325124e+00   
   1384   6.966102e+00  3.072750e+00   
   1385   4.401279e+00  3.309528e+00   
   1386   4.271186e+00  3.311943e+00   
   1387   5.906816e+00  3.300125e+00   
   1388   6.399074e+00  3.236290e+00   
   1389   4.554480e+00  3.357636e+00   
   1390   6.142633e+00  3.296635e+00   
   1391   5.641049e+00  3.356778e+00   
   1392   4.704991e+00  3.381090e+00   
   1393   6.624899e+00  3.218780e+00   
   1394   5.396427e+00  3.386383e+00   
   1395   5.131552e+00  3.400160e+00   
   1396   6.864407e+00  3.177806e+00   
   1397   4.856051e+00  3.417838e+00   
   1398   4.999647e+00  3.423152e+00   
   1399   6.040352e+00  3.365469e+00   
   1400   6.286481e+00  3.333552e+00   
   1401   5.780202e+00  3.408549e+00   
   1402   4.322034e+00  3.412728e+00   
   1403   6.530046e+00  3.298696e+00   
   1404   5.295397e+00  3.461419e+00   
   1405   5.525008e+00  3.451677e+00   
   1406   6.762712e+00  3.269454e+00   
   1407   4.475235e+00  3.460836e+00   
   1408   5.921662e+00  3.448048e+00   
   1409   6.428351e+00  3.378385e+00   
   1410   6.173888e+00  3.430813e+00   
   1411   4.628437e+00  3.508944e+00   
   1412   5.194366e+00  3.536455e+00   
   1413   6.661017e+00  3.361103e+00   
   1414   5.653588e+00  3.516972e+00   
   1415   5.402814e+00  3.536532e+00   
   1416   4.779497e+00  3.545691e+00   
   1417   5.062461e+00  3.559447e+00   
   1418   4.420270e+00  3.547273e+00   
   1419   6.055198e+00  3.513392e+00   
   1420   4.930556e+00  3.582439e+00   
   1421   6.315758e+00  3.475646e+00   
   1422   5.795048e+00  3.556472e+00   
   1423   6.559322e+00  3.440791e+00   
   1424   4.573472e+00  3.595381e+00   
   1425   5.301783e+00  3.611568e+00   
   1426   5.531394e+00  3.601827e+00   
   1427   6.193271e+00  3.556316e+00   
   1428   5.936508e+00  3.595972e+00   
   1429   5.180637e+00  3.649679e+00   
   1430   6.457627e+00  3.520480e+00   
   1431   5.048732e+00  3.672671e+00   
   1432   4.678625e+00  3.682260e+00   
   1433   5.409201e+00  3.686682e+00   
   1434   4.518507e+00  3.681818e+00   
   1435   6.074581e+00  3.638895e+00   
   1436   6.335141e+00  3.601149e+00   
   1437   4.829685e+00  3.719007e+00   
   1438   5.288055e+00  3.724793e+00   
   1439   5.648828e+00  3.726529e+00   
   1440   5.942830e+00  3.709003e+00   
   1441   5.166909e+00  3.762903e+00   
   1442   4.941141e+00  3.768492e+00   
   1443   6.212654e+00  3.681818e+00   
   1444   4.623660e+00  3.768697e+00   
   1445   5.790288e+00  3.766029e+00   
   1446   6.080903e+00  3.751927e+00   
   1447   5.526634e+00  3.811384e+00   
   1448   5.374092e+00  3.839414e+00   
   1449   5.059317e+00  3.858724e+00   
   1450   4.728814e+00  3.855576e+00   
   1451   5.949153e+00  3.822035e+00   
   1452   5.252946e+00  3.877524e+00   
   1453   4.840269e+00  3.905061e+00   
   1454   5.796610e+00  3.879061e+00   
   1455   4.951725e+00  3.954545e+00   
   1456   5.644068e+00  3.936086e+00   
   1457   5.145354e+00  3.973345e+00   
   1458   5.491525e+00  3.964116e+00   
   1459   5.338983e+00  3.992145e+00   
  END_COORDINATES
  BOUNDARIES, ELEMENT
    1         73     102     86         1     
    2         1325     1348     1335         2     
    3         1402     1371     1386         3     
    4         1455     1450     1453         4     
    5         47     25     36         5     
    6         234     281     256         6     
    7         1260     1289     1273         7     
    8         1348     1374     1359         8     
    9         385     433     410         9     
    10         1413     1430     1423         10     
    11         188     234     211         16     
    12         1226     1260     1242         17     
    13         433     487     461         20     
    14         1396     1413     1406         21     
    15         998     931     966         23     
    16         795     850     826         24     
    17         994     1045     1016         25     
    18         1209     1157     1182         26     
    19         102     144     124         29     
    20         144     188     165         30     
    21         336     385     360         31     
    22         1264     1209     1236         32     
    23         207     158     182         33     
    24         666     719     693         35     
    25         324     268     295         36     
    26         1102     1143     1125         37     
    27         1371     1329     1350         38     
    28         1289     1325     1307         41     
    29         1329     1264     1293         45     
    30         158     119     138         48     
    31         612     666     640         51     
    32         1143     1187     1164         62     
    33         1434     1402     1418         78     
    34         1450     1434     1444         79     
    35         1374     1396     1384         82     
    36         119     80     99         86     
    37         37     73     53         89     
    38         15     37     24         92     
    39         1     15     5         95     
    40         10     1     3         98     
    41         25     10     17         99     
    42         1430     1443     1436         102     
    43         1443     1451     1446         104     
    44         1451     1456     1454         105     
    45         549     612     583         113     
    46         80     47     62         120     
    47         281     336     308         125     
    48         1459     1455     1457         134     
    49         1456     1459     1458         137     
    50         1187     1226     1205         159     
    51         487     549     517         211     
    52         931     843     888         458     
    53         850     922     885         459     
    54         719     795     757         464     
    55         1078     998     1042         469     
    56         1045     1102     1072         471     
    57         922     994     957         472     
    58         1157     1078     1116         473     
    59         268     207     235         491     
    60         389     324     355         500     
    61         452     389     421         543     
    62         760     677     715         608     
    63         598     518     560         666     
    64         677     598     641         672     
    65         518     452     484         674     
    66         843     760     801         683     
  END_BOUNDARIES
  MATERIALS, NUMBER= 1, DEFAULT=1
  END_MATERIALS
  SUBDOMAINS
  END_SUBDOMAINS
  CHARACTERISTICS
  END_CHARACTERISTICS
