  NODES_PER_ELEMENT 
  1 16
  2 16
  3 16
  4 16
  5 16
  6 16
  7 16
  8 16
  9 16
  10 16
  11 16
  12 16
  13 16
  14 16
  15 16
  16 16
  17 16
  18 16
  19 16
  20 16
  21 16
  22 16
  23 16
  24 16
  25 16
  26 16
  27 16
  28 16
  29 16
  30 16
  31 16
  32 16
  33 16
  34 16
  35 16
  36 16
  37 16
  38 16
  39 16
  40 16
  41 16
  42 16
  43 16
  44 16
  45 16
  46 16
  47 16
  48 16
  49 16
  50 16
  51 16
  52 16
  53 16
  54 16
  55 16
  56 16
  57 16
  58 16
  59 16
  60 16
  61 16
  62 16
  63 16
  64 16
  65 16
  66 16
  67 16
  68 16
  69 16
  70 16
  71 16
  72 16
  73 16
  74 16
  75 16
  76 16
  77 16
  78 16
  79 16
  80 16
  81 16
  82 16
  83 16
  END_NODES_PER_ELEMENT 
  ELEMENTS 
  1 1 2 3 4 101 102 104 103 106 105 107 108 465 466 467 468  
  2 5 1 4 6 109 110 108 107 112 111 113 114 469 470 471 472  
  3 2 7 8 3 115 116 118 117 120 119 103 104 473 474 475 476  
  4 9 5 6 10 121 122 114 113 124 123 125 126 477 478 479 480  
  5 11 9 10 12 127 128 126 125 130 129 131 132 481 482 483 484  
  6 13 11 12 14 133 134 132 131 136 135 137 138 485 486 487 488  
  7 15 13 14 16 139 140 138 137 142 141 143 144 489 490 491 492  
  8 17 15 16 18 145 146 144 143 148 147 149 150 493 494 495 496  
  9 19 17 18 20 151 152 150 149 154 153 155 156 497 498 499 500  
  10 21 19 20 22 157 158 156 155 160 159 161 162 501 502 503 504  
  11 23 21 22 24 163 164 162 161 166 165 167 168 505 506 507 508  
  12 25 23 24 26 169 170 168 167 172 171 173 174 509 510 511 512  
  13 27 25 26 28 175 176 174 173 178 177 179 180 513 514 515 516  
  14 29 27 28 30 181 182 180 179 184 183 186 185 517 518 519 520  
  15 31 29 30 32 187 188 185 186 190 189 192 191 521 522 523 524  
  16 33 31 32 34 194 193 191 192 195 196 198 197 525 526 527 528  
  17 35 33 34 36 200 199 197 198 201 202 203 204 529 530 531 532  
  18 37 35 36 38 206 205 204 203 207 208 209 210 533 534 535 536  
  19 39 37 38 40 212 211 210 209 213 214 215 216 537 538 539 540  
  20 41 39 40 42 218 217 216 215 219 220 221 222 541 542 543 544  
  21 43 41 42 44 224 223 222 221 225 226 227 228 545 546 547 548  
  22 45 43 44 46 230 229 228 227 231 232 233 234 549 550 551 552  
  23 47 45 46 48 236 235 234 233 237 238 239 240 553 554 555 556  
  24 49 47 48 50 242 241 240 239 243 244 245 246 557 558 559 560  
  25 51 49 50 52 248 247 246 245 249 250 251 252 561 562 563 564  
  26 53 51 52 54 254 253 252 251 255 256 257 258 565 566 567 568  
  27 55 53 54 56 260 259 258 257 261 262 263 264 569 570 571 572  
  28 57 55 56 58 266 265 264 263 267 268 269 270 573 574 575 576  
  29 59 57 58 60 272 271 270 269 273 274 275 276 577 578 579 580  
  30 61 59 60 62 278 277 276 275 279 280 281 282 581 582 583 584  
  31 63 61 62 64 284 283 282 281 285 286 287 288 585 586 587 588  
  32 7 63 64 8 289 290 288 287 291 292 117 118 589 590 591 592  
  33 4 3 8 65 105 106 119 120 294 293 295 296 593 594 595 596  
  34 6 4 65 66 111 112 296 295 298 297 299 300 597 598 599 600  
  35 8 64 67 65 292 291 302 301 303 304 293 294 601 602 603 604  
  36 64 62 68 67 286 285 306 305 307 308 301 302 605 606 607 608  
  37 62 60 69 68 280 279 310 309 311 312 305 306 609 610 611 612  
  38 60 58 70 69 274 273 314 313 315 316 309 310 613 614 615 616  
  39 58 56 71 70 268 267 318 317 319 320 313 314 617 618 619 620  
  40 56 54 72 71 262 261 322 321 323 324 317 318 621 622 623 624  
  41 54 52 73 72 256 255 326 325 327 328 321 322 625 626 627 628  
  42 10 6 66 74 123 124 300 299 330 329 331 332 629 630 631 632  
  43 52 50 75 73 250 249 334 333 335 336 325 326 633 634 635 636  
  44 12 10 74 76 129 130 332 331 338 337 339 340 637 638 639 640  
  45 50 48 77 75 244 243 342 341 343 344 333 334 641 642 643 644  
  46 48 46 78 77 238 237 346 345 347 348 341 342 645 646 647 648  
  47 46 44 79 78 232 231 350 349 351 352 345 346 649 650 651 652  
  48 44 42 80 79 226 225 353 354 355 356 349 350 653 654 655 656  
  49 42 40 81 80 220 219 357 358 359 360 354 353 657 658 659 660  
  50 40 38 82 81 214 213 361 362 363 364 358 357 661 662 663 664  
  51 38 36 83 82 208 207 365 366 367 368 362 361 665 666 667 668  
  52 36 34 84 83 202 201 369 370 371 372 366 365 669 670 671 672  
  53 34 32 85 84 196 195 373 374 375 376 370 369 673 674 675 676  
  54 32 30 86 85 189 190 377 378 380 379 374 373 677 678 679 680  
  55 30 28 26 86 183 184 177 178 382 381 378 377 681 682 683 684  
  56 26 24 87 86 171 172 384 383 386 385 381 382 685 686 687 688  
  57 24 22 88 87 165 166 388 387 390 389 383 384 689 690 691 692  
  58 22 20 89 88 159 160 392 391 394 393 387 388 693 694 695 696  
  59 20 18 90 89 153 154 396 395 398 397 391 392 697 698 699 700  
  60 18 16 91 90 147 148 400 399 402 401 395 396 701 702 703 704  
  61 14 12 76 92 135 136 340 339 404 403 405 406 705 706 707 708  
  62 16 14 92 91 141 142 406 405 408 407 399 400 709 710 711 712  
  63 83 84 85 93 372 371 376 375 409 410 412 411 713 714 715 716  
  64 85 86 87 93 379 380 385 386 414 413 410 409 717 718 719 720  
  65 66 65 67 68 297 298 304 303 308 307 416 415 721 722 723 724  
  66 74 66 68 94 329 330 415 416 418 417 420 419 725 726 727 728  
  67 68 69 70 94 312 311 316 315 422 421 417 418 729 730 731 732  
  68 70 71 95 94 320 319 424 423 425 426 421 422 733 734 735 736  
  69 74 94 95 76 419 420 426 425 427 428 337 338 737 738 739 740  
  70 72 73 95 71 328 327 429 430 423 424 324 323 741 742 743 744  
  71 73 75 96 95 336 335 431 432 433 434 430 429 745 746 747 748  
  72 76 95 96 92 428 427 434 433 435 436 403 404 749 750 751 752  
  73 90 91 97 98 401 402 438 437 440 439 441 442 753 754 755 756  
  74 82 83 93 99 368 367 411 412 443 444 446 445 757 758 759 760  
  75 93 87 88 99 413 414 389 390 448 447 444 443 761 762 763 764  
  76 81 82 99 100 364 363 445 446 449 450 452 451 765 766 767 768  
  77 99 88 89 100 447 448 393 394 454 453 450 449 769 770 771 772  
  78 89 90 98 100 397 398 442 441 456 455 453 454 773 774 775 776  
  79 81 100 98 80 451 452 455 456 458 457 360 359 777 778 779 780  
  80 79 80 98 78 356 355 457 458 459 460 352 351 781 782 783 784  
  81 77 78 98 97 348 347 460 459 439 440 461 462 785 786 787 788  
  82 91 92 96 97 407 408 436 435 464 463 437 438 789 790 791 792  
  83 77 97 96 75 462 461 463 464 432 431 344 343 793 794 795 796  
  END_ELEMENTS 
  COORDINATES 
   1   4.731961e+00  -2.737720e+00   
   2   4.898305e+00  -2.970389e+00   
   3   5.104463e+00  -2.812190e+00   
   4   5.050245e+00  -2.612010e+00   
   5   4.565617e+00  -2.505051e+00   
   6   4.986691e+00  -2.322145e+00   
   7   5.237288e+00  -3.212419e+00   
   8   5.373219e+00  -2.862703e+00   
   9   4.389831e+00  -2.096940e+00   
   10   4.913177e+00  -1.915278e+00   
   11   4.232516e+00  -1.535354e+00   
   12   4.844179e+00  -1.421071e+00   
   13   4.148615e+00  -1.050505e+00   
   14   4.789027e+00  -8.967395e-01   
   15   4.090074e+00  -4.040404e-01   
   16   4.754349e+00  -3.058155e-01   
   17   4.083772e+00  2.424242e-01   
   18   4.732988e+00  2.972213e-01   
   19   4.128729e+00  8.888889e-01   
   20   4.725209e+00  8.825587e-01   
   21   4.220339e+00  1.476441e+00   
   22   4.767474e+00  1.435040e+00   
   23   4.363482e+00  2.020202e+00   
   24   4.846252e+00  1.927160e+00   
   25   4.559322e+00  2.493052e+00   
   26   4.933434e+00  2.346492e+00   
   27   4.773956e+00  2.828283e+00   
   28   5.000794e+00  2.632531e+00   
   29   5.128241e+00  3.151515e+00   
   30   5.294990e+00  2.722818e+00   
   31   5.745763e+00  3.310832e+00   
   32   5.710786e+00  2.779334e+00   
   33   6.300682e+00  3.151515e+00   
   34   6.103551e+00  2.700304e+00   
   35   6.762712e+00  2.835698e+00   
   36   6.413334e+00  2.458510e+00   
   37   7.075911e+00  2.505051e+00   
   38   6.649026e+00  2.134268e+00   
   39   7.307473e+00  2.181818e+00   
   40   6.862133e+00  1.755302e+00   
   41   7.565240e+00  1.696970e+00   
   42   7.072722e+00  1.339298e+00   
   43   7.743526e+00  1.212121e+00   
   44   7.245557e+00  9.599576e-01   
   45   7.855381e+00  7.272727e-01   
   46   7.290242e+00  5.173772e-01   
   47   7.917490e+00  8.080808e-02   
   48   7.301904e+00  -1.643205e-02   
   49   7.879991e+00  -5.656566e-01   
   50   7.279587e+00  -5.699446e-01   
   51   7.779661e+00  -1.088101e+00   
   52   7.243243e+00  -1.054990e+00   
   53   7.610169e+00  -1.595424e+00   
   54   7.168764e+00  -1.462991e+00   
   55   7.403926e+00  -2.020202e+00   
   56   6.975709e+00  -1.826898e+00   
   57   7.101695e+00  -2.474714e+00   
   58   6.735660e+00  -2.192308e+00   
   59   6.770405e+00  -2.828283e+00   
   60   6.473704e+00  -2.489006e+00   
   61   6.423729e+00  -3.085763e+00   
   62   6.141444e+00  -2.689861e+00   
   63   5.915254e+00  -3.288971e+00   
   64   5.777031e+00  -2.855259e+00   
   65   5.377865e+00  -2.575983e+00   
   66   5.424151e+00  -2.268201e+00   
   67   5.680812e+00  -2.585206e+00   
   68   5.891311e+00  -2.329415e+00   
   69   6.251152e+00  -2.267595e+00   
   70   6.388338e+00  -1.989853e+00   
   71   6.594486e+00  -1.632093e+00   
   72   6.836070e+00  -1.398002e+00   
   73   6.737943e+00  -1.101113e+00   
   74   5.443255e+00  -1.850214e+00   
   75   6.701740e+00  -6.210930e-01   
   76   5.463641e+00  -1.349957e+00   
   77   6.708511e+00  -9.143562e-02   
   78   6.754651e+00  4.182279e-01   
   79   6.875736e+00  7.710340e-01   
   80   6.623236e+00  9.972629e-01   
   81   6.407510e+00  1.410094e+00   
   82   6.244725e+00  1.818210e+00   
   83   6.090631e+00  2.178153e+00   
   84   5.976633e+00  2.417190e+00   
   85   5.680610e+00  2.390538e+00   
   86   5.307189e+00  2.346927e+00   
   87   5.301491e+00  1.935014e+00   
   88   5.295066e+00  1.479850e+00   
   89   5.317905e+00  9.481623e-01   
   90   5.384818e+00  3.774068e-01   
   91   5.405306e+00  -2.197036e-01   
   92   5.425160e+00  -8.018777e-01   
   93   5.727831e+00  2.018701e+00   
   94   5.972053e+00  -1.867418e+00   
   95   6.170719e+00  -1.330367e+00   
   96   6.086119e+00  -7.238569e-01   
   97   6.073092e+00  -1.408388e-01   
   98   6.148899e+00  5.508883e-01   
   99   5.793393e+00  1.601183e+00   
   100   5.916927e+00  1.127582e+00   
   101   4.787409e+00  -2.815276e+00   
   102   4.842857e+00  -2.892832e+00   
   103   5.035744e+00  -2.864923e+00   
   104   4.967024e+00  -2.917656e+00   
   105   5.068318e+00  -2.678737e+00   
   106   5.086390e+00  -2.745463e+00   
   107   4.944150e+00  -2.653913e+00   
   108   4.838056e+00  -2.695817e+00   
   109   4.621065e+00  -2.582607e+00   
   110   4.676513e+00  -2.660163e+00   
   111   5.007876e+00  -2.418766e+00   
   112   5.029060e+00  -2.515388e+00   
   113   4.846333e+00  -2.383114e+00   
   114   4.705975e+00  -2.444082e+00   
   115   5.011300e+00  -3.051066e+00   
   116   5.124294e+00  -3.131742e+00   
   117   5.327909e+00  -2.979275e+00   
   118   5.282599e+00  -3.095847e+00   
   119   5.194048e+00  -2.829028e+00   
   120   5.283634e+00  -2.845866e+00   
   121   4.448426e+00  -2.232977e+00   
   122   4.507022e+00  -2.369014e+00   
   123   4.937682e+00  -2.050901e+00   
   124   4.962186e+00  -2.186523e+00   
   125   4.738728e+00  -1.975832e+00   
   126   4.564280e+00  -2.036386e+00   
   127   4.284954e+00  -1.722549e+00   
   128   4.337392e+00  -1.909745e+00   
   129   4.867178e+00  -1.585806e+00   
   130   4.890178e+00  -1.750542e+00   
   131   4.640292e+00  -1.459165e+00   
   132   4.436404e+00  -1.497259e+00   
   133   4.176582e+00  -1.212121e+00   
   134   4.204549e+00  -1.373737e+00   
   135   4.807411e+00  -1.071516e+00   
   136   4.825795e+00  -1.246294e+00   
   137   4.575556e+00  -9.479947e-01   
   138   4.362086e+00  -9.992499e-01   
   139   4.109588e+00  -6.195286e-01   
   140   4.129102e+00  -8.350168e-01   
   141   4.765908e+00  -5.027902e-01   
   142   4.777468e+00  -6.997648e-01   
   143   4.532924e+00  -3.385572e-01   
   144   4.311499e+00  -3.712988e-01   
   145   4.085873e+00  2.693602e-02   
   146   4.087973e+00  -1.885522e-01   
   147   4.740108e+00  9.620901e-02   
   148   4.747228e+00  -1.048033e-01   
   149   4.516583e+00  2.789556e-01   
   150   4.300177e+00  2.606899e-01   
   151   4.113744e+00  6.734007e-01   
   152   4.098758e+00  4.579125e-01   
   153   4.727802e+00  6.874462e-01   
   154   4.730395e+00  4.923338e-01   
   155   4.526382e+00  8.846688e-01   
   156   4.327556e+00  8.867788e-01   
   157   4.189802e+00  1.280590e+00   
   158   4.159266e+00  1.084740e+00   
   159   4.753386e+00  1.250880e+00   
   160   4.739298e+00  1.066720e+00   
   161   4.585095e+00  1.448841e+00   
   162   4.402717e+00  1.462641e+00   
   163   4.315767e+00  1.838949e+00   
   164   4.268053e+00  1.657695e+00   
   165   4.819993e+00  1.763120e+00   
   166   4.793733e+00  1.599080e+00   
   167   4.685329e+00  1.958174e+00   
   168   4.524405e+00  1.989188e+00   
   169   4.494042e+00  2.335435e+00   
   170   4.428762e+00  2.177819e+00   
   171   4.904373e+00  2.206715e+00   
   172   4.875313e+00  2.066937e+00   
   173   4.808730e+00  2.395345e+00   
   174   4.684026e+00  2.444199e+00   
   175   4.702411e+00  2.716540e+00   
   176   4.630867e+00  2.604796e+00   
   177   4.978341e+00  2.537185e+00   
   178   4.955887e+00  2.441839e+00   
   179   4.925181e+00  2.697782e+00   
   180   4.849569e+00  2.763032e+00   
   181   5.010146e+00  3.043771e+00   
   182   4.892051e+00  2.936027e+00   
   183   5.196925e+00  2.692722e+00   
   184   5.098859e+00  2.662626e+00   
   185   5.183824e+00  3.008616e+00   
   186   5.239407e+00  2.865717e+00   
   187   5.539922e+00  3.257726e+00   
   188   5.334082e+00  3.204620e+00   
   189   5.572187e+00  2.760495e+00   
   190   5.433589e+00  2.741657e+00   
   191   5.734104e+00  3.133666e+00   
   192   5.722445e+00  2.956500e+00   
   193   5.930736e+00  3.257726e+00   
   194   6.115709e+00  3.204620e+00   
   195   5.841708e+00  2.752991e+00   
   196   5.972630e+00  2.726647e+00   
   197   6.234972e+00  3.001112e+00   
   198   6.169262e+00  2.850708e+00   
   199   6.454692e+00  3.046243e+00   
   200   6.608702e+00  2.940971e+00   
   201   6.206812e+00  2.619706e+00   
   202   6.310073e+00  2.539108e+00   
   203   6.529793e+00  2.584239e+00   
   204   6.646253e+00  2.709969e+00   
   205   6.867112e+00  2.725482e+00   
   206   6.971512e+00  2.615266e+00   
   207   6.491898e+00  2.350429e+00   
   208   6.570462e+00  2.242349e+00   
   209   6.791321e+00  2.257862e+00   
   210   6.933616e+00  2.381456e+00   
   211   7.153098e+00  2.397306e+00   
   212   7.230286e+00  2.289562e+00   
   213   6.720061e+00  2.007946e+00   
   214   6.791097e+00  1.881624e+00   
   215   7.010580e+00  1.897474e+00   
   216   7.159026e+00  2.039646e+00   
   217   7.393396e+00  2.020202e+00   
   218   7.479318e+00  1.858586e+00   
   219   6.932330e+00  1.616634e+00   
   220   7.002526e+00  1.477966e+00   
   221   7.236895e+00  1.458522e+00   
   222   7.401067e+00  1.577746e+00   
   223   7.624669e+00  1.535353e+00   
   224   7.684097e+00  1.373737e+00   
   225   7.130334e+00  1.212851e+00   
   226   7.187946e+00  1.086405e+00   
   227   7.411546e+00  1.044012e+00   
   228   7.577536e+00  1.128066e+00   
   229   7.780811e+00  1.050505e+00   
   230   7.818096e+00  8.888889e-01   
   231   7.260452e+00  8.124308e-01   
   232   7.275347e+00  6.649040e-01   
   233   7.478622e+00  5.873424e-01   
   234   7.667002e+00  6.573076e-01   
   235   7.876084e+00  5.117845e-01   
   236   7.896787e+00  2.962963e-01   
   237   7.294129e+00  3.394408e-01   
   238   7.298017e+00  1.615044e-01   
   239   7.507099e+00  1.598133e-02   
   240   7.712295e+00  4.839471e-02   
   241   7.904990e+00  -1.346801e-01   
   242   7.892490e+00  -3.501683e-01   
   243   7.294465e+00  -2.009362e-01   
   244   7.287026e+00  -3.854404e-01   
   245   7.479722e+00  -5.685153e-01   
   246   7.679856e+00  -5.670859e-01   
   247   7.846548e+00  -7.398046e-01   
   248   7.813104e+00  -9.139528e-01   
   249   7.267472e+00  -7.316265e-01   
   250   7.255358e+00  -8.933083e-01   
   251   7.422049e+00  -1.066027e+00   
   252   7.600855e+00  -1.077064e+00   
   253   7.723164e+00  -1.257209e+00   
   254   7.666666e+00  -1.426317e+00   
   255   7.218417e+00  -1.190991e+00   
   256   7.193591e+00  -1.326991e+00   
   257   7.315899e+00  -1.507136e+00   
   258   7.463034e+00  -1.551280e+00   
   259   7.541422e+00  -1.737017e+00   
   260   7.472674e+00  -1.878609e+00   
   261   7.104413e+00  -1.584294e+00   
   262   7.040061e+00  -1.705596e+00   
   263   7.118448e+00  -1.891333e+00   
   264   7.261187e+00  -1.955767e+00   
   265   7.303183e+00  -2.171706e+00   
   266   7.202439e+00  -2.323210e+00   
   267   6.895692e+00  -1.948701e+00   
   268   6.815676e+00  -2.070505e+00   
   269   6.857671e+00  -2.286443e+00   
   270   6.979683e+00  -2.380579e+00   
   271   6.991265e+00  -2.592570e+00   
   272   6.880835e+00  -2.710426e+00   
   273   6.648341e+00  -2.291207e+00   
   274   6.561023e+00  -2.390107e+00   
   275   6.572605e+00  -2.602098e+00   
   276   6.671505e+00  -2.715190e+00   
   277   6.654846e+00  -2.914110e+00   
   278   6.539288e+00  -2.999936e+00   
   279   6.362951e+00  -2.555957e+00   
   280   6.252197e+00  -2.622909e+00   
   281   6.235539e+00  -2.821828e+00   
   282   6.329634e+00  -2.953796e+00   
   283   6.254238e+00  -3.153499e+00   
   284   6.084746e+00  -3.221235e+00   
   285   6.019973e+00  -2.744994e+00   
   286   5.898502e+00  -2.800126e+00   
   287   5.823106e+00  -2.999830e+00   
   288   5.869180e+00  -3.144400e+00   
   289   5.463277e+00  -3.237936e+00   
   290   5.689265e+00  -3.263454e+00   
   291   5.642427e+00  -2.857740e+00   
   292   5.507823e+00  -2.860222e+00   
   293   5.376316e+00  -2.671556e+00   
   294   5.374768e+00  -2.767130e+00   
   295   5.268658e+00  -2.587992e+00   
   296   5.159452e+00  -2.600001e+00   
   297   5.408722e+00  -2.370795e+00   
   298   5.393294e+00  -2.473389e+00   
   299   5.278331e+00  -2.286182e+00   
   300   5.132511e+00  -2.304164e+00   
   301   5.712885e+00  -2.675224e+00   
   302   5.744958e+00  -2.765242e+00   
   303   5.579829e+00  -2.582132e+00   
   304   5.478847e+00  -2.579058e+00   
   305   5.974688e+00  -2.449564e+00   
   306   6.058066e+00  -2.569712e+00   
   307   5.821144e+00  -2.414679e+00   
   308   5.750978e+00  -2.499943e+00   
   309   6.325336e+00  -2.341398e+00   
   310   6.399520e+00  -2.415202e+00   
   311   6.131205e+00  -2.288202e+00   
   312   6.011258e+00  -2.308808e+00   
   313   6.504112e+00  -2.057338e+00   
   314   6.619886e+00  -2.124823e+00   
   315   6.342609e+00  -2.082434e+00   
   316   6.296881e+00  -2.175014e+00   
   317   6.721560e+00  -1.697028e+00   
   318   6.848634e+00  -1.761963e+00   
   319   6.525770e+00  -1.751346e+00   
   320   6.457054e+00  -1.870600e+00   
   321   6.946968e+00  -1.419665e+00   
   322   7.057866e+00  -1.441328e+00   
   323   6.755542e+00  -1.476033e+00   
   324   6.675014e+00  -1.554063e+00   
   325   6.906376e+00  -1.085739e+00   
   326   7.074810e+00  -1.070365e+00   
   327   6.770652e+00  -1.200076e+00   
   328   6.803361e+00  -1.299039e+00   
   329   5.436887e+00  -1.989543e+00   
   330   5.430519e+00  -2.128872e+00   
   331   5.266562e+00  -1.871902e+00   
   332   5.089870e+00  -1.893590e+00   
   333   6.894356e+00  -6.040435e-01   
   334   7.086972e+00  -5.869941e-01   
   335   6.713808e+00  -7.810998e-01   
   336   6.725876e+00  -9.411064e-01   
   337   5.456846e+00  -1.516709e+00   
   338   5.450050e+00  -1.683461e+00   
   339   5.257154e+00  -1.373662e+00   
   340   5.050666e+00  -1.397366e+00   
   341   6.906308e+00  -6.643443e-02   
   342   7.104106e+00  -4.143324e-02   
   343   6.706254e+00  -2.679881e-01   
   344   6.703997e+00  -4.445405e-01   
   345   6.933182e+00  4.512776e-01   
   346   7.111712e+00  4.843274e-01   
   347   6.739271e+00  2.483400e-01   
   348   6.723891e+00  7.845218e-02   
   349   6.999009e+00  8.340085e-01   
   350   7.122283e+00  8.969831e-01   
   351   6.835375e+00  6.534319e-01   
   352   6.795013e+00  5.358299e-01   
   353   6.922893e+00  1.225286e+00   
   354   6.773065e+00  1.111274e+00   
   355   6.707403e+00  9.218532e-01   
   356   6.791569e+00  8.464436e-01   
   357   6.710592e+00  1.640233e+00   
   358   6.559051e+00  1.525163e+00   
   359   6.479419e+00  1.272483e+00   
   360   6.551327e+00  1.134873e+00   
   361   6.514259e+00  2.028915e+00   
   362   6.379492e+00  1.923563e+00   
   363   6.298986e+00  1.682171e+00   
   364   6.353248e+00  1.546133e+00   
   365   6.305766e+00  2.365058e+00   
   366   6.198198e+00  2.271606e+00   
   367   6.141996e+00  2.058172e+00   
   368   6.193360e+00  1.938191e+00   
   369   6.061245e+00  2.605933e+00   
   370   6.018939e+00  2.511561e+00   
   371   6.014632e+00  2.337511e+00   
   372   6.052632e+00  2.257832e+00   
   373   5.700727e+00  2.649735e+00   
   374   5.690669e+00  2.520137e+00   
   375   5.779284e+00  2.399422e+00   
   376   5.877958e+00  2.408306e+00   
   377   5.299057e+00  2.597521e+00   
   378   5.303123e+00  2.472224e+00   
   379   5.556136e+00  2.376001e+00   
   380   5.431662e+00  2.361464e+00   
   381   5.182604e+00  2.346782e+00   
   382   5.058019e+00  2.346637e+00   
   383   5.149745e+00  1.932396e+00   
   384   4.997999e+00  1.929778e+00   
   385   5.305290e+00  2.209622e+00   
   386   5.303390e+00  2.072318e+00   
   387   5.119202e+00  1.464913e+00   
   388   4.943338e+00  1.449977e+00   
   389   5.299349e+00  1.783293e+00   
   390   5.297207e+00  1.631571e+00   
   391   5.120340e+00  9.262944e-01   
   392   4.922774e+00  9.044266e-01   
   393   5.302679e+00  1.302621e+00   
   394   5.310292e+00  1.125391e+00   
   395   5.167541e+00  3.506783e-01   
   396   4.950265e+00  3.239498e-01   
   397   5.340210e+00  7.579105e-01   
   398   5.362514e+00  5.676587e-01   
   399   5.188320e+00  -2.484076e-01   
   400   4.971334e+00  -2.771116e-01   
   401   5.391647e+00  1.783700e-01   
   402   5.398477e+00  -2.066678e-02   
   403   5.437987e+00  -9.845705e-01   
   404   5.450814e+00  -1.167264e+00   
   405   5.213116e+00  -8.334983e-01   
   406   5.001072e+00  -8.651189e-01   
   407   5.411924e+00  -4.137616e-01   
   408   5.418542e+00  -6.078196e-01   
   409   5.696351e+00  2.266593e+00   
   410   5.712091e+00  2.142647e+00   
   411   5.969698e+00  2.125002e+00   
   412   5.848764e+00  2.071852e+00   
   413   5.585718e+00  1.990806e+00   
   414   5.443604e+00  1.962910e+00   
   415   5.579871e+00  -2.288606e+00   
   416   5.735591e+00  -2.309010e+00   
   417   5.945139e+00  -2.021417e+00   
   418   5.918225e+00  -2.175416e+00   
   419   5.619521e+00  -1.855949e+00   
   420   5.795787e+00  -1.861683e+00   
   421   6.110814e+00  -1.908230e+00   
   422   6.249576e+00  -1.949042e+00   
   423   6.311975e+00  -1.430942e+00   
   424   6.453231e+00  -1.531518e+00   
   425   6.104497e+00  -1.509384e+00   
   426   6.038275e+00  -1.688401e+00   
   427   5.935026e+00  -1.336897e+00   
   428   5.699334e+00  -1.343427e+00   
   429   6.548868e+00  -1.177531e+00   
   430   6.359794e+00  -1.253949e+00   
   431   6.496533e+00  -6.553477e-01   
   432   6.291326e+00  -6.896023e-01   
   433   6.114319e+00  -9.260270e-01   
   434   6.142519e+00  -1.128197e+00   
   435   5.865800e+00  -7.498638e-01   
   436   5.645480e+00  -7.758708e-01   
   437   5.850497e+00  -1.671271e-01   
   438   5.627901e+00  -1.934153e-01   
   439   6.123630e+00  3.203126e-01   
   440   6.098361e+00  8.973694e-02   
   441   5.894205e+00  4.930612e-01   
   442   5.639511e+00  4.352340e-01   
   443   5.749685e+00  1.879528e+00   
   444   5.771539e+00  1.740356e+00   
   445   6.094281e+00  1.745868e+00   
   446   5.943837e+00  1.673526e+00   
   447   5.627284e+00  1.560739e+00   
   448   5.461175e+00  1.520295e+00   
   449   5.834571e+00  1.443316e+00   
   450   5.875749e+00  1.285449e+00   
   451   6.243982e+00  1.315923e+00   
   452   6.080454e+00  1.221753e+00   
   453   5.717253e+00  1.067775e+00   
   454   5.517579e+00  1.007969e+00   
   455   5.994251e+00  9.353507e-01   
   456   6.071575e+00  7.431195e-01   
   457   6.465123e+00  8.484714e-01   
   458   6.307011e+00  6.996798e-01   
   459   6.350816e+00  5.066682e-01   
   460   6.552734e+00  4.624480e-01   
   461   6.284898e+00  -1.243711e-01   
   462   6.496704e+00  -1.079033e-01   
   463   6.077435e+00  -3.351781e-01   
   464   6.081777e+00  -5.295175e-01   
   465   4.881046e+00  -2.769763e+00   
   466   4.924035e+00  -2.843709e+00   
   467   5.005213e+00  -2.794586e+00   
   468   4.974682e+00  -2.724250e+00   
   469   4.750002e+00  -2.527993e+00   
   470   4.794029e+00  -2.611905e+00   
   471   4.911545e+00  -2.563646e+00   
   472   4.878939e+00  -2.473380e+00   
   473   5.072216e+00  -2.977053e+00   
   474   5.177407e+00  -3.036450e+00   
   475   5.230521e+00  -2.941158e+00   
   476   5.133132e+00  -2.903040e+00   
   477   4.611511e+00  -2.172284e+00   
   478   4.658743e+00  -2.308183e+00   
   479   4.810465e+00  -2.247353e+00   
   480   4.774597e+00  -2.111592e+00   
   481   4.479029e+00  -1.676969e+00   
   482   4.521654e+00  -1.856678e+00   
   483   4.705916e+00  -1.803610e+00   
   484   4.673104e+00  -1.631388e+00   
   485   4.386858e+00  -1.165253e+00   
   486   4.411631e+00  -1.331256e+00   
   487   4.618713e+00  -1.288775e+00   
   488   4.597134e+00  -1.118385e+00   
   489   4.328361e+00  -5.806158e-01   
   490   4.345223e+00  -7.899328e-01   
   491   4.561345e+00  -7.448488e-01   
   492   4.547135e+00  -5.417030e-01   
   493   4.303951e+00  5.002702e-02   
   494   4.307725e+00  -1.606359e-01   
   495   4.527477e+00  -1.327196e-01   
   496   4.522030e+00  7.311802e-02   
   497   4.318430e+00  6.780825e-01   
   498   4.309304e+00  4.693863e-01   
   499   4.519850e+00  4.808600e-01   
   500   4.523116e+00  6.827644e-01   
   501   4.377663e+00  1.270687e+00   
   502   4.352610e+00  1.078733e+00   
   503   4.545954e+00  1.072726e+00   
   504   4.565525e+00  1.260783e+00   
   505   4.483843e+00  1.813672e+00   
   506   4.443280e+00  1.638157e+00   
   507   4.618507e+00  1.618618e+00   
   508   4.651918e+00  1.788396e+00   
   509   4.630820e+00  2.292529e+00   
   510   4.577613e+00  2.140859e+00   
   511   4.726463e+00  2.103898e+00   
   512   4.767597e+00  2.249622e+00   
   513   4.794388e+00  2.656755e+00   
   514   4.739207e+00  2.550477e+00   
   515   4.847548e+00  2.496158e+00   
   516   4.886365e+00  2.596970e+00   
   517   5.072406e+00  2.926755e+00   
   518   4.960987e+00  2.844894e+00   
   519   5.029923e+00  2.753760e+00   
   520   5.134665e+00  2.809739e+00   
   521   5.550677e+00  3.091983e+00   
   522   5.367251e+00  3.050300e+00   
   523   5.400420e+00  2.895978e+00   
   524   5.561432e+00  2.926239e+00   
   525   6.068016e+00  3.045296e+00   
   526   5.901060e+00  3.089481e+00   
   527   5.871384e+00  2.921236e+00   
   528   6.020323e+00  2.885972e+00   
   529   6.509159e+00  2.807016e+00   
   530   6.372066e+00  2.904064e+00   
   531   6.289439e+00  2.761885e+00   
   532   6.409616e+00  2.673062e+00   
   533   6.837828e+00  2.490961e+00   
   534   6.742041e+00  2.600465e+00   
   535   6.616969e+00  2.475447e+00   
   536   6.704145e+00  2.366655e+00   
   537   7.083890e+00  2.153583e+00   
   538   7.008753e+00  2.267520e+00   
   539   6.864407e+00  2.137733e+00   
   540   6.937494e+00  2.017604e+00   
   541   7.320387e+00  1.731713e+00   
   542   7.239707e+00  1.885679e+00   
   543   7.086018e+00  1.751157e+00   
   544   7.161456e+00  1.604839e+00   
   545   7.518713e+00  1.277960e+00   
   546   7.459890e+00  1.427853e+00   
   547   7.295112e+00  1.320352e+00   
   548   7.353329e+00  1.182182e+00   
   549   7.637180e+00  8.142273e-01   
   550   7.607358e+00  9.711469e-01   
   551   7.433905e+00  8.917888e-01   
   552   7.456264e+00  7.395657e-01   
   553   7.697197e+00  2.513657e-01   
   554   7.682099e+00  4.543366e-01   
   555   7.488114e+00  3.968887e-01   
   556   7.497607e+00  2.064350e-01   
   557   7.690669e+00  -3.619257e-01   
   558   7.701482e+00  -1.567655e-01   
   559   7.497974e+00  -1.788509e-01   
   560   7.488848e+00  -3.736831e-01   
   561   7.627189e+00  -9.070711e-01   
   562   7.653523e+00  -7.370786e-01   
   563   7.460498e+00  -7.343526e-01   
   564   7.441274e+00  -9.001896e-01   
   565   7.508975e+00  -1.393208e+00   
   566   7.554915e+00  -1.235136e+00   
   567   7.386666e+00  -1.213063e+00   
   568   7.351283e+00  -1.360100e+00   
   569   7.328469e+00  -1.820938e+00   
   570   7.395752e+00  -1.686109e+00   
   571   7.250082e+00  -1.635202e+00   
   572   7.184265e+00  -1.763267e+00   
   573   7.073518e+00  -2.238974e+00   
   574   7.167353e+00  -2.097371e+00   
   575   7.031523e+00  -2.023036e+00   
   576   6.944597e+00  -2.154739e+00   
   577   6.774231e+00  -2.603653e+00   
   578   6.876957e+00  -2.492116e+00   
   579   6.762649e+00  -2.391662e+00   
   580   6.667627e+00  -2.496880e+00   
   581   6.443590e+00  -2.874261e+00   
   582   6.557548e+00  -2.794725e+00   
   583   6.460249e+00  -2.675341e+00   
   584   6.347894e+00  -2.748585e+00   
   585   6.022664e+00  -3.080866e+00   
   586   6.176149e+00  -3.017331e+00   
   587   6.098060e+00  -2.881163e+00   
   588   5.960583e+00  -2.940496e+00   
   589   5.478125e+00  -3.112031e+00   
   590   5.673653e+00  -3.128216e+00   
   591   5.658040e+00  -2.992978e+00   
   592   5.492974e+00  -2.986127e+00   
   593   5.170984e+00  -2.676344e+00   
   594   5.182516e+00  -2.752686e+00   
   595   5.278642e+00  -2.759908e+00   
   596   5.273650e+00  -2.673950e+00   
   597   5.141491e+00  -2.402776e+00   
   598   5.150471e+00  -2.501389e+00   
   599   5.271883e+00  -2.487389e+00   
   600   5.275107e+00  -2.386786e+00   
   601   5.498165e+00  -2.766500e+00   
   602   5.621562e+00  -2.765871e+00   
   603   5.600696e+00  -2.674002e+00   
   604   5.488506e+00  -2.672779e+00   
   605   5.849327e+00  -2.700065e+00   
   606   5.953696e+00  -2.634888e+00   
   607   5.887420e+00  -2.524784e+00   
   608   5.800153e+00  -2.600004e+00   
   609   6.171884e+00  -2.518209e+00   
   610   6.285702e+00  -2.466705e+00   
   611   6.208453e+00  -2.377453e+00   
   612   6.091570e+00  -2.413509e+00   
   613   6.472975e+00  -2.318409e+00   
   614   6.546430e+00  -2.221616e+00   
   615   6.444520e+00  -2.152024e+00   
   616   6.384928e+00  -2.246711e+00   
   617   6.696135e+00  -2.003870e+00   
   618   6.772385e+00  -1.882916e+00   
   619   6.649077e+00  -1.817131e+00   
   620   6.576595e+00  -1.937235e+00   
   621   6.918378e+00  -1.655085e+00   
   622   6.988122e+00  -1.548207e+00   
   623   6.871832e+00  -1.512120e+00   
   624   6.796696e+00  -1.604574e+00   
   625   7.063514e+00  -1.317674e+00   
   626   7.069162e+00  -1.194019e+00   
   627   6.919907e+00  -1.197048e+00   
   628   6.933437e+00  -1.308356e+00   
   629   5.104083e+00  -2.030448e+00   
   630   5.118297e+00  -2.167306e+00   
   631   5.274408e+00  -2.148088e+00   
   632   5.270485e+00  -2.009995e+00   
   633   7.078864e+00  -9.092411e-01   
   634   7.082918e+00  -7.481175e-01   
   635   6.898363e+00  -7.646086e-01   
   636   6.902370e+00  -9.251738e-01   
   637   5.063734e+00  -1.562774e+00   
   638   5.076802e+00  -1.728182e+00   
   639   5.263426e+00  -1.705822e+00   
   640   5.260290e+00  -1.539742e+00   
   641   7.092684e+00  -4.051404e-01   
   642   7.098395e+00  -2.232868e-01   
   643   6.902324e+00  -2.456375e-01   
   644   6.898340e+00  -4.248405e-01   
   645   7.106641e+00  1.338204e-01   
   646   7.109177e+00  3.090739e-01   
   647   6.924224e+00  2.787070e-01   
   648   6.915266e+00  1.061363e-01   
   649   7.115236e+00  6.218793e-01   
   650   7.118760e+00  7.594312e-01   
   651   6.977067e+00  7.064316e-01   
   652   6.955125e+00  5.788546e-01   
   653   7.055820e+00  1.006417e+00   
   654   6.989357e+00  1.115852e+00   
   655   6.848380e+00  1.018852e+00   
   656   6.923695e+00  9.264305e-01   
   657   6.852126e+00  1.363602e+00   
   658   6.781359e+00  1.501917e+00   
   659   6.630389e+00  1.387200e+00   
   660   6.701727e+00  1.249237e+00   
   661   6.645147e+00  1.769794e+00   
   662   6.579703e+00  1.899355e+00   
   663   6.439345e+00  1.790763e+00   
   664   6.499198e+00  1.657964e+00   
   665   6.444761e+00  2.140962e+00   
   666   6.375264e+00  2.253010e+00   
   667   6.258630e+00  2.155591e+00   
   668   6.319061e+00  2.039577e+00   
   669   6.224259e+00  2.445349e+00   
   670   6.142752e+00  2.525641e+00   
   671   6.078692e+00  2.431576e+00   
   672   6.138445e+00  2.351591e+00   
   673   5.941073e+00  2.620534e+00   
   674   5.820900e+00  2.635135e+00   
   675   5.800092e+00  2.517279e+00   
   676   5.909515e+00  2.514420e+00   
   677   5.566837e+00  2.632330e+00   
   678   5.432947e+00  2.614925e+00   
   679   5.432305e+00  2.488195e+00   
   680   5.561487e+00  2.504166e+00   
   681   5.192151e+00  2.577409e+00   
   682   5.085246e+00  2.557297e+00   
   683   5.071633e+00  2.451967e+00   
   684   5.187378e+00  2.462095e+00   
   685   5.038013e+00  2.207684e+00   
   686   5.018006e+00  2.068731e+00   
   687   5.160698e+00  2.070524e+00   
   688   5.171651e+00  2.208653e+00   
   689   4.979779e+00  1.769844e+00   
   690   4.961558e+00  1.609910e+00   
   691   5.129383e+00  1.620741e+00   
   692   5.139564e+00  1.776568e+00   
   693   4.936483e+00  1.268127e+00   
   694   4.929629e+00  1.086277e+00   
   695   5.119960e+00  1.105834e+00   
   696   5.119581e+00  1.285374e+00   
   697   4.931938e+00  7.109343e-01   
   698   4.941101e+00  5.174421e-01   
   699   5.151807e+00  5.425504e-01   
   700   5.136074e+00  7.344224e-01   
   701   4.957288e+00  1.235960e-01   
   702   4.964311e+00  -7.675777e-02   
   703   5.181394e+00  -4.871228e-02   
   704   5.174468e+00  1.509830e-01   
   705   5.017603e+00  -1.042534e+00   
   706   5.034135e+00  -1.219950e+00   
   707   5.242474e+00  -1.193607e+00   
   708   5.227795e+00  -1.013552e+00   
   709   4.981246e+00  -4.731140e-01   
   710   4.991159e+00  -6.691165e-01   
   711   5.204850e+00  -6.384681e-01   
   712   5.196585e+00  -4.434378e-01   
   713   5.939118e+00  2.219437e+00   
   714   5.908538e+00  2.313872e+00   
   715   5.802444e+00  2.290232e+00   
   716   5.825604e+00  2.181042e+00   
   717   5.565997e+00  2.247603e+00   
   718   5.435643e+00  2.228612e+00   
   719   5.439624e+00  2.095761e+00   
   720   5.575857e+00  2.119204e+00   
   721   5.546197e+00  -2.385423e+00   
   722   5.512522e+00  -2.482241e+00   
   723   5.631750e+00  -2.491092e+00   
   724   5.683671e+00  -2.400051e+00   
   725   5.606304e+00  -2.000168e+00   
   726   5.593087e+00  -2.144387e+00   
   727   5.755656e+00  -2.159901e+00   
   728   5.775721e+00  -2.010792e+00   
   729   6.044443e+00  -2.175282e+00   
   730   6.170662e+00  -2.175148e+00   
   731   6.210119e+00  -2.062095e+00   
   732   6.077629e+00  -2.041756e+00   
   733   6.317461e+00  -1.809867e+00   
   734   6.385346e+00  -1.670692e+00   
   735   6.244921e+00  -1.590038e+00   
   736   6.177868e+00  -1.749134e+00   
   737   5.646125e+00  -1.685108e+00   
   738   5.842200e+00  -1.686755e+00   
   739   5.888613e+00  -1.511826e+00   
   740   5.672729e+00  -1.514267e+00   
   741   6.686651e+00  -1.376532e+00   
   742   6.617760e+00  -1.277032e+00   
   743   6.464868e+00  -1.353987e+00   
   744   6.569941e+00  -1.454025e+00   
   745   6.531424e+00  -1.003470e+00   
   746   6.513979e+00  -8.294089e-01   
   747   6.314149e+00  -8.777180e-01   
   748   6.336972e+00  -1.065834e+00   
   749   5.681382e+00  -1.154242e+00   
   750   5.911951e+00  -1.141220e+00   
   751   5.888875e+00  -9.455419e-01   
   752   5.663431e+00  -9.650564e-01   
   753   5.635642e+00  2.256842e-01   
   754   5.631772e+00  1.613445e-02   
   755   5.865067e+00  5.293569e-02   
   756   5.879636e+00  2.729984e-01   
   757   6.052753e+00  1.872246e+00   
   758   6.011225e+00  1.998624e+00   
   759   5.880455e+00  1.939076e+00   
   760   5.912146e+00  1.806301e+00   
   761   5.599573e+00  1.847450e+00   
   762   5.449461e+00  1.815371e+00   
   763   5.455318e+00  1.667833e+00   
   764   5.613428e+00  1.704094e+00   
   765   6.194081e+00  1.459238e+00   
   766   6.144181e+00  1.602553e+00   
   767   5.989376e+00  1.522934e+00   
   768   6.034915e+00  1.372343e+00   
   769   5.657273e+00  1.396417e+00   
   770   5.479976e+00  1.349519e+00   
   771   5.498777e+00  1.178744e+00   
   772   5.687263e+00  1.232096e+00   
   773   5.558223e+00  8.170572e-01   
   774   5.598867e+00  6.261456e-01   
   775   5.835221e+00  6.846325e-01   
   776   5.776237e+00  8.762039e-01   
   777   6.317696e+00  1.160106e+00   
   778   6.155974e+00  1.047729e+00   
   779   6.231492e+00  8.737043e-01   
   780   6.391410e+00  1.004289e+00   
   781   6.711957e+00  7.184451e-01   
   782   6.588540e+00  7.834582e-01   
   783   6.469678e+00  6.450632e-01   
   784   6.632345e+00  5.904466e-01   
   785   6.515381e+00  8.221373e-02   
   786   6.534057e+00  2.723309e-01   
   787   6.328844e+00  2.963217e-01   
   788   6.306871e+00  8.597532e-02   
   789   5.633760e+00  -3.875671e-01   
   790   5.639620e+00  -5.817189e-01   
   791   5.860698e+00  -5.556182e-01   
   792   5.855597e+00  -3.613726e-01   
   793   6.496648e+00  -2.903848e-01   
   794   6.287041e+00  -3.127815e-01   
   795   6.289184e+00  -5.011919e-01   
   796   6.496591e+00  -4.728662e-01   
  END_COORDINATES 
  BOUNDARIES, ELEMENT 
    1         1 2 101 102         1     
    2         5 1 109 110         2     
    3         2 7 115 116         3     
    4         9 5 121 122         4     
    5         11 9 127 128         5     
    6         13 11 133 134         6     
    7         15 13 139 140         7     
    8         17 15 145 146         8     
    9         19 17 151 152         9     
    10         21 19 157 158         10     
    11         23 21 163 164         11     
    12         25 23 169 170         12     
    13         27 25 175 176         13     
    14         29 27 181 182         14     
    15         31 29 187 188         15     
    16         33 31 194 193         16     
    17         35 33 200 199         17     
    18         37 35 206 205         18     
    19         39 37 212 211         19     
    20         41 39 218 217         20     
    21         43 41 224 223         21     
    22         45 43 230 229         22     
    23         47 45 236 235         23     
    24         49 47 242 241         24     
    25         51 49 248 247         25     
    26         53 51 254 253         26     
    27         55 53 260 259         27     
    28         57 55 266 265         28     
    29         59 57 272 271         29     
    30         61 59 278 277         30     
    31         63 61 284 283         31     
    32         7 63 289 290         32     
  END_BOUNDARIES 
  MATERIALS, NUMBER= 1, DEFAULT=1 
  END_MATERIALS 
  SUBDOMAINS 
  END_SUBDOMAINS 
  CHARACTERISTICS 
  END_CHARACTERISTICS 
