  NODES_PER_ELEMENT
   1 3
   2 3
   3 3
   4 3
   5 3
   6 3
   7 3
   8 3
   9 3
   10 3
   11 3
   12 3
   13 3
   14 3
   15 3
   16 3
   17 3
   18 3
   19 3
   20 3
   21 3
   22 3
   23 3
   24 3
   25 3
   26 3
   27 3
   28 3
   29 3
   30 3
   31 3
   32 3
   33 3
   34 3
   35 3
   36 3
   37 3
   38 3
   39 3
   40 3
   41 3
   42 3
   43 3
   44 3
   45 3
   46 3
   47 3
   48 3
   49 3
   50 3
   51 3
   52 3
   53 3
   54 3
   55 3
   56 3
   57 3
   58 3
   59 3
   60 3
   61 3
   62 3
   63 3
   64 3
   65 3
   66 3
   67 3
   68 3
   69 3
   70 3
   71 3
   72 3
   73 3
   74 3
   75 3
   76 3
   77 3
   78 3
   79 3
   80 3
   81 3
   82 3
   83 3
   84 3
   85 3
   86 3
   87 3
   88 3
   89 3
   90 3
   91 3
   92 3
   93 3
   94 3
   95 3
   96 3
   97 3
   98 3
   99 3
   100 3
   101 3
   102 3
   103 3
   104 3
   105 3
   106 3
   107 3
   108 3
   109 3
   110 3
   111 3
   112 3
   113 3
   114 3
   115 3
   116 3
   117 3
   118 3
   119 3
   120 3
   121 3
   122 3
   123 3
   124 3
   125 3
   126 3
   127 3
   128 3
   129 3
   130 3
   131 3
   132 3
   133 3
   134 3
   135 3
   136 3
   137 3
   138 3
   139 3
   140 3
   141 3
   142 3
   143 3
   144 3
   145 3
   146 3
   147 3
   148 3
   149 3
   150 3
   151 3
   152 3
   153 3
   154 3
   155 3
   156 3
   157 3
   158 3
   159 3
   160 3
   161 3
   162 3
   163 3
   164 3
   165 3
   166 3
   167 3
   168 3
   169 3
   170 3
   171 3
   172 3
   173 3
   174 3
   175 3
   176 3
   177 3
   178 3
   179 3
   180 3
   181 3
   182 3
   183 3
   184 3
   185 3
   186 3
   187 3
   188 3
   189 3
   190 3
   191 3
   192 3
   193 3
   194 3
   195 3
   196 3
   197 3
   198 3
   199 3
   200 3
   201 3
   202 3
   203 3
   204 3
   205 3
   206 3
   207 3
   208 3
   209 3
   210 3
   211 3
   212 3
   213 3
   214 3
   215 3
   216 3
   217 3
   218 3
   219 3
   220 3
   221 3
   222 3
   223 3
   224 3
   225 3
   226 3
   227 3
   228 3
   229 3
   230 3
   231 3
   232 3
   233 3
   234 3
   235 3
   236 3
   237 3
   238 3
   239 3
   240 3
   241 3
   242 3
   243 3
   244 3
   245 3
   246 3
   247 3
   248 3
   249 3
   250 3
   251 3
   252 3
   253 3
   254 3
   255 3
   256 3
   257 3
   258 3
   259 3
   260 3
   261 3
   262 3
   263 3
   264 3
   265 3
   266 3
   267 3
   268 3
   269 3
   270 3
   271 3
   272 3
   273 3
   274 3
   275 3
   276 3
   277 3
   278 3
   279 3
   280 3
   281 3
   282 3
   283 3
   284 3
   285 3
   286 3
   287 3
   288 3
   289 3
   290 3
   291 3
   292 3
   293 3
   294 3
   295 3
   296 3
   297 3
   298 3
   299 3
   300 3
   301 3
   302 3
   303 3
   304 3
   305 3
   306 3
   307 3
   308 3
   309 3
   310 3
   311 3
   312 3
   313 3
   314 3
   315 3
   316 3
   317 3
   318 3
   319 3
   320 3
   321 3
   322 3
   323 3
   324 3
   325 3
   326 3
   327 3
   328 3
   329 3
   330 3
   331 3
   332 3
   333 3
   334 3
   335 3
   336 3
   337 3
   338 3
   339 3
   340 3
   341 3
   342 3
   343 3
   344 3
   345 3
   346 3
   347 3
   348 3
   349 3
   350 3
   351 3
   352 3
   353 3
   354 3
   355 3
   356 3
   357 3
   358 3
   359 3
   360 3
   361 3
   362 3
   363 3
   364 3
   365 3
   366 3
   367 3
   368 3
   369 3
   370 3
   371 3
   372 3
   373 3
   374 3
   375 3
   376 3
   377 3
   378 3
   379 3
   380 3
   381 3
   382 3
   383 3
   384 3
   385 3
   386 3
   387 3
   388 3
   389 3
   390 3
   391 3
   392 3
   393 3
   394 3
   395 3
   396 3
   397 3
   398 3
   399 3
   400 3
   401 3
   402 3
   403 3
   404 3
   405 3
   406 3
   407 3
   408 3
   409 3
   410 3
   411 3
   412 3
   413 3
   414 3
   415 3
   416 3
   417 3
   418 3
   419 3
   420 3
   421 3
   422 3
   423 3
   424 3
   425 3
   426 3
   427 3
   428 3
   429 3
   430 3
   431 3
   432 3
   433 3
   434 3
   435 3
   436 3
   437 3
   438 3
   439 3
   440 3
   441 3
   442 3
   443 3
   444 3
   445 3
   446 3
   447 3
   448 3
   449 3
   450 3
   451 3
   452 3
   453 3
   454 3
   455 3
   456 3
   457 3
   458 3
   459 3
   460 3
   461 3
   462 3
   463 3
   464 3
   465 3
   466 3
   467 3
   468 3
   469 3
   470 3
   471 3
   472 3
   473 3
   474 3
   475 3
   476 3
   477 3
   478 3
   479 3
   480 3
   481 3
   482 3
   483 3
   484 3
   485 3
   486 3
   487 3
   488 3
   489 3
   490 3
   491 3
   492 3
   493 3
   494 3
   495 3
   496 3
   497 3
   498 3
   499 3
   500 3
   501 3
   502 3
   503 3
   504 3
   505 3
   506 3
   507 3
   508 3
   509 3
   510 3
   511 3
   512 3
   513 3
   514 3
   515 3
   516 3
   517 3
   518 3
   519 3
   520 3
   521 3
  END_NODES_PER_ELEMENT
  ELEMENTS
  1 209 212 210  
  2 210 212 214  
  3 209 210 206  
  4 206 210 207  
  5 209 206 204  
  6 207 210 214  
  7 206 207 201  
  8 204 206 201  
  9 201 207 203  
  10 284 282 275  
  11 283 287 277  
  12 287 291 280  
  13 294 297 292  
  14 289 284 278  
  15 282 283 274  
  16 291 294 286  
  17 204 201 196  
  18 293 285 288  
  19 255 259 244  
  20 277 287 280  
  21 283 277 274  
  22 292 297 296  
  23 294 292 286  
  24 275 282 274  
  25 280 291 286  
  26 278 284 275  
  27 289 278 281  
  28 203 207 211  
  29 201 203 194  
  30 277 280 269  
  31 286 292 279  
  32 278 275 264  
  33 274 277 266  
  34 275 274 265  
  35 280 286 272  
  36 239 245 242  
  37 196 201 194  
  38 204 196 192  
  39 192 196 194  
  40 218 222 213  
  41 226 230 225  
  42 234 239 236  
  43 214 218 211  
  44 211 218 213  
  45 222 226 220  
  46 230 234 231  
  47 245 249 250  
  48 207 214 211  
  49 211 213 200  
  50 251 255 244  
  51 297 301 296  
  52 288 285 276  
  53 293 288 295  
  54 292 296 290  
  55 281 278 271  
  56 289 281 299  
  57 242 245 250  
  58 239 242 236  
  59 220 226 225  
  60 222 220 213  
  61 225 230 231  
  62 234 236 231  
  63 250 249 262  
  64 296 301 302  
  65 203 211 200  
  66 194 203 200  
  67 242 250 256  
  68 213 220 208  
  69 231 236 232  
  70 236 242 241  
  71 220 225 217  
  72 225 231 224  
  73 273 267 263  
  74 267 261 257  
  75 253 251 246  
  76 300 293 295  
  77 285 273 276  
  78 261 258 248  
  79 258 253 247  
  80 300 295 302  
  81 276 273 263  
  82 288 276 290  
  83 295 288 290  
  84 290 276 279  
  85 290 279 292  
  86 269 280 272  
  87 269 272 260  
  88 266 277 269  
  89 266 269 254  
  90 286 279 272  
  91 272 279 268  
  92 274 266 265  
  93 265 266 256  
  94 264 275 265  
  95 264 265 256  
  96 278 264 271  
  97 271 264 262  
  98 271 262 270  
  99 290 296 295  
  100 295 296 302  
  101 281 271 270  
  102 262 249 270  
  103 250 262 264  
  104 246 251 244  
  105 253 246 247  
  106 263 267 257  
  107 257 261 248  
  108 248 258 247  
  109 276 263 268  
  110 263 257 252  
  111 302 301 304  
  112 247 246 235  
  113 257 248 243  
  114 248 247 237  
  115 200 213 208  
  116 256 250 264  
  117 241 242 256  
  118 241 256 254  
  119 224 231 232  
  120 224 232 228  
  121 208 220 217  
  122 208 217 202  
  123 217 225 224  
  124 217 224 215  
  125 236 241 232  
  126 232 241 238  
  127 300 302 303  
  128 200 208 193  
  129 192 194 186  
  130 186 194 189  
  131 192 186 178  
  132 260 272 268  
  133 260 268 252  
  134 254 269 260  
  135 254 260 240  
  136 268 279 276  
  137 266 254 256  
  138 194 200 189  
  139 235 246 244  
  140 247 235 237  
  141 237 235 223  
  142 252 257 243  
  143 252 243 240  
  144 263 252 268  
  145 243 248 237  
  146 243 237 229  
  147 186 189 179  
  148 303 302 304  
  149 189 200 193  
  150 189 193 181  
  151 299 281 298  
  152 281 270 298  
  153 202 217 215  
  154 202 215 198  
  155 215 224 228  
  156 215 228 198  
  157 238 241 254  
  158 208 202 193  
  159 193 202 188  
  160 232 238 228  
  161 228 240 229  
  162 179 189 181  
  163 179 181 173  
  164 186 179 178  
  165 181 193 188  
  166 240 260 252  
  167 254 240 238  
  168 238 240 228  
  169 223 235 221  
  170 237 223 229  
  171 229 223 205  
  172 243 229 240  
  173 181 174 173  
  174 303 304 305  
  175 183 176 175  
  176 176 170 164  
  177 170 163 155  
  178 29 21 23  
  179 21 15 16  
  180 15 9 10  
  181 202 198 188  
  182 188 198 185  
  183 18 25 17  
  184 25 33 26  
  185 33 41 35  
  186 41 50 43  
  187 58 67 59  
  188 145 157 149  
  189 50 58 53  
  190 133 145 137  
  191 157 167 162  
  192 67 77 72  
  193 88 99 91  
  194 110 120 113  
  195 77 88 80  
  196 99 110 102  
  197 120 133 123  
  198 235 244 221  
  199 136 125 128  
  200 125 117 115  
  201 117 107 104  
  202 178 179 167  
  203 163 153 155  
  204 153 146 141  
  205 146 136 128  
  206 179 162 167  
  207 1 2 3  
  208 2 6 5  
  209 223 221 197  
  210 216 199 191  
  211 199 190 184  
  212 190 183 175  
  213 205 223 197  
  214 229 205 228  
  215 185 198 205  
  216 205 198 228  
  217 188 185 174  
  218 205 197 185  
  219 56 48 52  
  220 48 39 42  
  221 39 29 32  
  222 175 176 164  
  223 175 164 159  
  224 164 170 155  
  225 164 155 150  
  226 159 164 150  
  227 159 150 147  
  228 150 155 144  
  229 147 150 138  
  230 175 159 168  
  231 159 147 156  
  232 23 21 16  
  233 23 16 20  
  234 16 15 10  
  235 16 10 14  
  236 10 9 4  
  237 20 16 14  
  238 20 14 19  
  239 14 10 7  
  240 19 14 12  
  241 20 19 28  
  242 29 23 32  
  243 32 23 27  
  244 27 23 20  
  245 27 20 28  
  246 27 28 36  
  247 32 27 36  
  248 36 28 37  
  249 17 25 26  
  250 17 26 22  
  251 26 33 35  
  252 26 35 30  
  253 35 41 43  
  254 35 43 38  
  255 38 43 49  
  256 35 38 30  
  257 30 38 34  
  258 34 38 44  
  259 30 34 24  
  260 22 26 30  
  261 22 30 24  
  262 22 24 12  
  263 18 17 11  
  264 17 22 13  
  265 43 50 53  
  266 43 53 49  
  267 49 53 59  
  268 59 53 58  
  269 149 157 162  
  270 149 162 154  
  271 137 145 149  
  272 137 149 142  
  273 149 154 142  
  274 142 154 148  
  275 137 142 129  
  276 142 148 134  
  277 59 67 72  
  278 59 72 65  
  279 162 179 173  
  280 133 137 123  
  281 123 137 129  
  282 123 129 113  
  283 123 113 120  
  284 148 154 161  
  285 154 162 173  
  286 72 77 80  
  287 72 80 75  
  288 102 110 113  
  289 102 113 108  
  290 59 65 49  
  291 75 80 87  
  292 108 113 129  
  293 91 99 102  
  294 91 102 87  
  295 91 87 80  
  296 91 80 88  
  297 65 72 75  
  298 65 75 70  
  299 70 75 83  
  300 65 70 57  
  301 102 108 87  
  302 128 125 115  
  303 128 115 112  
  304 115 117 104  
  305 115 104 103  
  306 104 107 95  
  307 128 112 124  
  308 115 103 112  
  309 112 103 101  
  310 101 103 90  
  311 112 101 116  
  312 103 104 93  
  313 141 146 128  
  314 153 141 155  
  315 6 11 5  
  316 3 2 5  
  317 3 5 8  
  318 1 3 4  
  319 8 5 13  
  320 8 13 12  
  321 8 12 7  
  322 8 7 3  
  323 7 12 14  
  324 197 221 195  
  325 191 199 184  
  326 191 184 177  
  327 216 191 227  
  328 184 190 175  
  329 177 184 168  
  330 191 177 187  
  331 174 185 172  
  332 188 174 181  
  333 173 174 161  
  334 161 174 172  
  335 161 172 160  
  336 52 48 42  
  337 52 42 46  
  338 42 39 32  
  339 42 32 36  
  340 46 42 36  
  341 52 46 55  
  342 56 52 62  
  343 37 28 31  
  344 44 38 49  
  345 44 49 57  
  346 24 34 31  
  347 36 37 45  
  348 34 44 40  
  349 144 155 141  
  350 144 141 124  
  351 168 159 156  
  352 168 156 165  
  353 7 10 4  
  354 28 19 31  
  355 165 156 152  
  356 138 150 144  
  357 138 144 130  
  358 130 144 124  
  359 130 124 116  
  360 116 124 112  
  361 138 130 122  
  362 156 147 143  
  363 175 168 184  
  364 168 165 177  
  365 177 165 171  
  366 171 165 152  
  367 177 171 187  
  368 147 138 132  
  369 19 12 24  
  370 13 22 12  
  371 134 148 140  
  372 75 87 83  
  373 83 87 96  
  374 96 87 108  
  375 83 96 89  
  376 129 142 134  
  377 129 134 119  
  378 119 134 126  
  379 129 119 108  
  380 148 161 160  
  381 57 70 64  
  382 17 13 11  
  383 161 154 173  
  384 70 83 76  
  385 65 57 49  
  386 160 172 169  
  387 90 103 93  
  388 90 93 79  
  389 116 101 105  
  390 93 104 95  
  391 79 93 84  
  392 128 124 141  
  393 101 90 92  
  394 90 79 78  
  395 195 221 219  
  396 197 195 182  
  397 191 187 227  
  398 172 185 182  
  399 244 233 221  
  400 52 55 62  
  401 62 55 68  
  402 56 62 69  
  403 69 62 68  
  404 68 55 63  
  405 55 46 54  
  406 45 37 47  
  407 40 44 51  
  408 37 31 40  
  409 36 45 46  
  410 34 40 31  
  411 152 156 143  
  412 152 143 139  
  413 134 140 126  
  414 126 140 135  
  415 70 76 64  
  416 152 139 151  
  417 126 135 121  
  418 143 147 132  
  419 119 126 114  
  420 122 130 116  
  421 83 89 76  
  422 76 89 86  
  423 86 89 98  
  424 76 86 74  
  425 160 169 158  
  426 57 64 51  
  427 138 122 132  
  428 132 122 118  
  429 118 122 105  
  430 132 118 127  
  431 89 96 100  
  432 169 172 182  
  433 140 148 160  
  434 139 143 127  
  435 135 140 158  
  436 105 101 92  
  437 84 93 95  
  438 92 90 78  
  439 92 78 81  
  440 78 79 63  
  441 81 78 71  
  442 92 81 94  
  443 116 105 122  
  444 79 84 68  
  445 219 221 233  
  446 219 233 227  
  447 195 219 187  
  448 182 195 180  
  449 197 182 185  
  450 63 55 54  
  451 63 54 60  
  452 68 63 79  
  453 54 46 45  
  454 54 45 60  
  455 63 71 78  
  456 47 37 40  
  457 114 126 121  
  458 114 121 109  
  459 127 118 111  
  460 109 121 111  
  461 114 109 100  
  462 100 109 98  
  463 98 109 111  
  464 114 100 108  
  465 100 98 89  
  466 151 139 135  
  467 74 86 85  
  468 71 63 60  
  469 71 60 61  
  470 61 60 45  
  471 71 61 73  
  472 73 61 66  
  473 71 73 81  
  474 81 73 85  
  475 85 73 74  
  476 73 66 74  
  477 74 66 64  
  478 64 66 51  
  479 61 47 51  
  480 61 51 66  
  481 51 44 57  
  482 100 96 108  
  483 121 135 131  
  484 158 169 166  
  485 94 81 85  
  486 45 47 61  
  487 119 114 108  
  488 132 127 143  
  489 152 151 171  
  490 76 74 64  
  491 40 51 47  
  492 86 98 97  
  493 160 158 140  
  494 92 94 105  
  495 180 195 187  
  496 85 86 97  
  497 158 166 151  
  498 158 151 135  
  499 111 118 106  
  500 121 131 111  
  501 182 180 166  
  502 131 135 139  
  503 131 139 127  
  504 97 98 111  
  505 127 111 131  
  506 166 169 182  
  507 106 118 105  
  508 111 106 97  
  509 97 106 94  
  510 85 97 94  
  511 24 31 19  
  512 180 187 171  
  513 105 94 106  
  514 95 82 84  
  515 82 69 68  
  516 3 7 4  
  517 219 227 187  
  518 166 180 171  
  519 166 171 151  
  520 68 84 82  
  521 5 11 13  
  END_ELEMENTS  
  COORDINATES  
   1   4.935400e+00  4.719600e+00   
   2   4.630000e+00  4.528350e+00   
   3   4.966556e+00  4.330382e+00   
   4   5.344400e+00  4.627000e+00   
   5   4.661156e+00  4.139132e+00   
   6   4.324600e+00  4.337100e+00   
   7   5.298786e+00  4.038022e+00   
   8   4.997713e+00  3.941164e+00   
   9   5.753400e+00  4.534400e+00   
   10   5.676619e+00  4.157394e+00   
   11   4.224950e+00  3.961150e+00   
   12   5.222005e+00  3.661016e+00   
   13   4.797757e+00  3.629930e+00   
   14   5.599838e+00  3.780388e+00   
   15   6.019733e+00  4.331467e+00   
   16   5.942952e+00  3.954461e+00   
   17   4.468309e+00  3.409481e+00   
   18   4.125300e+00  3.585200e+00   
   19   5.523057e+00  3.403382e+00   
   20   5.866171e+00  3.577455e+00   
   21   6.286067e+00  4.128533e+00   
   22   4.811319e+00  3.233761e+00   
   23   6.209286e+00  3.751527e+00   
   24   5.130613e+00  3.120945e+00   
   25   4.118633e+00  3.247433e+00   
   26   4.461643e+00  3.071714e+00   
   27   6.117264e+00  3.378711e+00   
   28   5.851342e+00  3.181491e+00   
   29   6.552400e+00  3.925600e+00   
   30   4.804652e+00  2.895995e+00   
   31   5.508787e+00  2.976873e+00   
   32   6.465277e+00  3.541028e+00   
   33   4.111967e+00  2.909667e+00   
   34   5.148566e+00  2.725305e+00   
   35   4.454976e+00  2.733947e+00   
   36   6.190659e+00  3.001861e+00   
   37   5.858925e+00  2.785520e+00   
   38   4.799736e+00  2.564900e+00   
   39   6.835433e+00  3.676933e+00   
   40   5.479156e+00  2.501870e+00   
   41   4.105300e+00  2.571900e+00   
   42   6.748311e+00  3.292362e+00   
   43   4.451710e+00  2.402683e+00   
   44   5.118876e+00  2.330373e+00   
   45   6.214020e+00  2.603531e+00   
   46   6.661188e+00  2.907790e+00   
   47   5.878476e+00  2.386244e+00   
   48   7.118467e+00  3.428267e+00   
   49   4.772070e+00  2.169813e+00   
   50   4.105300e+00  2.233467e+00   
   51   5.447903e+00  2.103339e+00   
   52   7.031344e+00  3.043695e+00   
   53   4.451710e+00  2.064250e+00   
   54   6.589864e+00  2.514559e+00   
   55   6.965659e+00  2.650558e+00   
   56   7.401500e+00  3.179600e+00   
   57   5.123471e+00  1.783041e+00   
   58   4.105300e+00  1.895033e+00   
   59   4.451710e+00  1.725817e+00   
   60   6.518540e+00  2.121328e+00   
   61   6.188522e+00  1.920022e+00   
   62   7.335816e+00  2.786463e+00   
   63   6.894336e+00  2.257326e+00   
   64   5.479922e+00  1.603499e+00   
   65   4.798120e+00  1.556508e+00   
   66   5.872431e+00  1.676248e+00   
   67   4.105300e+00  1.556600e+00   
   68   7.270131e+00  2.393325e+00   
   69   7.653850e+00  2.822150e+00   
   70   5.144530e+00  1.387154e+00   
   71   6.548651e+00  1.779512e+00   
   72   4.451710e+00  1.387200e+00   
   73   6.242674e+00  1.527051e+00   
   74   5.835376e+00  1.353767e+00   
   75   4.798120e+00  1.217800e+00   
   76   5.479922e+00  1.170809e+00   
   77   4.105300e+00  1.217800e+00   
   78   6.908576e+00  1.605404e+00   
   79   7.238714e+00  1.830009e+00   
   80   4.451710e+00  1.048400e+00   
   81   6.578438e+00  1.380799e+00   
   82   7.906200e+00  2.464700e+00   
   83   5.123471e+00  9.912669e-01   
   84   7.573002e+00  2.048389e+00   
   85   6.171323e+00  1.136754e+00   
   86   5.815323e+00  9.544936e-01   
   87   4.777094e+00  8.219061e-01   
   88   4.105300e+00  8.790000e-01   
   89   5.458880e+00  7.749528e-01   
   90   7.269213e+00  1.434000e+00   
   91   4.451710e+00  7.096000e-01   
   92   6.939075e+00  1.209395e+00   
   93   7.592542e+00  1.649570e+00   
   94   6.610056e+00  9.822268e-01   
   95   8.087950e+00  2.074700e+00   
   96   5.102444e+00  5.953845e-01   
   97   6.149996e+00  7.355208e-01   
   98   5.792936e+00  5.553440e-01   
   99   4.105300e+00  5.402000e-01   
   100   5.436519e+00  3.758002e-01   
   101   7.299712e+00  1.037992e+00   
   102   4.451710e+00  3.708167e-01   
   103   7.623041e+00  1.253561e+00   
   104   7.946371e+00  1.469131e+00   
   105   6.989009e+00  7.871895e-01   
   106   6.498550e+00  5.455234e-01   
   107   8.269700e+00  1.684700e+00   
   108   4.798120e+00  2.014333e-01   
   109   5.770206e+00  2.473848e-01   
   110   4.105300e+00  2.014333e-01   
   111   6.175766e+00  2.080232e-01   
   112   7.664408e+00  9.037946e-01   
   113   4.451710e+00  3.205000e-02   
   114   5.436209e+00  2.768462e-02   
   115   7.987737e+00  1.119364e+00   
   116   7.362433e+00  6.457941e-01   
   117   8.311067e+00  1.334933e+00   
   118   6.716561e+00  2.101735e-01   
   119   5.102212e+00 -1.920156e-01   
   120   4.105300e+00 -1.373333e-01   
   121   5.792705e+00 -1.517596e-01   
   122   7.115196e+00  2.285103e-01   
   123   4.451710e+00 -3.067167e-01   
   124   7.727129e+00  5.115968e-01   
   125   8.352433e+00  9.851667e-01   
   126   5.458708e+00 -3.714597e-01   
   127   6.535358e+00 -1.461651e-01   
   128   8.070640e+00  6.536341e-01   
   129   4.776961e+00 -4.186661e-01   
   130   7.513830e+00  2.468471e-01   
   131   6.149816e+00 -3.318365e-01   
   132   6.934514e+00 -1.241056e-01   
   133   4.105300e+00 -4.761000e-01   
   134   5.123371e+00 -5.878828e-01   
   135   5.815204e+00 -5.509039e-01   
   136   8.393800e+00  6.354000e-01   
   137   4.451710e+00 -6.453167e-01   
   138   7.333148e+00 -1.057688e-01   
   139   6.364608e+00 -5.859082e-01   
   140   5.479867e+00 -7.673270e-01   
   141   8.004541e+00  1.365164e-01   
   142   4.798120e+00 -8.145333e-01   
   143   6.758537e+00 -5.221464e-01   
   144   7.717560e+00 -9.297392e-02   
   145   4.105300e+00 -8.145333e-01   
   146   8.364433e+00  2.836000e-01   
   147   7.152466e+00 -4.583847e-01   
   148   5.144530e+00 -9.837500e-01   
   149   4.451710e+00 -9.837500e-01   
   150   7.536878e+00 -4.455898e-01   
   151   6.225304e+00 -9.606162e-01   
   152   6.619325e+00 -8.930967e-01   
   153   8.335067e+00 -6.819999e-02   
   154   4.798120e+00 -1.152967e+00   
   155   7.979486e+00 -3.363584e-01   
   156   7.013255e+00 -8.293349e-01   
   157   4.105300e+00 -1.152967e+00   
   158   5.884287e+00 -1.145083e+00   
   159   7.401711e+00 -7.513232e-01   
   160   5.500744e+00 -1.257872e+00   
   161   5.123371e+00 -1.379617e+00   
   162   4.434503e+00 -1.399721e+00   
   163   8.305700e+00 -4.200000e-01   
   164   7.786122e+00 -7.385282e-01   
   165   6.874043e+00 -1.200285e+00   
   166   6.173401e+00 -1.421434e+00   
   167   4.105300e+00 -1.491400e+00   
   168   7.262499e+00 -1.122273e+00   
   169   5.789465e+00 -1.533459e+00   
   170   8.170533e+00 -7.257333e-01   
   171   6.549535e+00 -1.418752e+00   
   172   5.405604e+00 -1.642814e+00   
   173   4.698609e+00 -1.684021e+00   
   174   5.021495e+00 -1.748869e+00   
   175   7.626308e+00 -1.175143e+00   
   176   8.035367e+00 -1.031467e+00   
   177   6.913710e+00 -1.561617e+00   
   178   4.105300e+00 -1.850081e+00   
   179   4.447980e+00 -1.933223e+00   
   180   6.298415e+00 -1.845608e+00   
   181   4.700721e+00 -1.996077e+00   
   182   5.913059e+00 -1.952351e+00   
   183   7.900200e+00 -1.337200e+00   
   184   7.303988e+00 -1.602275e+00   
   185   5.300282e+00 -2.027125e+00   
   186   4.277467e+00 -2.094430e+00   
   187   6.700081e+00 -1.897556e+00   
   188   4.941012e+00 -2.134448e+00   
   189   4.458292e+00 -2.188346e+00   
   190   7.694267e+00 -1.642933e+00   
   191   7.098055e+00 -1.908008e+00   
   192   4.105300e+00 -2.208761e+00   
   193   4.636940e+00 -2.287552e+00   
   194   4.270464e+00 -2.291740e+00   
   195   6.197731e+00 -2.232591e+00   
   196   4.168973e+00 -2.324551e+00   
   197   5.814497e+00 -2.339466e+00   
   198   5.056511e+00 -2.414422e+00   
   199   7.488333e+00 -1.948667e+00   
   200   4.435002e+00 -2.416315e+00   
   201   4.199640e+00 -2.395991e+00   
   202   4.796054e+00 -2.442486e+00   
   203   4.286299e+00 -2.420733e+00   
   204   4.105300e+00 -2.408610e+00   
   205   5.470480e+00 -2.476869e+00   
   206   4.154974e+00 -2.457192e+00   
   207   4.211832e+00 -2.473118e+00   
   208   4.576069e+00 -2.505876e+00   
   209   4.105300e+00 -2.503700e+00   
   210   4.157610e+00 -2.511440e+00   
   211   4.319367e+00 -2.533403e+00   
   212   4.114600e+00 -2.546200e+00   
   213   4.419539e+00 -2.576983e+00   
   214   4.214100e+00 -2.577400e+00   
   215   4.845650e+00 -2.616173e+00   
   216   7.282400e+00 -2.254400e+00   
   217   4.667059e+00 -2.641334e+00   
   218   4.305300e+00 -2.627900e+00   
   219   6.478405e+00 -2.516835e+00   
   220   4.501821e+00 -2.670587e+00   
   221   6.091441e+00 -2.615987e+00   
   222   4.384400e+00 -2.695800e+00   
   223   5.743736e+00 -2.724374e+00   
   224   4.736166e+00 -2.781722e+00   
   225   4.568403e+00 -2.777077e+00   
   226   4.448300e+00 -2.778100e+00   
   227   6.928221e+00 -2.529366e+00   
   228   4.972460e+00 -2.800900e+00   
   229   5.520488e+00 -2.842145e+00   
   230   4.494300e+00 -2.871600e+00   
   231   4.612189e+00 -2.894840e+00   
   232   4.785038e+00 -2.947750e+00   
   233   6.580947e+00 -2.798970e+00   
   234   4.520500e+00 -2.972500e+00   
   235   5.972562e+00 -2.946784e+00   
   236   4.631362e+00 -3.018838e+00   
   237   5.754533e+00 -3.003417e+00   
   238   4.961692e+00 -3.066158e+00   
   239   4.526000e+00 -3.076600e+00   
   240   5.207375e+00 -3.110443e+00   
   241   4.804643e+00 -3.142303e+00   
   242   4.625169e+00 -3.144301e+00   
   243   5.595032e+00 -3.127394e+00   
   244   6.266100e+00 -3.043400e+00   
   245   4.510400e+00 -3.179600e+00   
   246   6.060586e+00 -3.125188e+00   
   247   5.916708e+00 -3.153318e+00   
   248   5.778671e+00 -3.226484e+00   
   249   4.474500e+00 -3.277500e+00   
   250   4.599612e+00 -3.303461e+00   
   251   6.154900e+00 -3.229600e+00   
   252   5.424302e+00 -3.311944e+00   
   253   6.027800e+00 -3.253600e+00   
   254   5.041705e+00 -3.335280e+00   
   255   6.265100e+00 -3.228600e+00   
   256   4.782891e+00 -3.341492e+00   
   257   5.658300e+00 -3.326239e+00   
   258   5.907600e+00 -3.302700e+00   
   259   6.363200e+00 -3.244600e+00   
   260   5.205594e+00 -3.390772e+00   
   261   5.799500e+00 -3.374800e+00   
   262   4.529965e+00 -3.426708e+00   
   263   5.560480e+00 -3.447160e+00   
   264   4.669885e+00 -3.479719e+00   
   265   4.807750e+00 -3.491510e+00   
   266   4.934230e+00 -3.499758e+00   
   267   5.708400e+00 -3.466900e+00   
   268   5.351360e+00 -3.499575e+00   
   269   5.063238e+00 -3.519409e+00   
   270   4.357411e+00 -3.524970e+00   
   271   4.548414e+00 -3.547892e+00   
   272   5.181261e+00 -3.572176e+00   
   273   5.637300e+00 -3.575100e+00   
   274   4.862966e+00 -3.619366e+00   
   275   4.759995e+00 -3.622336e+00   
   276   5.461972e+00 -3.616372e+00   
   277   4.964679e+00 -3.635617e+00   
   278   4.659286e+00 -3.644267e+00   
   279   5.274548e+00 -3.659027e+00   
   280   5.061664e+00 -3.670325e+00   
   281   4.519013e+00 -3.684101e+00   
   282   4.813900e+00 -3.706400e+00   
   283   4.900400e+00 -3.712000e+00   
   284   4.727900e+00 -3.716900e+00   
   285   5.589200e+00 -3.696200e+00   
   286   5.150654e+00 -3.722437e+00   
   287   4.984300e+00 -3.733500e+00   
   288   5.478358e+00 -3.723979e+00   
   289   4.645300e+00 -3.743200e+00   
   290   5.367220e+00 -3.753575e+00   
   291   5.062800e+00 -3.770200e+00   
   292   5.228167e+00 -3.790249e+00   
   293   5.569200e+00 -3.793300e+00   
   294   5.133200e+00 -3.820900e+00   
   295   5.448878e+00 -3.856794e+00   
   296   5.311398e+00 -3.875030e+00   
   297   5.192900e+00 -3.883600e+00   
   298   4.188200e+00 -3.882600e+00   
   299   4.491500e+00 -3.906500e+00   
   300   5.564200e+00 -3.923500e+00   
   301   5.252600e+00 -3.982400e+00   
   302   5.401756e+00 -4.011758e+00   
   303   5.561161e+00 -4.172025e+00   
   304   5.272300e+00 -4.260800e+00   
   305   5.556600e+00 -4.545000e+00   
  END_COORDINATES
  BOUNDARIES, ELEMENT
    1         209     212         1     
    2         212     214         2     
    3         204     209         5     
    4         284     282         10     
    5         283     287         11     
    6         287     291         12     
    7         294     297         13     
    8         289     284         14     
    9         282     283         15     
    10         291     294         16     
    11         293     285         18     
    12         255     259         19     
    13         259     244         19     
    14         239     245         36     
    15         192     204         38     
    16         218     222         40     
    17         226     230         41     
    18         234     239         42     
    19         214     218         43     
    20         222     226         45     
    21         230     234         46     
    22         245     249         47     
    23         251     255         50     
    24         297     301         51     
    25         299     289         56     
    26         273     267         73     
    27         267     261         74     
    28         253     251         75     
    29         300     293         76     
    30         285     273         77     
    31         261     258         78     
    32         258     253         79     
    33         249     270         102     
    34         301     304         111     
    35         303     300         127     
    36         178     192         131     
    37         298     299         151     
    38         270     298         152     
    39         304     305         174     
    40         305     303         174     
    41         183     176         175     
    42         176     170         176     
    43         170     163         177     
    44         29     21         178     
    45         21     15         179     
    46         15     9         180     
    47         18     25         183     
    48         25     33         184     
    49         33     41         185     
    50         41     50         186     
    51         58     67         187     
    52         145     157         188     
    53         50     58         189     
    54         133     145         190     
    55         157     167         191     
    56         67     77         192     
    57         88     99         193     
    58         110     120         194     
    59         77     88         195     
    60         99     110         196     
    61         120     133         197     
    62         136     125         199     
    63         125     117         200     
    64         117     107         201     
    65         167     178         202     
    66         163     153         203     
    67         153     146         204     
    68         146     136         205     
    69         1     2         207     
    70         2     6         208     
    71         216     199         210     
    72         199     190         211     
    73         190     183         212     
    74         56     48         219     
    75         48     39         220     
    76         39     29         221     
    77         9     4         236     
    78         11     18         263     
    79         107     95         306     
    80         6     11         315     
    81         4     1         318     
    82         227     216         327     
    83         244     233         399     
    84         69     56         402     
    85         233     227         446     
    86         95     82         514     
    87         82     69         515     
  END_BOUNDARIES
  MATERIALS, NUMBER= 1, DEFAULT=1
  END_MATERIALS
  SUBDOMAINS
  END_SUBDOMAINS
  CHARACTERISTICS
  END_CHARACTERISTICS
