  NODES_PER_ELEMENT
   1 6
   2 6
   3 6
   4 6
   5 6
   6 6
   7 6
   8 6
   9 6
   10 6
   11 6
   12 6
   13 6
   14 6
   15 6
   16 6
   17 6
   18 6
   19 6
   20 6
   21 6
   22 6
   23 6
   24 6
   25 6
   26 6
   27 6
   28 6
   29 6
   30 6
   31 6
   32 6
   33 6
   34 6
   35 6
   36 6
   37 6
   38 6
   39 6
   40 6
   41 6
   42 6
   43 6
   44 6
   45 6
   46 6
   47 6
   48 6
   49 6
   50 6
   51 6
   52 6
   53 6
   54 6
   55 6
   56 6
   57 6
   58 6
   59 6
   60 6
   61 6
   62 6
   63 6
   64 6
   65 6
   66 6
   67 6
   68 6
   69 6
   70 6
   71 6
   72 6
   73 6
   74 6
   75 6
   76 6
   77 6
   78 6
   79 6
   80 6
   81 6
   82 6
   83 6
   84 6
   85 6
   86 6
   87 6
   88 6
   89 6
   90 6
   91 6
   92 6
   93 6
   94 6
   95 6
   96 6
   97 6
   98 6
   99 6
   100 6
   101 6
   102 6
   103 6
   104 6
   105 6
   106 6
   107 6
   108 6
   109 6
   110 6
   111 6
   112 6
   113 6
   114 6
   115 6
   116 6
   117 6
   118 6
   119 6
   120 6
   121 6
   122 6
   123 6
   124 6
   125 6
   126 6
   127 6
   128 6
   129 6
   130 6
   131 6
   132 6
   133 6
   134 6
   135 6
   136 6
   137 6
   138 6
   139 6
   140 6
   141 6
   142 6
   143 6
   144 6
   145 6
   146 6
   147 6
   148 6
   149 6
   150 6
   151 6
   152 6
   153 6
   154 6
   155 6
   156 6
   157 6
   158 6
   159 6
   160 6
   161 6
   162 6
   163 6
   164 6
   165 6
   166 6
   167 6
   168 6
   169 6
   170 6
   171 6
   172 6
   173 6
   174 6
   175 6
   176 6
   177 6
   178 6
   179 6
   180 6
   181 6
   182 6
   183 6
   184 6
   185 6
   186 6
   187 6
   188 6
   189 6
   190 6
   191 6
   192 6
   193 6
   194 6
   195 6
   196 6
   197 6
   198 6
   199 6
   200 6
   201 6
   202 6
   203 6
   204 6
   205 6
   206 6
   207 6
   208 6
   209 6
   210 6
   211 6
   212 6
   213 6
   214 6
   215 6
   216 6
   217 6
   218 6
   219 6
   220 6
   221 6
   222 6
   223 6
   224 6
   225 6
   226 6
   227 6
   228 6
   229 6
   230 6
   231 6
   232 6
   233 6
   234 6
   235 6
   236 6
   237 6
   238 6
   239 6
   240 6
   241 6
   242 6
   243 6
   244 6
   245 6
   246 6
   247 6
   248 6
   249 6
   250 6
   251 6
   252 6
   253 6
   254 6
   255 6
   256 6
   257 6
   258 6
   259 6
   260 6
   261 6
   262 6
   263 6
   264 6
   265 6
   266 6
   267 6
   268 6
   269 6
   270 6
   271 6
   272 6
   273 6
   274 6
   275 6
   276 6
   277 6
   278 6
   279 6
   280 6
   281 6
   282 6
   283 6
   284 6
   285 6
   286 6
   287 6
   288 6
   289 6
   290 6
   291 6
   292 6
   293 6
   294 6
   295 6
   296 6
   297 6
   298 6
   299 6
   300 6
   301 6
   302 6
   303 6
   304 6
   305 6
   306 6
   307 6
   308 6
   309 6
   310 6
   311 6
   312 6
   313 6
   314 6
   315 6
   316 6
   317 6
   318 6
   319 6
   320 6
   321 6
   322 6
   323 6
   324 6
   325 6
   326 6
   327 6
   328 6
   329 6
   330 6
   331 6
   332 6
   333 6
   334 6
   335 6
   336 6
   337 6
  END_NODES_PER_ELEMENT
  ELEMENTS
  1 412 427 414 420 421 413  
  2 414 427 433 421 431 424  
  3 412 414 399 413 405 404  
  4 399 414 401 405 409 400  
  5 412 399 378 404 387 396  
  6 401 414 433 409 424 418  
  7 399 401 380 400 389 388  
  8 380 401 385 389 392 382  
  9 399 380 378 388 379 387  
  10 678 673 641 676 657 660  
  11 675 686 648 682 665 662  
  12 686 697 659 692 679 672  
  13 709 721 701 715 713 706  
  14 691 678 651 687 664 670  
  15 673 675 639 674 658 655  
  16 697 709 683 702 698 690  
  17 378 380 357 379 368 367  
  18 707 680 689 696 685 699  
  19 569 580 525 573 551 545  
  20 648 686 659 665 672 652  
  21 675 648 639 662 644 658  
  22 701 721 719 713 720 712  
  23 709 701 683 706 694 698  
  24 641 673 639 657 655 640  
  25 659 697 683 679 690 669  
  26 651 678 641 664 660 649  
  27 691 651 668 670 661 681  
  28 385 401 410 392 408 398  
  29 380 385 364 382 375 373  
  30 648 659 615 652 635 633  
  31 683 701 656 694 684 667  
  32 651 641 604 649 622 630  
  33 639 648 612 644 631 628  
  34 641 639 609 640 624 627  
  35 659 683 634 669 653 646  
  36 510 530 523 521 527 517  
  37 441 452 429 445 442 436  
  38 463 477 461 469 468 462  
  39 493 510 499 501 505 496  
  40 433 441 410 437 428 422  
  41 410 441 429 428 436 419  
  42 452 463 444 456 455 447  
  43 477 493 480 486 488 479  
  44 530 555 557 542 556 546  
  45 401 433 410 418 422 408  
  46 410 429 381 419 403 397  
  47 561 569 525 565 545 540  
  48 721 732 719 727 726 720  
  49 689 680 647 685 663 666  
  50 707 689 716 699 704 714  
  51 701 719 695 712 710 700  
  52 668 651 629 661 636 645  
  53 691 668 725 681 705 711  
  54 523 530 557 527 546 537  
  55 510 523 499 517 511 505  
  56 444 463 461 455 462 453  
  57 452 444 429 447 439 442  
  58 461 477 480 468 479 472  
  59 493 499 480 496 489 488  
  60 557 555 594 556 575 579  
  61 357 380 364 368 373 360  
  62 357 364 340 360 352 349  
  63 378 357 326 367 339 351  
  64 719 732 734 726 733 730  
  65 385 410 381 398 397 383  
  66 364 385 381 375 383 374  
  67 523 557 567 537 560 543  
  68 429 444 402 439 430 416  
  69 480 499 487 489 492 483  
  70 499 523 519 511 522 507  
  71 444 461 440 453 451 443  
  72 461 480 459 472 471 460  
  73 637 613 601 621 605 618  
  74 613 592 574 600 581 596  
  75 564 561 529 562 548 550  
  76 592 577 553 582 559 572  
  77 577 564 534 571 552 554  
  78 728 707 716 718 714 722  
  79 680 637 647 654 638 663  
  80 728 716 734 722 729 731  
  81 647 637 601 638 618 619  
  82 689 647 695 666 671 693  
  83 716 689 695 704 693 708  
  84 695 647 656 671 650 677  
  85 695 656 701 677 684 700  
  86 615 659 634 635 646 620  
  87 615 634 583 620 607 599  
  88 612 648 615 631 633 614  
  89 612 615 568 614 595 591  
  90 683 656 634 667 642 653  
  91 634 656 603 642 632 617  
  92 639 612 609 628 611 624  
  93 609 612 567 611 590 588  
  94 604 641 609 622 627 606  
  95 604 609 567 606 588 587  
  96 651 604 629 630 616 636  
  97 629 604 594 616 598 610  
  98 629 594 623 610 608 626  
  99 695 719 716 710 717 708  
  100 716 719 734 717 730 729  
  101 668 629 623 645 626 643  
  102 594 555 623 575 593 608  
  103 557 594 604 579 598 584  
  104 529 561 525 548 540 528  
  105 564 529 534 550 532 552  
  106 601 613 574 605 596 589  
  107 574 592 553 581 572 558  
  108 553 577 534 559 554 544  
  109 647 601 603 619 602 625  
  110 601 574 563 589 570 585  
  111 734 732 741 733 737 738  
  112 534 529 497 532 513 515  
  113 574 553 524 558 533 549  
  114 553 534 506 544 520 526  
  115 381 429 402 403 416 391  
  116 567 557 604 560 584 587  
  117 519 523 567 522 543 539  
  118 519 567 568 539 566 538  
  119 459 480 487 471 483 474  
  120 459 487 466 474 476 464  
  121 402 444 440 430 443 423  
  122 402 440 386 423 411 393  
  123 440 461 459 451 460 450  
  124 440 459 432 450 446 435  
  125 499 519 487 507 503 492  
  126 487 519 504 503 512 495  
  127 340 364 348 352 355 346  
  128 357 340 326 349 335 339  
  129 728 734 739 731 736 735  
  130 381 402 359 391 377 371  
  131 583 634 603 607 617 597  
  132 583 603 563 597 586 576  
  133 568 615 583 595 599 578  
  134 568 583 516 578 547 536  
  135 603 656 647 632 650 625  
  136 612 568 567 591 566 590  
  137 364 381 348 374 363 355  
  138 497 529 525 513 528 508  
  139 534 497 506 515 502 520  
  140 506 497 457 502 478 481  
  141 563 574 524 570 549 541  
  142 563 524 516 541 518 535  
  143 601 563 603 585 586 602  
  144 524 553 506 533 526 514  
  145 524 506 475 514 491 498  
  146 340 348 321 346 334 331  
  147 326 340 321 335 331 323  
  148 739 734 741 736 738 740  
  149 348 381 359 363 371 354  
  150 348 359 329 354 345 337  
  151 725 668 723 705 703 724  
  152 668 623 723 643 688 703  
  153 386 440 432 411 435 407  
  154 386 432 370 407 394 376  
  155 432 459 466 446 464 449  
  156 432 466 370 449 425 394  
  157 504 519 568 512 538 531  
  158 402 386 359 393 372 377  
  159 359 386 338 372 358 350  
  160 487 504 466 495 485 476  
  161 466 516 475 490 494 470  
  162 321 348 329 334 337 324  
  163 329 359 338 345 350 336  
  164 321 329 303 324 315 314  
  165 516 583 563 547 576 535  
  166 568 516 504 536 509 531  
  167 504 516 466 509 490 485  
  168 457 497 448 478 473 454  
  169 506 457 475 481 467 491  
  170 475 457 370 467 417 434  
  171 524 475 516 498 494 518  
  172 739 741 744 740 743 742  
  173 329 338 303 336 320 315  
  174 326 321 297 323 308 311  
  175 386 370 338 376 353 358  
  176 338 370 322 353 343 330  
  177 497 525 448 508 484 473  
  178 321 303 297 314 301 308  
  179 457 448 365 454 406 415  
  180 448 525 482 484 500 465  
  181 365 448 356 406 395 361  
  182 457 365 370 415 366 417  
  183 370 466 475 425 470 434  
  184 322 370 365 343 366 342  
  185 338 322 303 330 313 320  
  186 327 305 292 316 300 306  
  187 305 289 273 298 278 290  
  188 48 29 37 38 32 42  
  189 29 13 19 21 16 24  
  190 33 49 34 39 40 31  
  191 49 70 56 59 61 50  
  192 70 93 76 82 84 72  
  193 93 120 103 107 112 97  
  194 236 266 248 251 258 244  
  195 266 297 277 279 287 272  
  196 120 148 128 135 139 124  
  197 148 178 160 162 166 152  
  198 178 209 188 194 198 181  
  199 209 236 219 223 228 213  
  200 356 448 482 395 465 426  
  201 365 356 312 361 328 333  
  202 243 218 214 230 216 227  
  203 218 193 185 206 189 201  
  204 322 365 312 342 333 317  
  205 289 263 273 276 268 278  
  206 263 243 214 253 227 241  
  207 438 362 332 390 347 369  
  208 362 327 292 344 306 318  
  209 100 73 83 85 78 92  
  210 73 48 58 60 54 66  
  211 322 312 286 317 299 302  
  212 292 305 273 300 290 281  
  213 292 273 259 281 264 275  
  214 259 273 237 264 256 247  
  215 292 259 285 275 271 288  
  216 37 29 19 32 24 28  
  217 37 19 35 28 27 36  
  218 48 37 58 42 47 54  
  219 58 37 51 47 46 57  
  220 51 37 35 46 36 43  
  221 51 35 55 43 44 52  
  222 55 35 34 44 30 41  
  223 51 55 74 52 64 62  
  224 58 51 77 57 65 68  
  225 19 13 6 16 8 11  
  226 35 19 18 27 17 26  
  227 34 49 56 40 50 45  
  228 34 56 55 45 53 41  
  229 33 34 14 31 23 22  
  230 56 70 76 61 72 67  
  231 56 76 55 67 63 53  
  232 76 93 103 84 97 89  
  233 76 103 88 89 94 81  
  234 103 120 128 112 124 117  
  235 103 128 115 117 122 109  
  236 248 266 277 258 272 261  
  237 248 277 260 261 270 257  
  238 277 297 303 287 301 291  
  239 277 303 286 291 293 280  
  240 76 88 55 81 69 63  
  241 260 277 286 270 280 274  
  242 260 286 246 274 265 254  
  243 246 286 282 265 284 262  
  244 260 246 232 254 239 245  
  245 236 248 219 244 235 228  
  246 219 248 232 235 240 224  
  247 88 103 115 94 109 101  
  248 88 115 105 101 110 96  
  249 105 115 138 110 125 121  
  250 88 105 74 96 90 79  
  251 248 260 232 257 245 240  
  252 128 148 160 139 152 145  
  253 128 160 144 145 150 136  
  254 188 209 219 198 213 205  
  255 188 219 186 205 204 187  
  256 144 160 186 150 174 164  
  257 188 186 160 187 174 175  
  258 188 160 178 175 166 181  
  259 128 144 115 136 126 122  
  260 115 144 138 126 140 125  
  261 138 144 170 140 158 153  
  262 186 219 232 204 224 210  
  263 186 232 211 210 221 197  
  264 211 232 246 221 239 229  
  265 186 211 170 197 192 179  
  266 170 144 186 158 164 179  
  267 138 170 163 153 165 149  
  268 312 356 307 328 325 310  
  269 214 218 185 216 201 200  
  270 214 185 182 200 183 199  
  271 185 193 159 189 176 173  
  272 182 185 155 183 171 168  
  273 214 203 237 207 222 226  
  274 332 362 292 347 318 309  
  275 438 332 356 369 341 384  
  276 322 286 303 302 293 313  
  277 83 73 58 78 66 71  
  278 83 58 77 71 68 80  
  279 83 77 106 80 91 95  
  280 106 77 99 91 87 104  
  281 83 106 116 95 111 98  
  282 100 83 116 92 98 108  
  283 100 116 146 108 131 123  
  284 146 116 159 131 137 151  
  285 146 159 193 151 176 167  
  286 74 55 88 64 69 79  
  287 51 74 77 62 75 65  
  288 77 74 99 75 86 87  
  289 99 74 105 86 90 102  
  290 237 273 263 256 268 250  
  291 259 237 225 247 233 242  
  292 285 259 252 271 255 269  
  293 292 285 332 288 304 309  
  294 19 6 18 11 9 17  
  295 18 6 14 9 7 15  
  296 18 14 34 15 23 25  
  297 35 18 34 26 25 30  
  298 6 13 1 8 5 2  
  299 6 1 10 2 3 4  
  300 33 14 10 22 12 20  
  301 10 14 6 12 7 4  
  302 105 138 132 121 134 119  
  303 106 99 130 104 113 118  
  304 116 106 159 111 133 137  
  305 163 170 211 165 192 184  
  306 138 163 132 149 147 134  
  307 307 356 332 325 341 319  
  308 307 332 285 319 304 296  
  309 312 307 282 310 294 295  
  310 185 159 155 173 157 171  
  311 155 159 106 157 133 127  
  312 182 155 156 168 154 169  
  313 225 237 203 233 222 215  
  314 259 225 252 242 238 255  
  315 285 252 282 269 267 283  
  316 105 132 99 119 114 102  
  317 130 99 132 113 114 129  
  318 106 130 155 118 141 127  
  319 155 130 156 141 142 154  
  320 156 130 132 142 129 143  
  321 282 307 285 294 296 283  
  322 312 282 286 295 284 299  
  323 246 282 252 262 267 249  
  324 182 156 203 169 180 195  
  325 182 203 214 195 207 199  
  326 225 203 191 215 196 208  
  327 191 203 156 196 180 172  
  328 225 191 217 208 202 220  
  329 217 191 163 202 177 190  
  330 163 191 156 177 172 161  
  331 225 217 252 220 234 238  
  332 156 132 163 143 147 161  
  333 252 217 246 234 231 249  
  334 356 482 438 426 458 384  
  335 217 163 211 190 184 212  
  336 217 211 246 212 229 231  
  337 214 237 263 226 250 241  
  END_ELEMENTS  
  COORDINATES  
   1   4.935400e+00  4.719600e+00   
   2   5.061025e+00  4.537471e+00   
   3   4.630000e+00  4.528350e+00   
   4   4.755626e+00  4.346221e+00   
   5   5.344400e+00  4.627000e+00   
   6   5.186651e+00  4.355342e+00   
   7   4.903061e+00  4.135608e+00   
   8   5.470025e+00  4.444871e+00   
   9   5.129065e+00  4.072587e+00   
   10   4.324600e+00  4.337100e+00   
   11   5.412440e+00  4.162116e+00   
   12   4.472035e+00  4.126487e+00   
   13   5.753400e+00  4.534400e+00   
   14   4.619471e+00  3.915873e+00   
   15   4.845475e+00  3.852853e+00   
   16   5.695814e+00  4.251645e+00   
   17   5.354854e+00  3.879362e+00   
   18   5.071479e+00  3.789833e+00   
   19   5.638228e+00  3.968891e+00   
   20   4.224950e+00  3.961150e+00   
   21   5.953150e+00  4.382200e+00   
   22   4.372385e+00  3.750537e+00   
   23   4.629642e+00  3.618747e+00   
   24   5.895564e+00  4.099446e+00   
   25   4.855647e+00  3.555727e+00   
   26   5.297268e+00  3.596607e+00   
   27   5.580642e+00  3.686136e+00   
   28   5.837978e+00  3.816691e+00   
   29   6.152900e+00  4.230000e+00   
   30   5.081435e+00  3.362502e+00   
   31   4.382557e+00  3.453411e+00   
   32   6.095314e+00  3.947246e+00   
   33   4.125300e+00  3.585200e+00   
   34   4.639814e+00  3.321621e+00   
   35   5.523057e+00  3.403382e+00   
   36   5.780393e+00  3.533937e+00   
   37   6.037728e+00  3.664491e+00   
   38   6.352650e+00  4.077800e+00   
   39   4.120300e+00  3.331875e+00   
   40   4.377557e+00  3.200086e+00   
   41   5.014351e+00  3.084257e+00   
   42   6.295064e+00  3.795046e+00   
   43   5.711376e+00  3.254324e+00   
   44   5.455972e+00  3.125137e+00   
   45   4.634814e+00  3.068296e+00   
   46   5.968712e+00  3.384878e+00   
   47   6.229722e+00  3.506617e+00   
   48   6.552400e+00  3.925600e+00   
   49   4.115300e+00  3.078550e+00   
   50   4.372557e+00  2.946761e+00   
   51   5.899696e+00  3.105266e+00   
   52   5.644291e+00  2.976079e+00   
   53   5.009351e+00  2.830932e+00   
   54   6.487058e+00  3.637171e+00   
   55   5.388887e+00  2.846892e+00   
   56   4.629814e+00  2.814971e+00   
   57   6.160706e+00  3.227004e+00   
   58   6.421716e+00  3.348743e+00   
   59   4.110300e+00  2.825225e+00   
   60   6.764675e+00  3.739100e+00   
   61   4.367557e+00  2.693435e+00   
   62   5.889260e+00  2.808835e+00   
   63   5.006901e+00  2.582483e+00   
   64   5.633856e+00  2.679648e+00   
   65   6.140021e+00  2.930679e+00   
   66   6.699333e+00  3.450671e+00   
   67   4.627365e+00  2.566523e+00   
   68   6.401031e+00  3.052417e+00   
   69   5.266709e+00  2.455571e+00   
   70   4.105300e+00  2.571900e+00   
   71   6.633991e+00  3.162243e+00   
   72   4.365108e+00  2.444987e+00   
   73   6.976950e+00  3.552600e+00   
   74   5.878824e+00  2.512404e+00   
   75   6.129585e+00  2.634248e+00   
   76   4.624915e+00  2.318075e+00   
   77   6.380345e+00  2.756092e+00   
   78   6.911608e+00  3.264171e+00   
   79   5.511677e+00  2.288327e+00   
   80   6.613306e+00  2.865917e+00   
   81   4.884723e+00  2.191162e+00   
   82   4.105300e+00  2.318075e+00   
   83   6.846266e+00  2.975743e+00   
   84   4.365108e+00  2.191162e+00   
   85   7.189225e+00  3.366100e+00   
   86   6.081863e+00  2.340576e+00   
   87   6.332623e+00  2.462420e+00   
   88   5.144530e+00  2.064250e+00   
   89   4.624915e+00  2.064250e+00   
   90   5.771485e+00  2.161380e+00   
   91   6.607614e+00  2.576002e+00   
   92   7.123883e+00  3.077671e+00   
   93   4.105300e+00  2.064250e+00   
   94   4.884723e+00  1.937337e+00   
   95   6.840574e+00  2.685828e+00   
   96   5.404338e+00  1.937303e+00   
   97   4.365108e+00  1.937337e+00   
   98   7.103177e+00  2.825685e+00   
   99   6.284901e+00  2.168747e+00   
   100   7.401500e+00  3.179600e+00   
   101   5.144530e+00  1.810356e+00   
   102   5.974523e+00  1.989552e+00   
   103   4.624915e+00  1.810425e+00   
   104   6.559891e+00  2.282330e+00   
   105   5.664146e+00  1.810356e+00   
   106   6.834882e+00  2.395913e+00   
   107   4.105300e+00  1.810425e+00   
   108   7.380795e+00  2.927614e+00   
   109   4.884723e+00  1.683444e+00   
   110   5.404338e+00  1.683409e+00   
   111   7.097485e+00  2.535770e+00   
   112   4.365108e+00  1.683512e+00   
   113   6.521580e+00  1.985409e+00   
   114   6.226039e+00  1.827254e+00   
   115   5.144530e+00  1.556462e+00   
   116   7.360089e+00  2.675628e+00   
   117   4.624915e+00  1.556462e+00   
   118   6.796570e+00  2.098991e+00   
   119   5.915662e+00  1.648058e+00   
   120   4.105300e+00  1.556600e+00   
   121   5.648301e+00  1.513451e+00   
   122   4.884723e+00  1.429481e+00   
   123   7.653850e+00  2.822150e+00   
   124   4.365108e+00  1.429550e+00   
   125   5.388493e+00  1.386504e+00   
   126   5.144530e+00  1.302431e+00   
   127   7.044422e+00  2.013959e+00   
   128   4.624915e+00  1.302500e+00   
   129   6.462719e+00  1.643915e+00   
   130   6.758259e+00  1.802070e+00   
   131   7.633144e+00  2.570164e+00   
   132   6.167178e+00  1.485761e+00   
   133   7.286919e+00  2.175636e+00   
   134   5.899817e+00  1.351153e+00   
   135   4.105300e+00  1.302500e+00   
   136   4.884723e+00  1.175450e+00   
   137   7.549523e+00  2.315493e+00   
   138   5.632457e+00  1.216545e+00   
   139   4.365108e+00  1.175450e+00   
   140   5.388493e+00  1.132473e+00   
   141   7.006111e+00  1.717037e+00   
   142   6.758508e+00  1.548583e+00   
   143   6.462967e+00  1.390429e+00   
   144   5.144530e+00  1.048400e+00   
   145   4.624915e+00  1.048400e+00   
   146   7.906200e+00  2.464700e+00   
   147   6.138797e+00  1.173881e+00   
   148   4.105300e+00  1.048400e+00   
   149   5.871436e+00  1.039274e+00   
   150   4.884723e+00  9.213500e-01   
   151   7.822579e+00  2.210029e+00   
   152   4.365108e+00  9.213500e-01   
   153   5.595123e+00  9.288776e-01   
   154   7.006360e+00  1.463551e+00   
   155   7.253963e+00  1.632005e+00   
   156   6.758757e+00  1.295097e+00   
   157   7.496460e+00  1.793682e+00   
   158   5.351160e+00  8.448049e-01   
   159   7.738957e+00  1.955359e+00   
   160   4.624915e+00  7.943000e-01   
   161   6.434587e+00  1.078550e+00   
   162   4.105300e+00  7.943000e-01   
   163   6.110416e+00  8.620021e-01   
   164   5.115950e+00  6.760599e-01   
   165   5.834103e+00  7.516060e-01   
   166   4.365108e+00  6.672500e-01   
   167   8.087950e+00  2.074700e+00   
   168   7.276838e+00  1.334998e+00   
   169   7.029234e+00  1.166545e+00   
   170   5.557789e+00  6.412099e-01   
   171   7.519335e+00  1.496675e+00   
   172   6.630068e+00  9.214622e-01   
   173   7.761832e+00  1.658352e+00   
   174   4.856142e+00  5.490099e-01   
   175   4.624915e+00  5.402125e-01   
   176   8.004329e+00  1.820029e+00   
   177   6.305898e+00  7.049146e-01   
   178   4.105300e+00  5.402000e-01   
   179   5.322579e+00  4.724648e-01   
   180   6.929697e+00  9.354751e-01   
   181   4.365108e+00  4.131625e-01   
   182   7.299712e+00  1.037992e+00   
   183   7.542209e+00  1.199669e+00   
   184   5.913233e+00  4.285644e-01   
   185   7.784706e+00  1.361346e+00   
   186   5.087369e+00  3.037197e-01   
   187   4.856142e+00  2.949224e-01   
   188   4.624915e+00  2.861250e-01   
   189   8.027203e+00  1.523023e+00   
   190   6.168323e+00  4.383316e-01   
   191   6.501380e+00  5.478272e-01   
   192   5.636919e+00  3.181683e-01   
   193   8.269700e+00  1.684700e+00   
   194   4.105300e+00  2.861250e-01   
   195   7.200174e+00  8.069224e-01   
   196   6.801008e+00  5.618400e-01   
   197   5.401710e+00  1.494232e-01   
   198   4.365108e+00  1.590875e-01   
   199   7.573234e+00  9.373439e-01   
   200   7.815731e+00  1.099021e+00   
   201   8.058228e+00  1.260698e+00   
   202   6.363805e+00  2.812441e-01   
   203   7.100637e+00  5.758529e-01   
   204   4.856142e+00  4.084737e-02   
   205   4.624915e+00  3.205000e-02   
   206   8.300725e+00  1.422375e+00   
   207   7.473696e+00  7.062744e-01   
   208   6.663459e+00  2.954305e-01   
   209   4.105300e+00  3.205000e-02   
   210   5.202921e+00 -5.668932e-02   
   211   5.716050e+00 -4.873253e-03   
   212   5.971140e+00  4.893864e-03   
   213   4.365108e+00 -9.498750e-02   
   214   7.846756e+00  8.366959e-01   
   215   6.963087e+00  3.094434e-01   
   216   8.089253e+00  9.983730e-01   
   217   6.226230e+00  1.466098e-02   
   218   8.331750e+00  1.160050e+00   
   219   4.624915e+00 -2.220250e-01   
   220   6.525884e+00  2.884746e-02   
   221   5.517261e+00 -2.109858e-01   
   222   7.262063e+00  3.231960e-01   
   223   4.105300e+00 -2.220250e-01   
   224   4.971694e+00 -3.195617e-01   
   225   6.825537e+00  4.303393e-02   
   226   7.635123e+00  4.536175e-01   
   227   8.120278e+00  7.360480e-01   
   228   4.365108e+00 -3.490625e-01   
   229   5.754817e+00 -3.230789e-01   
   230   8.362775e+00  8.977250e-01   
   231   6.009908e+00 -3.133117e-01   
   232   5.318472e+00 -4.170984e-01   
   233   7.124513e+00  5.678653e-02   
   234   6.393901e+00 -2.696832e-01   
   235   4.624915e+00 -4.759750e-01   
   236   4.105300e+00 -4.761000e-01   
   237   7.423489e+00  7.053912e-02   
   238   6.693555e+00 -2.554967e-01   
   239   5.556028e+00 -5.291914e-01   
   240   4.971694e+00 -5.735117e-01   
   241   8.098253e+00  4.721980e-01   
   242   6.989002e+00 -2.076754e-01   
   243   8.393800e+00  6.354000e-01   
   244   4.365108e+00 -6.030125e-01   
   245   5.231501e+00 -7.004242e-01   
   246   5.793585e+00 -6.412845e-01   
   247   7.287978e+00 -1.939228e-01   
   248   4.624915e+00 -7.299250e-01   
   249   6.177579e+00 -5.976559e-01   
   250   7.886620e+00  8.911956e-02   
   251   4.105300e+00 -7.299250e-01   
   252   6.561572e+00 -5.540273e-01   
   253   8.371775e+00  3.715500e-01   
   254   5.469058e+00 -8.125172e-01   
   255   6.857019e+00 -5.062060e-01   
   256   7.576286e+00 -1.843266e-01   
   257   4.884723e+00 -8.568375e-01   
   258   4.365108e+00 -8.568375e-01   
   259   7.152466e+00 -4.583847e-01   
   260   5.144530e+00 -9.837500e-01   
   261   4.624915e+00 -9.837500e-01   
   262   5.980077e+00 -9.104627e-01   
   263   8.349750e+00  1.077000e-01   
   264   7.440775e+00 -4.487885e-01   
   265   5.607627e+00 -1.002773e+00   
   266   4.105300e+00 -9.837500e-01   
   267   6.364071e+00 -8.668342e-01   
   268   8.039417e+00 -1.657462e-01   
   269   6.752611e+00 -7.844187e-01   
   270   4.884723e+00 -1.110663e+00   
   271   7.048058e+00 -7.365974e-01   
   272   4.365108e+00 -1.110663e+00   
   273   7.729083e+00 -4.391924e-01   
   274   5.283100e+00 -1.174006e+00   
   275   7.339400e+00 -6.780885e-01   
   276   8.327725e+00 -1.561500e-01   
   277   4.624915e+00 -1.237575e+00   
   278   8.017392e+00 -4.295962e-01   
   279   4.105300e+00 -1.237575e+00   
   280   5.023292e+00 -1.300919e+00   
   281   7.627708e+00 -6.684924e-01   
   282   6.166570e+00 -1.179641e+00   
   283   6.555110e+00 -1.097226e+00   
   284   5.794120e+00 -1.271952e+00   
   285   6.943649e+00 -1.014810e+00   
   286   5.421669e+00 -1.364262e+00   
   287   4.365108e+00 -1.364488e+00   
   288   7.234991e+00 -9.563012e-01   
   289   8.305700e+00 -4.200000e-01   
   290   7.916017e+00 -6.588962e-01   
   291   4.647399e+00 -1.457420e+00   
   292   7.526333e+00 -8.977924e-01   
   293   5.045776e+00 -1.520764e+00   
   294   6.319612e+00 -1.370907e+00   
   295   6.031662e+00 -1.447060e+00   
   296   6.708152e+00 -1.288492e+00   
   297   4.105300e+00 -1.491400e+00   
   298   8.204325e+00 -6.493000e-01   
   299   5.659212e+00 -1.539371e+00   
   300   7.814642e+00 -8.881962e-01   
   301   4.387591e+00 -1.584333e+00   
   302   5.406118e+00 -1.658962e+00   
   303   4.669883e+00 -1.677265e+00   
   304   6.974766e+00 -1.374811e+00   
   305   8.102950e+00 -8.786000e-01   
   306   7.713267e+00 -1.117496e+00   
   307   6.472655e+00 -1.562174e+00   
   308   4.263452e+00 -1.712559e+00   
   309   7.266108e+00 -1.316302e+00   
   310   6.184705e+00 -1.638327e+00   
   311   4.105300e+00 -1.727460e+00   
   312   5.896755e+00 -1.714480e+00   
   313   5.030225e+00 -1.815463e+00   
   314   4.545743e+00 -1.805492e+00   
   315   4.663385e+00 -1.855620e+00   
   316   8.001575e+00 -1.107900e+00   
   317   5.643661e+00 -1.834071e+00   
   318   7.558817e+00 -1.346796e+00   
   319   6.739268e+00 -1.648493e+00   
   320   4.805447e+00 -1.905857e+00   
   321   4.421604e+00 -1.933719e+00   
   322   5.390567e+00 -1.953661e+00   
   323   4.263452e+00 -1.948619e+00   
   324   4.539245e+00 -1.983847e+00   
   325   6.387387e+00 -1.847558e+00   
   326   4.105300e+00 -1.963520e+00   
   327   7.900200e+00 -1.337200e+00   
   328   6.099437e+00 -1.923710e+00   
   329   4.656887e+00 -2.033975e+00   
   330   5.165789e+00 -2.044055e+00   
   331   4.357626e+00 -2.027323e+00   
   332   7.005882e+00 -1.734812e+00   
   333   5.847725e+00 -2.001627e+00   
   334   4.437415e+00 -2.060040e+00   
   335   4.199474e+00 -2.042223e+00   
   336   4.798949e+00 -2.084212e+00   
   337   4.555056e+00 -2.110168e+00   
   338   4.941012e+00 -2.134448e+00   
   339   4.145424e+00 -2.095931e+00   
   340   4.293648e+00 -2.120927e+00   
   341   6.654001e+00 -1.933877e+00   
   342   5.594631e+00 -2.121218e+00   
   343   5.256362e+00 -2.155367e+00   
   344   7.745750e+00 -1.566500e+00   
   345   4.646913e+00 -2.160764e+00   
   346   4.373437e+00 -2.153644e+00   
   347   7.298591e+00 -1.765306e+00   
   348   4.453226e+00 -2.186361e+00   
   349   4.239598e+00 -2.174635e+00   
   350   4.788976e+00 -2.211000e+00   
   351   4.105300e+00 -2.168699e+00   
   352   4.298104e+00 -2.206811e+00   
   353   5.031585e+00 -2.245760e+00   
   354   4.545083e+00 -2.236956e+00   
   355   4.377893e+00 -2.239528e+00   
   356   6.302119e+00 -2.132941e+00   
   357   4.185548e+00 -2.228343e+00   
   358   4.868533e+00 -2.288467e+00   
   359   4.636940e+00 -2.287552e+00   
   360   4.244055e+00 -2.260519e+00   
   361   6.050407e+00 -2.210858e+00   
   362   7.591300e+00 -1.795800e+00   
   363   4.444114e+00 -2.301338e+00   
   364   4.302561e+00 -2.292694e+00   
   365   5.798696e+00 -2.288774e+00   
   366   5.460427e+00 -2.322923e+00   
   367   4.145424e+00 -2.301111e+00   
   368   4.190188e+00 -2.308717e+00   
   369   7.144141e+00 -1.994606e+00   
   370   5.122158e+00 -2.357072e+00   
   371   4.535971e+00 -2.351933e+00   
   372   4.716497e+00 -2.365019e+00   
   373   4.248695e+00 -2.340893e+00   
   374   4.368781e+00 -2.354505e+00   
   375   4.298738e+00 -2.352633e+00   
   376   4.959106e+00 -2.399779e+00   
   377   4.606157e+00 -2.396941e+00   
   378   4.105300e+00 -2.373879e+00   
   379   4.150064e+00 -2.381485e+00   
   380   4.194828e+00 -2.389091e+00   
   381   4.435002e+00 -2.416315e+00   
   382   4.244871e+00 -2.400831e+00   
   383   4.364958e+00 -2.414443e+00   
   384   6.792260e+00 -2.193671e+00   
   385   4.294914e+00 -2.412572e+00   
   386   4.796054e+00 -2.442486e+00   
   387   4.129785e+00 -2.412447e+00   
   388   4.174549e+00 -2.420054e+00   
   389   4.203330e+00 -2.431105e+00   
   390   7.436850e+00 -2.025100e+00   
   391   4.505188e+00 -2.461322e+00   
   392   4.253373e+00 -2.442845e+00   
   393   4.685714e+00 -2.474408e+00   
   394   4.990469e+00 -2.480888e+00   
   395   6.196780e+00 -2.374464e+00   
   396   4.105300e+00 -2.438789e+00   
   397   4.373877e+00 -2.465408e+00   
   398   4.303833e+00 -2.463536e+00   
   399   4.154270e+00 -2.451016e+00   
   400   4.183051e+00 -2.462067e+00   
   401   4.211832e+00 -2.473118e+00   
   402   4.575374e+00 -2.506329e+00   
   403   4.425184e+00 -2.498008e+00   
   404   4.129785e+00 -2.477358e+00   
   405   4.157145e+00 -2.480651e+00   
   406   5.945068e+00 -2.452381e+00   
   407   4.827416e+00 -2.523594e+00   
   408   4.262292e+00 -2.493810e+00   
   409   4.185926e+00 -2.491702e+00   
   410   4.312752e+00 -2.514501e+00   
   411   4.731556e+00 -2.541910e+00   
   412   4.105300e+00 -2.503700e+00   
   413   4.132660e+00 -2.506993e+00   
   414   4.160020e+00 -2.510287e+00   
   415   5.771216e+00 -2.506574e+00   
   416   4.495370e+00 -2.543016e+00   
   417   5.432947e+00 -2.540723e+00   
   418   4.212966e+00 -2.525259e+00   
   419   4.364060e+00 -2.547102e+00   
   420   4.109950e+00 -2.524950e+00   
   421   4.137310e+00 -2.528243e+00   
   422   4.263426e+00 -2.545951e+00   
   423   4.621216e+00 -2.573832e+00   
   424   4.187060e+00 -2.543843e+00   
   425   5.065070e+00 -2.585480e+00   
   426   6.498166e+00 -2.421989e+00   
   427   4.114600e+00 -2.546200e+00   
   428   4.309026e+00 -2.571200e+00   
   429   4.415367e+00 -2.579702e+00   
   430   4.538598e+00 -2.588458e+00   
   431   4.164350e+00 -2.561800e+00   
   432   4.858779e+00 -2.604703e+00   
   433   4.214100e+00 -2.577400e+00   
   434   5.260876e+00 -2.606754e+00   
   435   4.762919e+00 -2.623019e+00   
   436   4.360334e+00 -2.603801e+00   
   437   4.259700e+00 -2.602650e+00   
   438   7.282400e+00 -2.254400e+00   
   439   4.458594e+00 -2.625145e+00   
   440   4.667059e+00 -2.641334e+00   
   441   4.305300e+00 -2.627900e+00   
   442   4.399883e+00 -2.637751e+00   
   443   4.584440e+00 -2.655961e+00   
   444   4.501821e+00 -2.670587e+00   
   445   4.344850e+00 -2.661850e+00   
   446   4.797473e+00 -2.693213e+00   
   447   4.443111e+00 -2.683194e+00   
   448   6.091441e+00 -2.615987e+00   
   449   4.933381e+00 -2.709295e+00   
   450   4.701613e+00 -2.711528e+00   
   451   4.617731e+00 -2.709206e+00   
   452   4.384400e+00 -2.695800e+00   
   453   4.535112e+00 -2.723832e+00   
   454   5.917588e+00 -2.670181e+00   
   455   4.475061e+00 -2.724344e+00   
   456   4.416350e+00 -2.736950e+00   
   457   5.743736e+00 -2.724374e+00   
   458   6.988306e+00 -2.482718e+00   
   459   4.736166e+00 -2.781722e+00   
   460   4.652285e+00 -2.779400e+00   
   461   4.568403e+00 -2.777077e+00   
   462   4.508351e+00 -2.777589e+00   
   463   4.448300e+00 -2.778100e+00   
   464   4.872074e+00 -2.797805e+00   
   465   6.392827e+00 -2.663512e+00   
   466   5.007982e+00 -2.813887e+00   
   467   5.571665e+00 -2.790405e+00   
   468   4.531351e+00 -2.824339e+00   
   469   4.471300e+00 -2.824850e+00   
   470   5.203788e+00 -2.835162e+00   
   471   4.674177e+00 -2.838281e+00   
   472   4.590296e+00 -2.835959e+00   
   473   6.014431e+00 -2.781006e+00   
   474   4.755902e+00 -2.857385e+00   
   475   5.399594e+00 -2.856436e+00   
   476   4.891810e+00 -2.873468e+00   
   477   4.494300e+00 -2.871600e+00   
   478   5.840579e+00 -2.835199e+00   
   479   4.553244e+00 -2.883220e+00   
   480   4.612189e+00 -2.894840e+00   
   481   5.750270e+00 -2.871405e+00   
   482   6.694213e+00 -2.711037e+00   
   483   4.693913e+00 -2.913944e+00   
   484   6.178770e+00 -2.829694e+00   
   485   4.982075e+00 -2.933835e+00   
   486   4.507400e+00 -2.922050e+00   
   487   4.775637e+00 -2.933048e+00   
   488   4.566344e+00 -2.933670e+00   
   489   4.621775e+00 -2.956839e+00   
   490   5.107678e+00 -2.962165e+00   
   491   5.578199e+00 -2.937436e+00   
   492   4.703499e+00 -2.975943e+00   
   493   4.520500e+00 -2.972500e+00   
   494   5.303484e+00 -2.983440e+00   
   495   4.865902e+00 -2.993415e+00   
   496   4.575931e+00 -2.995669e+00   
   497   5.937422e+00 -2.946024e+00   
   498   5.497313e+00 -2.991915e+00   
   499   4.631362e+00 -3.018838e+00   
   500   6.480156e+00 -2.877218e+00   
   501   4.523250e+00 -3.024550e+00   
   502   5.847113e+00 -2.982230e+00   
   503   4.788759e+00 -3.034732e+00   
   504   4.956168e+00 -3.053782e+00   
   505   4.578681e+00 -3.047719e+00   
   506   5.756804e+00 -3.018436e+00   
   507   4.716622e+00 -3.077627e+00   
   508   6.101761e+00 -2.994712e+00   
   509   5.081771e+00 -3.082113e+00   
   510   4.526000e+00 -3.076600e+00   
   511   4.628266e+00 -3.081570e+00   
   512   4.879025e+00 -3.095099e+00   
   513   6.001923e+00 -3.027813e+00   
   514   5.675918e+00 -3.072915e+00   
   515   5.927065e+00 -3.049671e+00   
   516   5.207375e+00 -3.110443e+00   
   517   4.575585e+00 -3.110451e+00   
   518   5.401203e+00 -3.118918e+00   
   519   4.801881e+00 -3.136416e+00   
   520   5.836756e+00 -3.085877e+00   
   521   4.518200e+00 -3.128100e+00   
   522   4.713525e+00 -3.140359e+00   
   523   4.625169e+00 -3.144301e+00   
   524   5.595032e+00 -3.127394e+00   
   525   6.266100e+00 -3.043400e+00   
   526   5.767738e+00 -3.122460e+00   
   527   4.567785e+00 -3.161951e+00   
   528   6.166263e+00 -3.076501e+00   
   529   6.066425e+00 -3.109602e+00   
   530   4.510400e+00 -3.179600e+00   
   531   4.998936e+00 -3.194531e+00   
   532   5.991566e+00 -3.131460e+00   
   533   5.686852e+00 -3.176939e+00   
   534   5.916708e+00 -3.153318e+00   
   535   5.315838e+00 -3.211193e+00   
   536   5.124540e+00 -3.222862e+00   
   537   4.612308e+00 -3.224056e+00   
   538   4.921793e+00 -3.235848e+00   
   539   4.791564e+00 -3.234831e+00   
   540   6.210500e+00 -3.136500e+00   
   541   5.509667e+00 -3.219669e+00   
   542   4.492450e+00 -3.228550e+00   
   543   4.703208e+00 -3.238774e+00   
   544   5.847690e+00 -3.189901e+00   
   545   6.265600e+00 -3.136000e+00   
   546   4.554924e+00 -3.241705e+00   
   547   5.206846e+00 -3.249607e+00   
   548   6.110663e+00 -3.169601e+00   
   549   5.626666e+00 -3.226816e+00   
   550   6.047113e+00 -3.181601e+00   
   551   6.314650e+00 -3.144000e+00   
   552   5.972254e+00 -3.203459e+00   
   553   5.778671e+00 -3.226484e+00   
   554   5.912154e+00 -3.228009e+00   
   555   4.474500e+00 -3.277500e+00   
   556   4.536974e+00 -3.290655e+00   
   557   4.599447e+00 -3.303810e+00   
   558   5.718486e+00 -3.276362e+00   
   559   5.843136e+00 -3.264592e+00   
   560   4.690347e+00 -3.318528e+00   
   561   6.154900e+00 -3.229600e+00   
   562   6.091350e+00 -3.241600e+00   
   563   5.424302e+00 -3.311944e+00   
   564   6.027800e+00 -3.253600e+00   
   565   6.210000e+00 -3.229100e+00   
   566   4.911476e+00 -3.334263e+00   
   567   4.781247e+00 -3.333246e+00   
   568   5.041705e+00 -3.335280e+00   
   569   6.265100e+00 -3.228600e+00   
   570   5.541301e+00 -3.319091e+00   
   571   5.967700e+00 -3.278150e+00   
   572   5.789086e+00 -3.300642e+00   
   573   6.314150e+00 -3.236600e+00   
   574   5.658300e+00 -3.326239e+00   
   575   4.503200e+00 -3.347456e+00   
   576   5.315310e+00 -3.350357e+00   
   577   5.907600e+00 -3.302700e+00   
   578   5.124012e+00 -3.362025e+00   
   579   4.565674e+00 -3.360611e+00   
   580   6.363200e+00 -3.244600e+00   
   581   5.728900e+00 -3.350519e+00   
   582   5.853550e+00 -3.338750e+00   
   583   5.206318e+00 -3.388770e+00   
   584   4.634484e+00 -3.392149e+00   
   585   5.492391e+00 -3.379552e+00   
   586   5.378086e+00 -3.391513e+00   
   587   4.725384e+00 -3.406867e+00   
   588   4.794499e+00 -3.412378e+00   
   589   5.609390e+00 -3.386700e+00   
   590   4.857739e+00 -3.416502e+00   
   591   4.987968e+00 -3.417519e+00   
   592   5.799500e+00 -3.374800e+00   
   593   4.413480e+00 -3.406468e+00   
   594   4.531900e+00 -3.417413e+00   
   595   5.051402e+00 -3.427225e+00   
   596   5.683350e+00 -3.396570e+00   
   597   5.269093e+00 -3.429927e+00   
   598   4.600711e+00 -3.448951e+00   
   599   5.133708e+00 -3.453970e+00   
   600   5.753950e+00 -3.420850e+00   
   601   5.560480e+00 -3.447160e+00   
   602   5.446175e+00 -3.459122e+00   
   603   5.331869e+00 -3.471083e+00   
   604   4.669521e+00 -3.480489e+00   
   605   5.634440e+00 -3.457030e+00   
   606   4.738636e+00 -3.485999e+00   
   607   5.188938e+00 -3.486736e+00   
   608   4.442180e+00 -3.476424e+00   
   609   4.807750e+00 -3.491510e+00   
   610   4.539460e+00 -3.484126e+00   
   611   4.870990e+00 -3.495634e+00   
   612   4.934230e+00 -3.499758e+00   
   613   5.708400e+00 -3.466900e+00   
   614   4.997665e+00 -3.509464e+00   
   615   5.061099e+00 -3.519170e+00   
   616   4.608270e+00 -3.515664e+00   
   617   5.251714e+00 -3.527892e+00   
   618   5.598890e+00 -3.511130e+00   
   619   5.511226e+00 -3.531766e+00   
   620   5.116329e+00 -3.551936e+00   
   621   5.672850e+00 -3.521000e+00   
   622   4.714758e+00 -3.551412e+00   
   623   4.352459e+00 -3.535436e+00   
   624   4.835358e+00 -3.555438e+00   
   625   5.396921e+00 -3.543728e+00   
   626   4.449739e+00 -3.543138e+00   
   627   4.783873e+00 -3.556923e+00   
   628   4.898598e+00 -3.559562e+00   
   629   4.547019e+00 -3.550839e+00   
   630   4.664404e+00 -3.562378e+00   
   631   4.949454e+00 -3.567687e+00   
   632   5.308554e+00 -3.563743e+00   
   633   5.012889e+00 -3.577394e+00   
   634   5.171558e+00 -3.584701e+00   
   635   5.061382e+00 -3.594748e+00   
   636   4.603153e+00 -3.597553e+00   
   637   5.637300e+00 -3.575100e+00   
   638   5.549636e+00 -3.595736e+00   
   639   4.862966e+00 -3.619366e+00   
   640   4.811481e+00 -3.620851e+00   
   641   4.759995e+00 -3.622336e+00   
   642   5.228399e+00 -3.620552e+00   
   643   4.435220e+00 -3.610858e+00   
   644   4.913822e+00 -3.627491e+00   
   645   4.532500e+00 -3.618560e+00   
   646   5.116611e+00 -3.627513e+00   
   647   5.461972e+00 -3.616372e+00   
   648   4.964679e+00 -3.635617e+00   
   649   4.709641e+00 -3.633301e+00   
   650   5.373606e+00 -3.636388e+00   
   651   4.659286e+00 -3.644267e+00   
   652   5.013172e+00 -3.652971e+00   
   653   5.161106e+00 -3.653569e+00   
   654   5.613250e+00 -3.635650e+00   
   655   4.838433e+00 -3.662883e+00   
   656   5.285240e+00 -3.656403e+00   
   657   4.786948e+00 -3.664368e+00   
   658   4.881683e+00 -3.665683e+00   
   659   5.061664e+00 -3.670325e+00   
   660   4.743948e+00 -3.669618e+00   
   661   4.588634e+00 -3.665274e+00   
   662   4.932539e+00 -3.673808e+00   
   663   5.525586e+00 -3.656286e+00   
   664   4.693593e+00 -3.680583e+00   
   665   4.974489e+00 -3.684558e+00   
   666   5.470165e+00 -3.670176e+00   
   667   5.217947e+00 -3.689420e+00   
   668   4.517981e+00 -3.686281e+00   
   669   5.106159e+00 -3.696381e+00   
   670   4.652293e+00 -3.693733e+00   
   671   5.414596e+00 -3.684974e+00   
   672   5.022982e+00 -3.701913e+00   
   673   4.813900e+00 -3.706400e+00   
   674   4.857150e+00 -3.709200e+00   
   675   4.900400e+00 -3.712000e+00   
   676   4.770900e+00 -3.711650e+00   
   677   5.326230e+00 -3.704989e+00   
   678   4.727900e+00 -3.716900e+00   
   679   5.062232e+00 -3.720263e+00   
   680   5.589200e+00 -3.696200e+00   
   681   4.581641e+00 -3.714741e+00   
   682   4.942350e+00 -3.722750e+00   
   683   5.150654e+00 -3.722437e+00   
   684   5.256703e+00 -3.723326e+00   
   685   5.533779e+00 -3.710090e+00   
   686   4.984300e+00 -3.733500e+00   
   687   4.686600e+00 -3.730050e+00   
   688   4.270330e+00 -3.709018e+00   
   689   5.478358e+00 -3.723979e+00   
   690   5.106727e+00 -3.746318e+00   
   691   4.645300e+00 -3.743200e+00   
   692   5.023550e+00 -3.751850e+00   
   693   5.422789e+00 -3.738777e+00   
   694   5.189410e+00 -3.756343e+00   
   695   5.367220e+00 -3.753575e+00   
   696   5.579200e+00 -3.744750e+00   
   697   5.062800e+00 -3.770200e+00   
   698   5.141927e+00 -3.771668e+00   
   699   5.523779e+00 -3.758640e+00   
   700   5.297693e+00 -3.771912e+00   
   701   5.228167e+00 -3.790249e+00   
   702   5.098000e+00 -3.795550e+00   
   703   4.353091e+00 -3.784441e+00   
   704   5.463618e+00 -3.790387e+00   
   705   4.504741e+00 -3.796391e+00   
   706   5.180683e+00 -3.805575e+00   
   707   5.569200e+00 -3.793300e+00   
   708   5.408049e+00 -3.805185e+00   
   709   5.133200e+00 -3.820900e+00   
   710   5.339309e+00 -3.814303e+00   
   711   4.568400e+00 -3.824850e+00   
   712   5.269782e+00 -3.832640e+00   
   713   5.210533e+00 -3.836925e+00   
   714   5.509039e+00 -3.825047e+00   
   715   5.163050e+00 -3.852250e+00   
   716   5.448878e+00 -3.856794e+00   
   717   5.380138e+00 -3.865912e+00   
   718   5.566700e+00 -3.858400e+00   
   719   5.311398e+00 -3.875030e+00   
   720   5.252149e+00 -3.879315e+00   
   721   5.192900e+00 -3.883600e+00   
   722   5.506539e+00 -3.890147e+00   
   723   4.188200e+00 -3.882600e+00   
   724   4.339850e+00 -3.894550e+00   
   725   4.491500e+00 -3.906500e+00   
   726   5.281999e+00 -3.928715e+00   
   727   5.222750e+00 -3.933000e+00   
   728   5.564200e+00 -3.923500e+00   
   729   5.425316e+00 -3.934365e+00   
   730   5.356576e+00 -3.943483e+00   
   731   5.482977e+00 -3.967718e+00   
   732   5.252600e+00 -3.982400e+00   
   733   5.327177e+00 -3.997168e+00   
   734   5.401754e+00 -4.011936e+00   
   735   5.562674e+00 -4.048296e+00   
   736   5.481451e+00 -4.092514e+00   
   737   5.262450e+00 -4.121600e+00   
   738   5.337027e+00 -4.136368e+00   
   739   5.561148e+00 -4.173093e+00   
   740   5.416724e+00 -4.216946e+00   
   741   5.272300e+00 -4.260800e+00   
   742   5.558874e+00 -4.359046e+00   
   743   5.414450e+00 -4.402900e+00   
   744   5.556600e+00 -4.545000e+00   
  END_COORDINATES
  BOUNDARIES, ELEMENT
    1         412     427     420         1     
    2         427     433     431         2     
    3         378     412     396         5     
    4         678     673     676         10     
    5         675     686     682         11     
    6         686     697     692         12     
    7         709     721     715         13     
    8         691     678     687         14     
    9         673     675     674         15     
    10         697     709     702         16     
    11         707     680     696         18     
    12         569     580     573         19     
    13         580     525     551         19     
    14         510     530     521         36     
    15         441     452     445         37     
    16         463     477     469         38     
    17         493     510     501         39     
    18         433     441     437         40     
    19         452     463     456         42     
    20         477     493     486         43     
    21         530     555     542         44     
    22         561     569     565         47     
    23         721     732     727         48     
    24         725     691     711         53     
    25         326     378     351         63     
    26         637     613     621         73     
    27         613     592     600         74     
    28         564     561     562         75     
    29         592     577     582         76     
    30         577     564     571         77     
    31         728     707     718         78     
    32         680     637     654         79     
    33         555     623     593         102     
    34         732     741     737         111     
    35         739     728     735         129     
    36         723     725     724         151     
    37         623     723     688         152     
    38         741     744     743         172     
    39         744     739     742         172     
    40         297     326     311         174     
    41         525     482     500         180     
    42         327     305     316         186     
    43         305     289     298         187     
    44         48     29     38         188     
    45         29     13     21         189     
    46         33     49     39         190     
    47         49     70     59         191     
    48         70     93     82         192     
    49         93     120     107         193     
    50         236     266     251         194     
    51         266     297     279         195     
    52         120     148     135         196     
    53         148     178     162         197     
    54         178     209     194         198     
    55         209     236     223         199     
    56         243     218     230         202     
    57         218     193     206         203     
    58         289     263     276         205     
    59         263     243     253         206     
    60         438     362     390         207     
    61         362     327     344         208     
    62         100     73     85         209     
    63         73     48     60         210     
    64         146     100     123         283     
    65         193     146     167         285     
    66         13     1     5         298     
    67         1     10     3         299     
    68         10     33     20         300     
    69         482     438     458         334     
  END_BOUNDARIES
  MATERIALS, NUMBER= 1, DEFAULT=1
  END_MATERIALS
  SUBDOMAINS
  END_SUBDOMAINS
  CHARACTERISTICS
  END_CHARACTERISTICS
