  NODES_PER_ELEMENT
   1 3
   2 3
   3 3
   4 3
   5 3
   6 3
   7 3
   8 3
   9 3
   10 3
   11 3
   12 3
   13 3
   14 3
   15 3
   16 3
   17 3
   18 3
   19 3
   20 3
   21 3
   22 3
   23 3
   24 3
   25 3
   26 3
   27 3
   28 3
   29 3
   30 3
   31 3
   32 3
   33 3
   34 3
   35 3
   36 3
   37 3
   38 3
   39 3
   40 3
   41 3
   42 3
   43 3
   44 3
   45 3
   46 3
   47 3
   48 3
   49 3
   50 3
   51 3
   52 3
   53 3
   54 3
   55 3
   56 3
   57 3
   58 3
   59 3
   60 3
   61 3
   62 3
   63 3
   64 3
   65 3
   66 3
   67 3
   68 3
   69 3
   70 3
   71 3
   72 3
   73 3
   74 3
   75 3
   76 3
   77 3
   78 3
   79 3
   80 3
   81 3
   82 3
   83 3
   84 3
   85 3
   86 3
   87 3
   88 3
   89 3
   90 3
   91 3
   92 3
   93 3
   94 3
   95 3
   96 3
   97 3
   98 3
   99 3
   100 3
   101 3
   102 3
   103 3
   104 3
   105 3
   106 3
   107 3
   108 3
   109 3
   110 3
   111 3
   112 3
   113 3
   114 3
   115 3
   116 3
   117 3
   118 3
   119 3
   120 3
   121 3
   122 3
   123 3
   124 3
   125 3
   126 3
   127 3
   128 3
   129 3
   130 3
   131 3
   132 3
   133 3
   134 3
   135 3
   136 3
   137 3
   138 3
   139 3
   140 3
   141 3
   142 3
   143 3
   144 3
   145 3
   146 3
   147 3
   148 3
   149 3
   150 3
   151 3
   152 3
   153 3
   154 3
   155 3
   156 3
   157 3
   158 3
   159 3
   160 3
   161 3
   162 3
   163 3
   164 3
   165 3
   166 3
   167 3
   168 3
   169 3
   170 3
   171 3
   172 3
   173 3
   174 3
   175 3
   176 3
   177 3
   178 3
   179 3
   180 3
   181 3
   182 3
   183 3
   184 3
   185 3
   186 3
   187 3
   188 3
   189 3
   190 3
   191 3
   192 3
   193 3
   194 3
   195 3
   196 3
   197 3
   198 3
   199 3
   200 3
   201 3
   202 3
   203 3
   204 3
   205 3
   206 3
   207 3
   208 3
   209 3
   210 3
   211 3
   212 3
   213 3
   214 3
   215 3
   216 3
   217 3
   218 3
   219 3
   220 3
   221 3
   222 3
   223 3
   224 3
   225 3
   226 3
   227 3
   228 3
   229 3
   230 3
   231 3
   232 3
   233 3
   234 3
   235 3
   236 3
   237 3
   238 3
   239 3
   240 3
   241 3
   242 3
   243 3
   244 3
   245 3
   246 3
   247 3
   248 3
   249 3
   250 3
   251 3
   252 3
   253 3
   254 3
   255 3
   256 3
   257 3
   258 3
   259 3
   260 3
   261 3
   262 3
   263 3
   264 3
   265 3
   266 3
   267 3
   268 3
   269 3
   270 3
   271 3
   272 3
   273 3
   274 3
   275 3
   276 3
   277 3
   278 3
   279 3
   280 3
   281 3
   282 3
   283 3
   284 3
   285 3
   286 3
   287 3
   288 3
   289 3
   290 3
   291 3
   292 3
   293 3
   294 3
   295 3
   296 3
   297 3
   298 3
   299 3
   300 3
   301 3
   302 3
   303 3
   304 3
   305 3
   306 3
   307 3
   308 3
   309 3
   310 3
   311 3
   312 3
   313 3
   314 3
   315 3
   316 3
   317 3
   318 3
   319 3
   320 3
   321 3
   322 3
   323 3
   324 3
   325 3
   326 3
   327 3
   328 3
   329 3
   330 3
   331 3
   332 3
   333 3
   334 3
   335 3
   336 3
   337 3
   338 3
   339 3
   340 3
   341 3
   342 3
   343 3
   344 3
   345 3
   346 3
   347 3
   348 3
   349 3
   350 3
   351 3
   352 3
   353 3
   354 3
   355 3
   356 3
   357 3
   358 3
   359 3
   360 3
   361 3
   362 3
   363 3
   364 3
   365 3
   366 3
   367 3
   368 3
   369 3
   370 3
   371 3
   372 3
   373 3
   374 3
   375 3
   376 3
   377 3
   378 3
   379 3
   380 3
   381 3
   382 3
   383 3
   384 3
   385 3
   386 3
   387 3
   388 3
   389 3
   390 3
   391 3
   392 3
   393 3
   394 3
   395 3
   396 3
   397 3
   398 3
   399 3
   400 3
   401 3
   402 3
   403 3
   404 3
   405 3
   406 3
   407 3
   408 3
   409 3
   410 3
   411 3
   412 3
   413 3
   414 3
   415 3
   416 3
   417 3
   418 3
   419 3
   420 3
   421 3
   422 3
   423 3
   424 3
   425 3
   426 3
   427 3
   428 3
   429 3
   430 3
   431 3
   432 3
   433 3
   434 3
   435 3
   436 3
   437 3
   438 3
   439 3
   440 3
   441 3
   442 3
   443 3
   444 3
   445 3
   446 3
   447 3
   448 3
   449 3
   450 3
   451 3
   452 3
   453 3
   454 3
   455 3
   456 3
   457 3
   458 3
   459 3
   460 3
   461 3
   462 3
   463 3
   464 3
   465 3
   466 3
   467 3
   468 3
   469 3
   470 3
   471 3
   472 3
   473 3
   474 3
   475 3
   476 3
   477 3
   478 3
   479 3
   480 3
   481 3
   482 3
   483 3
   484 3
   485 3
   486 3
   487 3
   488 3
   489 3
   490 3
   491 3
   492 3
   493 3
   494 3
   495 3
   496 3
   497 3
   498 3
   499 3
   500 3
   501 3
   502 3
   503 3
   504 3
   505 3
   506 3
   507 3
   508 3
   509 3
   510 3
   511 3
   512 3
   513 3
   514 3
   515 3
   516 3
   517 3
   518 3
   519 3
   520 3
   521 3
   522 3
   523 3
   524 3
   525 3
   526 3
   527 3
   528 3
   529 3
   530 3
   531 3
   532 3
   533 3
   534 3
   535 3
   536 3
   537 3
   538 3
   539 3
   540 3
   541 3
   542 3
   543 3
   544 3
   545 3
   546 3
   547 3
   548 3
   549 3
   550 3
   551 3
   552 3
   553 3
   554 3
   555 3
   556 3
   557 3
   558 3
   559 3
   560 3
   561 3
   562 3
   563 3
   564 3
   565 3
   566 3
   567 3
   568 3
   569 3
   570 3
   571 3
   572 3
   573 3
   574 3
   575 3
   576 3
   577 3
   578 3
   579 3
   580 3
   581 3
   582 3
   583 3
   584 3
   585 3
   586 3
   587 3
   588 3
   589 3
   590 3
   591 3
   592 3
   593 3
   594 3
   595 3
   596 3
   597 3
   598 3
   599 3
   600 3
   601 3
   602 3
   603 3
   604 3
   605 3
   606 3
   607 3
   608 3
   609 3
   610 3
   611 3
   612 3
   613 3
   614 3
   615 3
   616 3
   617 3
   618 3
   619 3
   620 3
   621 3
   622 3
   623 3
   624 3
   625 3
   626 3
   627 3
   628 3
   629 3
   630 3
   631 3
   632 3
   633 3
   634 3
   635 3
   636 3
   637 3
   638 3
   639 3
   640 3
   641 3
   642 3
   643 3
   644 3
   645 3
   646 3
   647 3
   648 3
   649 3
   650 3
   651 3
   652 3
   653 3
   654 3
   655 3
   656 3
   657 3
   658 3
   659 3
   660 3
   661 3
   662 3
   663 3
   664 3
   665 3
   666 3
   667 3
   668 3
   669 3
   670 3
   671 3
   672 3
   673 3
   674 3
   675 3
   676 3
   677 3
   678 3
   679 3
   680 3
   681 3
   682 3
   683 3
   684 3
   685 3
   686 3
   687 3
   688 3
   689 3
   690 3
   691 3
   692 3
   693 3
   694 3
   695 3
   696 3
   697 3
   698 3
   699 3
   700 3
   701 3
   702 3
   703 3
   704 3
   705 3
   706 3
   707 3
   708 3
   709 3
   710 3
   711 3
   712 3
   713 3
   714 3
   715 3
   716 3
   717 3
   718 3
   719 3
   720 3
   721 3
   722 3
   723 3
   724 3
   725 3
   726 3
   727 3
   728 3
   729 3
   730 3
   731 3
   732 3
   733 3
   734 3
   735 3
   736 3
   737 3
   738 3
   739 3
   740 3
   741 3
   742 3
   743 3
   744 3
   745 3
   746 3
   747 3
   748 3
   749 3
   750 3
   751 3
   752 3
   753 3
   754 3
   755 3
   756 3
   757 3
   758 3
   759 3
   760 3
   761 3
   762 3
   763 3
   764 3
   765 3
   766 3
   767 3
   768 3
   769 3
   770 3
   771 3
   772 3
   773 3
   774 3
   775 3
   776 3
   777 3
   778 3
   779 3
   780 3
   781 3
   782 3
   783 3
   784 3
   785 3
   786 3
   787 3
   788 3
   789 3
   790 3
   791 3
   792 3
   793 3
   794 3
   795 3
   796 3
   797 3
   798 3
   799 3
   800 3
   801 3
   802 3
   803 3
   804 3
   805 3
   806 3
   807 3
   808 3
   809 3
   810 3
   811 3
   812 3
   813 3
   814 3
   815 3
   816 3
   817 3
   818 3
   819 3
   820 3
   821 3
   822 3
   823 3
   824 3
   825 3
   826 3
   827 3
   828 3
   829 3
   830 3
   831 3
   832 3
   833 3
   834 3
   835 3
   836 3
   837 3
   838 3
   839 3
   840 3
   841 3
   842 3
   843 3
   844 3
   845 3
   846 3
   847 3
   848 3
   849 3
   850 3
   851 3
   852 3
   853 3
   854 3
   855 3
   856 3
   857 3
   858 3
   859 3
   860 3
   861 3
   862 3
   863 3
   864 3
   865 3
   866 3
   867 3
   868 3
   869 3
   870 3
   871 3
   872 3
   873 3
   874 3
   875 3
   876 3
   877 3
   878 3
   879 3
   880 3
   881 3
   882 3
   883 3
   884 3
   885 3
   886 3
   887 3
   888 3
   889 3
   890 3
   891 3
   892 3
   893 3
   894 3
   895 3
   896 3
   897 3
   898 3
   899 3
   900 3
   901 3
   902 3
   903 3
   904 3
   905 3
   906 3
   907 3
   908 3
   909 3
   910 3
   911 3
   912 3
   913 3
   914 3
   915 3
   916 3
   917 3
   918 3
   919 3
   920 3
   921 3
   922 3
   923 3
   924 3
   925 3
   926 3
   927 3
   928 3
   929 3
   930 3
   931 3
   932 3
   933 3
   934 3
   935 3
   936 3
   937 3
   938 3
   939 3
   940 3
   941 3
   942 3
   943 3
   944 3
   945 3
   946 3
   947 3
   948 3
   949 3
   950 3
   951 3
   952 3
   953 3
   954 3
   955 3
   956 3
   957 3
   958 3
   959 3
   960 3
   961 3
   962 3
   963 3
   964 3
   965 3
   966 3
   967 3
   968 3
   969 3
   970 3
   971 3
   972 3
   973 3
   974 3
   975 3
   976 3
   977 3
   978 3
   979 3
   980 3
   981 3
   982 3
   983 3
   984 3
   985 3
   986 3
   987 3
   988 3
   989 3
   990 3
   991 3
   992 3
   993 3
   994 3
   995 3
   996 3
   997 3
   998 3
   999 3
   1000 3
   1001 3
   1002 3
   1003 3
   1004 3
   1005 3
   1006 3
   1007 3
   1008 3
   1009 3
   1010 3
   1011 3
   1012 3
   1013 3
   1014 3
   1015 3
   1016 3
   1017 3
   1018 3
   1019 3
   1020 3
   1021 3
   1022 3
   1023 3
   1024 3
   1025 3
   1026 3
   1027 3
   1028 3
   1029 3
   1030 3
   1031 3
   1032 3
   1033 3
   1034 3
   1035 3
   1036 3
   1037 3
   1038 3
   1039 3
   1040 3
   1041 3
   1042 3
   1043 3
   1044 3
   1045 3
   1046 3
   1047 3
   1048 3
   1049 3
   1050 3
   1051 3
   1052 3
   1053 3
   1054 3
   1055 3
   1056 3
   1057 3
   1058 3
   1059 3
   1060 3
   1061 3
   1062 3
   1063 3
   1064 3
   1065 3
   1066 3
   1067 3
   1068 3
   1069 3
   1070 3
   1071 3
   1072 3
   1073 3
   1074 3
   1075 3
   1076 3
   1077 3
   1078 3
   1079 3
   1080 3
   1081 3
   1082 3
   1083 3
   1084 3
   1085 3
   1086 3
   1087 3
   1088 3
   1089 3
   1090 3
   1091 3
   1092 3
   1093 3
   1094 3
   1095 3
   1096 3
   1097 3
   1098 3
   1099 3
   1100 3
   1101 3
   1102 3
   1103 3
   1104 3
   1105 3
   1106 3
   1107 3
   1108 3
   1109 3
   1110 3
   1111 3
   1112 3
   1113 3
   1114 3
   1115 3
   1116 3
   1117 3
   1118 3
   1119 3
   1120 3
   1121 3
   1122 3
   1123 3
   1124 3
   1125 3
   1126 3
   1127 3
   1128 3
   1129 3
   1130 3
   1131 3
   1132 3
   1133 3
   1134 3
   1135 3
   1136 3
   1137 3
   1138 3
   1139 3
   1140 3
   1141 3
   1142 3
   1143 3
   1144 3
   1145 3
   1146 3
   1147 3
   1148 3
   1149 3
   1150 3
   1151 3
   1152 3
   1153 3
   1154 3
   1155 3
   1156 3
   1157 3
   1158 3
   1159 3
   1160 3
   1161 3
   1162 3
   1163 3
   1164 3
   1165 3
   1166 3
   1167 3
   1168 3
   1169 3
   1170 3
   1171 3
   1172 3
   1173 3
   1174 3
   1175 3
   1176 3
   1177 3
   1178 3
   1179 3
   1180 3
   1181 3
   1182 3
   1183 3
   1184 3
   1185 3
   1186 3
   1187 3
   1188 3
   1189 3
   1190 3
   1191 3
   1192 3
   1193 3
   1194 3
   1195 3
   1196 3
   1197 3
   1198 3
   1199 3
   1200 3
   1201 3
   1202 3
   1203 3
   1204 3
   1205 3
   1206 3
   1207 3
   1208 3
   1209 3
   1210 3
   1211 3
   1212 3
   1213 3
   1214 3
   1215 3
   1216 3
   1217 3
   1218 3
   1219 3
   1220 3
   1221 3
   1222 3
   1223 3
   1224 3
   1225 3
   1226 3
   1227 3
   1228 3
   1229 3
   1230 3
   1231 3
   1232 3
   1233 3
   1234 3
   1235 3
   1236 3
   1237 3
   1238 3
   1239 3
   1240 3
   1241 3
   1242 3
   1243 3
   1244 3
   1245 3
   1246 3
   1247 3
   1248 3
   1249 3
   1250 3
   1251 3
   1252 3
   1253 3
   1254 3
   1255 3
   1256 3
   1257 3
   1258 3
   1259 3
   1260 3
   1261 3
   1262 3
   1263 3
   1264 3
   1265 3
   1266 3
   1267 3
   1268 3
   1269 3
   1270 3
   1271 3
   1272 3
   1273 3
   1274 3
   1275 3
   1276 3
   1277 3
   1278 3
   1279 3
   1280 3
   1281 3
   1282 3
   1283 3
   1284 3
   1285 3
   1286 3
   1287 3
   1288 3
   1289 3
   1290 3
   1291 3
   1292 3
   1293 3
   1294 3
   1295 3
   1296 3
   1297 3
   1298 3
   1299 3
   1300 3
   1301 3
   1302 3
   1303 3
   1304 3
   1305 3
   1306 3
   1307 3
   1308 3
   1309 3
   1310 3
   1311 3
   1312 3
   1313 3
   1314 3
   1315 3
   1316 3
   1317 3
   1318 3
   1319 3
   1320 3
   1321 3
   1322 3
   1323 3
   1324 3
   1325 3
   1326 3
   1327 3
   1328 3
   1329 3
   1330 3
   1331 3
   1332 3
   1333 3
   1334 3
   1335 3
   1336 3
   1337 3
   1338 3
   1339 3
   1340 3
   1341 3
   1342 3
   1343 3
   1344 3
   1345 3
   1346 3
   1347 3
   1348 3
   1349 3
   1350 3
   1351 3
   1352 3
   1353 3
   1354 3
   1355 3
   1356 3
   1357 3
   1358 3
   1359 3
   1360 3
   1361 3
   1362 3
   1363 3
   1364 3
   1365 3
   1366 3
   1367 3
   1368 3
   1369 3
   1370 3
   1371 3
   1372 3
   1373 3
   1374 3
   1375 3
   1376 3
   1377 3
   1378 3
   1379 3
   1380 3
   1381 3
   1382 3
   1383 3
   1384 3
   1385 3
   1386 3
   1387 3
   1388 3
   1389 3
   1390 3
   1391 3
   1392 3
   1393 3
   1394 3
   1395 3
   1396 3
   1397 3
   1398 3
   1399 3
   1400 3
   1401 3
   1402 3
   1403 3
   1404 3
   1405 3
   1406 3
   1407 3
   1408 3
   1409 3
   1410 3
   1411 3
   1412 3
   1413 3
   1414 3
   1415 3
   1416 3
   1417 3
   1418 3
   1419 3
   1420 3
   1421 3
   1422 3
   1423 3
   1424 3
   1425 3
   1426 3
   1427 3
   1428 3
   1429 3
   1430 3
   1431 3
   1432 3
   1433 3
   1434 3
   1435 3
   1436 3
   1437 3
   1438 3
   1439 3
   1440 3
   1441 3
   1442 3
   1443 3
   1444 3
   1445 3
   1446 3
   1447 3
   1448 3
   1449 3
   1450 3
   1451 3
   1452 3
   1453 3
   1454 3
   1455 3
   1456 3
   1457 3
   1458 3
   1459 3
   1460 3
   1461 3
   1462 3
   1463 3
   1464 3
   1465 3
   1466 3
   1467 3
   1468 3
   1469 3
   1470 3
   1471 3
   1472 3
   1473 3
   1474 3
   1475 3
   1476 3
   1477 3
   1478 3
   1479 3
   1480 3
   1481 3
   1482 3
   1483 3
   1484 3
   1485 3
   1486 3
   1487 3
   1488 3
   1489 3
   1490 3
   1491 3
   1492 3
   1493 3
   1494 3
   1495 3
   1496 3
   1497 3
   1498 3
   1499 3
   1500 3
   1501 3
   1502 3
   1503 3
   1504 3
   1505 3
   1506 3
   1507 3
   1508 3
   1509 3
   1510 3
   1511 3
   1512 3
   1513 3
   1514 3
   1515 3
   1516 3
   1517 3
   1518 3
   1519 3
   1520 3
   1521 3
   1522 3
   1523 3
   1524 3
   1525 3
   1526 3
   1527 3
   1528 3
   1529 3
   1530 3
   1531 3
   1532 3
   1533 3
   1534 3
   1535 3
   1536 3
   1537 3
   1538 3
   1539 3
   1540 3
   1541 3
   1542 3
   1543 3
   1544 3
   1545 3
   1546 3
   1547 3
   1548 3
   1549 3
   1550 3
   1551 3
   1552 3
   1553 3
   1554 3
   1555 3
   1556 3
   1557 3
   1558 3
   1559 3
   1560 3
   1561 3
   1562 3
   1563 3
   1564 3
   1565 3
   1566 3
   1567 3
   1568 3
   1569 3
   1570 3
   1571 3
   1572 3
   1573 3
   1574 3
   1575 3
   1576 3
   1577 3
   1578 3
   1579 3
   1580 3
   1581 3
   1582 3
   1583 3
   1584 3
   1585 3
   1586 3
   1587 3
   1588 3
   1589 3
   1590 3
   1591 3
   1592 3
   1593 3
   1594 3
   1595 3
   1596 3
   1597 3
   1598 3
   1599 3
   1600 3
   1601 3
   1602 3
   1603 3
   1604 3
   1605 3
   1606 3
   1607 3
   1608 3
   1609 3
   1610 3
   1611 3
   1612 3
   1613 3
   1614 3
   1615 3
   1616 3
   1617 3
   1618 3
   1619 3
   1620 3
   1621 3
   1622 3
   1623 3
   1624 3
   1625 3
   1626 3
   1627 3
   1628 3
   1629 3
   1630 3
   1631 3
   1632 3
   1633 3
   1634 3
   1635 3
   1636 3
   1637 3
   1638 3
   1639 3
   1640 3
   1641 3
   1642 3
   1643 3
   1644 3
   1645 3
   1646 3
   1647 3
   1648 3
   1649 3
   1650 3
   1651 3
   1652 3
   1653 3
   1654 3
   1655 3
   1656 3
   1657 3
   1658 3
   1659 3
   1660 3
   1661 3
   1662 3
   1663 3
   1664 3
   1665 3
   1666 3
   1667 3
   1668 3
   1669 3
   1670 3
   1671 3
   1672 3
   1673 3
   1674 3
   1675 3
   1676 3
   1677 3
   1678 3
   1679 3
   1680 3
   1681 3
   1682 3
   1683 3
   1684 3
   1685 3
   1686 3
   1687 3
   1688 3
   1689 3
   1690 3
   1691 3
   1692 3
   1693 3
   1694 3
   1695 3
   1696 3
   1697 3
   1698 3
   1699 3
   1700 3
   1701 3
   1702 3
   1703 3
   1704 3
   1705 3
   1706 3
   1707 3
   1708 3
   1709 3
   1710 3
   1711 3
   1712 3
   1713 3
   1714 3
   1715 3
   1716 3
   1717 3
   1718 3
   1719 3
   1720 3
   1721 3
   1722 3
   1723 3
   1724 3
   1725 3
   1726 3
   1727 3
   1728 3
   1729 3
   1730 3
   1731 3
   1732 3
   1733 3
   1734 3
   1735 3
   1736 3
   1737 3
   1738 3
   1739 3
   1740 3
   1741 3
   1742 3
   1743 3
   1744 3
   1745 3
   1746 3
   1747 3
   1748 3
   1749 3
   1750 3
   1751 3
   1752 3
   1753 3
   1754 3
   1755 3
   1756 3
   1757 3
   1758 3
   1759 3
   1760 3
   1761 3
   1762 3
   1763 3
   1764 3
   1765 3
   1766 3
   1767 3
   1768 3
   1769 3
   1770 3
   1771 3
   1772 3
   1773 3
   1774 3
   1775 3
   1776 3
   1777 3
   1778 3
   1779 3
   1780 3
   1781 3
   1782 3
   1783 3
   1784 3
   1785 3
   1786 3
   1787 3
   1788 3
   1789 3
   1790 3
   1791 3
   1792 3
   1793 3
   1794 3
   1795 3
   1796 3
   1797 3
   1798 3
   1799 3
   1800 3
   1801 3
   1802 3
   1803 3
   1804 3
   1805 3
   1806 3
   1807 3
   1808 3
   1809 3
   1810 3
   1811 3
   1812 3
   1813 3
   1814 3
   1815 3
   1816 3
   1817 3
   1818 3
   1819 3
   1820 3
   1821 3
   1822 3
   1823 3
  END_NODES_PER_ELEMENT
  ELEMENTS
  1 845 827 830  
  2 827 809 810  
  3 737 756 730  
  4 756 768 744  
  5 821 836 811  
  6 836 846 823  
  7 172 188 175  
  8 188 208 191  
  9 436 458 432  
  10 458 476 453  
  11 768 781 759  
  12 781 795 777  
  13 93 80 82  
  14 80 66 68  
  15 664 680 655  
  16 680 700 677  
  17 967 964 958  
  18 964 962 955  
  19 393 409 389  
  20 409 436 408  
  21 9 15 13  
  22 15 24 23  
  23 795 807 784  
  24 807 821 799  
  25 6 2 5  
  26 2 1 3  
  27 865 875 844  
  28 875 885 864  
  29 965 966 957  
  30 966 967 958  
  31 331 307 311  
  32 307 285 291  
  33 937 941 925  
  34 941 946 931  
  35 880 861 863  
  36 861 845 847  
  37 24 34 23  
  38 34 45 37  
  39 927 917 915  
  40 917 906 904  
  41 952 954 938  
  42 954 959 948  
  43 50 38 41  
  44 38 29 31  
  45 274 296 275  
  46 296 320 298  
  47 962 960 955  
  48 960 956 949  
  49 830 827 810  
  50 830 810 819  
  51 845 830 847  
  52 847 830 819  
  53 810 809 788  
  54 164 143 145  
  55 143 124 127  
  56 811 836 823  
  57 811 823 798  
  58 821 811 799  
  59 799 811 798  
  60 823 846 840  
  61 730 756 744  
  62 730 744 726  
  63 737 730 703  
  64 744 768 759  
  65 744 759 726  
  66 175 188 191  
  67 175 191 179  
  68 172 175 153  
  69 191 208 215  
  70 432 458 453  
  71 432 453 424  
  72 436 432 408  
  73 408 432 424  
  74 453 476 482  
  75 124 108 109  
  76 759 781 777  
  77 759 777 748  
  78 777 795 784  
  79 777 784 748  
  80 108 93 96  
  81 61 75 63  
  82 75 91 79  
  83 82 80 68  
  84 82 68 69  
  85 93 82 96  
  86 96 82 95  
  87 68 66 53  
  88 655 680 677  
  89 655 677 650  
  90 664 655 635  
  91 677 700 703  
  92 958 964 955  
  93 958 955 947  
  94 389 409 408  
  95 389 408 385  
  96 393 389 361  
  97 13 15 23  
  98 13 23 19  
  99 9 13 4  
  100 285 261 265  
  101 261 237 240  
  102 5 2 3  
  103 5 3 8  
  104 6 5 11  
  105 3 1 4  
  106 784 807 799  
  107 784 799 774  
  108 844 875 864  
  109 844 864 837  
  110 864 885 878  
  111 311 307 291  
  112 311 291 293  
  113 291 285 265  
  114 291 265 270  
  115 865 844 840  
  116 331 311 338  
  117 957 966 958  
  118 965 957 963  
  119 925 941 931  
  120 925 931 913  
  121 937 925 919  
  122 931 946 940  
  123 863 861 847  
  124 863 847 848  
  125 880 863 886  
  126 819 810 790  
  127 798 823 818  
  128 730 726 701  
  129 179 191 201  
  130 175 179 158  
  131 424 453 460  
  132 759 748 726  
  133 69 68 51  
  134 650 677 673  
  135 655 650 626  
  136 947 955 944  
  137 958 947 951  
  138 385 408 424  
  139 389 385 358  
  140 37 45 49  
  141 34 37 23  
  142 915 917 904  
  143 915 904 900  
  144 904 906 886  
  145 19 23 26  
  146 927 915 930  
  147 13 19 10  
  148 8 3 7  
  149 5 8 12  
  150 774 799 798  
  151 784 774 748  
  152 837 864 857  
  153 844 814 818  
  154 293 291 270  
  155 293 270 277  
  156 277 270 249  
  157 293 277 304  
  158 311 293 330  
  159 700 719 703  
  160 703 719 737  
  161 913 931 924  
  162 925 913 908  
  163 848 847 819  
  164 863 848 870  
  165 900 904 887  
  166 915 900 914  
  167 938 954 948  
  168 938 948 933  
  169 952 938 940  
  170 948 959 953  
  171 270 265 246  
  172 865 840 846  
  173 933 948 939  
  174 938 918 924  
  175 41 38 31  
  176 41 31 35  
  177 50 41 53  
  178 53 41 51  
  179 50 53 66  
  180 53 51 68  
  181 31 29 20  
  182 35 31 22  
  183 41 35 51  
  184 275 296 298  
  185 275 298 278  
  186 274 275 248  
  187 298 320 324  
  188 278 298 303  
  189 275 278 244  
  190 949 956 943  
  191 960 949 955  
  192 788 809 776  
  193 810 788 790  
  194 790 788 764  
  195 145 143 127  
  196 145 127 129  
  197 164 145 166  
  198 127 124 109  
  199 127 109 111  
  200 111 109 95  
  201 127 111 129  
  202 129 111 119  
  203 119 111 99  
  204 129 119 139  
  205 145 129 150  
  206 764 788 755  
  207 790 764 767  
  208 823 840 818  
  209 818 840 844  
  210 961 963 950  
  211 703 730 701  
  212 703 701 673  
  213 153 175 158  
  214 153 158 136  
  215 172 153 142  
  216 215 208 243  
  217 191 215 201  
  218 201 215 224  
  219 482 476 503  
  220 482 503 507  
  221 507 503 531  
  222 507 531 533  
  223 482 507 479  
  224 533 531 565  
  225 507 533 504  
  226 453 482 460  
  227 460 482 479  
  228 460 479 454  
  229 454 479 484  
  230 460 419 424  
  231 136 158 140  
  232 153 136 142  
  233 224 215 243  
  234 201 224 211  
  235 109 108 96  
  236 109 96 95  
  237 95 82 69  
  238 63 75 79  
  239 63 79 71  
  240 79 91 98  
  241 635 655 626  
  242 635 626 603  
  243 71 79 88  
  244 61 63 49  
  245 49 63 54  
  246 61 49 45  
  247 54 63 71  
  248 54 71 62  
  249 49 54 37  
  250 664 635 642  
  251 642 635 611  
  252 611 635 603  
  253 611 603 579  
  254 642 611 619  
  255 619 611 588  
  256 579 603 573  
  257 611 579 588  
  258 588 579 560  
  259 619 588 591  
  260 591 588 560  
  261 560 579 550  
  262 361 389 358  
  263 361 358 332  
  264 393 361 351  
  265 603 626 594  
  266 332 358 334  
  267 361 332 324  
  268 505 473 483  
  269 265 261 240  
  270 265 240 246  
  271 246 240 221  
  272 221 240 220  
  273 246 221 223  
  274 240 237 220  
  275 220 237 216  
  276 220 216 195  
  277 195 216 192  
  278 220 197 221  
  279 195 192 166  
  280 473 443 451  
  281 561 534 539  
  282 443 413 426  
  283 534 505 512  
  284 413 383 395  
  285 11 5 12  
  286 11 12 20  
  287 6 11 16  
  288 16 11 20  
  289 16 20 29  
  290 623 593 598  
  291 593 561 566  
  292 383 356 362  
  293 356 331 338  
  294 356 338 362  
  295 362 338 330  
  296 330 338 311  
  297 565 591 560  
  298 878 885 899  
  299 864 878 857  
  300 857 878 872  
  301 872 878 899  
  302 857 872 852  
  303 919 925 908  
  304 919 908 901  
  305 937 919 923  
  306 931 940 924  
  307 924 940 938  
  308 919 901 923  
  309 940 946 952  
  310 901 908 890  
  311 721 694 699  
  312 694 666 662  
  313 886 863 870  
  314 886 870 887  
  315 887 870 869  
  316 869 870 850  
  317 887 869 889  
  318 880 886 906  
  319 819 790 791  
  320 798 818 794  
  321 550 579 573  
  322 550 573 544  
  323 544 573 569  
  324 550 544 520  
  325 560 550 529  
  326 701 726 690  
  327 158 179 163  
  328 179 201 187  
  329 484 479 504  
  330 484 504 497  
  331 504 479 507  
  332 454 484 462  
  333 944 955 949  
  334 944 949 934  
  335 934 949 943  
  336 944 934 928  
  337 304 277 288  
  338 673 677 703  
  339 358 385 357  
  340 626 650 620  
  341 951 947 936  
  342 249 270 246  
  343 249 246 223  
  344 249 223 232  
  345 232 223 203  
  346 249 232 258  
  347 947 944 928  
  348 293 304 330  
  349 330 304 333  
  350 333 304 316  
  351 330 371 362  
  352 650 673 644  
  353 69 51 58  
  354 958 951 957  
  355 957 951 942  
  356 942 951 936  
  357 957 942 950  
  358 277 249 258  
  359 277 258 288  
  360 26 23 37  
  361 930 915 914  
  362 930 914 932  
  363 10 19 18  
  364 573 603 594  
  365 573 594 569  
  366 569 594 592  
  367 620 594 626  
  368 932 914 916  
  369 930 932 943  
  370 943 932 934  
  371 934 932 916  
  372 19 26 27  
  373 927 930 945  
  374 945 930 943  
  375 945 943 956  
  376 13 10 4  
  377 7 3 4  
  378 8 7 14  
  379 12 8 17  
  380 776 749 755  
  381 908 913 896  
  382 749 721 725  
  383 837 857 834  
  384 913 924 905  
  385 870 848 850  
  386 850 848 826  
  387 826 848 819  
  388 850 826 831  
  389 831 826 805  
  390 850 831 855  
  391 869 850 855  
  392 869 855 874  
  393 874 855 853  
  394 869 874 889  
  395 889 874 895  
  396 853 855 833  
  397 874 853 877  
  398 895 874 877  
  399 889 895 900  
  400 887 889 900  
  401 900 895 914  
  402 887 904 886  
  403 953 959 961  
  404 139 119 125  
  405 99 111 95  
  406 99 95 81  
  407 81 95 69  
  408 99 81 86  
  409 948 953 939  
  410 939 953 950  
  411 129 139 150  
  412 150 139 162  
  413 162 139 148  
  414 150 162 174  
  415 119 99 105  
  416 933 939 922  
  417 953 961 950  
  418 504 533 529  
  419 31 20 22  
  420 22 20 12  
  421 35 22 28  
  422 248 275 244  
  423 248 244 224  
  424 248 224 243  
  425 248 243 274  
  426 303 298 324  
  427 303 324 332  
  428 324 320 351  
  429 244 278 256  
  430 278 303 283  
  431 166 145 150  
  432 166 150 174  
  433 166 174 195  
  434 767 764 747  
  435 928 934 916  
  436 164 166 192  
  437 790 767 791  
  438 791 767 770  
  439 770 767 745  
  440 791 770 805  
  441 950 963 957  
  442 140 158 163  
  443 140 163 147  
  444 147 163 169  
  445 140 147 123  
  446 136 140 120  
  447 211 224 244  
  448 201 211 187  
  449 187 211 196  
  450 196 211 225  
  451 187 196 169  
  452 98 91 115  
  453 62 71 78  
  454 520 544 516  
  455 88 79 98  
  456 88 98 110  
  457 110 98 115  
  458 88 110 103  
  459 54 62 42  
  460 550 520 529  
  461 529 520 497  
  462 497 520 491  
  463 529 497 504  
  464 484 497 462  
  465 71 88 78  
  466 544 569 543  
  467 334 358 357  
  468 334 357 337  
  469 337 357 364  
  470 334 337 305  
  471 223 221 200  
  472 332 334 309  
  473 483 473 451  
  474 483 451 459  
  475 539 534 512  
  476 539 512 517  
  477 512 505 483  
  478 512 483 489  
  479 489 483 459  
  480 489 459 466  
  481 512 489 517  
  482 517 489 495  
  483 466 459 437  
  484 489 466 495  
  485 495 466 475  
  486 475 466 439  
  487 495 475 508  
  488 517 495 528  
  489 459 451 429  
  490 451 443 426  
  491 451 426 429  
  492 429 426 400  
  493 400 426 395  
  494 400 395 371  
  495 395 426 413  
  496 371 395 362  
  497 371 330 333  
  498 362 395 383  
  499 400 371 376  
  500 429 400 405  
  501 561 539 566  
  502 566 539 546  
  503 546 539 517  
  504 546 517 528  
  505 546 528 556  
  506 556 528 536  
  507 546 556 576  
  508 566 546 576  
  509 566 576 598  
  510 598 576 608  
  511 566 598 593  
  512 608 576 582  
  513 598 608 630  
  514 582 576 556  
  515 582 556 562  
  516 562 556 536  
  517 562 536 547  
  518 582 562 595  
  519 547 536 515  
  520 562 547 578  
  521 595 562 578  
  522 595 578 610  
  523 582 595 615  
  524 610 578 590  
  525 595 610 627  
  526 515 536 508  
  527 515 508 486  
  528 508 536 528  
  529 486 508 475  
  530 486 475 455  
  531 515 486 496  
  532 508 528 495  
  533 455 475 439  
  534 455 439 427  
  535 486 455 465  
  536 427 439 410  
  537 455 427 435  
  538 547 515 527  
  539 578 547 557  
  540 608 582 615  
  541 608 615 634  
  542 634 615 646  
  543 608 634 630  
  544 630 634 662  
  545 646 615 627  
  546 646 627 658  
  547 658 627 638  
  548 646 658 676  
  549 627 615 595  
  550 634 646 662  
  551 658 638 669  
  552 646 676 662  
  553 638 627 610  
  554 638 610 622  
  555 622 610 590  
  556 622 590 604  
  557 638 622 652  
  558 604 590 571  
  559 622 604 637  
  560 652 622 637  
  561 652 637 667  
  562 667 637 653  
  563 652 667 683  
  564 638 652 669  
  565 669 652 683  
  566 669 683 693  
  567 693 683 716  
  568 669 693 679  
  569 676 658 679  
  570 679 658 669  
  571 676 679 706  
  572 706 679 718  
  573 676 706 699  
  574 716 683 697  
  575 693 716 718  
  576 598 630 623  
  577 623 630 666  
  578 604 571 586  
  579 571 590 557  
  580 571 557 540  
  581 540 557 527  
  582 571 540 554  
  583 540 527 511  
  584 557 590 578  
  585 637 604 621  
  586 465 455 435  
  587 486 465 496  
  588 496 465 478  
  589 478 465 447  
  590 496 478 511  
  591 511 478 490  
  592 490 478 461  
  593 511 490 523  
  594 316 304 288  
  595 316 288 301  
  596 301 288 271  
  597 316 301 329  
  598 333 316 348  
  599 376 371 333  
  600 400 376 405  
  601 405 376 379  
  602 379 376 348  
  603 405 379 410  
  604 410 379 397  
  605 405 410 437  
  606 397 379 365  
  607 410 397 427  
  608 427 397 406  
  609 437 410 439  
  610 405 437 429  
  611 406 397 375  
  612 427 406 435  
  613 435 406 417  
  614 437 439 466  
  615 429 437 459  
  616 417 406 381  
  617 435 417 447  
  618 447 417 431  
  619 435 447 465  
  620 431 417 402  
  621 447 431 461  
  622 461 431 444  
  623 447 461 478  
  624 444 431 411  
  625 461 444 477  
  626 375 397 365  
  627 375 365 347  
  628 347 365 329  
  629 375 347 355  
  630 406 375 381  
  631 381 375 355  
  632 381 355 373  
  633 373 355 340  
  634 381 373 402  
  635 402 373 380  
  636 380 373 352  
  637 402 380 411  
  638 411 380 403  
  639 402 411 431  
  640 403 380 372  
  641 411 403 433  
  642 444 411 433  
  643 444 433 463  
  644 463 433 449  
  645 444 463 477  
  646 461 477 490  
  647 490 477 509  
  648 509 477 492  
  649 490 509 523  
  650 523 509 537  
  651 537 509 522  
  652 523 537 554  
  653 492 477 463  
  654 492 463 481  
  655 481 463 449  
  656 481 449 467  
  657 492 481 513  
  658 467 449 438  
  659 481 467 500  
  660 509 492 522  
  661 522 492 513  
  662 522 513 541  
  663 541 513 530  
  664 522 541 552  
  665 530 513 500  
  666 530 500 518  
  667 518 500 487  
  668 530 518 548  
  669 541 530 558  
  670 552 541 572  
  671 522 552 537  
  672 537 552 567  
  673 567 552 584  
  674 537 567 554  
  675 554 567 586  
  676 586 567 602  
  677 554 586 571  
  678 602 567 584  
  679 602 584 618  
  680 586 602 621  
  681 618 584 601  
  682 602 618 643  
  683 584 552 572  
  684 584 572 601  
  685 601 572 583  
  686 583 572 558  
  687 583 558 574  
  688 574 558 548  
  689 574 548 563  
  690 583 574 609  
  691 548 558 530  
  692 601 583 616  
  693 563 548 535  
  694 574 563 597  
  695 609 574 597  
  696 583 609 616  
  697 616 609 640  
  698 640 609 624  
  699 616 640 649  
  700 624 609 597  
  701 624 597 617  
  702 617 597 585  
  703 624 617 647  
  704 640 624 654  
  705 649 640 668  
  706 616 649 633  
  707 585 597 563  
  708 585 563 553  
  709 553 563 535  
  710 585 553 575  
  711 617 585 607  
  712 647 617 641  
  713 624 647 654  
  714 654 647 675  
  715 675 647 665  
  716 654 675 686  
  717 665 647 641  
  718 665 641 659  
  719 659 641 628  
  720 665 659 689  
  721 675 665 695  
  722 686 675 705  
  723 654 686 668  
  724 668 686 698  
  725 628 641 607  
  726 628 607 599  
  727 599 607 575  
  728 628 599 625  
  729 575 607 585  
  730 659 628 651  
  731 689 659 684  
  732 665 689 695  
  733 695 689 715  
  734 715 689 708  
  735 695 715 723  
  736 708 689 684  
  737 708 684 702  
  738 702 684 674  
  739 708 702 731  
  740 715 708 736  
  741 723 715 743  
  742 695 723 705  
  743 705 723 734  
  744 698 686 714  
  745 668 698 681  
  746 601 616 633  
  747 601 633 618  
  748 618 633 648  
  749 648 633 661  
  750 618 648 643  
  751 535 548 518  
  752 535 518 506  
  753 506 518 487  
  754 506 487 472  
  755 535 506 526  
  756 472 487 457  
  757 506 472 494  
  758 702 674 696  
  759 708 731 736  
  760 736 731 757  
  761 757 731 751  
  762 736 757 763  
  763 674 684 651  
  764 674 651 645  
  765 731 702 724  
  766 526 506 494  
  767 526 494 519  
  768 535 526 553  
  769 553 526 545  
  770 545 526 519  
  771 545 519 538  
  772 553 545 575  
  773 538 519 510  
  774 545 538 568  
  775 575 545 568  
  776 575 568 599  
  777 599 568 589  
  778 589 568 559  
  779 599 589 625  
  780 734 723 753  
  781 751 731 724  
  782 751 724 746  
  783 746 724 717  
  784 751 746 773  
  785 763 757 782  
  786 705 734 714  
  787 705 714 686  
  788 714 734 740  
  789 740 734 760  
  790 714 740 720  
  791 757 751 778  
  792 736 763 743  
  793 743 763 771  
  794 513 481 500  
  795 355 347 327  
  796 746 717 739  
  797 751 773 778  
  798 778 773 802  
  799 802 773 792  
  800 778 802 801  
  801 717 724 696  
  802 717 696 691  
  803 773 746 766  
  804 417 381 402  
  805 340 355 327  
  806 340 327 310  
  807 310 327 300  
  808 340 310 325  
  809 373 340 352  
  810 352 340 325  
  811 352 325 343  
  812 343 325 312  
  813 352 343 372  
  814 372 343 353  
  815 353 343 326  
  816 372 353 384  
  817 457 487 467  
  818 457 467 438  
  819 457 438 428  
  820 467 487 500  
  821 428 438 404  
  822 457 428 445  
  823 792 773 766  
  824 792 766 794  
  825 792 794 814  
  826 384 353 377  
  827 645 651 625  
  828 625 651 628  
  829 645 625 613  
  830 613 625 589  
  831 613 589 587  
  832 587 589 559  
  833 613 587 612  
  834 645 613 639  
  835 312 325 297  
  836 494 472 464  
  837 538 510 532  
  838 801 802 824  
  839 326 343 312  
  840 326 312 299  
  841 299 312 282  
  842 326 299 317  
  843 472 457 445  
  844 472 445 464  
  845 464 445 434  
  846 434 445 412  
  847 464 434 456  
  848 802 792 815  
  849 372 384 403  
  850 403 384 421  
  851 421 384 404  
  852 404 384 377  
  853 404 377 398  
  854 421 404 438  
  855 421 438 449  
  856 398 377 366  
  857 404 398 428  
  858 428 398 412  
  859 412 398 382  
  860 428 412 445  
  861 382 398 366  
  862 412 382 407  
  863 382 366 354  
  864 421 449 433  
  865 354 366 335  
  866 382 354 378  
  867 407 382 378  
  868 412 407 434  
  869 434 407 430  
  870 430 407 401  
  871 434 430 456  
  872 456 430 450  
  873 450 430 422  
  874 456 450 480  
  875 401 407 378  
  876 401 378 374  
  877 374 378 350  
  878 401 374 399  
  879 430 401 422  
  880 422 401 399  
  881 422 399 423  
  882 423 399 391  
  883 422 448 450  
  884 391 399 370  
  885 423 391 416  
  886 350 378 354  
  887 350 354 328  
  888 328 354 335  
  889 328 335 306  
  890 350 328 323  
  891 306 335 317  
  892 328 306 302  
  893 374 350 345  
  894 399 374 370  
  895 370 374 345  
  896 370 345 342  
  897 306 317 287  
  898 480 450 474  
  899 456 480 485  
  900 323 328 302  
  901 350 323 345  
  902 345 323 318  
  903 318 323 295  
  904 345 318 342  
  905 403 421 433  
  906 323 302 295  
  907 295 302 273  
  908 273 302 279  
  909 295 273 267  
  910 318 295 290  
  911 370 342 369  
  912 273 279 254  
  913 295 267 290  
  914 290 267 262  
  915 262 267 241  
  916 290 262 286  
  917 279 302 306  
  918 279 306 287  
  919 279 287 259  
  920 259 287 268  
  921 279 259 254  
  922 254 259 233  
  923 233 259 245  
  924 254 233 230  
  925 245 259 268  
  926 245 268 253  
  927 253 268 282  
  928 245 253 228  
  929 233 245 219  
  930 230 233 210  
  931 254 230 251  
  932 228 253 235  
  933 245 228 219  
  934 219 228 204  
  935 204 228 214  
  936 219 204 194  
  937 214 228 235  
  938 214 235 226  
  939 226 235 252  
  940 214 226 202  
  941 204 214 189  
  942 219 194 210  
  943 267 273 251  
  944 251 273 254  
  945 267 251 241  
  946 194 204 180  
  947 268 287 299  
  948 335 366 349  
  949 262 241 236  
  950 290 286 315  
  951 202 226 213  
  952 286 262 260  
  953 252 235 264  
  954 226 252 239  
  955 214 202 189  
  956 189 202 178  
  957 178 202 190  
  958 189 178 167  
  959 510 519 485  
  960 674 645 670  
  961 568 538 559  
  962 559 538 532  
  963 559 532 555  
  964 555 532 521  
  965 559 555 587  
  966 587 555 580  
  967 580 555 549  
  968 587 580 612  
  969 778 801 782  
  970 782 801 806  
  971 353 326 349  
  972 353 349 377  
  973 377 349 366  
  974 852 872 867  
  975 174 162 182  
  976 792 814 815  
  977 815 814 837  
  978 190 202 213  
  979 190 213 207  
  980 207 213 231  
  981 190 207 184  
  982 148 139 125  
  983 148 125 138  
  984 138 125 116  
  985 148 138 161  
  986 380 352 372  
  987 613 612 639  
  988 639 612 636  
  989 636 612 606  
  990 639 636 663  
  991 606 612 580  
  992 606 580 577  
  993 577 580 549  
  994 606 577 605  
  995 636 606 632  
  996 663 636 660  
  997 639 663 670  
  998 670 663 691  
  999 691 663 688  
  1000 670 691 696  
  1001 670 696 674  
  1002 688 663 660  
  1003 688 660 687  
  1004 687 660 656  
  1005 688 687 710  
  1006 656 660 632  
  1007 656 632 629  
  1008 687 656 678  
  1009 688 710 712  
  1010 656 629 657  
  1011 710 687 709  
  1012 629 632 605  
  1013 605 632 606  
  1014 629 605 600  
  1015 600 605 581  
  1016 629 600 631  
  1017 691 688 712  
  1018 691 712 717  
  1019 717 712 739  
  1020 167 178 155  
  1021 857 852 834  
  1022 834 852 824  
  1023 824 852 842  
  1024 834 824 802  
  1025 801 824 806  
  1026 554 540 523  
  1027 178 190 168  
  1028 162 148 176  
  1029 814 794 818  
  1030 814 844 837  
  1031 189 167 180  
  1032 180 167 156  
  1033 890 908 896  
  1034 890 896 876  
  1035 876 896 884  
  1036 890 876 868  
  1037 491 520 516  
  1038 491 516 488  
  1039 488 516 514  
  1040 491 488 452  
  1041 317 299 287  
  1042 662 666 630  
  1043 282 312 297  
  1044 282 297 264  
  1045 282 264 253  
  1046 253 264 235  
  1047 699 694 662  
  1048 699 662 676  
  1049 745 767 747  
  1050 745 747 718  
  1051 718 732 706  
  1052 745 718 716  
  1053 693 718 679  
  1054 299 282 268  
  1055 901 890 881  
  1056 497 491 462  
  1057 326 317 349  
  1058 771 763 789  
  1059 721 699 725  
  1060 725 699 706  
  1061 770 745 752  
  1062 515 496 527  
  1063 527 496 511  
  1064 743 771 753  
  1065 743 753 723  
  1066 753 771 780  
  1067 780 771 796  
  1068 753 780 760  
  1069 760 780 787  
  1070 787 780 804  
  1071 760 787 775  
  1072 163 179 187  
  1073 169 163 187  
  1074 519 494 485  
  1075 485 494 464  
  1076 485 464 456  
  1077 831 805 808  
  1078 207 231 232  
  1079 190 184 168  
  1080 168 184 161  
  1081 203 223 200  
  1082 640 654 668  
  1083 123 147 132  
  1084 391 370 369  
  1085 391 369 394  
  1086 394 369 363  
  1087 391 394 416  
  1088 416 394 418  
  1089 418 394 388  
  1090 416 418 440  
  1091 363 369 339  
  1092 394 363 388  
  1093 388 363 359  
  1094 359 363 336  
  1095 388 359 386  
  1096 418 388 414  
  1097 440 418 442  
  1098 416 440 441  
  1099 225 211 244  
  1100 325 310 297  
  1101 297 310 280  
  1102 280 310 300  
  1103 297 280 264  
  1104 86 81 72  
  1105 365 379 348  
  1106 690 726 711  
  1107 196 225 209  
  1108 649 668 681  
  1109 258 232 250  
  1110 423 416 441  
  1111 423 441 448  
  1112 448 441 471  
  1113 423 448 422  
  1114 450 448 474  
  1115 474 448 471  
  1116 474 471 493  
  1117 493 471 498  
  1118 474 493 502  
  1119 498 471 468  
  1120 493 498 521  
  1121 493 521 502  
  1122 474 502 480  
  1123 480 502 510  
  1124 510 502 532  
  1125 480 510 485  
  1126 532 502 521  
  1127 471 441 468  
  1128 468 441 440  
  1129 468 440 469  
  1130 469 440 442  
  1131 469 442 470  
  1132 468 469 499  
  1133 470 442 446  
  1134 469 470 501  
  1135 499 469 501  
  1136 468 499 498  
  1137 498 499 525  
  1138 525 499 524  
  1139 498 525 521  
  1140 499 501 524  
  1141 524 501 542  
  1142 525 524 551  
  1143 819 791 826  
  1144 147 169 159  
  1145 855 831 833  
  1146 833 831 808  
  1147 833 808 817  
  1148 817 808 786  
  1149 833 817 853  
  1150 786 808 783  
  1151 817 786 800  
  1152 560 529 533  
  1153 140 123 120  
  1154 120 123 103  
  1155 232 203 207  
  1156 798 794 765  
  1157 99 86 105  
  1158 105 86 92  
  1159 92 86 74  
  1160 105 92 116  
  1161 602 643 621  
  1162 621 643 653  
  1163 621 653 637  
  1164 231 213 239  
  1165 231 239 257  
  1166 701 690 671  
  1167 540 511 523  
  1168 184 207 203  
  1169 805 826 791  
  1170 300 327 319  
  1171 936 947 928  
  1172 720 740 750  
  1173 488 514 470  
  1174 14 10 18  
  1175 581 605 577  
  1176 581 577 551  
  1177 581 551 570  
  1178 570 551 542  
  1179 581 570 600  
  1180 600 570 596  
  1181 596 570 564  
  1182 600 596 631  
  1183 564 570 542  
  1184 596 564 592  
  1185 357 385 387  
  1186 501 470 514  
  1187 58 51 44  
  1188 620 650 644  
  1189 17 8 14  
  1190 491 452 462  
  1191 18 19 27  
  1192 644 673 671  
  1193 671 673 701  
  1194 644 671 631  
  1195 27 26 42  
  1196 877 853 856  
  1197 454 462 425  
  1198 452 488 446  
  1199 69 58 81  
  1200 514 516 543  
  1201 10 14 7  
  1202 10 7 4  
  1203 740 760 775  
  1204 446 442 414  
  1205 916 914 895  
  1206 760 734 753  
  1207 470 446 488  
  1208 12 17 22  
  1209 714 720 698  
  1210 698 720 707  
  1211 707 720 735  
  1212 698 707 681  
  1213 681 707 692  
  1214 692 707 722  
  1215 681 692 661  
  1216 735 720 750  
  1217 735 750 761  
  1218 761 750 779  
  1219 735 761 742  
  1220 707 735 722  
  1221 722 735 742  
  1222 722 742 729  
  1223 729 742 758  
  1224 722 704 692  
  1225 758 742 772  
  1226 729 758 741  
  1227 779 750 775  
  1228 779 775 797  
  1229 797 775 787  
  1230 779 797 793  
  1231 761 779 793  
  1232 742 761 772  
  1233 772 761 793  
  1234 661 692 672  
  1235 681 661 649  
  1236 793 797 820  
  1237 758 772 785  
  1238 729 741 713  
  1239 741 758 769  
  1240 629 631 657  
  1241 755 749 725  
  1242 755 725 732  
  1243 364 357 387  
  1244 364 387 396  
  1245 396 387 419  
  1246 364 396 368  
  1247 755 732 764  
  1248 755 788 776  
  1249 905 924 918  
  1250 138 116 128  
  1251 388 386 414  
  1252 414 386 415  
  1253 415 386 390  
  1254 414 415 446  
  1255 301 271 284  
  1256 233 219 210  
  1257 336 363 339  
  1258 336 339 314  
  1259 314 339 315  
  1260 314 315 286  
  1261 314 286 292  
  1262 292 286 260  
  1263 314 292 321  
  1264 336 314 321  
  1265 336 321 346  
  1266 346 321 322  
  1267 336 346 359  
  1268 359 346 367  
  1269 367 346 341  
  1270 359 367 386  
  1271 386 367 390  
  1272 390 367 360  
  1273 360 367 341  
  1274 360 341 344  
  1275 344 341 308  
  1276 360 344 368  
  1277 360 368 392  
  1278 392 368 396  
  1279 360 392 390  
  1280 390 392 420  
  1281 420 392 425  
  1282 390 420 415  
  1283 415 420 452  
  1284 322 321 294  
  1285 346 322 341  
  1286 341 322 308  
  1287 308 322 294  
  1288 344 308 313  
  1289 368 344 364  
  1290 321 292 294  
  1291 294 292 266  
  1292 266 292 260  
  1293 294 266 272  
  1294 266 260 238  
  1295 272 266 247  
  1296 294 272 308  
  1297 238 260 236  
  1298 266 238 247  
  1299 247 238 222  
  1300 222 238 217  
  1301 247 222 229  
  1302 217 238 236  
  1303 222 217 198  
  1304 229 222 205  
  1305 247 229 255  
  1306 272 247 255  
  1307 272 255 281  
  1308 281 255 263  
  1309 272 281 308  
  1310 263 255 234  
  1311 281 263 289  
  1312 645 639 670  
  1313 661 672 648  
  1314 661 633 649  
  1315 648 672 643  
  1316 896 913 905  
  1317 305 337 313  
  1318 125 119 105  
  1319 705 675 695  
  1320 148 161 176  
  1321 176 161 184  
  1322 316 329 348  
  1323 348 329 365  
  1324 230 210 206  
  1325 922 939 929  
  1326 684 659 651  
  1327 337 364 344  
  1328 161 138 146  
  1329 329 301 319  
  1330 732 725 706  
  1331 732 718 747  
  1332 732 747 764  
  1333 334 305 309  
  1334 309 305 283  
  1335 309 283 303  
  1336 309 303 332  
  1337 782 806 789  
  1338 782 789 763  
  1339 789 806 812  
  1340 812 806 835  
  1341 789 812 796  
  1342 796 812 822  
  1343 271 288 258  
  1344 116 125 105  
  1345 837 834 815  
  1346 815 834 802  
  1347 251 230 227  
  1348 933 922 918  
  1349 672 692 704  
  1350 28 22 17  
  1351 555 521 549  
  1352 549 521 525  
  1353 339 369 342  
  1354 339 342 315  
  1355 793 820 825  
  1356 715 736 743  
  1357 636 632 660  
  1358 396 419 425  
  1359 425 419 454  
  1360 256 278 283  
  1361 617 607 641  
  1362 783 808 805  
  1363 800 786 769  
  1364 667 653 682  
  1365 180 156 170  
  1366 796 771 789  
  1367 35 28 44  
  1368 35 44 51  
  1369 683 667 697  
  1370 820 797 816  
  1371 313 308 281  
  1372 344 313 337  
  1373 244 256 225  
  1374 156 167 144  
  1375 817 800 832  
  1376 780 796 804  
  1377 804 796 822  
  1378 804 822 828  
  1379 828 822 849  
  1380 804 828 816  
  1381 786 783 762  
  1382 419 387 424  
  1383 419 460 454  
  1384 621 604 586  
  1385 757 778 782  
  1386 884 896 905  
  1387 543 569 564  
  1388 541 558 572  
  1389 687 678 709  
  1390 103 110 120  
  1391 120 110 136  
  1392 442 418 414  
  1393 544 543 516  
  1394 656 657 678  
  1395 678 657 690  
  1396 74 86 72  
  1397 74 72 59  
  1398 59 72 58  
  1399 58 72 81  
  1400 74 59 64  
  1401 716 697 727  
  1402 868 876 849  
  1403 231 257 250  
  1404 250 257 271  
  1405 231 250 232  
  1406 271 257 284  
  1407 42 62 56  
  1408 724 702 696  
  1409 842 852 867  
  1410 842 867 858  
  1411 858 867 881  
  1412 842 858 835  
  1413 842 835 806  
  1414 204 189 180  
  1415 547 527 557  
  1416 710 709 738  
  1417 318 290 315  
  1418 318 315 342  
  1419 876 884 860  
  1420 92 74 85  
  1421 88 103 78  
  1422 712 710 733  
  1423 849 822 841  
  1424 62 78 73  
  1425 257 239 269  
  1426 822 812 841  
  1427 890 868 881  
  1428 881 868 858  
  1429 54 42 37  
  1430 828 849 860  
  1431 860 849 876  
  1432 194 180 170  
  1433 824 842 806  
  1434 200 221 197  
  1435 222 198 205  
  1436 812 835 841  
  1437 213 226 239  
  1438 167 155 144  
  1439 144 155 130  
  1440 130 155 146  
  1441 144 130 122  
  1442 122 130 117  
  1443 144 122 134  
  1444 236 241 218  
  1445 162 176 182  
  1446 787 804 816  
  1447 174 182 197  
  1448 197 182 200  
  1449 200 182 176  
  1450 74 64 85  
  1451 85 64 77  
  1452 77 64 60  
  1453 85 77 101  
  1454 766 746 739  
  1455 260 262 236  
  1456 333 348 376  
  1457 239 252 269  
  1458 178 168 155  
  1459 229 205 212  
  1460 198 217 193  
  1461 327 347 319  
  1462 319 347 329  
  1463 252 264 280  
  1464 335 349 317  
  1465 64 59 48  
  1466 525 551 549  
  1467 255 229 234  
  1468 234 229 212  
  1469 234 212 209  
  1470 867 872 891  
  1471 196 209 185  
  1472 387 385 424  
  1473 263 234 242  
  1474 144 134 156  
  1475 156 134 149  
  1476 149 134 126  
  1477 156 149 170  
  1478 170 149 165  
  1479 165 149 141  
  1480 170 165 186  
  1481 126 134 112  
  1482 141 149 126  
  1483 141 126 121  
  1484 121 126 106  
  1485 141 121 137  
  1486 186 165 183  
  1487 165 141 160  
  1488 170 186 194  
  1489 106 126 112  
  1490 106 112 94  
  1491 94 112 101  
  1492 106 94 87  
  1493 121 106 102  
  1494 137 121 118  
  1495 141 137 160  
  1496 160 137 154  
  1497 154 137 133  
  1498 160 154 177  
  1499 112 134 122  
  1500 112 122 101  
  1501 186 183 206  
  1502 160 177 183  
  1503 183 165 160  
  1504 87 94 76  
  1505 132 147 159  
  1506 713 741 728  
  1507 922 929 912  
  1508 752 745 716  
  1509 877 856 879  
  1510 281 289 313  
  1511 313 289 305  
  1512 542 551 524  
  1513 542 501 514  
  1514 905 918 897  
  1515 704 722 729  
  1516 704 729 713  
  1517 704 713 685  
  1518 685 713 682  
  1519 685 682 653  
  1520 704 685 672  
  1521 672 685 643  
  1522 85 101 104  
  1523 258 250 271  
  1524 301 284 319  
  1525 227 230 206  
  1526 77 60 76  
  1527 280 300 269  
  1528 280 269 252  
  1529 750 740 775  
  1530 769 758 785  
  1531 161 146 168  
  1532 168 146 155  
  1533 671 690 657  
  1534 117 130 128  
  1535 128 130 146  
  1536 122 117 101  
  1537 101 117 104  
  1538 104 117 128  
  1539 690 711 678  
  1540 592 564 569  
  1541 592 594 620  
  1542 592 620 614  
  1543 614 620 644  
  1544 614 644 631  
  1545 592 614 596  
  1546 596 614 631  
  1547 138 128 146  
  1548 154 133 151  
  1549 901 881 902  
  1550 918 938 933  
  1551 60 64 48  
  1552 60 48 47  
  1553 47 48 36  
  1554 60 47 57  
  1555 36 48 46  
  1556 47 36 33  
  1557 57 47 43  
  1558 60 57 76  
  1559 106 87 102  
  1560 102 87 84  
  1561 84 87 70  
  1562 102 84 100  
  1563 123 132 107  
  1564 300 319 284  
  1565 300 284 269  
  1566 269 284 257  
  1567 770 752 783  
  1568 798 765 774  
  1569 425 462 420  
  1570 206 210 186  
  1571 711 726 748  
  1572 564 542 543  
  1573 128 116 104  
  1574 159 169 185  
  1575 58 44 46  
  1576 289 263 276  
  1577 785 772 803  
  1578 741 769 754  
  1579 251 227 241  
  1580 241 227 218  
  1581 218 227 199  
  1582 101 77 94  
  1583 209 225 242  
  1584 929 939 950  
  1585 765 794 766  
  1586 856 853 817  
  1587 133 137 118  
  1588 133 118 114  
  1589 114 118 100  
  1590 133 114 131  
  1591 177 154 173  
  1592 825 820 843  
  1593 198 193 173  
  1594 173 193 177  
  1595 107 132 113  
  1596 843 820 838  
  1597 733 710 738  
  1598 879 856 859  
  1599 56 62 73  
  1600 36 46 28  
  1601 118 121 102  
  1602 133 131 151  
  1603 151 131 152  
  1604 152 131 135  
  1605 151 152 171  
  1606 135 131 113  
  1607 135 113 132  
  1608 152 135 157  
  1609 171 152 181  
  1610 151 171 173  
  1611 860 884 871  
  1612 85 104 92  
  1613 92 104 116  
  1614 785 803 813  
  1615 185 209 212  
  1616 70 87 76  
  1617 70 76 57  
  1618 762 783 752  
  1619 73 78 90  
  1620 728 741 754  
  1621 57 43 55  
  1622 738 709 748  
  1623 289 276 305  
  1624 897 918 907  
  1625 46 48 59  
  1626 46 59 58  
  1627 832 800 813  
  1628 891 872 899  
  1629 76 94 77  
  1630 47 33 43  
  1631 816 797 787  
  1632 242 234 209  
  1633 212 205 181  
  1634 902 881 891  
  1635 727 697 728  
  1636 727 728 754  
  1637 193 217 218  
  1638 912 929 921  
  1639 100 84 83  
  1640 793 825 803  
  1641 123 107 103  
  1642 42 56 39  
  1643 877 879 894  
  1644 712 733 739  
  1645 739 733 765  
  1646 33 36 25  
  1647 825 843 854  
  1648 131 114 113  
  1649 786 754 769  
  1650 196 185 169  
  1651 754 786 762  
  1652 754 762 727  
  1653 197 220 195  
  1654 197 195 174  
  1655 154 151 173  
  1656 236 218 217  
  1657 713 728 682  
  1658 84 70 65  
  1659 667 682 697  
  1660 867 891 881  
  1661 902 891 910  
  1662 803 772 793  
  1663 905 897 884  
  1664 817 832 856  
  1665 849 841 868  
  1666 820 816 838  
  1667 263 242 276  
  1668 901 902 923  
  1669 716 727 752  
  1670 922 912 907  
  1671 102 100 118  
  1672 57 55 70  
  1673 84 65 83  
  1674 171 181 205  
  1675 42 39 27  
  1676 157 135 132  
  1677 785 813 800  
  1678 912 921 903  
  1679 903 921 909  
  1680 912 903 893  
  1681 909 921 926  
  1682 893 903 883  
  1683 912 893 907  
  1684 926 921 935  
  1685 883 903 892  
  1686 893 883 873  
  1687 935 921 929  
  1688 926 935 942  
  1689 942 935 950  
  1690 892 903 909  
  1691 873 883 854  
  1692 935 929 950  
  1693 892 909 898  
  1694 898 909 920  
  1695 892 898 882  
  1696 920 909 926  
  1697 898 920 911  
  1698 882 898 879  
  1699 882 879 859  
  1700 882 859 866  
  1701 866 859 839  
  1702 882 866 892  
  1703 839 859 832  
  1704 866 829 854  
  1705 911 920 928  
  1706 898 894 879  
  1707 33 25 21  
  1708 21 25 14  
  1709 21 14 18  
  1710 33 21 30  
  1711 30 21 18  
  1712 33 30 43  
  1713 883 892 866  
  1714 920 926 936  
  1715 920 936 928  
  1716 859 856 832  
  1717 860 871 851  
  1718 851 862 838  
  1719 851 838 816  
  1720 860 851 828  
  1721 897 907 888  
  1722 888 907 893  
  1723 897 888 871  
  1724 877 894 895  
  1725 152 157 181  
  1726 73 90 89  
  1727 89 90 107  
  1728 73 89 67  
  1729 67 89 83  
  1730 73 67 56  
  1731 100 83 97  
  1732 97 83 89  
  1733 100 97 114  
  1734 825 854 829  
  1735 829 866 839  
  1736 825 829 803  
  1737 107 113 89  
  1738 89 113 97  
  1739 871 884 897  
  1740 907 918 922  
  1741 894 898 911  
  1742 90 78 103  
  1743 854 843 873  
  1744 893 873 888  
  1745 843 838 862  
  1746 862 851 871  
  1747 843 862 873  
  1748 813 803 829  
  1749 25 36 28  
  1750 55 43 40  
  1751 40 43 30  
  1752 55 40 52  
  1753 52 40 39  
  1754 55 52 65  
  1755 65 52 67  
  1756 55 65 70  
  1757 39 56 52  
  1758 173 171 198  
  1759 858 868 841  
  1760 83 65 67  
  1761 181 157 185  
  1762 276 242 256  
  1763 114 97 113  
  1764 324 351 361  
  1765 210 194 186  
  1766 40 30 32  
  1767 32 30 18  
  1768 40 32 39  
  1769 39 32 27  
  1770 27 32 18  
  1771 514 543 542  
  1772 183 177 199  
  1773 199 177 193  
  1774 183 199 206  
  1775 738 774 765  
  1776 738 765 733  
  1777 56 67 52  
  1778 841 835 858  
  1779 769 785 800  
  1780 132 159 157  
  1781 157 159 185  
  1782 697 682 728  
  1783 206 199 227  
  1784 218 199 193  
  1785 678 711 709  
  1786 709 711 748  
  1787 203 200 176  
  1788 205 198 171  
  1789 766 739 765  
  1790 936 926 942  
  1791 895 894 916  
  1792 653 643 685  
  1793 783 805 770  
  1794 577 549 551  
  1795 256 283 276  
  1796 657 631 671  
  1797 862 871 888  
  1798 862 888 873  
  1799 26 37 42  
  1800 446 415 452  
  1801 17 14 25  
  1802 17 25 28  
  1803 90 103 107  
  1804 828 851 816  
  1805 894 911 916  
  1806 916 911 928  
  1807 829 839 813  
  1808 276 283 305  
  1809 533 565 560  
  1810 396 425 392  
  1811 813 839 832  
  1812 44 28 46  
  1813 225 256 242  
  1814 883 866 854  
  1815 752 727 762  
  1816 899 910 891  
  1817 142 136 110  
  1818 142 110 115  
  1819 738 748 774  
  1820 910 923 902  
  1821 452 420 462  
  1822 181 185 212  
  1823 176 184 203  
  END_ELEMENTS  
  COORDINATES  
   1   4.389831e+00 -6.889174e+00   
   2   4.135593e+00 -6.821896e+00   
   3   4.332583e+00 -6.591500e+00   
   4   4.728814e+00 -6.881037e+00   
   5   4.078345e+00 -6.524222e+00   
   6   3.881356e+00 -6.754618e+00   
   7   4.587124e+00 -6.387478e+00   
   8   4.278575e+00 -6.281583e+00   
   9   5.067797e+00 -6.872899e+00   
   10   4.882733e+00 -6.368940e+00   
   11   3.788096e+00 -6.454372e+00   
   12   3.958034e+00 -6.221003e+00   
   13   5.132399e+00 -6.578766e+00   
   14   4.542873e+00 -6.071525e+00   
   15   5.322034e+00 -6.812703e+00   
   16   3.518158e+00 -6.545455e+00   
   17   4.171376e+00 -5.970476e+00   
   18   4.951998e+00 -6.047277e+00   
   19   5.193672e+00 -6.270568e+00   
   20   3.504587e+00 -6.226564e+00   
   21   4.618648e+00 -5.780393e+00   
   22   3.729086e+00 -5.938919e+00   
   23   5.489488e+00 -6.518504e+00   
   24   5.576271e+00 -6.752506e+00   
   25   4.309659e+00 -5.664532e+00   
   26   5.515709e+00 -6.219069e+00   
   27   5.350483e+00 -5.956799e+00   
   28   3.910390e+00 -5.598586e+00   
   29   3.177559e+00 -6.222222e+00   
   30   4.873477e+00 -5.570723e+00   
   31   3.335895e+00 -5.946369e+00   
   32   5.184715e+00 -5.683195e+00   
   33   4.564481e+00 -5.454873e+00   
   34   5.830508e+00 -6.654482e+00   
   35   3.494232e+00 -5.670516e+00   
   36   4.255545e+00 -5.339012e+00   
   37   5.848644e+00 -6.284187e+00   
   38   3.020983e+00 -5.991040e+00   
   39   5.434314e+00 -5.596216e+00   
   40   5.136394e+00 -5.394990e+00   
   41   3.179319e+00 -5.715187e+00   
   42   5.740540e+00 -5.877261e+00   
   43   4.819878e+00 -5.243210e+00   
   44   3.585421e+00 -5.365115e+00   
   45   6.084746e+00 -6.556458e+00   
   46   3.867050e+00 -5.211369e+00   
   47   4.510171e+00 -5.129426e+00   
   48   4.202073e+00 -5.013587e+00   
   49   6.165946e+00 -6.240640e+00   
   50   2.864407e+00 -5.759858e+00   
   51   3.246975e+00 -5.354640e+00   
   52   5.432779e+00 -5.244858e+00   
   53   3.003857e+00 -5.502397e+00   
   54   6.113570e+00 -5.922896e+00   
   55   5.073199e+00 -5.031739e+00   
   56   5.767682e+00 -5.458317e+00   
   57   4.763384e+00 -4.918135e+00   
   58   3.442641e+00 -5.054862e+00   
   59   3.859461e+00 -4.889949e+00   
   60   4.453542e+00 -4.805179e+00   
   61   6.427858e+00 -6.383838e+00   
   62   6.085549e+00 -5.596158e+00   
   63   6.403624e+00 -6.062799e+00   
   64   4.145088e+00 -4.688632e+00   
   65   5.322759e+00 -4.860718e+00   
   66   2.694915e+00 -5.411614e+00   
   67   5.711537e+00 -5.063850e+00   
   68   2.900333e+00 -5.197489e+00   
   69   3.123019e+00 -4.976913e+00   
   70   5.041469e+00 -4.688235e+00   
   71   6.379390e+00 -5.741761e+00   
   72   3.587998e+00 -4.730061e+00   
   73   6.063487e+00 -5.267025e+00   
   74   3.835061e+00 -4.576581e+00   
   75   6.680031e+00 -6.227883e+00   
   76   4.761457e+00 -4.517330e+00   
   77   4.399351e+00 -4.479925e+00   
   78   6.359359e+00 -5.412885e+00   
   79   6.655797e+00 -5.906844e+00   
   80   2.604841e+00 -5.170454e+00   
   81   3.275447e+00 -4.670141e+00   
   82   2.810259e+00 -4.956328e+00   
   83   5.613490e+00 -4.701964e+00   
   84   5.331354e+00 -4.530869e+00   
   85   4.090207e+00 -4.367506e+00   
   86   3.527381e+00 -4.458773e+00   
   87   5.050667e+00 -4.358519e+00   
   88   6.664134e+00 -5.578944e+00   
   89   6.069026e+00 -4.850220e+00   
   90   6.337790e+00 -5.083623e+00   
   91   6.932203e+00 -6.071928e+00   
   92   3.781406e+00 -4.251516e+00   
   93   2.514767e+00 -4.929293e+00   
   94   4.768718e+00 -4.187465e+00   
   95   2.974861e+00 -4.545496e+00   
   96   2.681231e+00 -4.700253e+00   
   97   5.902700e+00 -4.543058e+00   
   98   6.940541e+00 -5.744028e+00   
   99   3.217025e+00 -4.350023e+00   
   100   5.620460e+00 -4.372077e+00   
   101   4.399236e+00 -4.062997e+00   
   102   5.338110e+00 -4.201560e+00   
   103   6.679977e+00 -5.181488e+00   
   104   4.032262e+00 -4.042699e+00   
   105   3.472312e+00 -4.142224e+00   
   106   5.057062e+00 -4.028802e+00   
   107   6.485210e+00 -4.818442e+00   
   108   2.435350e+00 -4.644638e+00   
   109   2.670917e+00 -4.425510e+00   
   110   7.063423e+00 -5.456190e+00   
   111   2.915595e+00 -4.224145e+00   
   112   4.778563e+00 -3.858498e+00   
   113   6.259471e+00 -4.463549e+00   
   114   5.921516e+00 -4.225430e+00   
   115   7.271186e+00 -5.820991e+00   
   116   3.708337e+00 -3.878771e+00   
   117   4.219597e+00 -3.802038e+00   
   118   5.630112e+00 -4.040879e+00   
   119   3.163691e+00 -4.027748e+00   
   120   6.983929e+00 -5.106989e+00   
   121   5.346850e+00 -3.871777e+00   
   122   4.482622e+00 -3.695219e+00   
   123   6.865995e+00 -4.813344e+00   
   124   2.355932e+00 -4.359983e+00   
   125   3.391347e+00 -3.790000e+00   
   126   5.067370e+00 -3.699367e+00   
   127   2.605335e+00 -4.159690e+00   
   128   3.942402e+00 -3.646437e+00   
   129   2.854738e+00 -3.959397e+00   
   130   4.217438e+00 -3.544851e+00   
   131   6.212245e+00 -4.067897e+00   
   132   6.714334e+00 -4.450472e+00   
   133   5.916453e+00 -3.882173e+00   
   134   4.786036e+00 -3.528837e+00   
   135   6.482173e+00 -4.221541e+00   
   136   7.309358e+00 -5.158276e+00   
   137   5.634578e+00 -3.711011e+00   
   138   3.623978e+00 -3.560579e+00   
   139   3.070948e+00 -3.714531e+00   
   140   7.192555e+00 -4.852019e+00   
   141   5.350771e+00 -3.543419e+00   
   142   7.610169e+00 -5.534658e+00   
   143   2.295811e+00 -4.078982e+00   
   144   4.494865e+00 -3.374091e+00   
   145   2.545214e+00 -3.878689e+00   
   146   3.919671e+00 -3.378586e+00   
   147   7.065986e+00 -4.552307e+00   
   148   3.306118e+00 -3.484976e+00   
   149   5.070844e+00 -3.370403e+00   
   150   2.772085e+00 -3.642501e+00   
   151   6.205439e+00 -3.722957e+00   
   152   6.488417e+00 -3.891729e+00   
   153   7.629590e+00 -5.180596e+00   
   154   5.922959e+00 -3.552464e+00   
   155   4.223225e+00 -3.219134e+00   
   156   4.784086e+00 -3.215527e+00   
   157   6.771032e+00 -4.062044e+00   
   158   7.514857e+00 -4.911666e+00   
   159   7.016905e+00 -4.269375e+00   
   160   5.639837e+00 -3.384708e+00   
   161   3.585528e+00 -3.249328e+00   
   162   2.988478e+00 -3.400683e+00   
   163   7.386373e+00 -4.608868e+00   
   164   2.235690e+00 -3.797980e+00   
   165   5.357444e+00 -3.214407e+00   
   166   2.462560e+00 -3.561792e+00   
   167   4.502727e+00 -3.044350e+00   
   168   3.925452e+00 -3.051184e+00   
   169   7.275864e+00 -4.299151e+00   
   170   5.072474e+00 -3.055453e+00   
   171   6.493317e+00 -3.561894e+00   
   172   7.949153e+00 -5.207729e+00   
   173   6.210786e+00 -3.391163e+00   
   174   2.667313e+00 -3.331015e+00   
   175   7.839481e+00 -4.938104e+00   
   176   3.215057e+00 -3.103915e+00   
   177   5.927081e+00 -3.222717e+00   
   178   4.212813e+00 -2.889646e+00   
   179   7.712370e+00 -4.652691e+00   
   180   4.789358e+00 -2.886229e+00   
   181   6.853509e+00 -3.699350e+00   
   182   2.879038e+00 -3.144316e+00   
   183   5.641584e+00 -3.047038e+00   
   184   3.585244e+00 -2.910533e+00   
   185   7.166276e+00 -3.925074e+00   
   186   5.354176e+00 -2.885343e+00   
   187   7.636468e+00 -4.332638e+00   
   188   8.118644e+00 -5.020526e+00   
   189   4.486897e+00 -2.716124e+00   
   190   3.930442e+00 -2.721570e+00   
   191   8.008972e+00 -4.750901e+00   
   192   2.155351e+00 -3.313131e+00   
   193   6.277660e+00 -3.100139e+00   
   194   5.066612e+00 -2.708155e+00   
   195   2.400067e+00 -3.123673e+00   
   196   7.548446e+00 -4.019430e+00   
   197   2.618003e+00 -2.996566e+00   
   198   6.586432e+00 -3.216317e+00   
   199   5.934107e+00 -2.891480e+00   
   200   2.900798e+00 -2.826715e+00   
   201   7.950505e+00 -4.430494e+00   
   202   4.219526e+00 -2.565321e+00   
   203   3.260197e+00 -2.710856e+00   
   204   4.775449e+00 -2.557008e+00   
   205   6.910586e+00 -3.328377e+00   
   206   5.659564e+00 -2.692584e+00   
   207   3.643593e+00 -2.568239e+00   
   208   8.288136e+00 -4.833323e+00   
   209   7.472991e+00 -3.698470e+00   
   210   5.360839e+00 -2.552824e+00   
   211   7.887813e+00 -4.112534e+00   
   212   7.225185e+00 -3.427700e+00   
   213   3.928307e+00 -2.410979e+00   
   214   4.495057e+00 -2.386709e+00   
   215   8.229478e+00 -4.518020e+00   
   216   2.113755e+00 -2.989899e+00   
   217   6.532867e+00 -2.891076e+00   
   218   6.150621e+00 -2.698602e+00   
   219   5.045146e+00 -2.380801e+00   
   220   2.321351e+00 -2.817611e+00   
   221   2.612713e+00 -2.666726e+00   
   222   6.840483e+00 -3.006296e+00   
   223   2.893675e+00 -2.497263e+00   
   224   8.175545e+00 -4.201575e+00   
   225   7.832877e+00 -3.767737e+00   
   226   4.208332e+00 -2.237152e+00   
   227   5.932782e+00 -2.496080e+00   
   228   4.785939e+00 -2.235022e+00   
   229   7.153582e+00 -3.105658e+00   
   230   5.630556e+00 -2.364059e+00   
   231   3.647773e+00 -2.239445e+00   
   232   3.250225e+00 -2.309372e+00   
   233   5.334958e+00 -2.224632e+00   
   234   7.454591e+00 -3.204146e+00   
   235   4.493173e+00 -2.084037e+00   
   236   6.440345e+00 -2.540821e+00   
   237   2.072160e+00 -2.666667e+00   
   238   6.789780e+00 -2.686384e+00   
   239   3.926164e+00 -2.066826e+00   
   240   2.342948e+00 -2.490210e+00   
   241   6.159181e+00 -2.368811e+00   
   242   7.758838e+00 -3.384701e+00   
   243   8.594237e+00 -4.444444e+00   
   244   8.227527e+00 -3.896503e+00   
   245   5.057548e+00 -2.051824e+00   
   246   2.603304e+00 -2.344481e+00   
   247   7.077937e+00 -2.786000e+00   
   248   8.493136e+00 -4.139524e+00   
   249   2.860788e+00 -2.188587e+00   
   250   3.395848e+00 -2.045397e+00   
   251   5.895323e+00 -2.168411e+00   
   252   4.215439e+00 -1.908870e+00   
   253   4.771422e+00 -1.907726e+00   
   254   5.592419e+00 -2.039461e+00   
   255   7.393867e+00 -2.880017e+00   
   256   8.101646e+00 -3.494783e+00   
   257   3.636365e+00 -1.910249e+00   
   258   3.120119e+00 -1.986440e+00   
   259   5.350985e+00 -1.907903e+00   
   260   6.737303e+00 -2.368054e+00   
   261   2.044554e+00 -2.366015e+00   
   262   6.447363e+00 -2.211289e+00   
   263   7.704410e+00 -2.988884e+00   
   264   4.506763e+00 -1.754727e+00   
   265   2.315343e+00 -2.189559e+00   
   266   7.021600e+00 -2.462002e+00   
   267   6.172350e+00 -2.040652e+00   
   268   5.056871e+00 -1.762292e+00   
   269   3.917114e+00 -1.737102e+00   
   270   2.582926e+00 -2.018126e+00   
   271   3.413569e+00 -1.778203e+00   
   272   7.327795e+00 -2.572179e+00   
   273   5.883545e+00 -1.885123e+00   
   274   8.819913e+00 -4.121212e+00   
   275   8.649091e+00 -3.851780e+00   
   276   8.031001e+00 -3.127362e+00   
   277   2.855292e+00 -1.862652e+00   
   278   8.478269e+00 -3.582349e+00   
   279   5.606034e+00 -1.710236e+00   
   280   4.194503e+00 -1.568237e+00   
   281   7.640256e+00 -2.666125e+00   
   282   4.742048e+00 -1.567826e+00   
   283   8.332973e+00 -3.286810e+00   
   284   3.672972e+00 -1.574556e+00   
   285   2.016949e+00 -2.065364e+00   
   286   6.726731e+00 -2.038617e+00   
   287   5.333494e+00 -1.585698e+00   
   288   3.109047e+00 -1.653248e+00   
   289   7.937515e+00 -2.823306e+00   
   290   6.434944e+00 -1.887878e+00   
   291   2.282851e+00 -1.913510e+00   
   292   7.030757e+00 -2.150884e+00   
   293   2.558619e+00 -1.760963e+00   
   294   7.254212e+00 -2.255193e+00   
   295   6.155726e+00 -1.713052e+00   
   296   8.966965e+00 -3.878788e+00   
   297   4.475954e+00 -1.401023e+00   
   298   8.796144e+00 -3.609356e+00   
   299   5.034874e+00 -1.418407e+00   
   300   3.911368e+00 -1.399118e+00   
   301   3.366637e+00 -1.452404e+00   
   302   5.899406e+00 -1.563503e+00   
   303   8.661401e+00 -3.311090e+00   
   304   2.799621e+00 -1.541459e+00   
   305   8.272794e+00 -2.873702e+00   
   306   5.610355e+00 -1.407862e+00   
   307   1.998316e+00 -1.800359e+00   
   308   7.664271e+00 -2.317346e+00   
   309   8.564079e+00 -3.088890e+00   
   310   4.199616e+00 -1.240901e+00   
   311   2.264217e+00 -1.648505e+00   
   312   4.763424e+00 -1.239777e+00   
   313   7.982834e+00 -2.508688e+00   
   314   6.955340e+00 -1.835689e+00   
   315   6.712008e+00 -1.709339e+00   
   316   3.059660e+00 -1.340796e+00   
   317   5.321195e+00 -1.256872e+00   
   318   6.444772e+00 -1.558591e+00   
   319   3.631360e+00 -1.225048e+00   
   320   9.114018e+00 -3.636364e+00   
   321   7.270991e+00 -1.926783e+00   
   322   7.520708e+00 -2.045257e+00   
   323   6.174426e+00 -1.385858e+00   
   324   8.979275e+00 -3.338097e+00   
   325   4.481416e+00 -1.071464e+00   
   326   5.035943e+00 -1.093457e+00   
   327   3.922595e+00 -1.070494e+00   
   328   5.883707e+00 -1.235588e+00   
   329   3.310799e+00 -1.128012e+00   
   330   2.478528e+00 -1.348076e+00   
   331   1.979683e+00 -1.535354e+00   
   332   8.840498e+00 -3.023217e+00   
   333   2.753859e+00 -1.220913e+00   
   334   8.661808e+00 -2.774179e+00   
   335   5.622526e+00 -1.084982e+00   
   336   7.246681e+00 -1.683188e+00   
   337   8.399352e+00 -2.506681e+00   
   338   2.186189e+00 -1.356344e+00   
   339   6.972974e+00 -1.507322e+00   
   340   4.191803e+00 -9.157578e-01   
   341   7.801945e+00 -1.973819e+00   
   342   6.724188e+00 -1.374603e+00   
   343   4.762662e+00 -9.113599e-01   
   344   8.122147e+00 -2.200163e+00   
   345   6.425881e+00 -1.238331e+00   
   346   7.543212e+00 -1.776605e+00   
   347   3.633747e+00 -9.118735e-01   
   348   3.011068e+00 -1.014781e+00   
   349   5.337617e+00 -9.192748e-01   
   350   6.149607e+00 -1.059541e+00   
   351   9.305085e+00 -3.270633e+00   
   352   4.472575e+00 -7.678950e-01   
   353   5.051400e+00 -7.654285e-01   
   354   5.904911e+00 -9.173968e-01   
   355   3.913929e+00 -7.410725e-01   
   356   1.965143e+00 -1.212121e+00   
   357   8.752695e+00 -2.472447e+00   
   358   8.983068e+00 -2.707331e+00   
   359   7.539088e+00 -1.531933e+00   
   360   8.065859e+00 -1.866226e+00   
   361   9.193359e+00 -2.919715e+00   
   362   2.243373e+00 -1.037663e+00   
   363   7.264631e+00 -1.354466e+00   
   364   8.533217e+00 -2.227234e+00   
   365   3.362870e+00 -7.368766e-01   
   366   5.624277e+00 -7.566173e-01   
   367   7.826898e+00 -1.649453e+00   
   368   8.304385e+00 -1.990402e+00   
   369   6.988910e+00 -1.178423e+00   
   370   6.685954e+00 -1.048880e+00   
   371   2.502449e+00 -9.006619e-01   
   372   4.768674e+00 -6.081672e-01   
   373   4.197936e+00 -5.875942e-01   
   374   6.439380e+00 -9.095288e-01   
   375   3.622859e+00 -5.895695e-01   
   376   2.786973e+00 -7.366667e-01   
   377   5.335959e+00 -5.991107e-01   
   378   6.177590e+00 -7.344421e-01   
   379   3.073814e+00 -5.801208e-01   
   380   4.486295e+00 -4.396475e-01   
   381   3.910406e+00 -4.408210e-01   
   382   5.880344e+00 -5.949038e-01   
   383   1.950604e+00 -8.888889e-01   
   384   5.048957e+00 -4.370455e-01   
   385   9.081388e+00 -2.397745e+00   
   386   7.827508e+00 -1.373207e+00   
   387   8.844059e+00 -2.155606e+00   
   388   7.544429e+00 -1.205141e+00   
   389   9.295419e+00 -2.614028e+00   
   390   8.108048e+00 -1.546361e+00   
   391   6.978224e+00 -8.980892e-01   
   392   8.317091e+00 -1.674820e+00   
   393   9.502391e+00 -2.828283e+00   
   394   7.269148e+00 -1.027370e+00   
   395   2.233045e+00 -7.214598e-01   
   396   8.624465e+00 -1.912930e+00   
   397   3.350007e+00 -4.083032e-01   
   398   5.611420e+00 -4.283330e-01   
   399   6.705408e+00 -7.205795e-01   
   400   2.499937e+00 -5.771103e-01   
   401   6.403566e+00 -5.966283e-01   
   402   4.203160e+00 -2.819349e-01   
   403   4.769392e+00 -2.793264e-01   
   404   5.316466e+00 -2.939974e-01   
   405   2.789091e+00 -4.197550e-01   
   406   3.634932e+00 -2.622161e-01   
   407   6.143195e+00 -4.009942e-01   
   408   9.385009e+00 -2.371604e+00   
   409   9.591981e+00 -2.585859e+00   
   410   3.055606e+00 -2.699854e-01   
   411   4.480996e+00 -1.287445e-01   
   412   5.839300e+00 -2.812454e-01   
   413   1.944028e+00 -5.656566e-01   
   414   7.834246e+00 -1.048532e+00   
   415   8.116604e+00 -1.216798e+00   
   416   7.264677e+00 -7.365214e-01   
   417   3.921441e+00 -1.126992e-01   
   418   7.552667e+00 -8.775526e-01   
   419   8.946172e+00 -1.842514e+00   
   420   8.362196e+00 -1.367102e+00   
   421   5.049599e+00 -1.092766e-01   
   422   6.684221e+00 -4.734665e-01   
   423   6.979558e+00 -5.726102e-01   
   424   9.228075e+00 -2.065453e+00   
   425   8.689505e+00 -1.572046e+00   
   426   2.226469e+00 -3.982275e-01   
   427   3.348291e+00 -1.195246e-01   
   428   5.601870e+00 -1.312591e-01   
   429   2.506794e+00 -2.504051e-01   
   430   6.427592e+00 -2.718384e-01   
   431   4.204131e+00  4.670603e-02   
   432   9.465706e+00 -2.147652e+00   
   433   4.757469e+00  4.929894e-02   
   434   6.140447e+00 -1.489134e-01   
   435   3.636380e+00  3.956024e-02   
   436   9.681571e+00 -2.343434e+00   
   437   2.789819e+00 -9.414330e-02   
   438   5.323320e+00  3.447224e-02   
   439   3.074790e+00  5.854966e-02   
   440   7.534363e+00 -5.503723e-01   
   441   7.237175e+00 -4.082469e-01   
   442   7.828857e+00 -6.979989e-01   
   443   1.937452e+00 -2.424242e-01   
   444   4.486730e+00  1.989820e-01   
   445   5.878940e+00  4.529634e-02   
   446   8.118140e+00 -8.547574e-01   
   447   3.915355e+00  1.947998e-01   
   448   6.954650e+00 -2.495004e-01   
   449   5.044700e+00  2.092175e-01   
   450   6.717799e+00 -1.488361e-01   
   451   2.223705e+00 -8.163166e-02   
   452   8.444716e+00 -9.946918e-01   
   453   9.537510e+00 -1.905227e+00   
   454   9.082902e+00 -1.472732e+00   
   455   3.352951e+00  2.068061e-01   
   456   6.436769e+00 -6.106405e-03   
   457   5.585190e+00  1.924366e-01   
   458   9.753375e+00 -2.101010e+00   
   459   2.509958e+00  7.916092e-02   
   460   9.345922e+00 -1.641821e+00   
   461   4.197883e+00  3.390448e-01   
   462   8.804206e+00 -1.162181e+00   
   463   4.760377e+00  3.742494e-01   
   464   6.162871e+00  1.760488e-01   
   465   3.637386e+00  3.706688e-01   
   466   2.797109e+00  2.349516e-01   
   467   5.331462e+00  3.632560e-01   
   468   7.519010e+00 -2.473668e-01   
   469   7.812109e+00 -3.844075e-01   
   470   8.105865e+00 -5.259613e-01   
   471   7.235907e+00 -7.972221e-02   
   472   5.877841e+00  3.415969e-01   
   473   1.938384e+00  8.080808e-02   
   474   6.997871e+00  2.397265e-02   
   475   3.085152e+00  3.873611e-01   
   476   9.825178e+00 -1.858586e+00   
   477   4.466999e+00  5.261644e-01   
   478   3.924964e+00  5.235921e-01   
   479   9.384733e+00 -1.391071e+00   
   480   6.706696e+00  1.773373e-01   
   481   5.046658e+00  5.208863e-01   
   482   9.635605e+00 -1.599802e+00   
   483   2.224637e+00  2.416007e-01   
   484   9.159181e+00 -1.156031e+00   
   485   6.411095e+00  3.219849e-01   
   486   3.350264e+00  5.297756e-01   
   487   5.607663e+00  5.201382e-01   
   488   8.467127e+00 -5.702812e-01   
   489   2.512704e+00  3.957009e-01   
   490   4.219366e+00  6.678010e-01   
   491   8.761033e+00 -7.117504e-01   
   492   4.761367e+00  6.694404e-01   
   493   7.195608e+00  1.715385e-01   
   494   6.162401e+00  5.056669e-01   
   495   2.801679e+00  5.481111e-01   
   496   3.641004e+00  6.831331e-01   
   497   9.087223e+00 -8.889981e-01   
   498   7.474913e+00  7.959477e-02   
   499   7.786605e+00 -5.699906e-02   
   500   5.327453e+00  6.921162e-01   
   501   8.083048e+00 -1.977283e-01   
   502   6.923105e+00  3.413325e-01   
   503   9.893342e+00 -1.535354e+00   
   504   9.439646e+00 -1.086291e+00   
   505   1.939315e+00  4.040404e-01   
   506   5.875400e+00  6.654291e-01   
   507   9.695145e+00 -1.290326e+00   
   508   3.084389e+00  7.163350e-01   
   509   4.485073e+00  8.450595e-01   
   510   6.721777e+00  4.938471e-01   
   511   3.943104e+00  8.442886e-01   
   512   2.229256e+00  5.581415e-01   
   513   5.036003e+00  8.486459e-01   
   514   8.454390e+00 -2.414783e-01   
   515   3.360448e+00  8.544136e-01   
   516   8.743954e+00 -3.977674e-01   
   517   2.519197e+00  7.122426e-01   
   518   5.612234e+00  8.488830e-01   
   519   6.446015e+00  6.722092e-01   
   520   9.041246e+00 -5.398399e-01   
   521   7.327879e+00  4.240850e-01   
   522   4.781785e+00  9.843511e-01   
   523   4.235092e+00  9.968829e-01   
   524   8.008224e+00  1.254860e-01   
   525   7.705422e+00  2.747014e-01   
   526   6.158103e+00  8.312061e-01   
   527   3.654794e+00  1.002441e+00   
   528   2.804014e+00  8.772818e-01   
   529   9.386206e+00 -7.261980e-01   
   530   5.325451e+00  1.001957e+00   
   531   9.961505e+00 -1.212121e+00   
   532   7.012937e+00  6.483324e-01   
   533   9.700092e+00 -9.263437e-01   
   534   1.947818e+00  7.272727e-01   
   535   5.869331e+00  9.861701e-01   
   536   3.090031e+00  1.039834e+00   
   537   4.508436e+00  1.165238e+00   
   538   6.732844e+00  8.220778e-01   
   539   2.237759e+00  8.813738e-01   
   540   3.931868e+00  1.172935e+00   
   541   5.043477e+00  1.168614e+00   
   542   8.320133e+00  1.801792e-01   
   543   8.729988e+00 -5.028442e-02   
   544   9.016625e+00 -2.127865e-01   
   545   6.448109e+00  9.758881e-01   
   546   2.529483e+00  1.028269e+00   
   547   3.378423e+00  1.181802e+00   
   548   5.603415e+00  1.177541e+00   
   549   7.568050e+00  6.400964e-01   
   550   9.308126e+00 -3.491957e-01   
   551   8.066863e+00  4.359450e-01   
   552   4.748096e+00  1.310156e+00   
   553   6.166769e+00  1.136774e+00   
   554   4.216671e+00  1.336732e+00   
   555   7.291760e+00  8.196125e-01   
   556   2.804472e+00  1.203190e+00   
   557   3.661073e+00  1.351095e+00   
   558   5.329877e+00  1.331314e+00   
   559   6.999514e+00  9.668241e-01   
   560   9.693180e+00 -5.158535e-01   
   561   1.956321e+00  1.050505e+00   
   562   3.095330e+00  1.334062e+00   
   563   5.893798e+00  1.312875e+00   
   564   8.627211e+00  3.003894e-01   
   565   1.002487e+01 -7.272727e-01   
   566   2.250064e+00  1.197403e+00   
   567   4.480388e+00  1.482252e+00   
   568   6.726306e+00  1.150430e+00   
   569   9.014921e+00  1.151880e-01   
   570   8.370361e+00  5.060999e-01   
   571   3.929909e+00  1.497075e+00   
   572   5.019285e+00  1.497112e+00   
   573   9.296239e+00 -5.342385e-02   
   574   5.612912e+00  1.466955e+00   
   575   6.451412e+00  1.301197e+00   
   576   2.513590e+00  1.356866e+00   
   577   7.873617e+00  8.196797e-01   
   578   3.372249e+00  1.509625e+00   
   579   9.592184e+00 -1.905237e-01   
   580   7.583595e+00  9.692176e-01   
   581   8.173005e+00  7.174612e-01   
   582   2.815007e+00  1.486197e+00   
   583   5.324494e+00  1.590739e+00   
   584   4.768783e+00  1.636604e+00   
   585   6.164492e+00  1.461612e+00   
   586   4.221578e+00  1.650403e+00   
   587   7.304287e+00  1.141080e+00   
   588   9.818938e+00 -2.850369e-01   
   589   7.019041e+00  1.295416e+00   
   590   3.655741e+00  1.677226e+00   
   591   1.004230e+01 -4.040404e-01   
   592   8.933394e+00  4.228602e-01   
   593   1.972990e+00  1.373737e+00   
   594   9.263487e+00  2.387417e-01   
   595   3.091488e+00  1.661311e+00   
   596   8.673743e+00  6.261550e-01   
   597   5.890803e+00  1.640480e+00   
   598   2.266733e+00  1.520635e+00   
   599   6.740799e+00  1.466577e+00   
   600   8.410126e+00  8.184050e-01   
   601   5.065822e+00  1.777842e+00   
   602   4.506685e+00  1.805977e+00   
   603   9.570511e+00  1.230836e-01   
   604   3.942063e+00  1.824908e+00   
   605   8.144058e+00  1.007176e+00   
   606   7.845108e+00  1.144735e+00   
   607   6.453891e+00  1.618608e+00   
   608   2.548152e+00  1.676898e+00   
   609   5.581417e+00  1.791470e+00   
   610   3.367712e+00  1.836906e+00   
   611   9.815540e+00  3.068141e-02   
   612   7.574349e+00  1.328264e+00   
   613   7.275146e+00  1.464091e+00   
   614   8.938371e+00  6.960253e-01   
   615   2.800330e+00  1.815189e+00   
   616   5.362651e+00  1.915853e+00   
   617   6.171859e+00  1.788483e+00   
   618   4.792847e+00  1.961322e+00   
   619   1.005973e+01 -8.080808e-02   
   620   9.210287e+00  5.487052e-01   
   621   4.222826e+00  1.997397e+00   
   622   3.656811e+00  1.974646e+00   
   623   1.989659e+00  1.696970e+00   
   624   5.881649e+00  1.917615e+00   
   625   7.010022e+00  1.655127e+00   
   626   9.521351e+00  4.415876e-01   
   627   3.076281e+00  1.990290e+00   
   628   6.710211e+00  1.789832e+00   
   629   8.427319e+00  1.144183e+00   
   630   2.268706e+00  1.848621e+00   
   631   8.784861e+00  9.662572e-01   
   632   8.137352e+00  1.296449e+00   
   633   5.070679e+00  2.098513e+00   
   634   2.572318e+00  1.947268e+00   
   635   9.803437e+00  3.458096e-01   
   636   7.858497e+00  1.471560e+00   
   637   3.932267e+00  2.152820e+00   
   638   3.374491e+00  2.125792e+00   
   639   7.571107e+00  1.608237e+00   
   640   5.613289e+00  2.102101e+00   
   641   6.442065e+00  1.976600e+00   
   642   1.004924e+01  2.424242e-01   
   643   4.548072e+00  2.231069e+00   
   644   9.170314e+00  9.161738e-01   
   645   7.296741e+00  1.790156e+00   
   646   2.830652e+00  2.141294e+00   
   647   6.142936e+00  2.114156e+00   
   648   4.845778e+00  2.274012e+00   
   649   5.317512e+00  2.238365e+00   
   650   9.460876e+00  7.618726e-01   
   651   7.003826e+00  1.938699e+00   
   652   3.650539e+00  2.302171e+00   
   653   4.223661e+00  2.365881e+00   
   654   5.909369e+00  2.245365e+00   
   655   9.758915e+00  6.647543e-01   
   656   8.405507e+00  1.470971e+00   
   657   8.701567e+00  1.326611e+00   
   658   3.103139e+00  2.309253e+00   
   659   6.726582e+00  2.116201e+00   
   660   8.133222e+00  1.653080e+00   
   661   5.039462e+00  2.423683e+00   
   662   2.427625e+00  2.246229e+00   
   663   7.837544e+00  1.797986e+00   
   664   1.003876e+01  5.656566e-01   
   665   6.439546e+00  2.250545e+00   
   666   2.026137e+00  2.181818e+00   
   667   3.925261e+00  2.479998e+00   
   668   5.584983e+00  2.429800e+00   
   669   3.398884e+00  2.454277e+00   
   670   7.570163e+00  1.974226e+00   
   671   9.172589e+00  1.236247e+00   
   672   4.783222e+00  2.544099e+00   
   673   9.451071e+00  1.087669e+00   
   674   7.273447e+00  2.117756e+00   
   675   6.166123e+00  2.428925e+00   
   676   2.816936e+00  2.468558e+00   
   677   9.727807e+00  9.597009e-01   
   678   8.697602e+00  1.623224e+00   
   679   3.089644e+00  2.563045e+00   
   680   1.001090e+01  8.217045e-01   
   681   5.308598e+00  2.608850e+00   
   682   4.206530e+00  2.652261e+00   
   683   3.632605e+00  2.630998e+00   
   684   7.000515e+00  2.298772e+00   
   685   4.507008e+00  2.681739e+00   
   686   5.871537e+00  2.569630e+00   
   687   8.418576e+00  1.798281e+00   
   688   8.132355e+00  1.941766e+00   
   689   6.704211e+00  2.442213e+00   
   690   9.058067e+00  1.545449e+00   
   691   7.856591e+00  2.119362e+00   
   692   5.025327e+00  2.750058e+00   
   693   3.351076e+00  2.726639e+00   
   694   2.058271e+00  2.505051e+00   
   695   6.458989e+00  2.579090e+00   
   696   7.564838e+00  2.271318e+00   
   697   3.907647e+00  2.812358e+00   
   698   5.602929e+00  2.756555e+00   
   699   2.420352e+00  2.630995e+00   
   700   9.983051e+00  1.077752e+00   
   701   9.382379e+00  1.490627e+00   
   702   7.285008e+00  2.445056e+00   
   703   9.702028e+00  1.344452e+00   
   704   4.733685e+00  2.904035e+00   
   705   6.142004e+00  2.757160e+00   
   706   2.746701e+00  2.779445e+00   
   707   5.313539e+00  2.880887e+00   
   708   6.997947e+00  2.586235e+00   
   709   8.696546e+00  1.975010e+00   
   710   8.403542e+00  2.125506e+00   
   711   8.974307e+00  1.851774e+00   
   712   8.107644e+00  2.270232e+00   
   713   4.473363e+00  2.997438e+00   
   714   5.900476e+00  2.897670e+00   
   715   6.720891e+00  2.760198e+00   
   716   3.517095e+00  3.000804e+00   
   717   7.838676e+00  2.447828e+00   
   718   3.117154e+00  2.984069e+00   
   719   9.923467e+00  1.387361e+00   
   720   5.595501e+00  3.021251e+00   
   721   2.090404e+00  2.828283e+00   
   722   5.051305e+00  3.075705e+00   
   723   6.427393e+00  2.904704e+00   
   724   7.561690e+00  2.623765e+00   
   725   2.396050e+00  2.950295e+00   
   726   9.296253e+00  1.870150e+00   
   727   3.886423e+00  3.141538e+00   
   728   4.182932e+00  3.153983e+00   
   729   4.753562e+00  3.171263e+00   
   730   9.579282e+00  1.749983e+00   
   731   7.267603e+00  2.772097e+00   
   732   2.701695e+00  3.072307e+00   
   733   8.364616e+00  2.411684e+00   
   734   6.153450e+00  3.084800e+00   
   735   5.327159e+00  3.206909e+00   
   736   7.011390e+00  2.915249e+00   
   737   9.863883e+00  1.696970e+00   
   738   8.670222e+00  2.362513e+00   
   739   8.128079e+00  2.605434e+00   
   740   5.857006e+00  3.220994e+00   
   741   4.463839e+00  3.327037e+00   
   742   5.024104e+00  3.328073e+00   
   743   6.700381e+00  3.088846e+00   
   744   9.513614e+00  1.992407e+00   
   745   3.205142e+00  3.298079e+00   
   746   7.846050e+00  2.775884e+00   
   747   2.936206e+00  3.272321e+00   
   748   9.127081e+00  2.244484e+00   
   749   2.135633e+00  3.151515e+00   
   750   5.552777e+00  3.348238e+00   
   751   7.558859e+00  2.922588e+00   
   752   3.570267e+00  3.403078e+00   
   753   6.447417e+00  3.233556e+00   
   754   4.142798e+00  3.446812e+00   
   755   2.441279e+00  3.273527e+00   
   756   9.798215e+00  1.939394e+00   
   757   7.278891e+00  3.093161e+00   
   758   4.745518e+00  3.496925e+00   
   759   9.439038e+00  2.216327e+00   
   760   6.124538e+00  3.412590e+00   
   761   5.319528e+00  3.518226e+00   
   762   3.844690e+00  3.549333e+00   
   763   6.986873e+00  3.242169e+00   
   764   2.714824e+00  3.441300e+00   
   765   8.503200e+00  2.752775e+00   
   766   8.124799e+00  2.951647e+00   
   767   2.987193e+00  3.544098e+00   
   768   9.732547e+00  2.181818e+00   
   769   4.457080e+00  3.656705e+00   
   770   3.304836e+00  3.611270e+00   
   771   6.708778e+00  3.417481e+00   
   772   5.032943e+00  3.656900e+00   
   773   7.832462e+00  3.103741e+00   
   774   8.926349e+00  2.665617e+00   
   775   5.846685e+00  3.589956e+00   
   776   2.180863e+00  3.474747e+00   
   777   9.408654e+00  2.446610e+00   
   778   7.567570e+00  3.251933e+00   
   779   5.576008e+00  3.673789e+00   
   780   6.413626e+00  3.559237e+00   
   781   9.649062e+00  2.424242e+00   
   782   7.262778e+00  3.422228e+00   
   783   3.663417e+00  3.817446e+00   
   784   9.262512e+00  2.681331e+00   
   785   4.741279e+00  3.848639e+00   
   786   4.021825e+00  3.852276e+00   
   787   6.139792e+00  3.740784e+00   
   788   2.470348e+00  3.713269e+00   
   789   7.000232e+00  3.571584e+00   
   790   2.752224e+00  3.772280e+00   
   791   3.074122e+00  3.839699e+00   
   792   8.121724e+00  3.259237e+00   
   793   5.404177e+00  3.895449e+00   
   794   8.434951e+00  3.175235e+00   
   795   9.565576e+00  2.666667e+00   
   796   6.684930e+00  3.745976e+00   
   797   5.795897e+00  3.904867e+00   
   798   8.813803e+00  3.066565e+00   
   799   9.159918e+00  2.923755e+00   
   800   4.404524e+00  4.038322e+00   
   801   7.548721e+00  3.579800e+00   
   802   7.832675e+00  3.501412e+00   
   803   5.066837e+00  4.037336e+00   
   804   6.434628e+00  3.888205e+00   
   805   3.401252e+00  4.054286e+00   
   806   7.267819e+00  3.751314e+00   
   807   9.462982e+00  2.909091e+00   
   808   3.719092e+00  4.142046e+00   
   809   2.266598e+00  3.959596e+00   
   810   2.545752e+00  4.023922e+00   
   811   9.072184e+00  3.146484e+00   
   812   6.974678e+00  3.898690e+00   
   813   4.740774e+00  4.205649e+00   
   814   8.352365e+00  3.493270e+00   
   815   8.113566e+00  3.592553e+00   
   816   6.076140e+00  4.131112e+00   
   817   4.016607e+00  4.257918e+00   
   818   8.640229e+00  3.432211e+00   
   819   2.830995e+00  4.175927e+00   
   820   5.708550e+00  4.222394e+00   
   821   9.360388e+00  3.151515e+00   
   822   6.696552e+00  4.075155e+00   
   823   8.959787e+00  3.369880e+00   
   824   7.651954e+00  3.859880e+00   
   825   5.388882e+00  4.303640e+00   
   826   3.169200e+00  4.287412e+00   
   827   2.321373e+00  4.202020e+00   
   828   6.399560e+00  4.214294e+00   
   829   5.069029e+00  4.384834e+00   
   830   2.600528e+00  4.266346e+00   
   831   3.483521e+00  4.372763e+00   
   832   4.440612e+00  4.430757e+00   
   833   3.744898e+00  4.425595e+00   
   834   7.979450e+00  3.866492e+00   
   835   7.203866e+00  4.097407e+00   
   836   9.247991e+00  3.374911e+00   
   837   8.281617e+00  3.842355e+00   
   838   5.876575e+00  4.437561e+00   
   839   4.730727e+00  4.532107e+00   
   840   8.821212e+00  3.658400e+00   
   841   6.967735e+00  4.262974e+00   
   842   7.488021e+00  4.145582e+00   
   843   5.619113e+00  4.540000e+00   
   844   8.613177e+00  3.818288e+00   
   845   2.376148e+00  4.444444e+00   
   846   9.135593e+00  3.598307e+00   
   847   2.681637e+00  4.496040e+00   
   848   2.993505e+00  4.545791e+00   
   849   6.669300e+00  4.403519e+00   
   850   3.241991e+00  4.591271e+00   
   851   6.177977e+00  4.509677e+00   
   852   7.817400e+00  4.142590e+00   
   853   3.867286e+00  4.693504e+00   
   854   5.272089e+00  4.690221e+00   
   855   3.554486e+00  4.693948e+00   
   856   4.205876e+00  4.770036e+00   
   857   8.145900e+00  4.150385e+00   
   858   7.321076e+00  4.428475e+00   
   859   4.532817e+00  4.814750e+00   
   860   6.475491e+00  4.652434e+00   
   861   2.450786e+00  4.702663e+00   
   862   5.849460e+00  4.776301e+00   
   863   2.756275e+00  4.754258e+00   
   864   8.471968e+00  4.136897e+00   
   865   8.922911e+00  3.959596e+00   
   866   4.855430e+00  4.873628e+00   
   867   7.649549e+00  4.426305e+00   
   868   7.047986e+00  4.614477e+00   
   869   3.378505e+00  4.887875e+00   
   870   3.063539e+00  4.864702e+00   
   871   6.203132e+00  4.838708e+00   
   872   7.979190e+00  4.428592e+00   
   873   5.490959e+00  4.933782e+00   
   874   3.678133e+00  4.982964e+00   
   875   8.775015e+00  4.180194e+00   
   876   6.772718e+00  4.795495e+00   
   877   4.003716e+00  5.030562e+00   
   878   8.303179e+00  4.413688e+00   
   879   4.346046e+00  5.078721e+00   
   880   2.525424e+00  4.960881e+00   
   881   7.413028e+00  4.731295e+00   
   882   4.637697e+00  5.118858e+00   
   883   5.209120e+00  5.105441e+00   
   884   6.500681e+00  4.981334e+00   
   885   8.627119e+00  4.400791e+00   
   886   2.831449e+00  5.070518e+00   
   887   3.159787e+00  5.115697e+00   
   888   5.883536e+00  5.131042e+00   
   889   3.475306e+00  5.199708e+00   
   890   7.065224e+00  4.943480e+00   
   891   7.853032e+00  4.742055e+00   
   892   4.927282e+00  5.277101e+00   
   893   5.498701e+00  5.263691e+00   
   894   4.128225e+00  5.336157e+00   
   895   3.693540e+00  5.338657e+00   
   896   6.798457e+00  5.122293e+00   
   897   6.196134e+00  5.236776e+00   
   898   4.567945e+00  5.401962e+00   
   899   8.341482e+00  4.767677e+00   
   900   3.321818e+00  5.400735e+00   
   901   7.360333e+00  5.088202e+00   
   902   7.684751e+00  5.013320e+00   
   903   5.216863e+00  5.435350e+00   
   904   3.009998e+00  5.406040e+00   
   905   6.508631e+00  5.342648e+00   
   906   2.695974e+00  5.414141e+00   
   907   5.948278e+00  5.454625e+00   
   908   7.092018e+00  5.271071e+00   
   909   4.935029e+00  5.607016e+00   
   910   8.058319e+00  5.090909e+00   
   911   4.300727e+00  5.642736e+00   
   912   5.506440e+00  5.593599e+00   
   913   6.819487e+00  5.450729e+00   
   914   3.485427e+00  5.674157e+00   
   915   3.134513e+00  5.648465e+00   
   916   3.904689e+00  5.717114e+00   
   917   2.820489e+00  5.656566e+00   
   918   6.210940e+00  5.624136e+00   
   919   7.365754e+00  5.412862e+00   
   920   4.653191e+00  5.778677e+00   
   921   5.224614e+00  5.765256e+00   
   922   5.795908e+00  5.751953e+00   
   923   7.739042e+00  5.414141e+00   
   924   6.572116e+00  5.691533e+00   
   925   7.098740e+00  5.597422e+00   
   926   4.942781e+00  5.936924e+00   
   927   2.945003e+00  5.898990e+00   
   928   4.249586e+00  5.979769e+00   
   929   5.498796e+00  5.941204e+00   
   930   3.267682e+00  5.946139e+00   
   931   6.886172e+00  5.759038e+00   
   932   3.590319e+00  5.993835e+00   
   933   6.083603e+00  5.911985e+00   
   934   3.849782e+00  6.055106e+00   
   935   5.215241e+00  6.049508e+00   
   936   4.625053e+00  6.076511e+00   
   937   7.372869e+00  5.737374e+00   
   938   6.370526e+00  6.005663e+00   
   939   5.803913e+00  6.081065e+00   
   940   6.636939e+00  5.966982e+00   
   941   7.160301e+00  5.898990e+00   
   942   4.980484e+00  6.243973e+00   
   943   3.497437e+00  6.239101e+00   
   944   4.072831e+00  6.284875e+00   
   945   3.203390e+00  6.252060e+00   
   946   6.947733e+00  6.060606e+00   
   947   4.397478e+00  6.314096e+00   
   948   6.095403e+00  6.228876e+00   
   949   3.797025e+00  6.370956e+00   
   950   5.428243e+00  6.350799e+00   
   951   4.713655e+00  6.393351e+00   
   952   6.593220e+00  6.288978e+00   
   953   5.815625e+00  6.397662e+00   
   954   6.350129e+00  6.417216e+00   
   955   4.141834e+00  6.569022e+00   
   956   3.542373e+00  6.563322e+00   
   957   5.001433e+00  6.596692e+00   
   958   4.572963e+00  6.646340e+00   
   959   6.107039e+00  6.545455e+00   
   960   3.796610e+00  6.690098e+00   
   961   5.710188e+00  6.707071e+00   
   962   4.050847e+00  6.816875e+00   
   963   5.400077e+00  6.787879e+00   
   964   4.305085e+00  6.859911e+00   
   965   5.089966e+00  6.868687e+00   
   966   4.824644e+00  6.885817e+00   
   967   4.559322e+00  6.902947e+00   
  END_COORDINATES
  BOUNDARIES, ELEMENT
    1         845     827         1     
    2         827     809         2     
    3         737     756         3     
    4         756     768         4     
    5         821     836         5     
    6         836     846         6     
    7         172     188         7     
    8         188     208         8     
    9         436     458         9     
    10         458     476         10     
    11         768     781         11     
    12         781     795         12     
    13         93     80         13     
    14         80     66         14     
    15         664     680         15     
    16         680     700         16     
    17         967     964         17     
    18         964     962         18     
    19         393     409         19     
    20         409     436         20     
    21         9     15         21     
    22         15     24         22     
    23         795     807         23     
    24         807     821         24     
    25         6     2         25     
    26         2     1         26     
    27         865     875         27     
    28         875     885         28     
    29         965     966         29     
    30         966     967         30     
    31         331     307         31     
    32         307     285         32     
    33         937     941         33     
    34         941     946         34     
    35         880     861         35     
    36         861     845         36     
    37         24     34         37     
    38         34     45         38     
    39         927     917         39     
    40         917     906         40     
    41         952     954         41     
    42         954     959         42     
    43         50     38         43     
    44         38     29         44     
    45         274     296         45     
    46         296     320         46     
    47         962     960         47     
    48         960     956         48     
    49         164     143         54     
    50         143     124         55     
    51         124     108         75     
    52         108     93         80     
    53         61     75         81     
    54         75     91         82     
    55         4     9         99     
    56         285     261         100     
    57         261     237         101     
    58         1     4         105     
    59         963     965         118     
    60         700     719         159     
    61         719     737         160     
    62         846     865         172     
    63         66     50         179     
    64         809     776         192     
    65         961     963         210     
    66         142     172         215     
    67         208     243         216     
    68         476     503         219     
    69         503     531         221     
    70         531     565         224     
    71         45     61         246     
    72         642     664         250     
    73         619     642         254     
    74         591     619         259     
    75         351     393         264     
    76         505     473         268     
    77         237     216         275     
    78         216     192         277     
    79         473     443         280     
    80         561     534         281     
    81         443     413         282     
    82         534     505         283     
    83         413     383         284     
    84         16     6         287     
    85         29     16         289     
    86         623     593         290     
    87         593     561         291     
    88         383     356         292     
    89         356     331         293     
    90         565     591         297     
    91         885     899         298     
    92         923     937         305     
    93         946     952         309     
    94         721     694         311     
    95         694     666         312     
    96         906     880         318     
    97         945     927         373     
    98         956     945         375     
    99         776     749         380     
    100         749     721         382     
    101         959     961         403     
    102         243     274         425     
    103         320     351         428     
    104         192     164         436     
    105         91     115         452     
    106         666     623         577     
    107         899     910         1816     
    108         115     142         1818     
    109         910     923         1820     
  END_BOUNDARIES
  MATERIALS, NUMBER= 1, DEFAULT=1
  END_MATERIALS
  SUBDOMAINS
  END_SUBDOMAINS
  CHARACTERISTICS
  END_CHARACTERISTICS
