  NODES_PER_ELEMENT
   1 3
   2 3
   3 3
   4 3
   5 3
   6 3
   7 3
   8 3
   9 3
   10 3
   11 3
   12 3
   13 3
   14 3
   15 3
   16 3
   17 3
   18 3
   19 3
   20 3
   21 3
   22 3
   23 3
   24 3
   25 3
   26 3
   27 3
   28 3
   29 3
   30 3
   31 3
   32 3
   33 3
   34 3
   35 3
   36 3
   37 3
   38 3
   39 3
   40 3
   41 3
   42 3
   43 3
   44 3
   45 3
   46 3
   47 3
   48 3
   49 3
   50 3
   51 3
   52 3
   53 3
   54 3
   55 3
   56 3
   57 3
   58 3
   59 3
   60 3
   61 3
   62 3
   63 3
   64 3
   65 3
   66 3
   67 3
   68 3
   69 3
   70 3
   71 3
   72 3
   73 3
   74 3
   75 3
   76 3
   77 3
   78 3
   79 3
   80 3
   81 3
   82 3
   83 3
   84 3
   85 3
   86 3
   87 3
   88 3
   89 3
   90 3
   91 3
   92 3
   93 3
   94 3
   95 3
   96 3
   97 3
   98 3
   99 3
   100 3
   101 3
   102 3
   103 3
   104 3
   105 3
   106 3
   107 3
   108 3
   109 3
   110 3
   111 3
   112 3
   113 3
   114 3
   115 3
   116 3
   117 3
   118 3
   119 3
   120 3
   121 3
   122 3
   123 3
   124 3
   125 3
   126 3
   127 3
   128 3
   129 3
   130 3
   131 3
   132 3
   133 3
   134 3
   135 3
   136 3
   137 3
   138 3
   139 3
   140 3
   141 3
   142 3
   143 3
   144 3
   145 3
   146 3
   147 3
   148 3
   149 3
   150 3
   151 3
   152 3
   153 3
   154 3
   155 3
   156 3
   157 3
   158 3
   159 3
   160 3
   161 3
   162 3
   163 3
   164 3
   165 3
   166 3
   167 3
   168 3
   169 3
   170 3
   171 3
   172 3
   173 3
   174 3
   175 3
   176 3
   177 3
   178 3
   179 3
   180 3
   181 3
   182 3
   183 3
   184 3
   185 3
   186 3
   187 3
   188 3
   189 3
   190 3
   191 3
   192 3
   193 3
   194 3
   195 3
   196 3
   197 3
   198 3
   199 3
   200 3
   201 3
   202 3
   203 3
   204 3
   205 3
   206 3
   207 3
   208 3
   209 3
   210 3
   211 3
   212 3
   213 3
   214 3
   215 3
   216 3
   217 3
   218 3
   219 3
   220 3
   221 3
   222 3
   223 3
   224 3
   225 3
   226 3
   227 3
   228 3
   229 3
   230 3
   231 3
   232 3
   233 3
   234 3
   235 3
   236 3
   237 3
   238 3
   239 3
   240 3
   241 3
   242 3
   243 3
   244 3
   245 3
   246 3
   247 3
   248 3
   249 3
   250 3
   251 3
   252 3
   253 3
   254 3
   255 3
   256 3
   257 3
   258 3
   259 3
   260 3
  END_NODES_PER_ELEMENT
  ELEMENTS
  1 150 151 146  
  2 151 149 146  
  3 150 146 145  
  4 145 146 142  
  5 150 145 147  
  6 142 146 143  
  7 145 142 141  
  8 143 146 149  
  9 142 143 137  
  10 141 142 136  
  11 145 141 147  
  12 147 141 140  
  13 149 148 143  
  14 77 69 72  
  15 69 60 59  
  16 137 143 138  
  17 142 137 136  
  18 136 137 130  
  19 141 136 135  
  20 55 63 56  
  21 63 73 66  
  22 93 84 86  
  23 84 77 72  
  24 73 83 76  
  25 83 92 85  
  26 36 44 39  
  27 44 55 46  
  28 109 101 98  
  29 101 93 86  
  30 92 103 95  
  31 103 112 105  
  32 72 69 59  
  33 72 59 58  
  34 59 60 51  
  35 130 137 131  
  36 136 130 129  
  37 56 63 66  
  38 56 66 57  
  39 55 56 46  
  40 46 56 50  
  41 66 73 76  
  42 66 76 68  
  43 86 84 72  
  44 76 83 85  
  45 76 85 79  
  46 85 92 95  
  47 85 95 87  
  48 39 44 46  
  49 39 46 42  
  50 36 39 30  
  51 95 103 105  
  52 95 105 97  
  53 105 112 115  
  54 98 101 86  
  55 109 98 110  
  56 87 95 97  
  57 87 97 90  
  58 85 87 79  
  59 79 87 78  
  60 50 56 57  
  61 50 57 53  
  62 53 57 65  
  63 50 53 43  
  64 46 50 42  
  65 42 50 43  
  66 42 43 33  
  67 68 76 79  
  68 68 79 65  
  69 68 65 57  
  70 68 57 66  
  71 90 97 102  
  72 58 59 48  
  73 72 58 71  
  74 33 43 35  
  75 42 33 39  
  76 138 143 148  
  77 137 138 131  
  78 131 138 133  
  79 135 136 129  
  80 135 129 132  
  81 141 135 140  
  82 140 135 132  
  83 133 138 144  
  84 131 133 126  
  85 97 105 107  
  86 51 60 47  
  87 51 47 38  
  88 38 47 34  
  89 51 38 48  
  90 51 48 59  
  91 130 131 125  
  92 129 130 122  
  93 30 39 33  
  94 36 30 28  
  95 115 112 123  
  96 105 115 107  
  97 107 115 119  
  98 110 98 99  
  99 109 110 120  
  100 120 110 117  
  101 144 139 133  
  102 119 115 123  
  103 107 119 113  
  104 53 65 64  
  105 43 53 45  
  106 102 97 107  
  107 102 107 113  
  108 102 113 106  
  109 106 113 118  
  110 102 106 94  
  111 90 102 94  
  112 90 94 81  
  113 81 94 88  
  114 90 81 78  
  115 58 48 49  
  116 71 58 62  
  117 72 71 86  
  118 35 43 45  
  119 33 35 27  
  120 126 133 128  
  121 131 126 125  
  122 125 126 116  
  123 116 126 121  
  124 125 116 118  
  125 118 116 106  
  126 125 118 122  
  127 88 94 100  
  128 81 88 74  
  129 78 81 64  
  130 90 78 87  
  131 79 78 65  
  132 65 78 64  
  133 117 110 108  
  134 120 117 127  
  135 121 126 128  
  136 121 128 124  
  137 124 128 134  
  138 121 124 114  
  139 116 121 111  
  140 118 113 122  
  141 94 106 100  
  142 100 106 116  
  143 114 124 117  
  144 121 114 111  
  145 111 114 104  
  146 104 114 108  
  147 111 96 100  
  148 130 125 122  
  149 129 122 119  
  150 108 114 117  
  151 108 110 99  
  152 108 99 104  
  153 99 98 89  
  154 113 119 122  
  155 53 64 45  
  156 49 48 37  
  157 62 58 49  
  158 27 35 29  
  159 71 62 75  
  160 33 27 25  
  161 128 133 139  
  162 88 100 96  
  163 74 88 82  
  164 81 74 64  
  165 116 111 100  
  166 89 98 86  
  167 99 89 91  
  168 37 48 38  
  169 29 35 40  
  170 75 62 67  
  171 25 27 21  
  172 49 37 41  
  173 27 29 22  
  174 71 75 86  
  175 33 25 30  
  176 96 111 104  
  177 96 104 91  
  178 88 96 82  
  179 74 82 70  
  180 91 89 75  
  181 67 62 54  
  182 41 37 32  
  183 70 82 80  
  184 40 35 45  
  185 21 27 22  
  186 22 29 32  
  187 99 91 104  
  188 75 67 80  
  189 80 67 70  
  190 70 67 54  
  191 49 41 54  
  192 74 70 61  
  193 29 40 41  
  194 25 21 19  
  195 54 62 49  
  196 32 37 31  
  197 80 82 91  
  198 80 91 75  
  199 19 21 12  
  200 31 37 38  
  201 32 31 24  
  202 12 21 14  
  203 19 12 13  
  204 32 24 22  
  205 12 14 7  
  206 13 12 6  
  207 7 14 11  
  208 12 7 6  
  209 11 14 20  
  210 6 7 2  
  211 20 14 22  
  212 11 20 16  
  213 2 7 5  
  214 6 2 4  
  215 16 20 24  
  216 24 20 22  
  217 11 16 10  
  218 5 7 11  
  219 10 16 18  
  220 11 10 5  
  221 18 16 23  
  222 10 18 9  
  223 5 10 9  
  224 23 16 24  
  225 18 23 26  
  226 24 31 23  
  227 14 21 22  
  228 13 6 8  
  229 41 32 29  
  230 74 61 64  
  231 64 61 45  
  232 19 13 17  
  233 17 13 8  
  234 2 5 3  
  235 61 70 54  
  236 25 19 30  
  237 28 30 19  
  238 82 96 91  
  239 15 9 18  
  240 15 18 26  
  241 75 89 86  
  242 4 8 6  
  243 38 34 23  
  244 40 45 52  
  245 52 45 61  
  246 40 52 41  
  247 52 61 54  
  248 34 26 23  
  249 3 1 2  
  250 2 1 4  
  251 148 144 138  
  252 139 134 128  
  253 52 54 41  
  254 127 117 124  
  255 23 31 38  
  256 134 127 124  
  257 17 28 19  
  258 9 3 5  
  259 123 132 119  
  260 132 129 119  
  END_ELEMENTS  
  COORDINATES  
   1   5.336852e+00  4.121212e+00   
   2   5.356298e+00  3.557222e+00   
   3   5.915254e+00  4.092001e+00   
   4   4.728814e+00  3.811952e+00   
   5   5.831269e+00  3.401009e+00   
   6   4.983519e+00  3.223997e+00   
   7   5.458500e+00  3.067776e+00   
   8   4.389831e+00  3.385396e+00   
   9   6.529948e+00  3.797980e+00   
   10   6.306246e+00  3.244770e+00   
   11   5.933467e+00  2.911550e+00   
   12   5.085723e+00  2.734555e+00   
   13   4.610752e+00  2.890764e+00   
   14   5.560688e+00  2.578330e+00   
   15   6.932203e+00  3.471118e+00   
   16   6.408434e+00  2.755324e+00   
   17   4.129268e+00  2.828283e+00   
   18   6.781213e+00  3.088544e+00   
   19   4.712962e+00  2.401324e+00   
   20   6.035655e+00  2.422104e+00   
   21   5.187907e+00  2.245114e+00   
   22   5.806860e+00  2.075794e+00   
   23   6.883401e+00  2.599098e+00   
   24   6.385468e+00  2.216160e+00   
   25   4.815241e+00  1.911923e+00   
   26   7.344781e+00  2.989899e+00   
   27   5.289775e+00  1.755707e+00   
   28   3.940760e+00  2.181818e+00   
   29   5.762933e+00  1.595368e+00   
   30   4.248054e+00  1.782995e+00   
   31   6.837144e+00  2.001715e+00   
   32   6.425597e+00  1.717775e+00   
   33   4.799525e+00  1.430457e+00   
   34   7.653055e+00  2.505051e+00   
   35   5.386551e+00  1.266851e+00   
   36   3.822690e+00  1.535354e+00   
   37   6.909255e+00  1.533580e+00   
   38   7.481413e+00  1.969238e+00   
   39   4.222150e+00  1.291477e+00   
   40   5.859482e+00  1.104884e+00   
   41   6.465800e+00  1.219420e+00   
   42   4.632873e+00  1.046477e+00   
   43   5.002035e+00  9.577690e-01   
   44   3.782387e+00  1.131313e+00   
   45   5.446006e+00  7.316348e-01   
   46   4.181847e+00  8.874368e-01   
   47   7.949153e+00  1.860336e+00   
   48   7.328020e+00  1.287955e+00   
   49   6.917555e+00  1.005379e+00   
   50   4.601044e+00  6.710711e-01   
   51   7.728252e+00  1.497195e+00   
   52   5.942895e+00  5.968371e-01   
   53   5.024883e+00  4.653595e-01   
   54   6.531772e+00  5.749300e-01   
   55   3.742084e+00  7.272727e-01   
   56   4.156244e+00  5.139297e-01   
   57   4.583648e+00  3.002294e-01   
   58   7.369977e+00  7.964639e-01   
   59   7.764031e+00  1.057264e+00   
   60   8.118644e+00  1.311184e+00   
   61   5.829040e+00  1.153478e-01   
   62   7.015021e+00  4.466959e-01   
   63   3.731181e+00  3.232323e-01   
   64   5.359090e+00 -3.228571e-02   
   65   4.956038e+00 -2.274856e-02   
   66   4.145341e+00  1.098893e-01   
   67   6.736522e+00  1.054468e-01   
   68   4.579730e+00 -7.472764e-02   
   69   8.183676e+00  9.384202e-01   
   70   6.273077e+00 -1.144661e-01   
   71   7.496922e+00  3.197998e-01   
   72   7.875412e+00  5.266063e-01   
   73   3.720279e+00 -8.080808e-02   
   74   5.844204e+00 -3.639432e-01   
   75   7.145708e+00 -3.549057e-02   
   76   4.148116e+00 -2.657419e-01   
   77   8.248707e+00  5.656566e-01   
   78   5.001887e+00 -4.905707e-01   
   79   4.588996e+00 -4.501447e-01   
   80   6.717034e+00 -3.444351e-01   
   81   5.433668e+00 -6.558507e-01   
   82   6.295865e+00 -6.138793e-01   
   83   3.736731e+00 -4.848485e-01   
   84   8.261260e+00  1.616162e-01   
   85   4.164568e+00 -6.697823e-01   
   86   7.803312e+00 -1.529770e-01   
   87   4.611866e+00 -8.192665e-01   
   88   5.874485e+00 -8.825252e-01   
   89   7.369479e+00 -5.129658e-01   
   90   5.061662e+00 -9.631279e-01   
   91   6.918192e+00 -7.279614e-01   
   92   3.753183e+00 -8.888889e-01   
   93   8.273813e+00 -2.424242e-01   
   94   5.449760e+00 -1.138083e+00   
   95   4.196256e+00 -1.042177e+00   
   96   6.312837e+00 -1.122481e+00   
   97   4.649840e+00 -1.194245e+00   
   98   7.780220e+00 -7.972630e-01   
   99   7.300111e+00 -1.013281e+00   
   100   5.885370e+00 -1.381331e+00   
   101   8.224492e+00 -6.464646e-01   
   102   5.067669e+00 -1.456298e+00   
   103   3.800107e+00 -1.292929e+00   
   104   6.823965e+00 -1.311738e+00   
   105   4.243180e+00 -1.446218e+00   
   106   5.524803e+00 -1.629635e+00   
   107   4.674579e+00 -1.688314e+00   
   108   7.164843e+00 -1.441356e+00   
   109   8.175171e+00 -1.050505e+00   
   110   7.743968e+00 -1.288400e+00   
   111   6.377378e+00 -1.748505e+00   
   112   3.847030e+00 -1.696970e+00   
   113   5.122177e+00 -1.906959e+00   
   114   6.840284e+00 -1.819167e+00   
   115   4.276695e+00 -1.937471e+00   
   116   5.983688e+00 -2.031448e+00   
   117   7.508994e+00 -1.725399e+00   
   118   5.569116e+00 -2.124903e+00   
   119   4.705452e+00 -2.179887e+00   
   120   8.004346e+00 -1.696970e+00   
   121   6.544095e+00 -2.219079e+00   
   122   5.257188e+00 -2.418134e+00   
   123   3.979964e+00 -2.343434e+00   
   124   7.140301e+00 -2.250270e+00   
   125   5.770740e+00 -2.525882e+00   
   126   6.214314e+00 -2.590805e+00   
   127   7.779661e+00 -2.260328e+00   
   128   6.811190e+00 -2.704797e+00   
   129   4.926474e+00 -2.865256e+00   
   130   5.449168e+00 -2.905919e+00   
   131   5.931943e+00 -2.996892e+00   
   132   4.192183e+00 -2.989899e+00   
   133   6.407480e+00 -3.046137e+00   
   134   7.459252e+00 -2.828283e+00   
   135   4.779155e+00 -3.299351e+00   
   136   5.255483e+00 -3.327674e+00   
   137   5.588844e+00 -3.348504e+00   
   138   6.110483e+00 -3.452202e+00   
   139   7.101695e+00 -3.294210e+00   
   140   4.446935e+00 -3.474747e+00   
   141   5.005554e+00 -3.605642e+00   
   142   5.399431e+00 -3.701893e+00   
   143   5.795924e+00 -3.744672e+00   
   144   6.747243e+00 -3.636364e+00   
   145   5.254014e+00 -3.884857e+00   
   146   5.541743e+00 -3.941177e+00   
   147   4.898305e+00 -3.945328e+00   
   148   6.254237e+00 -3.962727e+00   
   149   5.880809e+00 -4.061525e+00   
   150   5.406780e+00 -4.134105e+00   
   151   5.576271e+00 -4.142097e+00   
  END_COORDINATES
  BOUNDARIES, ELEMENT
    1         150     151         1     
    2         151     149         2     
    3         147     150         5     
    4         140     147         12     
    5         149     148         13     
    6         77     69         14     
    7         69     60         15     
    8         55     63         20     
    9         63     73         21     
    10         93     84         22     
    11         84     77         23     
    12         73     83         24     
    13         83     92         25     
    14         36     44         26     
    15         44     55         27     
    16         109     101         28     
    17         101     93         29     
    18         92     103         30     
    19         103     112         31     
    20         132     140         82     
    21         60     47         86     
    22         47     34         88     
    23         28     36         94     
    24         112     123         95     
    25         120     109         99     
    26         144     139         101     
    27         127     120         134     
    28         8     17         233     
    29         15     9         239     
    30         26     15         240     
    31         4     8         242     
    32         34     26         248     
    33         3     1         249     
    34         1     4         250     
    35         148     144         251     
    36         139     134         252     
    37         134     127         256     
    38         17     28         257     
    39         9     3         258     
    40         123     132         259     
  END_BOUNDARIES
  MATERIALS, NUMBER= 1, DEFAULT=1
  END_MATERIALS
  SUBDOMAINS
  END_SUBDOMAINS
  CHARACTERISTICS
  END_CHARACTERISTICS
