  NODES_PER_ELEMENT
   1 3
   2 3
   3 3
   4 3
   5 3
   6 3
   7 3
   8 3
   9 3
   10 3
   11 3
   12 3
   13 3
   14 3
   15 3
   16 3
   17 3
   18 3
   19 3
   20 3
   21 3
   22 3
   23 3
   24 3
   25 3
   26 3
   27 3
   28 3
   29 3
   30 3
   31 3
   32 3
   33 3
   34 3
   35 3
   36 3
   37 3
   38 3
   39 3
   40 3
   41 3
   42 3
   43 3
   44 3
   45 3
   46 3
   47 3
   48 3
   49 3
   50 3
   51 3
   52 3
   53 3
   54 3
   55 3
   56 3
   57 3
   58 3
   59 3
   60 3
   61 3
   62 3
   63 3
   64 3
   65 3
   66 3
   67 3
   68 3
   69 3
   70 3
   71 3
   72 3
   73 3
   74 3
   75 3
   76 3
   77 3
   78 3
   79 3
   80 3
   81 3
   82 3
   83 3
   84 3
   85 3
   86 3
   87 3
   88 3
   89 3
   90 3
   91 3
   92 3
   93 3
   94 3
   95 3
   96 3
   97 3
   98 3
   99 3
   100 3
   101 3
   102 3
   103 3
   104 3
   105 3
   106 3
   107 3
   108 3
   109 3
   110 3
   111 3
   112 3
   113 3
   114 3
   115 3
   116 3
   117 3
   118 3
   119 3
   120 3
   121 3
   122 3
   123 3
   124 3
   125 3
   126 3
   127 3
   128 3
   129 3
   130 3
   131 3
   132 3
   133 3
   134 3
   135 3
   136 3
   137 3
   138 3
   139 3
   140 3
   141 3
   142 3
   143 3
   144 3
   145 3
   146 3
   147 3
   148 3
   149 3
   150 3
   151 3
   152 3
   153 3
   154 3
   155 3
   156 3
   157 3
   158 3
   159 3
   160 3
   161 3
   162 3
   163 3
   164 3
   165 3
   166 3
   167 3
   168 3
   169 3
   170 3
   171 3
   172 3
   173 3
   174 3
   175 3
   176 3
   177 3
   178 3
   179 3
   180 3
   181 3
   182 3
   183 3
   184 3
   185 3
   186 3
   187 3
   188 3
   189 3
   190 3
   191 3
   192 3
   193 3
   194 3
   195 3
   196 3
   197 3
   198 3
   199 3
   200 3
   201 3
   202 3
   203 3
   204 3
   205 3
   206 3
   207 3
   208 3
   209 3
   210 3
   211 3
   212 3
   213 3
   214 3
   215 3
   216 3
   217 3
   218 3
   219 3
   220 3
   221 3
   222 3
   223 3
   224 3
   225 3
   226 3
   227 3
   228 3
   229 3
   230 3
   231 3
   232 3
   233 3
   234 3
   235 3
   236 3
   237 3
   238 3
   239 3
   240 3
   241 3
   242 3
   243 3
   244 3
   245 3
   246 3
   247 3
   248 3
   249 3
   250 3
   251 3
   252 3
   253 3
   254 3
   255 3
   256 3
   257 3
   258 3
   259 3
   260 3
   261 3
   262 3
   263 3
   264 3
   265 3
   266 3
   267 3
   268 3
   269 3
   270 3
   271 3
   272 3
   273 3
   274 3
   275 3
   276 3
   277 3
   278 3
   279 3
   280 3
   281 3
   282 3
   283 3
   284 3
   285 3
   286 3
   287 3
   288 3
   289 3
   290 3
   291 3
   292 3
   293 3
   294 3
   295 3
   296 3
   297 3
   298 3
   299 3
   300 3
   301 3
   302 3
   303 3
   304 3
   305 3
   306 3
   307 3
   308 3
   309 3
   310 3
   311 3
   312 3
   313 3
   314 3
   315 3
   316 3
   317 3
   318 3
   319 3
   320 3
   321 3
   322 3
   323 3
   324 3
   325 3
   326 3
   327 3
   328 3
   329 3
   330 3
   331 3
   332 3
   333 3
   334 3
   335 3
   336 3
   337 3
   338 3
   339 3
   340 3
   341 3
   342 3
   343 3
   344 3
   345 3
   346 3
   347 3
   348 3
   349 3
   350 3
   351 3
   352 3
   353 3
   354 3
   355 3
   356 3
   357 3
   358 3
   359 3
   360 3
   361 3
   362 3
   363 3
   364 3
   365 3
   366 3
   367 3
   368 3
   369 3
   370 3
   371 3
   372 3
   373 3
   374 3
   375 3
   376 3
   377 3
   378 3
   379 3
   380 3
   381 3
   382 3
   383 3
   384 3
   385 3
   386 3
   387 3
   388 3
   389 3
   390 3
   391 3
   392 3
   393 3
   394 3
   395 3
   396 3
   397 3
   398 3
   399 3
   400 3
   401 3
   402 3
   403 3
   404 3
   405 3
   406 3
   407 3
   408 3
   409 3
   410 3
   411 3
   412 3
   413 3
   414 3
   415 3
   416 3
   417 3
   418 3
   419 3
   420 3
   421 3
   422 3
   423 3
   424 3
   425 3
   426 3
   427 3
   428 3
   429 3
   430 3
   431 3
   432 3
   433 3
   434 3
   435 3
   436 3
   437 3
   438 3
   439 3
   440 3
  END_NODES_PER_ELEMENT
  ELEMENTS
  1 2 4 1  
  2 4 3 1  
  3 5 7 2  
  4 7 4 2  
  5 10 12 5  
  6 12 7 5  
  7 16 18 10  
  8 18 12 10  
  9 25 27 16  
  10 27 18 16  
  11 34 37 25  
  12 37 27 25  
  13 44 46 34  
  14 46 37 34  
  15 57 61 44  
  16 61 46 44  
  17 72 75 57  
  18 75 61 57  
  19 88 92 72  
  20 92 75 72  
  21 105 107 88  
  22 107 92 88  
  23 4 8 3  
  24 8 6 3  
  25 7 9 4  
  26 9 8 4  
  27 12 14 7  
  28 14 9 7  
  29 18 21 12  
  30 21 14 12  
  31 27 29 18  
  32 29 21 18  
  33 37 38 27  
  34 38 29 27  
  35 46 51 37  
  36 51 38 37  
  37 61 63 46  
  38 63 51 46  
  39 75 76 61  
  40 76 63 61  
  41 92 94 75  
  42 94 76 75  
  43 107 110 92  
  44 110 94 92  
  45 8 13 6  
  46 13 11 6  
  47 9 15 8  
  48 15 13 8  
  49 14 20 9  
  50 20 15 9  
  51 21 23 14  
  52 23 20 14  
  53 29 32 21  
  54 32 23 21  
  55 38 43 29  
  56 43 32 29  
  57 51 54 38  
  58 54 43 38  
  59 63 66 51  
  60 66 54 51  
  61 76 82 63  
  62 82 66 63  
  63 94 98 76  
  64 98 82 76  
  65 110 116 94  
  66 116 98 94  
  67 13 19 11  
  68 19 17 11  
  69 15 22 13  
  70 22 19 13  
  71 20 24 15  
  72 24 22 15  
  73 23 31 20  
  74 31 24 20  
  75 32 40 23  
  76 40 31 23  
  77 43 49 32  
  78 49 40 32  
  79 54 62 43  
  80 62 49 43  
  81 66 70 54  
  82 70 62 54  
  83 82 84 66  
  84 84 70 66  
  85 98 102 82  
  86 102 84 82  
  87 116 121 98  
  88 121 102 98  
  89 19 28 17  
  90 28 26 17  
  91 22 30 19  
  92 30 28 19  
  93 24 33 22  
  94 33 30 22  
  95 31 41 24  
  96 41 33 24  
  97 40 48 31  
  98 48 41 31  
  99 49 55 40  
  100 55 48 40  
  101 62 69 49  
  102 69 55 49  
  103 70 80 62  
  104 80 69 62  
  105 84 96 70  
  106 96 80 70  
  107 102 111 84  
  108 111 96 84  
  109 121 126 102  
  110 126 111 102  
  111 28 36 26  
  112 36 35 26  
  113 30 39 28  
  114 39 36 28  
  115 33 42 30  
  116 42 39 30  
  117 41 50 33  
  118 50 42 33  
  119 48 56 41  
  120 56 50 41  
  121 55 65 48  
  122 65 56 48  
  123 69 77 55  
  124 77 65 55  
  125 80 87 69  
  126 87 77 69  
  127 96 104 80  
  128 104 87 80  
  129 111 119 96  
  130 119 104 96  
  131 126 133 111  
  132 133 119 111  
  133 36 47 35  
  134 47 45 35  
  135 39 52 36  
  136 52 47 36  
  137 42 53 39  
  138 53 52 39  
  139 50 59 42  
  140 59 53 42  
  141 56 68 50  
  142 68 59 50  
  143 65 78 56  
  144 78 68 56  
  145 77 86 65  
  146 86 78 65  
  147 87 99 77  
  148 99 86 77  
  149 104 114 87  
  150 114 99 87  
  151 119 130 104  
  152 130 114 104  
  153 133 141 119  
  154 141 130 119  
  155 47 60 45  
  156 60 58 45  
  157 52 64 47  
  158 64 60 47  
  159 53 67 52  
  160 67 64 52  
  161 59 71 53  
  162 71 67 53  
  163 68 81 59  
  164 81 71 59  
  165 78 90 68  
  166 90 81 68  
  167 86 100 78  
  168 100 90 78  
  169 99 113 86  
  170 113 100 86  
  171 114 124 99  
  172 124 113 99  
  173 130 137 114  
  174 137 124 114  
  175 141 150 130  
  176 150 137 130  
  177 60 74 58  
  178 74 73 58  
  179 64 79 60  
  180 79 74 60  
  181 67 83 64  
  182 83 79 64  
  183 71 85 67  
  184 85 83 67  
  185 81 95 71  
  186 95 85 71  
  187 90 103 81  
  188 103 95 81  
  189 100 115 90  
  190 115 103 90  
  191 113 123 100  
  192 123 115 100  
  193 124 135 113  
  194 135 123 113  
  195 137 147 124  
  196 147 135 124  
  197 150 158 137  
  198 158 147 137  
  199 74 91 73  
  200 91 89 73  
  201 79 93 74  
  202 93 91 74  
  203 83 97 79  
  204 97 93 79  
  205 85 101 83  
  206 101 97 83  
  207 95 109 85  
  208 109 101 85  
  209 103 118 95  
  210 118 109 95  
  211 115 129 103  
  212 129 118 103  
  213 123 136 115  
  214 136 129 115  
  215 135 146 123  
  216 146 136 123  
  217 147 155 135  
  218 155 146 135  
  219 158 164 147  
  220 164 155 147  
  221 91 108 89  
  222 108 106 89  
  223 93 112 91  
  224 112 108 91  
  225 97 117 93  
  226 117 112 93  
  227 101 120 97  
  228 120 117 97  
  229 109 127 101  
  230 127 120 101  
  231 118 132 109  
  232 132 127 109  
  233 129 142 118  
  234 142 132 118  
  235 136 149 129  
  236 149 142 129  
  237 146 157 136  
  238 157 149 136  
  239 155 165 146  
  240 165 157 146  
  241 164 175 155  
  242 175 165 155  
  243 108 125 106  
  244 125 122 106  
  245 112 128 108  
  246 128 125 108  
  247 117 131 112  
  248 131 128 112  
  249 120 134 117  
  250 134 131 117  
  251 127 138 120  
  252 138 134 120  
  253 132 145 127  
  254 145 138 127  
  255 142 151 132  
  256 151 145 132  
  257 149 161 142  
  258 161 151 142  
  259 157 167 149  
  260 167 161 149  
  261 165 176 157  
  262 176 167 157  
  263 175 185 165  
  264 185 176 165  
  265 125 140 122  
  266 140 139 122  
  267 128 143 125  
  268 143 140 125  
  269 131 144 128  
  270 144 143 128  
  271 134 148 131  
  272 148 144 131  
  273 138 152 134  
  274 152 148 134  
  275 145 159 138  
  276 159 152 138  
  277 151 163 145  
  278 163 159 145  
  279 161 172 151  
  280 172 163 151  
  281 167 178 161  
  282 178 172 161  
  283 176 187 167  
  284 187 178 167  
  285 185 195 176  
  286 195 187 176  
  287 140 154 139  
  288 154 153 139  
  289 143 156 140  
  290 156 154 140  
  291 144 160 143  
  292 160 156 143  
  293 148 162 144  
  294 162 160 144  
  295 152 166 148  
  296 166 162 148  
  297 159 171 152  
  298 171 166 152  
  299 163 177 159  
  300 177 171 159  
  301 172 183 163  
  302 183 177 163  
  303 178 190 172  
  304 190 183 172  
  305 187 198 178  
  306 198 190 178  
  307 195 204 187  
  308 204 198 187  
  309 154 169 153  
  310 169 168 153  
  311 156 170 154  
  312 170 169 154  
  313 160 173 156  
  314 173 170 156  
  315 162 174 160  
  316 174 173 160  
  317 166 179 162  
  318 179 174 162  
  319 171 184 166  
  320 184 179 166  
  321 177 189 171  
  322 189 184 171  
  323 183 192 177  
  324 192 189 177  
  325 190 202 183  
  326 202 192 183  
  327 198 209 190  
  328 209 202 190  
  329 204 215 198  
  330 215 209 198  
  331 169 181 168  
  332 181 180 168  
  333 170 182 169  
  334 182 181 169  
  335 173 186 170  
  336 186 182 170  
  337 174 188 173  
  338 188 186 173  
  339 179 191 174  
  340 191 188 174  
  341 184 196 179  
  342 196 191 179  
  343 189 200 184  
  344 200 196 184  
  345 192 205 189  
  346 205 200 189  
  347 202 212 192  
  348 212 205 192  
  349 209 218 202  
  350 218 212 202  
  351 215 227 209  
  352 227 218 209  
  353 181 194 180  
  354 194 193 180  
  355 182 197 181  
  356 197 194 181  
  357 186 199 182  
  358 199 197 182  
  359 188 201 186  
  360 201 199 186  
  361 191 203 188  
  362 203 201 188  
  363 196 207 191  
  364 207 203 191  
  365 200 213 196  
  366 213 207 196  
  367 205 217 200  
  368 217 213 200  
  369 212 223 205  
  370 223 217 205  
  371 218 230 212  
  372 230 223 212  
  373 227 237 218  
  374 237 230 218  
  375 194 208 193  
  376 208 206 193  
  377 197 210 194  
  378 210 208 194  
  379 199 211 197  
  380 211 210 197  
  381 201 214 199  
  382 214 211 199  
  383 203 216 201  
  384 216 214 201  
  385 207 219 203  
  386 219 216 203  
  387 213 225 207  
  388 225 219 207  
  389 217 229 213  
  390 229 225 213  
  391 223 235 217  
  392 235 229 217  
  393 230 240 223  
  394 240 235 223  
  395 237 245 230  
  396 245 240 230  
  397 208 221 206  
  398 221 220 206  
  399 210 222 208  
  400 222 221 208  
  401 211 224 210  
  402 224 222 210  
  403 214 226 211  
  404 226 224 211  
  405 216 228 214  
  406 228 226 214  
  407 219 231 216  
  408 231 228 216  
  409 225 238 219  
  410 238 231 219  
  411 229 241 225  
  412 241 238 225  
  413 235 244 229  
  414 244 241 229  
  415 240 247 235  
  416 247 244 235  
  417 245 250 240  
  418 250 247 240  
  419 221 233 220  
  420 233 232 220  
  421 222 234 221  
  422 234 233 221  
  423 224 236 222  
  424 236 234 222  
  425 226 239 224  
  426 239 236 224  
  427 228 242 226  
  428 242 239 226  
  429 231 243 228  
  430 243 242 228  
  431 238 246 231  
  432 246 243 231  
  433 241 248 238  
  434 248 246 238  
  435 244 249 241  
  436 249 248 241  
  437 247 251 244  
  438 251 249 244  
  439 250 252 247  
  440 252 251 247  
  END_ELEMENTS  
  COORDINATES  
   1   3.500000e+00 -5.000000e+00   
   2   4.000000e+00 -5.000000e+00   
   3   3.500000e+00 -4.500000e+00   
   4   4.000000e+00 -4.500000e+00   
   5   4.500000e+00 -5.000000e+00   
   6   3.500000e+00 -4.000000e+00   
   7   4.500000e+00 -4.500000e+00   
   8   4.000000e+00 -4.000000e+00   
   9   4.500000e+00 -4.000000e+00   
   10   5.000000e+00 -5.000000e+00   
   11   3.500000e+00 -3.500000e+00   
   12   5.000000e+00 -4.500000e+00   
   13   4.000000e+00 -3.500000e+00   
   14   5.000000e+00 -4.000000e+00   
   15   4.500000e+00 -3.500000e+00   
   16   5.500000e+00 -5.000000e+00   
   17   3.500000e+00 -3.000000e+00   
   18   5.500000e+00 -4.500000e+00   
   19   4.000000e+00 -3.000000e+00   
   20   5.000000e+00 -3.500000e+00   
   21   5.500000e+00 -4.000000e+00   
   22   4.500000e+00 -3.000000e+00   
   23   5.500000e+00 -3.500000e+00   
   24   5.000000e+00 -3.000000e+00   
   25   6.000000e+00 -5.000000e+00   
   26   3.500000e+00 -2.500000e+00   
   27   6.000000e+00 -4.500000e+00   
   28   4.000000e+00 -2.500000e+00   
   29   6.000000e+00 -4.000000e+00   
   30   4.500000e+00 -2.500000e+00   
   31   5.500000e+00 -3.000000e+00   
   32   6.000000e+00 -3.500000e+00   
   33   5.000000e+00 -2.500000e+00   
   34   6.500000e+00 -5.000000e+00   
   35   3.500000e+00 -2.000000e+00   
   36   4.000000e+00 -2.000000e+00   
   37   6.500000e+00 -4.500000e+00   
   38   6.500000e+00 -4.000000e+00   
   39   4.500000e+00 -2.000000e+00   
   40   6.000000e+00 -3.000000e+00   
   41   5.500000e+00 -2.500000e+00   
   42   5.000000e+00 -2.000000e+00   
   43   6.500000e+00 -3.500000e+00   
   44   7.000000e+00 -5.000000e+00   
   45   3.500000e+00 -1.500000e+00   
   46   7.000000e+00 -4.500000e+00   
   47   4.000000e+00 -1.500000e+00   
   48   6.000000e+00 -2.500000e+00   
   49   6.500000e+00 -3.000000e+00   
   50   5.500000e+00 -2.000000e+00   
   51   7.000000e+00 -4.000000e+00   
   52   4.500000e+00 -1.500000e+00   
   53   5.000000e+00 -1.500000e+00   
   54   7.000000e+00 -3.500000e+00   
   55   6.500000e+00 -2.500000e+00   
   56   6.000000e+00 -2.000000e+00   
   57   7.500000e+00 -5.000000e+00   
   58   3.500000e+00 -1.000000e+00   
   59   5.500000e+00 -1.500000e+00   
   60   4.000000e+00 -1.000000e+00   
   61   7.500000e+00 -4.500000e+00   
   62   7.000000e+00 -3.000000e+00   
   63   7.500000e+00 -4.000000e+00   
   64   4.500000e+00 -1.000000e+00   
   65   6.500000e+00 -2.000000e+00   
   66   7.500000e+00 -3.500000e+00   
   67   5.000000e+00 -1.000000e+00   
   68   6.000000e+00 -1.500000e+00   
   69   7.000000e+00 -2.500000e+00   
   70   7.500000e+00 -3.000000e+00   
   71   5.500000e+00 -1.000000e+00   
   72   8.000000e+00 -5.000000e+00   
   73   3.500000e+00 -5.000000e-01   
   74   4.000000e+00 -5.000000e-01   
   75   8.000000e+00 -4.500000e+00   
   76   8.000000e+00 -4.000000e+00   
   77   7.000000e+00 -2.000000e+00   
   78   6.500000e+00 -1.500000e+00   
   79   4.500000e+00 -5.000000e-01   
   80   7.500000e+00 -2.500000e+00   
   81   6.000000e+00 -1.000000e+00   
   82   8.000000e+00 -3.500000e+00   
   83   5.000000e+00 -5.000000e-01   
   84   8.000000e+00 -3.000000e+00   
   85   5.500000e+00 -5.000000e-01   
   86   7.000000e+00 -1.500000e+00   
   87   7.500000e+00 -2.000000e+00   
   88   8.500000e+00 -5.000000e+00   
   89   3.500000e+00  0.000000e+00   
   90   6.500000e+00 -1.000000e+00   
   91   4.000000e+00 -8.881784e-16   
   92   8.500000e+00 -4.500000e+00   
   93   4.500000e+00 -8.881784e-16   
   94   8.500000e+00 -4.000000e+00   
   95   6.000000e+00 -5.000000e-01   
   96   8.000000e+00 -2.500000e+00   
   97   5.000000e+00  0.000000e+00   
   98   8.500000e+00 -3.500000e+00   
   99   7.500000e+00 -1.500000e+00   
   100   7.000000e+00 -1.000000e+00   
   101   5.500000e+00 -8.881784e-16   
   102   8.500000e+00 -3.000000e+00   
   103   6.500000e+00 -5.000000e-01   
   104   8.000000e+00 -2.000000e+00   
   105   9.000000e+00 -5.000000e+00   
   106   3.500000e+00  5.000000e-01   
   107   9.000000e+00 -4.500000e+00   
   108   4.000000e+00  5.000000e-01   
   109   6.000000e+00  0.000000e+00   
   110   9.000000e+00 -4.000000e+00   
   111   8.500000e+00 -2.500000e+00   
   112   4.500000e+00  5.000000e-01   
   113   7.500000e+00 -1.000000e+00   
   114   8.000000e+00 -1.500000e+00   
   115   7.000000e+00 -5.000000e-01   
   116   9.000000e+00 -3.500000e+00   
   117   5.000000e+00  5.000000e-01   
   118   6.500000e+00  0.000000e+00   
   119   8.500000e+00 -2.000000e+00   
   120   5.500000e+00  5.000000e-01   
   121   9.000000e+00 -3.000000e+00   
   122   3.500000e+00  1.000000e+00   
   123   7.500000e+00 -5.000000e-01   
   124   8.000000e+00 -1.000000e+00   
   125   4.000000e+00  1.000000e+00   
   126   9.000000e+00 -2.500000e+00   
   127   6.000000e+00  5.000000e-01   
   128   4.500000e+00  1.000000e+00   
   129   7.000000e+00  0.000000e+00   
   130   8.500000e+00 -1.500000e+00   
   131   5.000000e+00  1.000000e+00   
   132   6.500000e+00  5.000000e-01   
   133   9.000000e+00 -2.000000e+00   
   134   5.500000e+00  1.000000e+00   
   135   8.000000e+00 -5.000000e-01   
   136   7.500000e+00  0.000000e+00   
   137   8.500000e+00 -1.000000e+00   
   138   6.000000e+00  1.000000e+00   
   139   3.500000e+00  1.500000e+00   
   140   4.000000e+00  1.500000e+00   
   141   9.000000e+00 -1.500000e+00   
   142   7.000000e+00  5.000000e-01   
   143   4.500000e+00  1.500000e+00   
   144   5.000000e+00  1.500000e+00   
   145   6.500000e+00  1.000000e+00   
   146   8.000000e+00 -8.881784e-16   
   147   8.500000e+00 -5.000000e-01   
   148   5.500000e+00  1.500000e+00   
   149   7.500000e+00  5.000000e-01   
   150   9.000000e+00 -1.000000e+00   
   151   7.000000e+00  1.000000e+00   
   152   6.000000e+00  1.500000e+00   
   153   3.500000e+00  2.000000e+00   
   154   4.000000e+00  2.000000e+00   
   155   8.500000e+00 -8.881784e-16   
   156   4.500000e+00  2.000000e+00   
   157   8.000000e+00  5.000000e-01   
   158   9.000000e+00 -5.000000e-01   
   159   6.500000e+00  1.500000e+00   
   160   5.000000e+00  2.000000e+00   
   161   7.500000e+00  1.000000e+00   
   162   5.500000e+00  2.000000e+00   
   163   7.000000e+00  1.500000e+00   
   164   9.000000e+00  0.000000e+00   
   165   8.500000e+00  5.000000e-01   
   166   6.000000e+00  2.000000e+00   
   167   8.000000e+00  1.000000e+00   
   168   3.500000e+00  2.500000e+00   
   169   4.000000e+00  2.500000e+00   
   170   4.500000e+00  2.500000e+00   
   171   6.500000e+00  2.000000e+00   
   172   7.500000e+00  1.500000e+00   
   173   5.000000e+00  2.500000e+00   
   174   5.500000e+00  2.500000e+00   
   175   9.000000e+00  5.000000e-01   
   176   8.500000e+00  1.000000e+00   
   177   7.000000e+00  2.000000e+00   
   178   8.000000e+00  1.500000e+00   
   179   6.000000e+00  2.500000e+00   
   180   3.500000e+00  3.000000e+00   
   181   4.000000e+00  3.000000e+00   
   182   4.500000e+00  3.000000e+00   
   183   7.500000e+00  2.000000e+00   
   184   6.500000e+00  2.500000e+00   
   185   9.000000e+00  1.000000e+00   
   186   5.000000e+00  3.000000e+00   
   187   8.500000e+00  1.500000e+00   
   188   5.500000e+00  3.000000e+00   
   189   7.000000e+00  2.500000e+00   
   190   8.000000e+00  2.000000e+00   
   191   6.000000e+00  3.000000e+00   
   192   7.500000e+00  2.500000e+00   
   193   3.500000e+00  3.500000e+00   
   194   4.000000e+00  3.500000e+00   
   195   9.000000e+00  1.500000e+00   
   196   6.500000e+00  3.000000e+00   
   197   4.500000e+00  3.500000e+00   
   198   8.500000e+00  2.000000e+00   
   199   5.000000e+00  3.500000e+00   
   200   7.000000e+00  3.000000e+00   
   201   5.500000e+00  3.500000e+00   
   202   8.000000e+00  2.500000e+00   
   203   6.000000e+00  3.500000e+00   
   204   9.000000e+00  2.000000e+00   
   205   7.500000e+00  3.000000e+00   
   206   3.500000e+00  4.000000e+00   
   207   6.500000e+00  3.500000e+00   
   208   4.000000e+00  4.000000e+00   
   209   8.500000e+00  2.500000e+00   
   210   4.500000e+00  4.000000e+00   
   211   5.000000e+00  4.000000e+00   
   212   8.000000e+00  3.000000e+00   
   213   7.000000e+00  3.500000e+00   
   214   5.500000e+00  4.000000e+00   
   215   9.000000e+00  2.500000e+00   
   216   6.000000e+00  4.000000e+00   
   217   7.500000e+00  3.500000e+00   
   218   8.500000e+00  3.000000e+00   
   219   6.500000e+00  4.000000e+00   
   220   3.500000e+00  4.500000e+00   
   221   4.000000e+00  4.500000e+00   
   222   4.500000e+00  4.500000e+00   
   223   8.000000e+00  3.500000e+00   
   224   5.000000e+00  4.500000e+00   
   225   7.000000e+00  4.000000e+00   
   226   5.500000e+00  4.500000e+00   
   227   9.000000e+00  3.000000e+00   
   228   6.000000e+00  4.500000e+00   
   229   7.500000e+00  4.000000e+00   
   230   8.500000e+00  3.500000e+00   
   231   6.500000e+00  4.500000e+00   
   232   3.500000e+00  5.000000e+00   
   233   4.000000e+00  5.000000e+00   
   234   4.500000e+00  5.000000e+00   
   235   8.000000e+00  4.000000e+00   
   236   5.000000e+00  5.000000e+00   
   237   9.000000e+00  3.500000e+00   
   238   7.000000e+00  4.500000e+00   
   239   5.500000e+00  5.000000e+00   
   240   8.500000e+00  4.000000e+00   
   241   7.500000e+00  4.500000e+00   
   242   6.000000e+00  5.000000e+00   
   243   6.500000e+00  5.000000e+00   
   244   8.000000e+00  4.500000e+00   
   245   9.000000e+00  4.000000e+00   
   246   7.000000e+00  5.000000e+00   
   247   8.500000e+00  4.500000e+00   
   248   7.500000e+00  5.000000e+00   
   249   8.000000e+00  5.000000e+00   
   250   9.000000e+00  4.500000e+00   
   251   8.500000e+00  5.000000e+00   
   252   9.000000e+00  5.000000e+00   
  END_COORDINATES
  BOUNDARIES, ELEMENT
    1         1     2         1     
    2         3     1         2     
    3         2     5         3     
    4         5     10         5     
    5         10     16         7     
    6         16     25         9     
    7         25     34         11     
    8         34     44         13     
    9         44     57         15     
    10         57     72         17     
    11         72     88         19     
    12         88     105         21     
    13         105     107         21     
    14         6     3         24     
    15         107     110         43     
    16         11     6         46     
    17         110     116         65     
    18         17     11         68     
    19         116     121         87     
    20         26     17         90     
    21         121     126         109     
    22         35     26         112     
    23         126     133         131     
    24         45     35         134     
    25         133     141         153     
    26         58     45         156     
    27         141     150         175     
    28         73     58         178     
    29         150     158         197     
    30         89     73         200     
    31         158     164         219     
    32         106     89         222     
    33         164     175         241     
    34         122     106         244     
    35         175     185         263     
    36         139     122         266     
    37         185     195         285     
    38         153     139         288     
    39         195     204         307     
    40         168     153         310     
    41         204     215         329     
    42         180     168         332     
    43         215     227         351     
    44         193     180         354     
    45         227     237         373     
    46         206     193         376     
    47         237     245         395     
    48         220     206         398     
    49         245     250         417     
    50         233     232         420     
    51         232     220         420     
    52         234     233         422     
    53         236     234         424     
    54         239     236         426     
    55         242     239         428     
    56         243     242         430     
    57         246     243         432     
    58         248     246         434     
    59         249     248         436     
    60         251     249         438     
    61         250     252         439     
    62         252     251         440     
  END_BOUNDARIES
  MATERIALS, NUMBER= 1, DEFAULT=1
  END_MATERIALS
  SUBDOMAINS
  END_SUBDOMAINS
  CHARACTERISTICS
  END_CHARACTERISTICS
