  NODES_PER_ELEMENT
   1 6
   2 6
   3 6
   4 6
   5 6
   6 6
   7 6
   8 6
   9 6
   10 6
   11 6
   12 6
   13 6
   14 6
   15 6
   16 6
   17 6
   18 6
   19 6
   20 6
   21 6
   22 6
   23 6
   24 6
   25 6
   26 6
   27 6
   28 6
   29 6
   30 6
   31 6
   32 6
   33 6
   34 6
   35 6
   36 6
   37 6
   38 6
   39 6
   40 6
   41 6
   42 6
   43 6
   44 6
   45 6
   46 6
   47 6
   48 6
   49 6
   50 6
   51 6
   52 6
   53 6
   54 6
   55 6
   56 6
   57 6
   58 6
   59 6
   60 6
   61 6
   62 6
   63 6
   64 6
   65 6
   66 6
   67 6
   68 6
   69 6
   70 6
   71 6
   72 6
   73 6
   74 6
   75 6
   76 6
   77 6
   78 6
   79 6
   80 6
   81 6
   82 6
   83 6
   84 6
   85 6
   86 6
   87 6
   88 6
   89 6
   90 6
   91 6
   92 6
   93 6
   94 6
   95 6
   96 6
   97 6
   98 6
   99 6
   100 6
   101 6
   102 6
   103 6
   104 6
   105 6
   106 6
   107 6
   108 6
   109 6
   110 6
   111 6
   112 6
   113 6
   114 6
   115 6
   116 6
   117 6
   118 6
   119 6
   120 6
   121 6
   122 6
   123 6
   124 6
   125 6
   126 6
   127 6
   128 6
   129 6
   130 6
   131 6
   132 6
   133 6
   134 6
   135 6
   136 6
   137 6
   138 6
   139 6
   140 6
   141 6
   142 6
   143 6
   144 6
   145 6
   146 6
   147 6
   148 6
   149 6
   150 6
   151 6
   152 6
   153 6
   154 6
   155 6
   156 6
   157 6
   158 6
   159 6
   160 6
   161 6
   162 6
   163 6
   164 6
   165 6
   166 6
   167 6
   168 6
   169 6
   170 6
  END_NODES_PER_ELEMENT
  ELEMENTS
  1 243 215 222 230 217 233  
  2 215 188 181 199 184 197  
  3 148 176 154 163 167 150  
  4 176 208 178 193 194 177  
  5 94 117 97 104 105 95  
  6 117 148 121 130 132 118  
  7 208 237 210 226 227 209  
  8 237 265 242 252 255 238  
  9 287 263 258 275 260 272  
  10 263 243 222 253 233 246  
  11 154 176 178 167 177 169  
  12 154 178 157 169 170 155  
  13 148 154 121 150 136 132  
  14 121 154 157 136 155 137  
  15 178 208 210 194 209 195  
  16 178 210 157 195 185 170  
  17 222 215 181 217 197 202  
  18 222 181 180 202 179 200  
  19 181 188 147 184 168 165  
  20 210 237 242 227 238 228  
  21 210 242 216 228 231 213  
  22 242 265 274 255 271 259  
  23 97 117 121 105 118 107  
  24 97 121 102 107 113 99  
  25 94 97 70 95 83 82  
  26 258 263 222 260 246 241  
  27 287 258 290 272 273 289  
  28 180 181 141 179 160 158  
  29 222 180 218 200 198 219  
  30 216 242 257 231 250 236  
  31 210 216 157 213 189 185  
  32 102 121 157 113 137 127  
  33 97 102 76 99 87 85  
  34 365 355 343 361 350 354  
  35 147 188 139 168 161 140  
  36 147 139 111 140 122 128  
  37 111 139 98 122 114 101  
  38 147 111 141 128 123 143  
  39 147 141 181 143 160 165  
  40 274 265 305 271 285 292  
  41 274 305 295 292 300 282  
  42 242 274 257 259 266 250  
  43 257 274 295 266 282 277  
  44 70 97 76 83 85 73  
  45 70 76 48 73 62 58  
  46 94 70 61 82 64 78  
  47 61 70 48 64 58 51  
  48 48 76 57 62 65 52  
  49 290 258 267 273 261 278  
  50 287 290 314 289 303 301  
  51 314 290 309 303 298 311  
  52 309 290 267 298 278 291  
  53 314 309 338 311 325 326  
  54 180 141 146 158 142 164  
  55 218 180 190 198 186 205  
  56 222 218 258 219 239 241  
  57 216 257 234 236 247 225  
  58 76 102 86 87 93 79  
  59 343 355 330 350 342 336  
  60 365 343 356 354 351 362  
  61 295 305 337 300 320 318  
  62 57 76 86 65 79 74  
  63 57 86 77 74 80 66  
  64 77 86 103 80 96 88  
  65 57 77 49 66 63 53  
  66 48 57 30 52 42 38  
  67 267 258 218 261 239 245  
  68 146 141 112 142 124 126  
  69 180 146 190 164 171 186  
  70 218 190 224 205 207 220  
  71 234 257 279 247 268 256  
  72 216 234 191 225 211 204  
  73 86 102 116 93 108 100  
  74 103 86 116 96 100 110  
  75 103 116 138 110 125 120  
  76 138 116 152 125 133 145  
  77 103 138 129 120 131 115  
  78 77 103 112 88 106 91  
  79 49 77 69 63 72 56  
  80 57 49 30 53 39 42  
  81 30 49 22 39 34 24  
  82 22 49 45 34 44 32  
  83 30 22 11 24 14 19  
  84 330 355 338 342 346 333  
  85 330 338 309 333 325 319  
  86 343 330 315 336 322 329  
  87 356 343 332 351 339 344  
  88 365 356 371 362 366 368  
  89 371 356 359 366 357 367  
  90 359 356 332 357 344 345  
  91 371 359 369 367 364 370  
  92 369 359 347 364 353 360  
  93 347 359 335 353 348 340  
  94 369 347 358 360 352 363  
  95 358 347 337 352 341 349  
  96 335 359 332 348 345 334  
  97 335 332 310 334 321 323  
  98 310 332 315 321 324 312  
  99 335 310 316 323 313 327  
  100 347 335 316 340 327 331  
  101 316 310 279 313 294 296  
  102 152 116 157 133 134 153  
  103 152 157 191 153 174 172  
  104 152 191 173 172 182 162  
  105 173 191 214 182 203 192  
  106 152 173 138 162 156 145  
  107 138 173 159 156 166 149  
  108 159 173 201 166 187 183  
  109 138 159 129 149 144 131  
  110 129 159 146 144 151 135  
  111 129 146 112 135 126 119  
  112 146 159 190 151 175 171  
  113 190 159 201 175 183 196  
  114 201 173 214 187 192 206  
  115 201 214 240 206 229 221  
  116 190 201 224 196 212 207  
  117 240 214 251 229 235 248  
  118 201 240 224 221 232 212  
  119 214 191 234 203 211 223  
  120 214 234 251 223 244 235  
  121 251 234 279 244 256 264  
  122 251 279 284 264 280 270  
  123 284 279 310 280 294 297  
  124 284 310 315 297 312 299  
  125 251 286 240 269 262 248  
  126 45 49 69 44 56 55  
  127 45 69 75 55 71 59  
  128 45 75 46 59 60 43  
  129 30 11 25 19 18 27  
  130 22 45 26 32 35 23  
  131 48 30 25 38 27 37  
  132 48 25 61 37 41 51  
  133 103 129 112 115 119 106  
  134 11 22 8 14 13 7  
  135 112 141 111 124 123 109  
  136 279 257 295 268 277 288  
  137 116 102 157 108 127 134  
  138 75 112 111 90 109 92  
  139 45 46 26 43 36 35  
  140 26 46 31 36 40 28  
  141 26 31 12 28 21 17  
  142 69 112 75 89 90 71  
  143 46 75 67 60 68 54  
  144 218 224 267 220 249 245  
  145 267 224 240 249 232 254  
  146 216 191 157 204 174 189  
  147 69 77 112 72 91 89  
  148 315 330 304 322 317 308  
  149 332 343 315 339 329 324  
  150 25 11 10 18 6 15  
  151 22 26 8 23 16 13  
  152 11 8 1 7 2 4  
  153 304 330 309 317 319 307  
  154 304 309 267 307 291 281  
  155 315 304 286 308 293 302  
  156 286 304 267 293 281 276  
  157 315 286 284 302 283 299  
  158 284 286 251 283 269 270  
  159 8 26 12 16 17 9  
  160 8 12 1 9 5 2  
  161 33 61 25 47 41 29  
  162 33 25 10 29 15 20  
  163 98 67 75 81 68 84  
  164 46 67 31 54 50 40  
  165 111 98 75 101 84 92  
  166 295 337 316 318 328 306  
  167 295 316 279 306 296 288  
  168 240 286 267 262 276 254  
  169 347 316 337 331 328 341  
  170 1 10 11 3 6 4  
  END_ELEMENTS  
  COORDINATES  
   1   5.576271e+00  3.307042e+00   
   2   5.779177e+00  3.051763e+00   
   3   5.247672e+00  3.148470e+00   
   4   5.556218e+00  2.938787e+00   
   5   5.938476e+00  3.229278e+00   
   6   5.227618e+00  2.780215e+00   
   7   5.759124e+00  2.683508e+00   
   8   5.982083e+00  2.796484e+00   
   9   6.141382e+00  2.973999e+00   
   10   4.919072e+00  2.989899e+00   
   11   5.536165e+00  2.570532e+00   
   12   6.300682e+00  3.151515e+00   
   13   5.968266e+00  2.546917e+00   
   14   5.745307e+00  2.433941e+00   
   15   4.955973e+00  2.662175e+00   
   16   6.192193e+00  2.657961e+00   
   17   6.351493e+00  2.835477e+00   
   18   5.264519e+00  2.452492e+00   
   19   5.523157e+00  2.321076e+00   
   20   4.742345e+00  2.747475e+00   
   21   6.535543e+00  2.989899e+00   
   22   5.954448e+00  2.297351e+00   
   23   6.178376e+00  2.408395e+00   
   24   5.732299e+00  2.184486e+00   
   25   4.992873e+00  2.334451e+00   
   26   6.402304e+00  2.519438e+00   
   27   5.251511e+00  2.203036e+00   
   28   6.586355e+00  2.673861e+00   
   29   4.779245e+00  2.419751e+00   
   30   5.510149e+00  2.071621e+00   
   31   6.770405e+00  2.828283e+00   
   32   6.162401e+00  2.158957e+00   
   33   4.565617e+00  2.505051e+00   
   34   5.938257e+00  2.048701e+00   
   35   6.386329e+00  2.270001e+00   
   36   6.553962e+00  2.405593e+00   
   37   5.027813e+00  2.091928e+00   
   38   5.286451e+00  1.960512e+00   
   39   5.716107e+00  1.935836e+00   
   40   6.738012e+00  2.560015e+00   
   41   4.678177e+00  2.177327e+00   
   42   5.493732e+00  1.822389e+00   
   43   6.537987e+00  2.156155e+00   
   44   6.146210e+00  1.910307e+00   
   45   6.370354e+00  2.020563e+00   
   46   6.705619e+00  2.291747e+00   
   47   4.464549e+00  2.262626e+00   
   48   5.062752e+00  1.849404e+00   
   49   5.922065e+00  1.800051e+00   
   50   6.983978e+00  2.585859e+00   
   51   4.713117e+00  1.934803e+00   
   52   5.270034e+00  1.711281e+00   
   53   5.699690e+00  1.686604e+00   
   54   6.951585e+00  2.317591e+00   
   55   6.355274e+00  1.773387e+00   
   56   6.131129e+00  1.663130e+00   
   57   5.477316e+00  1.573157e+00   
   58   4.847291e+00  1.730025e+00   
   59   6.613334e+00  1.882369e+00   
   60   6.780967e+00  2.017961e+00   
   61   4.363482e+00  2.020202e+00   
   62   5.045381e+00  1.603695e+00   
   63   5.907881e+00  1.550813e+00   
   64   4.497656e+00  1.815424e+00   
   65   5.252663e+00  1.465572e+00   
   66   5.685506e+00  1.437366e+00   
   67   7.197551e+00  2.343434e+00   
   68   7.026932e+00  2.043804e+00   
   69   6.340194e+00  1.526210e+00   
   70   4.631830e+00  1.610647e+00   
   71   6.598254e+00  1.635192e+00   
   72   6.116945e+00  1.413892e+00   
   73   4.829920e+00  1.484316e+00   
   74   5.461583e+00  1.329472e+00   
   75   6.856314e+00  1.744174e+00   
   76   5.028010e+00  1.357986e+00   
   77   5.893697e+00  1.301575e+00   
   78   4.281766e+00  1.696970e+00   
   79   5.236930e+00  1.221886e+00   
   80   5.669774e+00  1.193681e+00   
   81   7.343304e+00  2.101010e+00   
   82   4.415941e+00  1.492192e+00   
   83   4.613190e+00  1.365102e+00   
   84   7.172685e+00  1.801380e+00   
   85   4.811280e+00  1.238771e+00   
   86   5.445851e+00  1.085787e+00   
   87   5.013576e+00  1.111054e+00   
   88   5.904280e+00  1.042157e+00   
   89   6.486977e+00  1.206990e+00   
   90   6.745037e+00  1.315972e+00   
   91   6.263728e+00  1.094673e+00   
   92   7.056987e+00  1.512539e+00   
   93   5.222497e+00  9.749540e-01   
   94   4.200051e+00  1.373737e+00   
   95   4.397301e+00  1.246647e+00   
   96   5.680357e+00  9.342625e-01   
   97   4.594550e+00  1.119557e+00   
   98   7.489057e+00  1.858586e+00   
   99   4.796847e+00  9.918389e-01   
   100   5.430412e+00  8.364290e-01   
   101   7.373358e+00  1.569745e+00   
   102   4.999143e+00  8.641211e-01   
   103   5.914863e+00  7.827382e-01   
   104   4.174939e+00  1.171717e+00   
   105   4.372188e+00  1.044627e+00   
   106   6.274312e+00  8.352544e-01   
   107   4.569438e+00  9.175364e-01   
   108   5.207058e+00  7.255961e-01   
   109   6.945710e+00  1.084338e+00   
   110   5.664918e+00  6.849046e-01   
   111   7.257660e+00  1.280905e+00   
   112   6.633760e+00  8.877707e-01   
   113   4.771734e+00  7.898187e-01   
   114   7.616291e+00  1.535354e+00   
   115   6.082262e+00  6.375495e-01   
   116   5.414973e+00  5.870711e-01   
   117   4.149826e+00  9.696970e-01   
   118   4.347076e+00  8.426066e-01   
   119   6.441710e+00  6.900657e-01   
   120   5.870721e+00  5.445385e-01   
   121   4.544325e+00  7.155162e-01   
   122   7.500593e+00  1.246513e+00   
   123   7.157603e+00  9.519863e-01   
   124   6.845653e+00  7.554191e-01   
   125   5.620775e+00  4.467049e-01   
   126   6.625672e+00  6.380707e-01   
   127   4.953667e+00  5.043845e-01   
   128   7.364498e+00  1.060032e+00   
   129   6.249660e+00  4.923608e-01   
   130   4.124714e+00  7.676768e-01   
   131   6.038119e+00  3.993498e-01   
   132   4.321963e+00  6.405864e-01   
   133   5.447450e+00  3.557643e-01   
   134   5.161582e+00  3.658595e-01   
   135   6.433622e+00  4.403657e-01   
   136   4.483237e+00  5.167037e-01   
   137   4.726258e+00  4.300821e-01   
   138   5.826578e+00  3.063388e-01   
   139   7.743526e+00  1.212121e+00   
   140   7.607431e+00  1.025640e+00   
   141   7.057546e+00  6.230675e-01   
   142   6.837565e+00  5.057191e-01   
   143   7.264441e+00  7.311134e-01   
   144   6.252588e+00  2.944731e-01   
   145   5.653253e+00  2.153981e-01   
   146   6.617585e+00  3.883707e-01   
   147   7.471336e+00  8.391592e-01   
   148   4.099601e+00  5.656566e-01   
   149   6.041047e+00  2.014621e-01   
   150   4.260876e+00  4.417738e-01   
   151   6.436550e+00  2.424781e-01   
   152   5.479928e+00  1.244575e-01   
   153   5.194059e+00  1.345527e-01   
   154   4.422150e+00  3.178911e-01   
   155   4.665170e+00  2.312695e-01   
   156   5.822588e+00  1.051721e-01   
   157   4.908191e+00  1.446479e-01   
   158   7.050417e+00  3.758884e-01   
   159   6.255516e+00  9.658548e-02   
   160   7.262863e+00  4.852515e-01   
   161   7.811758e+00  8.888889e-01   
   162   5.649263e+00  1.423147e-02   
   163   4.095644e+00  3.636364e-01   
   164   6.830437e+00  2.585400e-01   
   165   7.469758e+00  5.932973e-01   
   166   6.037057e+00  2.954658e-04   
   167   4.256918e+00  2.397536e-01   
   168   7.675664e+00  7.024079e-01   
   169   4.426528e+00  1.598207e-01   
   170   4.669549e+00  7.319908e-02   
   171   6.628229e+00  1.126841e-01   
   172   5.437596e+00 -9.779329e-02   
   173   5.818598e+00 -9.599455e-02   
   174   5.151727e+00 -8.769809e-02   
   175   6.447194e+00 -3.320847e-02   
   176   4.091687e+00  1.616162e-01   
   177   4.261297e+00  8.168322e-02   
   178   4.430907e+00  1.750287e-03   
   179   7.255734e+00  2.380724e-01   
   180   7.043289e+00  1.287093e-01   
   181   7.468180e+00  3.474354e-01   
   182   5.606931e+00 -2.080193e-01   
   183   6.233609e+00 -1.496748e-01   
   184   7.674085e+00  4.565460e-01   
   185   4.713892e+00 -1.330628e-01   
   186   6.841081e+00 -1.714655e-02   
   187   6.015151e+00 -2.459648e-01   
   188   7.879991e+00  5.656566e-01   
   189   4.937810e+00 -2.167554e-01   
   190   6.638873e+00 -1.630024e-01   
   191   5.395264e+00 -3.200441e-01   
   192   5.814041e+00 -3.433654e-01   
   193   4.087730e+00 -4.040404e-02   
   194   4.257340e+00 -1.203370e-01   
   195   4.475251e+00 -2.045116e-01   
   196   6.425288e+00 -2.794687e-01   
   197   7.681885e+00  2.545258e-01   
   198   7.069455e+00 -1.171843e-01   
   199   7.887791e+00  3.636364e-01   
   200   7.283375e+00 -3.560078e-02   
   201   6.211703e+00 -3.959350e-01   
   202   7.495820e+00  7.376227e-02   
   203   5.602374e+00 -4.553901e-01   
   204   5.181347e+00 -4.491014e-01   
   205   6.867246e+00 -2.630402e-01   
   206   6.010594e+00 -4.933356e-01   
   207   6.620366e+00 -3.730192e-01   
   208   4.083772e+00 -2.424242e-01   
   209   4.301683e+00 -3.265989e-01   
   210   4.519594e+00 -4.107735e-01   
   211   5.399492e+00 -5.698408e-01   
   212   6.406782e+00 -4.894855e-01   
   213   4.743512e+00 -4.944661e-01   
   214   5.809484e+00 -5.907362e-01   
   215   7.895591e+00  1.616162e-01   
   216   4.967430e+00 -5.781587e-01   
   217   7.709526e+00 -1.914736e-02   
   218   7.095620e+00 -3.630779e-01   
   219   7.309541e+00 -2.814944e-01   
   220   6.848740e+00 -4.730570e-01   
   221   6.205521e+00 -6.394915e-01   
   222   7.523461e+00 -1.999109e-01   
   223   5.606602e+00 -7.051869e-01   
   224   6.601860e+00 -5.830360e-01   
   225   5.185575e+00 -6.988982e-01   
   226   4.099983e+00 -4.444444e-01   
   227   4.317894e+00 -5.286191e-01   
   228   4.535805e+00 -6.127937e-01   
   229   6.004411e+00 -7.368921e-01   
   230   7.903391e+00 -4.040404e-02   
   231   4.759723e+00 -6.964863e-01   
   232   6.400599e+00 -7.330420e-01   
   233   7.717326e+00 -2.211676e-01   
   234   5.403720e+00 -8.196376e-01   
   235   5.777066e+00 -8.370360e-01   
   236   4.956972e+00 -8.423566e-01   
   237   4.116194e+00 -6.464646e-01   
   238   4.334105e+00 -7.306393e-01   
   239   7.247876e+00 -5.741241e-01   
   240   6.199338e+00 -8.830480e-01   
   241   7.461796e+00 -4.925406e-01   
   242   4.552016e+00 -8.148139e-01   
   243   7.911190e+00 -2.424242e-01   
   244   5.574184e+00 -9.514867e-01   
   245   6.979693e+00 -7.365972e-01   
   246   7.686843e+00 -4.231878e-01   
   247   5.175117e+00 -9.630961e-01   
   248   5.971993e+00 -9.831918e-01   
   249   6.732813e+00 -8.465763e-01   
   250   4.749265e+00 -9.606842e-01   
   251   5.744648e+00 -1.083336e+00   
   252   4.132405e+00 -8.484848e-01   
   253   7.880708e+00 -4.444444e-01   
   254   6.531552e+00 -9.965822e-01   
   255   4.350315e+00 -9.326595e-01   
   256   5.388673e+00 -1.143637e+00   
   257   4.946513e+00 -1.106554e+00   
   258   7.400132e+00 -7.851703e-01   
   259   4.560386e+00 -1.060675e+00   
   260   7.625178e+00 -7.158175e-01   
   261   7.131949e+00 -9.476434e-01   
   262   6.238218e+00 -1.202108e+00   
   263   7.850225e+00 -6.464646e-01   
   264   5.559137e+00 -1.275486e+00   
   265   4.148615e+00 -1.050505e+00   
   266   4.757635e+00 -1.206545e+00   
   267   6.863765e+00 -1.110117e+00   
   268   5.160069e+00 -1.287096e+00   
   269   6.010873e+00 -1.302252e+00   
   270   5.785077e+00 -1.319503e+00   
   271   4.358686e+00 -1.178520e+00   
   272   7.594696e+00 -9.178377e-01   
   273   7.375442e+00 -1.030383e+00   
   274   4.568757e+00 -1.306536e+00   
   275   7.819743e+00 -8.484848e-01   
   276   6.570431e+00 -1.315643e+00   
   277   4.880022e+00 -1.379549e+00   
   278   7.107258e+00 -1.192856e+00   
   279   5.373626e+00 -1.467637e+00   
   280   5.599566e+00 -1.511654e+00   
   281   6.806639e+00 -1.397517e+00   
   282   4.691144e+00 -1.479540e+00   
   283   6.051302e+00 -1.538420e+00   
   284   5.825506e+00 -1.555671e+00   
   285   4.209575e+00 -1.373737e+00   
   286   6.277098e+00 -1.521169e+00   
   287   7.789260e+00 -1.050505e+00   
   288   5.093578e+00 -1.560090e+00   
   289   7.570006e+00 -1.163051e+00   
   290   7.350752e+00 -1.275596e+00   
   291   7.003966e+00 -1.409201e+00   
   292   4.419646e+00 -1.501753e+00   
   293   6.513305e+00 -1.603043e+00   
   294   5.535759e+00 -1.708582e+00   
   295   4.813531e+00 -1.652544e+00   
   296   5.289708e+00 -1.747799e+00   
   297   5.761699e+00 -1.752599e+00   
   298   7.247459e+00 -1.491940e+00   
   299   6.045051e+00 -1.758949e+00   
   300   4.542033e+00 -1.674757e+00   
   301   7.699715e+00 -1.322965e+00   
   302   6.270846e+00 -1.741698e+00   
   303   7.480461e+00 -1.435510e+00   
   304   6.749513e+00 -1.684918e+00   
   305   4.270535e+00 -1.696970e+00   
   306   5.009661e+00 -1.840253e+00   
   307   6.946839e+00 -1.696601e+00   
   308   6.507054e+00 -1.823572e+00   
   309   7.144166e+00 -1.708285e+00   
   310   5.697892e+00 -1.949528e+00   
   311   7.377168e+00 -1.651854e+00   
   312   5.981243e+00 -1.955877e+00   
   313   5.451841e+00 -1.988744e+00   
   314   7.610169e+00 -1.595424e+00   
   315   6.264595e+00 -1.962226e+00   
   316   5.205791e+00 -2.027961e+00   
   317   6.796651e+00 -1.930414e+00   
   318   4.650974e+00 -1.997989e+00   
   319   6.993977e+00 -1.942097e+00   
   320   4.379476e+00 -2.020202e+00   
   321   5.844939e+00 -2.147498e+00   
   322   6.554192e+00 -2.069068e+00   
   323   5.611100e+00 -2.180357e+00   
   324   6.128290e+00 -2.153847e+00   
   325   7.225819e+00 -1.945051e+00   
   326   7.458821e+00 -1.888621e+00   
   327   5.365049e+00 -2.219574e+00   
   328   4.847104e+00 -2.185698e+00   
   329   6.365488e+00 -2.232574e+00   
   330   6.843788e+00 -2.175909e+00   
   331   5.172142e+00 -2.324573e+00   
   332   5.991986e+00 -2.345469e+00   
   333   7.075631e+00 -2.178864e+00   
   334   5.758147e+00 -2.378328e+00   
   335   5.524308e+00 -2.411187e+00   
   336   6.655085e+00 -2.339415e+00   
   337   4.488417e+00 -2.343434e+00   
   338   7.307473e+00 -2.181818e+00   
   339   6.229184e+00 -2.424195e+00   
   340   5.331400e+00 -2.516186e+00   
   341   4.813455e+00 -2.482309e+00   
   342   6.889966e+00 -2.421288e+00   
   343   6.466382e+00 -2.502921e+00   
   344   6.042672e+00 -2.590196e+00   
   345   5.796592e+00 -2.624646e+00   
   346   7.121808e+00 -2.424242e+00   
   347   5.138493e+00 -2.621185e+00   
   348   5.562752e+00 -2.657506e+00   
   349   4.631187e+00 -2.585859e+00   
   350   6.701263e+00 -2.584794e+00   
   351   6.279870e+00 -2.668923e+00   
   352   4.956225e+00 -2.724734e+00   
   353   5.369845e+00 -2.762504e+00   
   354   6.517228e+00 -2.746410e+00   
   355   6.936144e+00 -2.666667e+00   
   356   6.093359e+00 -2.834924e+00   
   357   5.847278e+00 -2.869374e+00   
   358   4.773956e+00 -2.828283e+00   
   359   5.601197e+00 -2.903824e+00   
   360   5.187890e+00 -2.916802e+00   
   361   6.752109e+00 -2.828283e+00   
   362   6.330716e+00 -2.912411e+00   
   363   5.005622e+00 -3.020351e+00   
   364   5.419243e+00 -3.058121e+00   
   365   6.568074e+00 -2.989899e+00   
   366   6.004306e+00 -3.061948e+00   
   367   5.758226e+00 -3.096398e+00   
   368   6.241664e+00 -3.139435e+00   
   369   5.237288e+00 -3.212419e+00   
   370   5.576271e+00 -3.250695e+00   
   371   5.915254e+00 -3.288971e+00   
  END_COORDINATES
  BOUNDARIES, ELEMENT
    1         243     215     230         1     
    2         215     188     199         2     
    3         148     176     163         3     
    4         176     208     193         4     
    5         94     117     104         5     
    6         117     148     130         6     
    7         208     237     226         7     
    8         237     265     252         8     
    9         287     263     275         9     
    10         263     243     253         10     
    11         365     355     361         34     
    12         188     139     161         35     
    13         139     98     114         37     
    14         265     305     285         40     
    15         61     94     78         46     
    16         314     287     301         50     
    17         338     314     326         53     
    18         305     337     320         61     
    19         355     338     346         84     
    20         371     365     368         88     
    21         369     371     370         91     
    22         358     369     363         94     
    23         337     358     349         95     
    24         31     12     21         141     
    25         12     1     5         160     
    26         33     61     47         161     
    27         10     33     20         162     
    28         98     67     81         163     
    29         67     31     50         164     
    30         1     10     3         170     
  END_BOUNDARIES
  MATERIALS, NUMBER= 1, DEFAULT=1
  END_MATERIALS
  SUBDOMAINS
  END_SUBDOMAINS
  CHARACTERISTICS
  END_CHARACTERISTICS
