  NODES_PER_ELEMENT 
  1 10
  2 10
  3 10
  4 10
  5 10
  6 10
  7 10
  8 10
  9 10
  10 10
  11 10
  12 10
  13 10
  14 10
  15 10
  16 10
  17 10
  18 10
  19 10
  20 10
  21 10
  22 10
  23 10
  24 10
  25 10
  26 10
  27 10
  28 10
  29 10
  30 10
  31 10
  32 10
  33 10
  34 10
  35 10
  36 10
  37 10
  38 10
  39 10
  40 10
  41 10
  42 10
  43 10
  44 10
  45 10
  46 10
  47 10
  48 10
  49 10
  50 10
  51 10
  52 10
  53 10
  54 10
  55 10
  56 10
  57 10
  58 10
  59 10
  60 10
  61 10
  62 10
  63 10
  64 10
  65 10
  66 10
  67 10
  68 10
  69 10
  70 10
  71 10
  72 10
  73 10
  74 10
  75 10
  76 10
  77 10
  78 10
  79 10
  80 10
  81 10
  82 10
  83 10
  84 10
  85 10
  86 10
  87 10
  88 10
  89 10
  90 10
  91 10
  92 10
  93 10
  94 10
  95 10
  96 10
  97 10
  98 10
  99 10
  100 10
  101 10
  102 10
  103 10
  104 10
  105 10
  106 10
  107 10
  108 10
  109 10
  110 10
  111 10
  112 10
  113 10
  114 10
  115 10
  116 10
  117 10
  118 10
  119 10
  120 10
  121 10
  122 10
  123 10
  124 10
  125 10
  126 10
  127 10
  128 10
  129 10
  130 10
  131 10
  132 10
  133 10
  134 10
  135 10
  136 10
  137 10
  138 10
  139 10
  140 10
  141 10
  142 10
  143 10
  144 10
  145 10
  146 10
  147 10
  148 10
  149 10
  150 10
  151 10
  152 10
  153 10
  154 10
  155 10
  156 10
  157 10
  158 10
  159 10
  160 10
  161 10
  162 10
  163 10
  164 10
  165 10
  166 10
  167 10
  168 10
  169 10
  170 10
  171 10
  172 10
  173 10
  174 10
  175 10
  176 10
  177 10
  178 10
  179 10
  180 10
  181 10
  182 10
  183 10
  184 10
  185 10
  186 10
  187 10
  188 10
  189 10
  190 10
  191 10
  192 10
  193 10
  194 10
  195 10
  196 10
  197 10
  198 10
  199 10
  200 10
  201 10
  202 10
  203 10
  204 10
  205 10
  206 10
  207 10
  208 10
  209 10
  210 10
  211 10
  212 10
  213 10
  214 10
  215 10
  216 10
  217 10
  218 10
  219 10
  220 10
  221 10
  222 10
  223 10
  224 10
  225 10
  226 10
  227 10
  228 10
  229 10
  230 10
  231 10
  232 10
  233 10
  234 10
  235 10
  236 10
  237 10
  238 10
  239 10
  240 10
  241 10
  242 10
  243 10
  244 10
  245 10
  246 10
  247 10
  248 10
  249 10
  250 10
  251 10
  252 10
  253 10
  254 10
  255 10
  256 10
  257 10
  258 10
  259 10
  260 10
  END_NODES_PER_ELEMENT 
  ELEMENTS 
  1 1 2 3 4 5 6 7 8 9 10
  2 2 11 3 12 13 14 15 7 6 16
  3 1 3 17 9 8 18 19 20 21 22
  4 17 3 23 19 18 24 25 26 27 28
  5 1 17 29 21 20 30 31 32 33 34
  6 23 3 35 25 24 36 37 38 39 40
  7 17 23 41 27 26 42 43 44 45 46
  8 35 3 11 37 36 15 14 47 48 49
  9 23 35 50 39 38 51 52 53 54 55
  10 41 23 56 43 42 57 58 59 60 61
  11 17 41 29 45 44 62 63 31 30 64
  12 29 41 65 63 62 66 67 68 69 70
  13 11 71 35 72 73 74 75 48 47 76
  14 77 78 79 80 81 82 83 84 85 86
  15 78 87 88 89 90 91 92 93 94 95
  16 50 35 96 52 51 97 98 99 100 101
  17 23 50 56 54 53 102 103 58 57 104
  18 56 50 105 103 102 106 107 108 109 110
  19 41 56 111 60 59 112 113 114 115 116
  20 117 118 119 120 121 122 123 124 125 126
  21 118 127 128 129 130 131 132 133 134 135
  22 136 137 138 139 140 141 142 143 144 145
  23 137 77 79 146 147 85 84 148 149 150
  24 127 151 152 153 154 155 156 157 158 159
  25 151 160 161 162 163 164 165 166 167 168
  26 169 170 171 172 173 174 175 176 177 178
  27 170 117 179 180 181 182 183 184 185 186
  28 187 188 189 190 191 192 193 194 195 196
  29 188 136 138 197 198 144 143 199 200 201
  30 160 202 203 204 205 206 207 208 209 210
  31 202 211 212 213 214 215 216 217 218 219
  32 79 78 88 83 82 94 93 220 221 222
  33 79 88 223 221 220 224 225 226 227 228
  34 88 87 229 92 91 230 231 232 233 234
  35 105 50 235 107 106 236 237 238 239 240
  36 56 105 241 109 108 242 243 244 245 246
  37 119 118 128 123 122 134 133 247 248 249
  38 119 128 250 248 247 251 252 253 254 255
  39 117 119 179 125 124 256 257 183 182 258
  40 179 119 259 257 256 260 261 262 263 264
  41 128 127 152 132 131 158 157 265 266 267
  42 128 152 268 266 265 269 270 271 272 273
  43 138 137 79 142 141 149 148 274 275 276
  44 152 151 161 156 155 167 166 277 278 279
  45 152 161 280 278 277 281 282 283 284 285
  46 161 160 203 165 164 209 208 286 287 288
  47 161 203 289 287 286 290 291 292 293 294
  48 171 170 179 175 174 185 184 295 296 297
  49 171 179 298 296 295 299 300 301 302 303
  50 169 171 304 177 176 305 306 307 308 309
  51 203 202 212 207 206 218 217 310 311 312
  52 203 212 313 311 310 314 315 316 317 318
  53 212 211 319 216 215 320 321 322 323 324
  54 189 188 138 193 192 200 199 325 326 327
  55 187 189 328 195 194 329 330 331 332 333
  56 289 203 313 291 290 317 316 334 335 336
  57 289 313 337 335 334 338 339 340 341 342
  58 161 289 280 293 292 343 344 282 281 345
  59 280 289 346 344 343 347 348 349 350 351
  60 259 119 250 261 260 254 253 352 353 354
  61 259 250 355 353 352 356 357 358 359 360
  62 355 250 361 357 356 362 363 364 365 366
  63 259 355 367 359 358 368 369 370 371 372
  64 179 259 298 263 262 373 374 300 299 375
  65 298 259 367 374 373 371 370 376 377 378
  66 298 367 379 377 376 380 381 382 383 384
  67 268 152 280 270 269 284 283 385 386 387
  68 268 280 361 386 385 388 389 390 391 392
  69 268 361 250 391 390 363 362 393 394 395
  70 268 250 128 394 393 252 251 272 271 396
  71 337 313 397 339 338 398 399 400 401 402
  72 223 88 403 225 224 404 405 406 407 408
  73 79 223 409 227 226 410 411 412 413 414
  74 379 367 415 381 380 416 417 418 419 420
  75 298 379 171 383 382 421 422 302 301 423
  76 96 35 71 98 97 75 74 424 425 426
  77 50 96 235 100 99 427 428 237 236 429
  78 235 96 430 428 427 431 432 433 434 435
  79 111 56 241 113 112 245 244 436 437 438
  80 111 241 439 437 436 440 441 442 443 444
  81 41 111 65 115 114 445 446 67 66 447
  82 65 111 439 446 445 443 442 448 449 450
  83 430 96 451 432 431 452 453 454 455 456
  84 235 430 457 434 433 458 459 460 461 462
  85 313 212 463 315 314 464 465 466 467 468
  86 229 87 469 231 230 470 471 472 473 474
  87 229 469 475 473 472 476 477 478 479 480
  88 475 469 481 477 476 482 483 484 485 486
  89 229 475 403 479 478 487 488 489 490 491
  90 229 403 88 490 489 405 404 233 232 492
  91 105 235 493 239 238 494 495 496 497 498
  92 241 105 499 243 242 500 501 502 503 504
  93 304 171 379 306 305 422 421 505 506 507
  94 169 304 508 308 307 509 510 511 512 513
  95 319 211 514 321 320 515 516 517 518 519
  96 212 319 463 323 322 520 521 465 464 522
  97 463 319 523 521 520 524 525 526 527 528
  98 328 189 529 330 329 530 531 532 533 534
  99 187 328 535 332 331 536 537 538 539 540
  100 535 328 541 537 536 542 543 544 545 546
  101 451 547 430 548 549 550 551 455 454 552
  102 523 319 514 525 524 518 517 553 554 555
  103 463 523 556 527 526 557 558 559 560 561
  104 355 361 562 365 364 563 564 565 566 567
  105 367 355 568 369 368 569 570 571 572 573
  106 397 313 463 399 398 467 466 574 575 576
  107 397 463 556 575 574 560 559 577 578 579
  108 397 556 580 578 577 581 582 583 584 585
  109 580 556 586 582 581 587 588 589 590 591
  110 397 580 592 584 583 593 594 595 596 597
  111 337 397 592 401 400 596 595 598 599 600
  112 337 592 601 599 598 602 603 604 605 606
  113 601 592 607 603 602 608 609 610 611 612
  114 337 601 346 605 604 613 614 615 616 617
  115 223 403 618 407 406 619 620 621 622 623
  116 409 223 624 411 410 625 626 627 628 629
  117 79 409 138 413 412 630 631 275 274 632
  118 415 367 568 417 416 572 571 633 634 635
  119 379 415 636 419 418 637 638 639 640 641
  120 457 430 642 459 458 643 644 645 646 647
  121 235 457 493 461 460 648 649 495 494 650
  122 493 457 651 649 648 652 653 654 655 656
  123 651 457 657 653 652 658 659 660 661 662
  124 493 651 586 655 654 663 664 665 666 667
  125 586 651 580 664 663 668 669 590 589 670
  126 493 586 499 666 665 671 672 673 674 675
  127 607 592 676 609 608 677 678 679 680 681
  128 601 607 682 611 610 683 684 685 686 687
  129 346 601 562 614 613 688 689 690 691 692
  130 337 346 289 616 615 348 347 341 340 693
  131 280 346 361 350 349 694 695 389 388 696
  132 361 346 562 695 694 691 690 564 563 697
  133 541 328 698 543 542 699 700 701 702 703
  134 535 541 704 545 544 705 706 707 708 709
  135 657 457 642 659 658 646 645 710 711 712
  136 657 642 713 711 710 714 715 716 717 718
  137 713 642 719 715 714 720 721 722 723 724
  138 657 713 725 717 716 726 727 728 729 730
  139 651 657 731 661 660 732 733 734 735 736
  140 586 556 499 588 587 737 738 672 671 739
  141 592 580 676 594 593 740 741 678 677 742
  142 676 580 651 741 740 669 668 743 744 745
  143 725 713 541 727 726 746 747 748 749 750
  144 657 725 731 729 728 751 752 733 732 753
  145 731 725 754 752 751 755 756 757 758 759
  146 754 725 698 756 755 760 761 762 763 764
  147 731 765 676 766 767 768 769 770 771 772
  148 105 493 499 497 496 674 673 501 500 773
  149 241 499 523 503 502 774 775 776 777 778
  150 698 725 541 761 760 749 748 702 701 779
  151 698 328 529 700 699 533 532 780 781 782
  152 698 529 754 781 780 783 784 763 762 785
  153 529 189 786 531 530 787 788 789 790 791
  154 556 523 499 558 557 775 774 738 737 792
  155 355 562 568 566 565 793 794 570 569 795
  156 618 403 796 620 619 797 798 799 800 801
  157 624 223 618 626 625 622 621 802 803 804
  158 636 415 805 638 637 806 807 808 809 810
  159 409 624 811 628 627 812 813 814 815 816
  160 379 636 817 640 639 818 819 820 821 822
  161 642 430 547 644 643 551 550 823 824 825
  162 607 676 765 680 679 769 768 826 827 828
  163 682 607 829 684 683 830 831 832 833 834
  164 601 682 562 686 685 835 836 689 688 837
  165 651 731 676 735 734 771 770 744 743 838
  166 786 189 138 788 787 326 325 839 840 841
  167 529 786 842 790 789 843 844 845 846 847
  168 796 403 475 798 797 488 487 848 849 850
  169 805 415 851 807 806 852 853 854 855 856
  170 811 624 857 813 812 858 859 860 861 862
  171 817 636 863 819 818 864 865 866 867 868
  172 618 796 869 800 799 870 871 872 873 874
  173 636 805 875 809 808 876 877 878 879 880
  174 409 811 138 815 814 881 882 631 630 883
  175 379 817 304 821 820 884 885 506 505 886
  176 765 731 754 767 766 758 757 887 888 889
  177 765 754 842 888 887 890 891 892 893 894
  178 607 765 829 827 826 895 896 831 830 897
  179 682 829 898 833 832 899 900 901 902 903
  180 842 786 811 844 843 904 905 906 907 908
  181 857 624 909 859 858 910 911 912 913 914
  182 869 796 915 871 870 916 917 918 919 920
  183 898 829 921 900 899 922 923 924 925 926
  184 851 415 568 853 852 634 633 927 928 929
  185 863 636 875 865 864 879 878 930 931 932
  186 875 805 915 877 876 933 934 935 936 937
  187 529 842 754 846 845 891 890 784 783 938
  188 811 857 921 861 860 939 940 941 942 943
  189 921 857 898 940 939 944 945 925 924 946
  190 898 857 909 945 944 913 912 947 948 949
  191 618 869 909 873 872 950 951 952 953 954
  192 682 898 955 902 901 956 957 958 959 960
  193 805 851 869 855 854 961 962 963 964 965
  194 817 863 966 867 866 967 968 969 970 971
  195 909 624 618 911 910 803 802 953 952 972
  196 915 796 973 917 916 974 975 976 977 978
  197 921 829 842 923 922 979 980 981 982 983
  198 921 842 811 982 981 907 906 942 941 984
  199 966 863 985 968 967 986 987 988 989 990
  200 973 796 475 975 974 849 848 991 992 993
  201 915 973 994 977 976 995 996 997 998 999
  202 985 863 1000 987 986 1001 1002 1003 1004 1005
  203 966 985 1006 989 988 1007 1008 1009 1010 1011
  204 915 994 875 998 997 1012 1013 936 935 1014
  205 985 1000 1015 1004 1003 1016 1017 1018 1019 1020
  206 1006 985 1021 1008 1007 1022 1023 1024 1025 1026
  207 1015 1000 1027 1017 1016 1028 1029 1030 1031 1032
  208 985 1015 1021 1019 1018 1033 1034 1023 1022 1035
  209 1027 1000 1036 1029 1028 1037 1038 1039 1040 1041
  210 1021 1015 1042 1034 1033 1043 1044 1045 1046 1047
  211 1036 1000 875 1038 1037 1048 1049 1050 1051 1052
  212 1027 1036 1053 1040 1039 1054 1055 1056 1057 1058
  213 1042 1015 1059 1044 1043 1060 1061 1062 1063 1064
  214 1021 1042 1065 1046 1045 1066 1067 1068 1069 1070
  215 1053 1036 994 1055 1054 1071 1072 1073 1074 1075
  216 994 1036 875 1072 1071 1051 1050 1013 1012 1076
  217 1027 1053 1077 1057 1056 1078 1079 1080 1081 1082
  218 1059 1015 1027 1061 1060 1031 1030 1083 1084 1085
  219 1077 1053 1086 1079 1078 1087 1088 1089 1090 1091
  220 1027 1077 1059 1081 1080 1092 1093 1084 1083 1094
  221 1086 1053 1095 1088 1087 1096 1097 1098 1099 1100
  222 1077 1086 1101 1090 1089 1102 1103 1104 1105 1106
  223 1059 1077 1101 1093 1092 1105 1104 1107 1108 1109
  224 1095 1053 994 1097 1096 1074 1073 1110 1111 1112
  225 1086 1095 1113 1099 1098 1114 1115 1116 1117 1118
  226 994 973 1095 996 995 1119 1120 1111 1110 1121
  227 1000 863 875 1002 1001 931 930 1049 1048 1122
  228 1006 1021 1123 1025 1024 1124 1125 1126 1127 1128
  229 869 915 805 919 918 934 933 964 963 1129
  230 682 955 562 959 958 1130 1131 836 835 1132
  231 562 955 568 1131 1130 1133 1134 794 793 1135
  232 966 1006 1136 1010 1009 1137 1138 1139 1140 1141
  233 1136 1006 1123 1138 1137 1127 1126 1142 1143 1144
  234 1042 1059 1145 1063 1062 1146 1147 1148 1149 1150
  235 955 898 909 957 956 948 947 1151 1152 1153
  236 817 966 304 970 969 1154 1155 885 884 1156
  237 508 304 966 510 509 1155 1154 1157 1158 1159
  238 829 765 842 896 895 893 892 980 979 1160
  239 1161 1101 1086 1162 1163 1103 1102 1164 1165 1166
  240 1161 1086 1113 1165 1164 1117 1116 1167 1168 1169
  241 811 786 138 905 904 840 839 882 881 1170
  242 1065 1123 1021 1171 1172 1125 1124 1069 1068 1173
  243 475 481 1095 485 484 1174 1175 1176 1177 1178
  244 851 568 1179 928 927 1180 1181 1182 1183 1184
  245 1179 568 955 1181 1180 1134 1133 1185 1186 1187
  246 851 1179 869 1183 1182 1188 1189 962 961 1190
  247 1179 955 909 1186 1185 1152 1151 1191 1192 1193
  248 481 1113 1095 1194 1195 1115 1114 1175 1174 1196
  249 1145 1197 1042 1198 1199 1200 1201 1149 1148 1202
  250 1042 1197 1065 1201 1200 1203 1204 1067 1066 1205
  251 71 451 96 1206 1207 453 452 425 424 1208
  252 547 719 642 1209 1210 721 720 824 823 1211
  253 1179 909 869 1192 1191 951 950 1189 1188 1212
  254 704 541 713 706 705 747 746 1213 1214 1215
  255 1095 973 475 1120 1119 992 991 1177 1176 1216
  256 719 704 713 1217 1218 1214 1213 723 722 1219
  257 1136 508 966 1220 1221 1158 1157 1140 1139 1222
  258 1101 1145 1059 1223 1224 1147 1146 1108 1107 1225
  259 514 439 523 1226 1227 1228 1229 554 553 1230
  260 439 241 523 441 440 777 776 1229 1228 1231
  END_ELEMENTS 
  COORDINATES 
   1  5.40678  -4.134105
   2  5.576271  -4.142097
   3  5.541743  -3.941177
   4  5.463277000000001  -4.136769
   5  5.519774  -4.1394329999999995
   6  5.564761666666667  -4.075123666666666
   7  5.553252333333334  -4.008150333333333
   8  5.496755333333334  -4.005486333333334
   9  5.451767666666667  -4.069795666666667
   10  5.508264666666666  -4.072459666666666
   11  5.880809  -4.061525
   12  5.677783666666667  -4.115239666666667
   13  5.779296333333334  -4.088382333333333
   14  5.767787  -4.021409
   15  5.654765  -3.981293
   16  5.666274333333334  -4.048266333333333
   17  5.254014  -3.884857
   18  5.445833333333334  -3.922403666666667
   19  5.349923666666666  -3.903630333333333
   20  5.304936  -3.9679396666666666
   21  5.3558580000000005  -4.051022333333333
   22  5.400845666666666  -3.986713
   23  5.399431  -3.701893
   24  5.4943056666666665  -3.861415666666667
   25  5.446868333333334  -3.7816543333333335
   26  5.350958666666666  -3.762881
   27  5.302486333333333  -3.8238689999999997
   28  5.398396000000001  -3.8426423333333335
   29  4.898305  -3.945328
   30  5.135444333333333  -3.905014
   31  5.016874666666666  -3.9251709999999997
   32  5.067796666666666  -4.008253666666667
   33  5.237288333333334  -4.071179333333333
   34  5.186366333333333  -3.988096666666667
   35  5.795924  -3.744672
   36  5.62647  -3.8756753333333336
   37  5.711197  -3.8101736666666666
   38  5.6637596666666665  -3.730412333333333
   39  5.531595333333334  -3.716152666666667
   40  5.5790326666666665  -3.795914
   41  5.005554  -3.605642
   42  5.268138666666666  -3.6698093333333333
   43  5.136846333333334  -3.637725666666667
   44  5.088374  -3.6987136666666665
   45  5.171194  -3.7917853333333333
   46  5.2196663333333335  -3.7307973333333333
   47  5.852514  -3.955907333333333
   48  5.824219  -3.8502896666666664
   49  5.739491999999999  -3.9157913333333334
   50  5.588844  -3.348504
   51  5.7268973333333335  -3.612616
   52  5.657870666666667  -3.48056
   53  5.525706333333333  -3.4663003333333333
   54  5.462568666666667  -3.584096666666667
   55  5.594733000000001  -3.5983563333333333
   56  5.255483  -3.327674
   57  5.351448333333333  -3.5771533333333334
   58  5.303465666666667  -3.4524136666666667
   59  5.172173333333333  -3.42033
   60  5.088863666666667  -3.512986
   61  5.220156  -3.5450696666666666
   62  4.969804333333333  -3.7188706666666667
   63  4.9340546666666665  -3.8320993333333333
   64  5.052624333333333  -3.811942333333333
   65  4.446935  -3.474747
   66  4.819347666666666  -3.5620103333333333
   67  4.6331413333333336  -3.5183786666666665
   68  4.597391666666667  -3.631607333333333
   69  4.747848333333333  -3.7884676666666666
   70  4.7835980000000005  -3.675239
   71  6.254237  -3.962727
   72  6.005285  -4.028592333333333
   73  6.129761  -3.9956596666666666
   74  6.101466  -3.890042
   75  5.948695  -3.817357
   76  5.97699  -3.9229746666666667
   77  8.248707  0.5656566
   78  8.183676  0.9384202
   79  7.875412  0.5266063
   80  8.22703  0.6899111333333333
   81  8.205353  0.8141656666666667
   82  8.080921333333333  0.8011489
   83  7.978166666666667  0.6638776
   84  7.999843666666666  0.5396230666666666
   85  8.124275333333333  0.5526398333333333
   86  8.102598333333335  0.6768943666666667
   87  8.118644  1.311184
   88  7.764031  1.057264
   89  8.161998666666667  1.0626748
   90  8.140321333333333  1.1869294
   91  8.000439666666667  1.2265439999999999
   92  7.882235333333333  1.141904
   93  7.903912666666667  1.0176494
   94  8.043794333333334  0.9780348
   95  8.022117  1.1022893999999999
   96  6.110483  -3.452202
   97  5.900777000000001  -3.647182
   98  6.00563  -3.5496920000000003
   99  5.936603333333333  -3.4176360000000003
   100  5.762723666666667  -3.38307
   101  5.831750333333335  -3.515126
   102  5.477723666666667  -3.3415606666666666
   103  5.366603333333333  -3.3346173333333335
   104  5.414586  -3.4593570000000002
   105  5.449168  -2.905919
   106  5.542285333333333  -3.200975666666667
   107  5.495726666666667  -3.053447333333333
   108  5.384606333333333  -3.046504
   109  5.320044666666667  -3.187089
   110  5.431165  -3.194032333333334
   111  4.779155  -3.299351
   112  5.096707  -3.318233
   113  4.937931  -3.308792
   114  4.854621333333333  -3.4014480000000002
   115  4.930087666666667  -3.503545
   116  5.013397333333334  -3.4108889999999996
   117  3.742084  0.7272727
   118  3.731181  0.3232323
   119  4.156244  0.5139297
   120  3.738449666666667  0.5925925666666667
   121  3.734815333333333  0.4579124333333333
   122  3.8728686666666667  0.3867981
   123  4.014556333333333  0.45036390000000004
   124  4.0181906666666665  0.5850440333333333
   125  3.8801373333333333  0.6561583666666667
   126  3.8765029999999996  0.5214782333333333
   127  3.720279  -0.08080808
   128  4.145341  0.1098893
   129  3.727547  0.18855217333333332
   130  3.723913  0.05387204666666667
   131  3.8619663333333336  -0.017242286666666676
   132  4.003653666666667  0.04632350666666665
   133  4.007287666666667  0.1810036333333333
   134  3.8692343333333334  0.25211796666666664
   135  3.865600333333333  0.11743783999999997
   136  8.273813  -0.2424242
   137  8.26126  0.1616162
   138  7.803312  -0.152977
   139  8.269628666666668  -0.1077440666666667
   140  8.265444333333333  0.02693606666666662
   141  8.108610666666667  0.05675179999999998
   142  7.955961333333334  -0.04811260000000003
   143  7.960145666666667  -0.18279273333333335
   144  8.116979333333333  -0.21260846666666666
   145  8.112795  -0.07792833333333334
   146  8.257075666666667  0.2962963333333333
   147  8.252891333333332  0.4309764666666666
   148  8.004028  0.4049429333333333
   149  8.132643999999999  0.28327956666666665
   150  8.128459666666666  0.41795969999999993
   151  3.736731  -0.4848485
   152  4.148116  -0.2657419
   153  3.725763  -0.21548822
   154  3.7312469999999998  -0.35016836
   155  3.8738593333333333  -0.41181296666666667
   156  4.010987666666667  -0.3387774333333333
   157  4.005503666666667  -0.20409729333333332
   158  3.8628913333333332  -0.14245268666666666
   159  3.8683753333333333  -0.27713282666666667
   160  3.753183  -0.8888889
   161  4.164568  -0.6697823
   162  3.742215  -0.6195286333333333
   163  3.747699  -0.7542087666666666
   164  3.8903113333333335  -0.8158533666666666
   165  4.027439666666667  -0.7428178333333334
   166  4.021955666666667  -0.6081377
   167  3.8793433333333334  -0.5464931000000001
   168  3.8848273333333334  -0.6811732333333334
   169  3.82269  1.535354
   170  3.782387  1.131313
   171  4.22215  1.291477
   172  3.8092556666666666  1.4006736666666668
   173  3.7958213333333335  1.2659933333333333
   174  3.9289746666666665  1.184701
   175  4.075562333333333  1.238089
   176  4.088996666666667  1.3727693333333333
   177  3.9558433333333336  1.4540616666666668
   178  3.942409  1.3193813333333335
   179  4.181847  0.8874368
   180  3.768952666666667  0.9966329
   181  3.7555183333333333  0.8619528000000001
   182  3.8886716666666667  0.7806607333333333
   183  4.035259333333333  0.8340487666666667
   184  4.048693666666667  0.9687288666666667
   185  3.9155403333333334  1.0500209333333332
   186  3.902106  0.9153408333333334
   187  8.175171  -1.050505
   188  8.224492  -0.6464646
   189  7.78022  -0.797263
   190  8.191611333333334  -0.9158248666666666
   191  8.208051666666666  -0.7811447333333332
   192  8.076401333333333  -0.6967307333333334
   193  7.9283106666666665  -0.7469968666666666
   194  7.911870333333334  -0.881677
   195  8.043520666666668  -0.966091
   196  8.059961  -0.8314108666666667
   197  8.240932333333333  -0.5117844666666667
   198  8.257372666666667  -0.3771043333333333
   199  7.943705333333333  -0.31747286666666663
   200  8.084098666666666  -0.48196873333333323
   201  8.100539  -0.34728859999999995
   202  3.800107  -1.292929
   203  4.196256  -1.042177
   204  3.7688243333333333  -1.0235689333333333
   205  3.7844656666666667  -1.1582489666666667
   206  3.9321566666666667  -1.209345
   207  4.064206333333333  -1.125761
   208  4.048565  -0.9910809666666666
   209  3.900874  -0.9399849333333333
   210  3.9165153333333333  -1.0746649666666668
   211  3.84703  -1.69697
   212  4.24318  -1.446218
   213  3.815748  -1.4276093333333333
   214  3.831389  -1.5622896666666668
   215  3.97908  -1.613386
   216  4.11113  -1.529802
   217  4.095489  -1.3951216666666666
   218  3.947798  -1.3440253333333334
   219  3.9634389999999997  -1.4787056666666667
   220  7.801158  0.8803780999999999
   221  7.838285  0.7034921999999999
   222  7.941039666666666  0.8407635
   223  7.369977  0.7964639
   224  7.632679666666666  0.9703306333333334
   225  7.501328333333333  0.8833972666666666
   226  7.538455333333333  0.7065113666666667
   227  7.706933666666666  0.6165588333333333
   228  7.669806666666666  0.7934447333333333
   229  7.728252  1.497195
   230  7.988513333333334  1.3731876666666667
   231  7.8583826666666665  1.4351913333333333
   232  7.740178333333334  1.3505513333333334
   233  7.752104666666667  1.2039076666666666
   234  7.870309  1.2885476666666666
   235  5.931943  -2.996892
   236  5.703210333333334  -3.2313
   237  5.817576666666667  -3.114096
   238  5.771018000000001  -2.9665676666666667
   239  5.610093  -2.936243333333333
   240  5.656651666666666  -3.083771666666667
   241  4.926474  -2.865256
   242  5.274936666666667  -2.8923646666666665
   243  5.100705333333333  -2.8788103333333335
   244  5.036143666666667  -3.019395333333333
   245  5.145813333333333  -3.173534666666667
   246  5.210375  -3.0329496666666667
   247  4.1489753333333335  0.24456943333333336
   248  4.152609666666667  0.37924956666666676
   249  4.010922  0.31568376666666664
   250  4.583648  0.3002294
   251  4.2914433333333335  0.173336
   252  4.437545666666667  0.23678269999999998
   253  4.44118  0.37146283333333335
   254  4.298712  0.4426962666666667
   255  4.295077666666667  0.30801613333333333
   256  4.1647783333333335  0.6384320666666667
   257  4.173312666666667  0.7629344333333333
   258  4.026725  0.7095464000000001
   259  4.601044  0.6710711
   260  4.304510666666666  0.5663101666666667
   261  4.452777333333334  0.6186906333333334
   262  4.461311666666667  0.743193
   263  4.321579333333333  0.8153149000000001
   264  4.313045  0.6908125333333333
   265  4.147191  -0.1405315
   266  4.146266  -0.015321100000000032
   267  4.004578666666666  -0.07888689333333333
   268  4.57973  -0.07472764
   269  4.291987333333333  -0.20207048
   270  4.435858666666666  -0.13839906
   271  4.434933666666667  -0.013188659999999998
   272  4.290137333333333  0.04835032
   273  4.2910623333333335  -0.07686008
   274  7.851378666666666  0.30007853333333334
   275  7.827345333333334  0.07355076666666666
   276  7.979994666666666  0.17841516666666665
   277  4.159084  -0.5351021666666667
   278  4.1536  -0.4004220333333333
   279  4.016471666666667  -0.4734575666666667
   280  4.588996  -0.4501447
   281  4.306044  -0.5965697666666667
   282  4.44752  -0.5233572333333334
   283  4.442036  -0.3886771
   284  4.295076  -0.3272095
   285  4.30056  -0.4618896333333333
   286  4.185693333333333  -0.9180454333333333
   287  4.175130666666667  -0.7939138666666666
   288  4.038002333333334  -0.8669493999999999
   289  4.611866  -0.8192665
   290  4.334792666666667  -0.9678734999999999
   291  4.473329333333333  -0.89357
   292  4.462766666666667  -0.7694384333333334
   293  4.313667333333333  -0.7196103666666667
   294  4.32423  -0.8437419333333334
   295  4.195281333333334  1.0221168666666667
   296  4.2087156666666665  1.1567969333333332
   297  4.062128  1.1034089333333335
   298  4.632873  1.046477
   299  4.3321890000000005  0.9404502
   300  4.482531  0.9934636000000001
   301  4.495965333333333  1.1281436666666667
   302  4.359057666666667  1.2098103333333334
   303  4.345623333333333  1.075130266666667
   304  4.248054  1.782995
   305  4.230784666666667  1.4553163333333334
   306  4.239419333333333  1.6191556666666667
   307  4.106266  1.7004480000000002
   308  3.964478  1.617901
   309  4.097631333333333  1.5366086666666667
   310  4.227538666666667  -1.3115376666666667
   311  4.211897333333333  -1.1768573333333332
   312  4.079847666666667  -1.2604413333333333
   313  4.64984  -1.194245
   314  4.378733333333333  -1.362227
   315  4.514286666666667  -1.278236
   316  4.498645333333333  -1.1435556666666666
   317  4.347450666666667  -1.0928663333333333
   318  4.363092000000001  -1.2275466666666666
   319  4.276695  -1.937471
   320  3.990251666666667  -1.777137
   321  4.133473333333334  -1.857304
   322  4.265523333333333  -1.77372
   323  4.2543516666666665  -1.609969
   324  4.122301666666666  -1.6935530000000003
   325  7.795614666666666  -0.36773900000000004
   326  7.787917333333334  -0.582501
   327  7.936007999999998  -0.5322348666666666
   328  7.743968  -1.2884
   329  7.768136  -0.9609753333333334
   330  7.7560519999999995  -1.1246876666666668
   331  7.887702333333333  -1.2091016666666667
   332  8.031436666666668  -1.1298033333333333
   333  7.899786333333334  -1.0453893333333333
   334  4.637182  -1.0692521666666668
   335  4.624524  -0.9442593333333333
   336  4.485987333333334  -1.0185628333333334
   337  5.061662  -0.9631279
   338  4.787114  -1.1172059666666667
   339  4.924388  -1.0401669333333334
   340  4.91173  -0.9151741
   341  4.761798  -0.8672203
   342  4.774456  -0.9922131333333333
   343  4.604242666666667  -0.6962259
   344  4.596619333333333  -0.5731853
   345  4.455143333333333  -0.6463978333333333
   346  5.001887  -0.4905707
   347  4.741873  -0.7097012333333333
   348  4.87188  -0.6001359666666667
   349  4.864256666666667  -0.4770953666666667
   350  4.726626333333333  -0.46362003333333335
   351  4.734249666666667  -0.5866606333333334
   352  4.5894466666666665  0.4238433
   353  4.595245333333334  0.5474572
   354  4.446978666666666  0.4950767333333334
   355  5.024883  0.4653595
   356  4.730726333333333  0.35527276666666663
   357  4.877804666666667  0.41031613333333333
   358  4.883603333333333  0.5339300333333333
   359  4.742323666666667  0.6025005666666667
   360  4.736525  0.4788866666666667
   361  4.956038  -0.02274856
   362  4.707778  0.19257007999999998
   363  4.831908  0.08491075999999997
   364  4.978986333333333  0.13995412666666665
   365  5.001934666666667  0.3026568133333333
   366  4.854856333333333  0.24761344666666665
   367  5.002035  0.957769
   368  5.017267  0.6294959999999999
   369  5.009651  0.7936325
   370  4.868371333333333  0.8622030333333334
   371  4.734707666666667  0.7666370666666666
   372  4.875987333333334  0.6980665333333333
   373  4.611653666666666  0.7962064000000001
   374  4.622263333333334  0.9213417000000002
   375  4.471921333333333  0.8683282999999999
   376  4.8789810000000005  0.9873383333333333
   377  4.755927  1.0169076666666668
   378  4.745317333333333  0.8917723666666667
   379  4.799525  1.430457
   380  4.9345316666666665  1.1153316666666666
   381  4.867028333333334  1.2728943333333333
   382  4.743974333333333  1.3024636666666667
   383  4.688423666666667  1.1744703333333335
   384  4.811477666666666  1.1449010000000002
   385  4.585907333333333  -0.32500567999999996
   386  4.582818666666666  -0.19986665999999997
   387  4.438947333333333  -0.26353808
   388  4.711343333333334  -0.30767932
   389  4.833690666666667  -0.16521394
   390  4.830602  -0.04007492
   391  4.705166  -0.05740128
   392  4.708254666666666  -0.18254030000000002
   393  4.582342  0.17524372
   394  4.581036  0.050258040000000004
   395  4.706472000000001  0.06758439999999999
   396  4.436239666666666  0.11179701999999998
   397  5.067669  -1.456298
   398  4.789116333333333  -1.281596
   399  4.928392666666667  -1.3689470000000001
   400  5.065666666666667  -1.2919079666666669
   401  5.0636643333333335  -1.1275179333333334
   402  4.926390333333333  -1.2045569666666667
   403  7.32802  1.287955
   404  7.6186940000000005  1.134161
   405  7.473357  1.211058
   406  7.342005666666667  1.1241246333333332
   407  7.355991333333333  0.9602942666666667
   408  7.487342666666667  1.0472276333333335
   409  7.496922  0.3197998
   410  7.412292  0.6375758666666667
   411  7.454606999999999  0.47868783333333337
   412  7.623085333333333  0.3887353
   413  7.7492486666666665  0.4576708
   414  7.580770333333334  0.5476233333333334
   415  5.386551  1.266851
   416  5.130207  1.0607963333333332
   417  5.258379  1.1638236666666666
   418  5.190875666666667  1.3213863333333333
   419  4.995200333333333  1.3759216666666667
   420  5.062703666666667  1.218359
   421  4.607066666666666  1.3841303333333335
   422  4.414608333333334  1.3378036666666666
   423  4.5515159999999995  1.256137
   424  6.206319  -3.792552
   425  6.1584010000000005  -3.622377
   426  6.053548  -3.7198670000000003
   427  6.050969666666667  -3.3004320000000003
   428  5.991456333333334  -3.148662
   429  5.87709  -3.2658660000000004
   430  6.40748  -3.046137
   431  6.209482  -3.316847
   432  6.308481  -3.181492
   433  6.248967666666666  -3.029722
   434  6.090455333333334  -3.0133069999999997
   435  6.149968666666666  -3.165077
   436  4.877367666666666  -3.0099543333333334
   437  4.828261333333334  -3.1546526666666668
   438  4.987037333333333  -3.1640936666666666
   439  4.192183  -2.989899
   440  4.681710333333333  -2.906803666666667
   441  4.436946666666667  -2.948351333333333
   442  4.387840333333333  -3.0930496666666665
   443  4.583497666666667  -3.1962003333333335
   444  4.632604  -3.0515019999999997
   445  4.668415  -3.3578163333333335
   446  4.557675  -3.4162816666666664
   447  4.743881333333333  -3.459913333333333
   448  4.277100333333333  -3.151515
   449  4.362017666666667  -3.313131
   450  4.472757666666666  -3.2546656666666665
   451  6.747243  -3.636364
   452  6.322736333333333  -3.5135893333333335
   453  6.534989666666667  -3.5749766666666667
   454  6.633988666666666  -3.4396216666666666
   455  6.520734333333333  -3.2428793333333332
   456  6.421735333333333  -3.3782343333333333
   457  6.214314  -2.590805
   458  6.343091333333333  -2.8943596666666664
   459  6.278702666666667  -2.7425823333333335
   460  6.120190333333333  -2.726167333333333
   461  6.026066666666667  -2.8615296666666667
   462  6.184578999999999  -2.8779446666666666
   463  4.674579  -1.688314
   464  4.386979666666666  -1.5269166666666667
   465  4.530779333333333  -1.6076153333333334
   466  4.6663326666666665  -1.5236243333333335
   467  4.658086333333333  -1.3589346666666666
   468  4.522533  -1.4429256666666668
   469  7.949153  1.860336
   470  8.062147  1.4942346666666666
   471  8.00565  1.6772853333333333
   472  7.875519333333333  1.739289
   473  7.801885666666667  1.618242
   474  7.932016333333333  1.5562383333333332
   475  7.481413  1.969238
   476  7.793239666666667  1.8966366666666667
   477  7.637326333333333  1.9329373333333333
   478  7.563692666666666  1.8118903333333334
   479  7.645972333333334  1.6545426666666667
   480  7.719606  1.7755896666666666
   481  7.653055  2.505051
   482  7.850453666666667  2.075241
   483  7.751754333333333  2.290146
   484  7.595841  2.3264466666666666
   485  7.538627  2.147842333333333
   486  7.694540333333333  2.1115416666666667
   487  7.430282  1.7421436666666668
   488  7.379151  1.5150493333333332
   489  7.461430666666667  1.3577016666666666
   490  7.594841333333334  1.4274483333333334
   491  7.5125616666666675  1.584796
   492  7.606767666666666  1.2808046666666666
   493  5.77074  -2.525882
   494  5.878208666666667  -2.8398886666666665
   495  5.824474333333334  -2.6828853333333336
   496  5.663549333333333  -2.652561
   497  5.556358666666667  -2.77924
   498  5.717283666666667  -2.809564333333333
   499  5.257188  -2.418134
   500  5.385174666666667  -2.743324
   501  5.3211813333333335  -2.580729
   502  5.14695  -2.5671746666666664
   503  5.036712  -2.7162153333333334
   504  5.210943333333333  -2.7297696666666664
   505  4.615701333333333  1.5479696666666667
   506  4.431877666666667  1.6654823333333335
   507  4.423242999999999  1.5016430000000003
   508  3.94076  2.181818
   509  4.145622666666666  1.915936
   510  4.043191333333334  2.048877
   511  3.9014033333333336  1.96633
   512  3.8620466666666666  1.750842
   513  4.003834666666666  1.8333890000000002
   514  3.979964  -2.343434
   515  3.8913413333333335  -1.912458
   516  3.9356526666666665  -2.1279459999999997
   517  4.078874333333333  -2.208113
   518  4.177784666666667  -2.0727919999999997
   519  4.0345629999999995  -1.9926249999999996
   520  4.409323  -1.8544186666666667
   521  4.541951  -1.7713663333333334
   522  4.398151333333333  -1.690667666666667
   523  4.705452  -2.179887
   524  4.419614  -2.018276333333333
   525  4.562533  -2.0990816666666667
   526  4.695161  -2.0160293333333335
   527  4.68487  -1.8521716666666668
   528  4.552242  -1.9352239999999998
   529  7.300111  -1.013281
   530  7.620183666666667  -0.8692690000000001
   531  7.4601473333333335  -0.9412750000000001
   532  7.448063333333334  -1.1049873333333333
   533  7.596015666666666  -1.1966936666666668
   534  7.608099666666667  -1.0329813333333335
   535  8.004346  -1.69697
   536  7.8307606666666665  -1.42459
   537  7.917553333333333  -1.56078
   538  8.061287666666667  -1.4814816666666668
   539  8.118229333333334  -1.2659933333333333
   540  7.974495  -1.3452916666666666
   541  7.508994  -1.725399
   542  7.665643333333334  -1.4340663333333332
   543  7.5873186666666665  -1.5797326666666667
   544  7.674111333333333  -1.7159226666666667
   545  7.839228666666667  -1.7064463333333333
   546  7.752436  -1.5702563333333333
   547  7.101695  -3.29421
   548  6.865393666666667  -3.5223126666666666
   549  6.983544333333334  -3.4082613333333334
   550  6.87029  -3.211519
   551  6.638885  -3.128828
   552  6.752139333333333  -3.3255703333333333
   553  4.221793333333333  -2.288918333333333
   554  4.463622666666667  -2.2344026666666665
   555  4.320703666666667  -2.1535973333333334
   556  5.122177  -1.906959
   557  4.844360333333333  -2.088911
   558  4.983268666666667  -1.997935
   559  4.972977666666666  -1.8340773333333333
   560  4.823778333333333  -1.7611956666666668
   561  4.834069333333333  -1.9250533333333333
   562  5.35909  -0.03228571
   563  5.090388666666667  -0.02592761
   564  5.224739333333334  -0.029106660000000003
   565  5.247687666666667  0.13359602666666667
   566  5.136285333333333  0.2994777633333333
   567  5.1133370000000005  0.13677507666666666
   568  5.446006  0.7316348
   569  5.165257333333333  0.5541179333333334
   570  5.305631666666667  0.6428763666666667
   571  5.298015666666666  0.8070128666666667
   572  5.150025333333334  0.8823909333333333
   573  5.157641333333333  0.7182544333333333
   574  4.805609  -1.6109753333333334
   575  4.936639  -1.5336366666666668
   576  4.797362666666666  -1.4462856666666666
   577  5.104007666666667  -1.7567386666666667
   578  5.085838333333333  -1.6065183333333335
   579  4.954808333333333  -1.6838570000000004
   580  5.524803  -1.629635
   581  5.256385666666667  -1.8145176666666667
   582  5.3905943333333335  -1.7220763333333333
   583  5.372425000000001  -1.571856
   584  5.220047  -1.5140770000000001
   585  5.238216333333333  -1.664297333333333
   586  5.569116  -2.124903
   587  5.271156666666666  -1.9796070000000001
   588  5.420136333333334  -2.052255
   589  5.5543450000000005  -1.9598136666666668
   590  5.539574  -1.7947243333333334
   591  5.405365333333333  -1.887165666666667
   592  5.44976  -1.138083
   593  5.499788666666667  -1.4657843333333334
   594  5.474774333333333  -1.3019336666666665
   595  5.322396333333334  -1.2441546666666667
   596  5.195032666666667  -1.3502263333333333
   597  5.347410666666668  -1.4080053333333333
   598  5.320394  -1.0797646333333333
   599  5.191028  -1.0214462666666666
   600  5.193030333333334  -1.1858363
   601  5.433668  -0.6558507
   602  5.444396  -0.9773389
   603  5.439032  -0.8165948000000001
   604  5.309666  -0.7582764333333334
   605  5.185664  -0.8607021666666667
   606  5.31503  -0.9190205333333333
   607  5.874485  -0.8825252
   608  5.591335  -1.0528970666666666
   609  5.73291  -0.9677111333333334
   610  5.727546  -0.8069670333333333
   611  5.580607  -0.7314088666666667
   612  5.585971000000001  -0.8921529666666667
   613  5.289741  -0.6007573666666667
   614  5.145814  -0.5456640333333334
   615  5.021812  -0.6480897666666667
   616  5.041737  -0.8056088333333333
   617  5.165738999999999  -0.7031831000000001
   618  6.917555  1.005379
   619  7.191198333333333  1.193763
   620  7.054376666666667  1.099571
   621  7.068362333333333  0.9357406333333333
   622  7.219169666666667  0.8661022666666667
   623  7.205184  1.0299326333333334
   624  7.015021  0.4466959
   625  7.251658333333333  0.6798745666666667
   626  7.133339666666666  0.5632852333333334
   627  7.1756546666666665  0.4043972
   628  7.336288333333333  0.3620985
   629  7.293973333333334  0.5209865333333333
   630  7.5990519999999995  0.16220753333333335
   631  7.701182  0.004615266666666673
   632  7.725215333333334  0.23114303333333333
   633  5.426187666666666  0.9100402
   634  5.406369333333333  1.0884456
   635  5.278197333333334  0.9854182666666667
   636  5.289775  1.755707
   637  5.354292333333333  1.429803
   638  5.322033666666666  1.592755
   639  5.126358333333333  1.6472903333333333
   640  4.962941666666667  1.5388736666666667
   641  5.158617  1.4843383333333333
   642  6.81119  -2.704797
   643  6.54205  -2.932357
   644  6.67662  -2.818577
   645  6.612231333333333  -2.666799666666667
   646  6.413272666666667  -2.6288023333333332
   647  6.477661333333333  -2.7805796666666667
   648  6.066456  -2.5691640000000002
   649  5.918598  -2.547523
   650  5.972332333333334  -2.704526333333334
   651  5.983688  -2.031448
   652  6.137438666666666  -2.4043526666666666
   653  6.0605633333333335  -2.2179003333333336
   654  5.912705333333333  -2.1962593333333333
   655  5.841722666666667  -2.361070666666667
   656  5.989580666666666  -2.382711666666667
   657  6.544095  -2.219079
   658  6.324241  -2.466896333333333
   659  6.4341680000000006  -2.3429876666666667
   660  6.357292666666667  -2.1565353333333332
   661  6.170490333333333  -2.0939916666666667
   662  6.247365666666667  -2.280444
   663  5.845497333333333  -2.062599666666667
   664  5.707306666666667  -2.0937513333333335
   665  5.636324  -2.2585626666666667
   666  5.703532  -2.3922223333333337
   667  5.774514666666668  -2.227411
   668  5.830726333333334  -1.8975103333333334
   669  5.677764666666667  -1.7635726666666667
   670  5.692535666666667  -1.9286620000000003
   671  5.46514  -2.222646666666667
   672  5.3611640000000005  -2.320390333333333
   673  5.428372  -2.45405
   674  5.599556  -2.489966
   675  5.532348  -2.356306333333334
   676  5.88537  -1.381331
   677  5.594963333333333  -1.2191656666666666
   678  5.740166666666667  -1.3002483333333335
   679  5.881741666666667  -1.2150624
   680  5.878113333333333  -1.0487938
   681  5.736538333333333  -1.1339797333333335
   682  5.844204  -0.3639432
   683  5.864391333333334  -0.7096645333333333
   684  5.854297666666667  -0.5368038666666667
   685  5.707358666666667  -0.46124570000000004
   686  5.570513333333333  -0.5585482
   687  5.717452333333334  -0.6341063666666668
   688  5.408808666666666  -0.4479957033333334
   689  5.383949333333334  -0.2401407066666667
   690  5.240022333333333  -0.18504737333333332
   691  5.120954666666667  -0.3378090366666667
   692  5.264881666666667  -0.39290237
   693  4.891805000000001  -0.7576550333333333
   694  4.986604  -0.33462998666666666
   695  4.9713210000000005  -0.17868927333333334
   696  4.848973666666667  -0.3211546533333333
   697  5.105671666666667  -0.18186832333333336
   698  7.164843  -1.441356
   699  7.550926333333333  -1.3393853333333334
   700  7.357884666666667  -1.3903706666666666
   701  7.27956  -1.536037
   702  7.394277000000001  -1.630718
   703  7.472601666666667  -1.4850516666666664
   704  7.779661  -2.260328
   705  7.599216333333334  -1.9037086666666665
   706  7.689438666666667  -2.082018333333333
   707  7.854556  -2.072542
   708  7.929451  -1.884756
   709  7.7643336666666665  -1.894232333333333
   710  6.722158333333334  -2.542891
   711  6.633126666666667  -2.380985
   712  6.523199666666667  -2.504893666666667
   713  7.140301  -2.25027
   714  6.920893666666666  -2.5532880000000002
   715  7.030597333333334  -2.401779
   716  6.9415656666666665  -2.239873
   717  6.742830333333334  -2.229476
   718  6.831862  -2.391382
   719  7.459252  -2.828283
   720  7.027210666666667  -2.745959
   721  7.243231333333333  -2.787121
   722  7.352935  -2.635612
   723  7.246618  -2.442941
   724  7.136914333333333  -2.5944499999999997
   725  6.840284  -1.819167
   726  7.040295333333333  -2.106569
   727  6.940289666666667  -1.962868
   728  6.741554333333333  -1.9524709999999998
   729  6.642824666666667  -2.085775
   730  6.84156  -2.0961719999999997
   731  6.377378  -1.748505
   732  6.488522666666667  -2.062221
   733  6.432950333333333  -1.905363
   734  6.246148  -1.8428193333333334
   735  6.114918  -1.9371336666666668
   736  6.301720333333333  -1.9996773333333333
   737  5.167180666666667  -2.077350666666667
   738  5.212184333333333  -2.247742333333333
   739  5.316160333333333  -2.149998666666667
   740  5.644992  -1.546867
   741  5.765181  -1.464099
   742  5.619977666666666  -1.3830163333333332
   743  5.950915333333334  -1.8147423333333335
   744  5.918142666666666  -1.5980366666666668
   745  5.797953666666667  -1.6808046666666667
   746  7.263198666666667  -2.075313
   747  7.386096333333334  -1.900356
   748  7.2860906666666665  -1.7566549999999999
   749  7.0631873333333335  -1.787911
   750  7.163193  -1.931612
   751  6.685982  -1.795613
   752  6.53168  -1.772059
   753  6.587252333333333  -1.928917
   754  6.823965  -1.311738
   755  6.834844333333333  -1.650024
   756  6.829404666666667  -1.4808810000000001
   757  6.675102666666667  -1.457327
   758  6.526240333333334  -1.602916
   759  6.680542333333334  -1.62647
   760  6.948470333333333  -1.69323
   761  7.056656666666667  -1.567293
   762  7.051217  -1.39815
   763  6.937591  -1.3549440000000001
   764  6.943030666666666  -1.524087
   765  6.312837  -1.122481
   766  6.355864333333334  -1.5398303333333334
   767  6.3343506666666665  -1.3311556666666666
   768  6.170348  -1.2087643333333333
   769  6.027859  -1.2950476666666668
   770  6.049372666666667  -1.5037223333333334
   771  6.2133753333333335  -1.6261136666666667
   772  6.191861666666667  -1.4174390000000001
   773  5.492365333333333  -2.616645
   774  5.073276  -2.338718333333333
   775  4.8893640000000005  -2.2593026666666667
   776  4.779126  -2.4083433333333333
   777  4.8528  -2.6367996666666667
   778  4.963038  -2.487759
   779  7.171373666666667  -1.661974
   780  7.255021666666667  -1.1559726666666668
   781  7.209932333333334  -1.2986643333333334
   782  7.402974  -1.247679
   783  7.141395666666667  -1.1127666666666667
   784  6.982680333333334  -1.2122523333333335
   785  7.096306333333334  -1.2554583333333333
   786  7.369479  -0.5129658
   787  7.643306333333333  -0.7024972666666667
   788  7.506392666666667  -0.6077315333333334
   789  7.3463563333333335  -0.6797375333333334
   790  7.323233666666667  -0.8465092666666667
   791  7.48327  -0.7745032666666667
   792  5.028272333333334  -2.1683266666666667
   793  5.388062  0.22235446
   794  5.417034  0.47699463
   795  5.276659666666667  0.3882361966666667
   796  6.909255  1.53358
   797  7.188431666666667  1.3698299999999999
   798  7.048843333333333  1.451705
   799  6.912021666666667  1.357513
   800  6.914788333333333  1.181446
   801  7.05161  1.2756379999999998
   802  6.950043666666667  0.8191513
   803  6.982532333333333  0.6329236
   804  7.100851  0.7495129333333334
   805  5.762933  1.595368
   806  5.512011666666667  1.3763566666666667
   807  5.637472333333333  1.4858623333333332
   808  5.605213666666667  1.6488143333333332
   809  5.447494333333333  1.7022606666666666
   810  5.479753  1.5393086666666667
   811  7.145708  -0.03549057
   812  7.058583333333333  0.28596707666666665
   813  7.102145666666667  0.12523825333333333
   814  7.2627793333333335  0.08293955333333335
   815  7.379850666666666  0.2013696766666667
   816  7.2192169999999996  0.24366837666666666
   817  4.815241  1.911923
   818  5.131597  1.807779
   819  4.973419  1.859851
   820  4.810002333333333  1.7514343333333333
   821  4.804763666666667  1.5909456666666668
   822  4.968180333333334  1.6993623333333332
   823  7.00486  -3.0977390000000002
   824  6.908025  -2.901268
   825  6.773454999999999  -3.015048
   826  6.166719666666666  -1.0424957333333333
   827  6.020602333333334  -0.9625104666666667
   828  6.024230666666667  -1.1287790666666668
   829  6.295865  -0.6138793
   830  6.014945  -0.7929765666666667
   831  6.155405  -0.7034279333333333
   832  6.145311333333334  -0.5305672666666666
   833  5.994757666666667  -0.4472552333333334
   834  6.004851333333334  -0.6201158999999999
   835  5.682499333333333  -0.25339070333333336
   836  5.520794666666667  -0.1428382066666667
   837  5.545654  -0.35069320333333337
   838  6.082145333333334  -1.720428
   839  7.658701  -0.27297326666666666
   840  7.51409  -0.39296953333333334
   841  7.651003666666667  -0.4877352666666666
   842  6.918192  -0.7279614
   843  7.21905  -0.584631
   844  7.068621  -0.6562962
   845  7.045498333333334  -0.8230679333333334
   846  7.172804666666667  -0.9181744666666667
   847  7.195927333333334  -0.7514027333333333
   848  7.290693666666667  1.8240186666666667
   849  7.099974333333333  1.6787993333333333
   850  7.239562666666667  1.5969243333333332
   851  5.859482  1.104884
   852  5.544194666666667  1.2128619999999999
   853  5.701838333333333  1.158873
   854  5.827299  1.2683786666666665
   855  5.795116  1.4318733333333333
   856  5.669655333333334  1.3223676666666666
   857  6.736522  0.1054468
   858  6.922188  0.33294619999999997
   859  6.829355  0.2191965
   860  6.8729173333333335  0.058467676666666656
   861  7.009312666666666  0.011488553333333318
   862  6.965750333333333  0.17221737666666667
   863  5.187907  2.245114
   864  5.255819  1.9188426666666667
   865  5.221863  2.0819783333333333
   866  5.063685  2.1340503333333336
   867  4.939463  2.0229866666666667
   868  5.097640999999999  1.9709146666666666
   869  6.4658  1.21942
   870  6.7614366666666665  1.42886
   871  6.613618333333333  1.3241399999999999
   872  6.616385  1.148073
   873  6.76697  1.076726
   874  6.764203333333334  1.252793
   875  5.80686  2.075794
   876  5.777575333333334  1.75551
   877  5.792217666666667  1.9156520000000001
   878  5.634498333333333  1.9690983333333334
   879  5.462136666666667  1.8624026666666667
   880  5.6198559999999995  1.8089563333333334
   881  7.364909333333333  -0.07465271333333334
   882  7.584110666666667  -0.11381485666666667
   883  7.481980666666668  0.04377741000000001
   884  4.626178666666667  1.8689470000000001
   885  4.437116333333333  1.825971
   886  4.62094  1.7084583333333334
   887  6.653589  -1.2486523333333335
   888  6.483213  -1.1855666666666667
   889  6.5047266666666665  -1.3942413333333334
   890  6.855374  -1.1171458
   891  6.886783  -0.9225536000000001
   892  6.716407  -0.8594679333333334
   893  6.514622  -0.9909744666666667
   894  6.684998  -1.0540601333333333
   895  6.307179666666666  -0.9529471
   896  6.301522333333334  -0.7834132
   897  6.161062333333334  -0.8729618333333334
   898  6.273077  -0.1144661
   899  6.288269  -0.44740823333333335
   900  6.280673  -0.2809371666666667
   901  6.130119333333333  -0.19762513333333334
   902  5.987161666666667  -0.28078416666666667
   903  6.137715333333333  -0.36409620000000004
   904  7.294888666666667  -0.35380739000000005
   905  7.220298333333333  -0.19464898000000003
   906  7.069869333333333  -0.26631417999999996
   907  6.994030666666667  -0.49713778999999997
   908  7.144459666666666  -0.42547259000000004
   909  6.531772  0.57493
   910  6.853938  0.4894406
   911  6.692855  0.5321853000000001
   912  6.600022  0.4184356
   913  6.668272  0.26194120000000004
   914  6.761105000000001  0.3756909
   915  6.425597  1.717775
   916  6.7480356666666665  1.5949783333333334
   917  6.586816333333333  1.6563766666666666
   918  6.438998  1.5516566666666667
   919  6.452399  1.3855383333333333
   920  6.600217333333333  1.4902583333333332
   921  6.717034  -0.3444351
   922  6.436254666666667  -0.5240645666666667
   923  6.576644333333333  -0.43424983333333333
   924  6.569048333333333  -0.26777876666666667
   925  6.421062666666667  -0.19112243333333334
   926  6.428658666666666  -0.35759349999999995
   927  5.583831333333333  0.8560512
   928  5.721656666666666  0.9804676
   929  5.564013  1.0344566000000002
   930  5.600542333333333  2.132234
   931  5.394224666666667  2.1886740000000002
   932  5.428180666666667  2.0255383333333334
   933  5.983821  1.6361703333333333
   934  6.204709  1.6769726666666667
   935  6.219351333333333  1.8371146666666667
   936  6.013105666666667  1.9564543333333335
   937  5.9984633333333335  1.7963123333333335
   938  7.014089333333334  -1.0176601333333333
   939  6.730026  -0.04451383333333335
   940  6.72353  -0.19447446666666668
   941  6.859925333333333  -0.24145359
   942  7.002816666666667  -0.13847208
   943  6.866421333333332  -0.09149295666666667
   944  6.5820403333333335  0.03214249999999999
   945  6.427558666666666  -0.04116180000000001
   946  6.575544333333333  -0.11781813333333334
   947  6.445540333333334  0.34513130000000003
   948  6.359308666666666  0.11533260000000001
   949  6.513790333333333  0.18863690000000002
   950  6.487790666666666  1.0045899999999999
   951  6.509781333333334  0.78976
   952  6.660366333333333  0.7184130000000001
   953  6.788960666666667  0.861896
   954  6.638375666666666  0.933243
   955  5.82904  0.1153478
   956  6.125064666666667  -0.03786146666666666
   957  5.977052333333333  0.038743166666666676
   958  5.834094666666667  -0.044415866666666665
   959  5.839149333333333  -0.20417953333333333
   960  5.982107  -0.12102050000000002
   961  6.0615879999999995  1.1430626666666666
   962  6.263694  1.1812413333333334
   963  6.231511  1.344736
   964  5.997222  1.470052
   965  6.029405  1.3065573333333333
   966  4.712962  2.401324
   967  5.029592  2.297184
   968  4.871277  2.3492539999999997
   969  4.7470550000000005  2.2381903333333333
   970  4.781148  2.0750566666666668
   971  4.9053700000000005  2.186120333333333
   972  6.821449333333334  0.6756683
   973  6.837144  2.001715
   974  6.885218  1.689625
   975  6.861181  1.84567
   976  6.699961666666667  1.9070683333333334
   977  6.562779333333333  1.8124216666666666
   978  6.723998666666667  1.7510233333333334
   979  6.503307333333334  -0.6519066666666666
   980  6.710749666666667  -0.6899340333333334
   981  6.851139333333333  -0.6001193
   982  6.784086666666667  -0.4722772
   983  6.643697  -0.5620919333333333
   984  6.926977999999999  -0.36929568999999995
   985  5.085723  2.734555
   986  5.153845666666666  2.408261
   987  5.1197843333333335  2.571408
   988  4.9614693333333335  2.623478
   989  4.837215666666666  2.5124009999999997
   990  4.995530666666666  2.460331
   991  7.266656666666667  1.9800636666666667
   992  7.051900333333333  1.9908893333333333
   993  7.075937333333333  1.834844333333333
   994  6.385468  2.21616
   995  6.686585333333333  2.0731966666666666
   996  6.536026666666667  2.1446783333333332
   997  6.398844333333334  2.0500316666666665
   998  6.412220666666666  1.8839033333333333
   999  6.549403000000001  1.97855
   1000  5.560688  2.57833
   1001  5.312167333333333  2.356186
   1002  5.436427666666667  2.4672579999999997
   1003  5.402366333333333  2.6304049999999997
   1004  5.2440446666666665  2.68248
   1005  5.278106  2.5193329999999996
   1006  4.610752  2.890764
   1007  4.927399333333333  2.7866246666666665
   1008  4.769075666666667  2.838694333333333
   1009  4.644822  2.7276173333333333
   1010  4.678892  2.5644706666666663
   1011  4.8031456666666665  2.6755476666666667
   1012  6.192598666666667  2.1693713333333333
   1013  5.999729333333334  2.1225826666666667
   1014  6.205975  2.003243
   1015  5.4585  3.067776
   1016  5.5266253333333335  2.7414786666666666
   1017  5.492562666666666  2.904627333333333
   1018  5.334241  2.9567023333333333
   1019  5.209982  2.8456286666666664
   1020  5.368303666666667  2.7935536666666665
   1021  4.983519  3.223997
   1022  5.051655  2.897702333333333
   1023  5.017587  3.0608496666666665
   1024  4.859263333333334  3.112919333333333
   1025  4.735007666666666  3.0018416666666665
   1026  4.893331333333333  2.9497719999999994
   1027  5.933467  2.91155
   1028  5.684947666666667  2.6894033333333334
   1029  5.809207333333333  2.8004766666666665
   1030  5.775144666666667  2.9636253333333333
   1031  5.616822333333333  3.0157006666666666
   1032  5.650885  2.8525519999999998
   1033  5.300173  3.1198496666666666
   1034  5.141846  3.171923333333333
   1035  5.175914  3.0087759999999997
   1036  6.035655  2.422104
   1037  5.719010333333333  2.5262546666666665
   1038  5.877332666666667  2.4741793333333333
   1039  6.001592333333334  2.585252666666667
   1040  5.967529666666667  2.7484013333333333
   1041  5.8432699999999995  2.6373279999999997
   1042  5.356298  3.557222
   1043  5.424432666666666  3.2309246666666667
   1044  5.3903653333333335  3.394073333333333
   1045  5.232038333333334  3.446147
   1046  5.1077786666666665  3.335072
   1047  5.266105666666667  3.282998333333333
   1048  5.642745333333333  2.410818
   1049  5.724802666666667  2.243306
   1050  5.883125000000001  2.1912306666666668
   1051  5.95939  2.3066673333333334
   1052  5.801067666666667  2.3587426666666667
   1053  6.408434  2.755324
   1054  6.159914666666666  2.533177333333333
   1055  6.2841743333333335  2.6442506666666667
   1056  6.250111666666666  2.807399333333333
   1057  6.091789333333334  2.859474666666667
   1058  6.125851999999999  2.6963260000000004
   1059  5.831269  3.401009
   1060  5.582756333333333  3.1788536666666665
   1061  5.7070126666666665  3.2899313333333335
   1062  5.672945333333333  3.45308
   1063  5.514621666666667  3.505151
   1064  5.5486889999999995  3.3420023333333333
   1065  4.728814  3.811952
   1066  5.1471366666666665  3.6421319999999997
   1067  4.937975333333333  3.727042
   1068  4.813715666666667  3.615967
   1069  4.898617333333333  3.4199819999999996
   1070  5.022877  3.531057
   1071  6.152259333333333  2.353456
   1072  6.268863666666667  2.284808
   1073  6.3931233333333335  2.395881333333333
   1074  6.400778666666667  2.5756026666666667
   1075  6.276519  2.464529333333333
   1076  6.075994333333334  2.2380193333333334
   1077  6.306246  3.24477
   1078  6.374371333333333  2.9184726666666667
   1079  6.340308666666666  3.081621333333333
   1080  6.181986333333334  3.133696666666667
   1081  6.0577266666666665  3.022623333333333
   1082  6.216049000000001  2.9705479999999995
   1083  5.899401  3.074703
   1084  5.865335  3.2378560000000003
   1085  5.741078666666667  3.1267783333333337
   1086  6.781213  3.088544
   1087  6.532693666666667  2.8663973333333335
   1088  6.656953333333333  2.9774706666666666
   1089  6.622890666666667  3.1406193333333334
   1090  6.464568333333333  3.1926946666666667
   1091  6.498631  3.029546
   1092  6.147920333333333  3.2968496666666667
   1093  5.989594666666666  3.3489293333333334
   1094  6.023660666666667  3.185776333333333
   1095  6.883401  2.599098
   1096  6.566756333333333  2.7032486666666666
   1097  6.725078666666667  2.6511733333333334
   1098  6.849338333333334  2.762246666666667
   1099  6.8152756666666665  2.9253953333333333
   1100  6.691016  2.814322
   1101  6.529948  3.79798
   1102  6.697458  3.325022666666667
   1103  6.613703  3.561501333333333
   1104  6.455380666666667  3.6135766666666664
   1105  6.380813333333333  3.4291733333333334
   1106  6.539135666666667  3.377098
   1107  6.297055  3.665656333333333
   1108  6.064162  3.533332666666667
   1109  6.222487666666667  3.481253
   1110  6.551445666666667  2.343806
   1111  6.7174233333333335  2.471452
   1112  6.559100999999999  2.5235273333333335
   1113  7.344781  2.989899
   1114  7.037194333333334  2.729365
   1115  7.1909876666666666  2.859632
   1116  7.156925  3.022780666666667
   1117  6.969069  3.0556623333333333
   1118  7.003131666666667  2.8925136666666664
   1119  6.852563  2.2008426666666665
   1120  6.8679820000000005  2.3999703333333335
   1121  6.702004333333334  2.272324333333333
   1122  5.518485000000001  2.2997460000000003
   1123  4.389831  3.385396
   1124  4.785623  3.2777966666666667
   1125  4.587727  3.331596333333333
   1126  4.463471333333334  3.2205186666666665
   1127  4.537111666666666  3.0556413333333334
   1128  4.661367333333334  3.166719
   1129  6.21811  1.5108543333333333
   1130  5.67239  0.06613663
   1131  5.51574  0.016925460000000003
   1132  5.677444666666666  -0.09362703666666668
   1133  5.701362  0.3207768
   1134  5.573684  0.5262058000000001
   1135  5.5447120000000005  0.27156563
   1136  4.129268  2.828283
   1137  4.450257333333333  2.8699369999999997
   1138  4.289762666666666  2.84911
   1139  4.323832666666666  2.685963333333333
   1140  4.518397333333334  2.5436436666666666
   1141  4.484327333333333  2.7067903333333327
   1142  4.302976666666667  3.199691666666667
   1143  4.216122333333333  3.013987333333333
   1144  4.3766169999999995  3.0348143333333333
   1145  5.915254  4.092001
   1146  5.859264  3.631339666666667
   1147  5.887259  3.861670333333333
   1148  5.728935333333333  3.9137413333333333
   1149  5.5426166666666665  3.7354816666666664
   1150  5.700940333333333  3.6834106666666666
   1151  6.297528  0.42173593333333337
   1152  6.063284  0.2685418666666667
   1153  6.211296333333333  0.19193723333333335
   1154  4.557992666666666  2.1952143333333334
   1155  4.4030233333333335  1.9891046666666667
   1156  4.592085666666667  2.032080666666667
   1157  4.455561333333334  2.328155333333333
   1158  4.198160666666666  2.2549866666666665
   1159  4.300592000000001  2.1220456666666667
   1160  6.508964666666667  -0.8214405666666668
   1161  6.932203  3.471118
   1162  6.7981180000000005  3.580072
   1163  6.664033  3.689026
   1164  6.831543  3.2160686666666667
   1165  6.881873000000001  3.3435933333333336
   1166  6.747788  3.4525473333333334
   1167  7.207255  3.1503053333333333
   1168  7.069729000000001  3.3107116666666667
   1169  7.019399  3.183187
   1170  7.439499666666667  -0.23381112333333334
   1171  4.615819666666667  3.6697666666666664
   1172  4.502825333333333  3.5275813333333335
   1173  4.700721333333334  3.473781666666666
   1174  7.396503666666667  2.5364
   1175  7.1399523333333335  2.567749
   1176  7.082738333333333  2.3891446666666667
   1177  7.282075666666667  2.1791913333333333
   1178  7.339289666666667  2.3577956666666666
   1179  5.942895  0.5968371
   1180  5.6116356666666665  0.6867022333333334
   1181  5.777265333333333  0.6417696666666667
   1182  5.915090666666667  0.7661860666666667
   1183  5.887286333333333  0.9355350333333333
   1184  5.749461  0.8111186333333333
   1185  5.866991666666666  0.2758442333333333
   1186  5.904943333333334  0.43634066666666665
   1187  5.739313666666667  0.4812732333333334
   1188  6.117196666666667  0.8043647333333334
   1189  6.291498333333333  1.0118923666666666
   1190  6.0893923333333335  0.9737136999999999
   1191  6.335479666666667  0.5822323666666667
   1192  6.139187333333333  0.5895347333333334
   1193  6.101235666666667  0.42903830000000004
   1194  7.5502970000000005  2.666667
   1195  7.447539  2.828283
   1196  7.293745666666666  2.6980159999999995
   1197  5.336852  4.121212
   1198  5.722453333333333  4.101738
   1199  5.529652666666667  4.1114749999999995
   1200  5.3433340000000005  3.933215333333333
   1201  5.349816  3.7452186666666667
   1202  5.536134666666666  3.923478333333333
   1203  5.134172666666667  4.018125333333333
   1204  4.931493333333333  3.9150386666666663
   1205  5.140654666666666  3.8301286666666665
   1206  6.4185723333333335  -3.8539393333333334
   1207  6.582907666666666  -3.7451516666666667
   1208  6.370654333333334  -3.683764333333333
   1209  7.220880666666667  -3.138901
   1210  7.340066333333334  -2.983592
   1211  7.124045666666667  -2.9424300000000003
   1212  6.313489  0.7970623666666666
   1213  7.353421  -2.2536226666666668
   1214  7.566541  -2.256975333333333
   1215  7.476318666666667  -2.0786656666666663
   1216  7.067319333333334  2.190017
   1217  7.566055  -2.6389646666666664
   1218  7.672858  -2.4496463333333334
   1219  7.459738000000001  -2.446293666666667
   1220  4.066432  2.6127946666666664
   1221  4.003596  2.3973063333333333
   1222  4.260996666666667  2.470475
   1223  6.32505  3.895987
   1224  6.120152  3.993994
   1225  6.092157  3.7636633333333336
   1226  4.050703666666666  -2.5589223333333333
   1227  4.121443333333334  -2.7744106666666664
   1228  4.363272666666667  -2.7198949999999997
   1229  4.534362333333333  -2.449891
   1230  4.292533  -2.5044066666666667
   1231  4.608036333333334  -2.6783473333333334
  END_COORDINATES 
  BOUNDARIES, ELEMENT 
    1 1 2 4 5 1
    2 2 11 12 13 2
    3 29 1 32 33 5
    4 65 29 68 69 12
    5 11 71 72 73 13
    6 77 78 80 81 14
    7 78 87 89 90 15
    8 117 118 120 121 20
    9 118 127 129 130 21
    10 136 137 139 140 22
    11 137 77 146 147 23
    12 127 151 153 154 24
    13 151 160 162 163 25
    14 169 170 172 173 26
    15 170 117 180 181 27
    16 187 188 190 191 28
    17 188 136 197 198 29
    18 160 202 204 205 30
    19 202 211 213 214 31
    20 439 65 448 449 82
    21 87 469 470 471 86
    22 469 481 482 483 88
    23 508 169 511 512 94
    24 211 514 515 516 95
    25 535 187 538 539 99
    26 451 547 548 549 101
    27 704 535 707 708 134
    28 1123 1136 1142 1143 233
    29 1161 1101 1162 1163 239
    30 1113 1161 1167 1168 240
    31 1065 1123 1171 1172 242
    32 481 1113 1194 1195 248
    33 1145 1197 1198 1199 249
    34 1197 1065 1203 1204 250
    35 71 451 1206 1207 251
    36 547 719 1209 1210 252
    37 719 704 1217 1218 256
    38 1136 508 1220 1221 257
    39 1101 1145 1223 1224 258
    40 514 439 1226 1227 259
  END_BOUNDARIES 
  MATERIALS, NUMBER= 1, DEFAULT=1 
  END_MATERIALS 
  SUBDOMAINS 
  END_SUBDOMAINS 
  CHARACTERISTICS 
  END_CHARACTERISTICS 
