  NODES_PER_ELEMENT
   1 6
   2 6
   3 6
   4 6
   5 6
   6 6
   7 6
   8 6
   9 6
   10 6
   11 6
   12 6
   13 6
   14 6
   15 6
   16 6
   17 6
   18 6
   19 6
   20 6
   21 6
   22 6
   23 6
   24 6
   25 6
   26 6
   27 6
   28 6
   29 6
   30 6
   31 6
   32 6
   33 6
   34 6
   35 6
   36 6
   37 6
   38 6
   39 6
   40 6
   41 6
   42 6
   43 6
   44 6
   45 6
   46 6
   47 6
   48 6
   49 6
   50 6
   51 6
   52 6
   53 6
   54 6
   55 6
   56 6
   57 6
   58 6
   59 6
   60 6
   61 6
   62 6
   63 6
   64 6
   65 6
   66 6
   67 6
   68 6
   69 6
   70 6
   71 6
   72 6
   73 6
   74 6
   75 6
   76 6
   77 6
   78 6
   79 6
   80 6
   81 6
   82 6
   83 6
   84 6
   85 6
   86 6
   87 6
   88 6
   89 6
   90 6
   91 6
   92 6
   93 6
   94 6
   95 6
   96 6
   97 6
   98 6
   99 6
   100 6
   101 6
   102 6
   103 6
   104 6
   105 6
   106 6
   107 6
   108 6
   109 6
   110 6
   111 6
   112 6
   113 6
   114 6
   115 6
   116 6
   117 6
   118 6
   119 6
   120 6
   121 6
   122 6
   123 6
   124 6
   125 6
   126 6
   127 6
   128 6
   129 6
   130 6
   131 6
   132 6
   133 6
   134 6
   135 6
   136 6
   137 6
   138 6
   139 6
   140 6
   141 6
   142 6
   143 6
   144 6
   145 6
   146 6
   147 6
   148 6
   149 6
   150 6
   151 6
   152 6
   153 6
   154 6
   155 6
   156 6
   157 6
   158 6
   159 6
   160 6
   161 6
   162 6
   163 6
   164 6
   165 6
   166 6
   167 6
   168 6
   169 6
   170 6
   171 6
   172 6
   173 6
   174 6
   175 6
   176 6
   177 6
   178 6
   179 6
   180 6
   181 6
   182 6
   183 6
   184 6
   185 6
   186 6
   187 6
   188 6
   189 6
   190 6
   191 6
   192 6
   193 6
   194 6
   195 6
   196 6
   197 6
   198 6
   199 6
   200 6
   201 6
   202 6
   203 6
   204 6
   205 6
   206 6
   207 6
   208 6
   209 6
   210 6
   211 6
   212 6
   213 6
   214 6
   215 6
   216 6
   217 6
   218 6
   219 6
   220 6
   221 6
   222 6
   223 6
   224 6
   225 6
   226 6
   227 6
   228 6
   229 6
   230 6
   231 6
   232 6
   233 6
   234 6
   235 6
   236 6
   237 6
   238 6
   239 6
   240 6
   241 6
   242 6
   243 6
   244 6
   245 6
   246 6
   247 6
   248 6
   249 6
   250 6
   251 6
   252 6
   253 6
   254 6
   255 6
   256 6
   257 6
   258 6
   259 6
   260 6
   261 6
   262 6
   263 6
   264 6
   265 6
   266 6
   267 6
   268 6
   269 6
   270 6
   271 6
   272 6
   273 6
   274 6
   275 6
   276 6
   277 6
   278 6
   279 6
   280 6
   281 6
   282 6
   283 6
   284 6
   285 6
   286 6
   287 6
   288 6
   289 6
   290 6
   291 6
   292 6
   293 6
   294 6
   295 6
   296 6
   297 6
   298 6
   299 6
   300 6
   301 6
   302 6
   303 6
   304 6
   305 6
   306 6
   307 6
   308 6
   309 6
   310 6
   311 6
   312 6
   313 6
   314 6
   315 6
   316 6
   317 6
   318 6
   319 6
   320 6
   321 6
   322 6
   323 6
   324 6
   325 6
   326 6
   327 6
   328 6
   329 6
   330 6
   331 6
   332 6
   333 6
   334 6
   335 6
   336 6
   337 6
   338 6
   339 6
   340 6
   341 6
   342 6
   343 6
   344 6
   345 6
   346 6
   347 6
   348 6
   349 6
   350 6
   351 6
   352 6
   353 6
   354 6
   355 6
   356 6
   357 6
   358 6
   359 6
   360 6
   361 6
   362 6
   363 6
   364 6
   365 6
   366 6
   367 6
   368 6
   369 6
   370 6
   371 6
   372 6
   373 6
   374 6
   375 6
   376 6
   377 6
   378 6
   379 6
   380 6
   381 6
   382 6
   383 6
   384 6
   385 6
   386 6
   387 6
   388 6
   389 6
   390 6
   391 6
   392 6
   393 6
   394 6
   395 6
   396 6
   397 6
   398 6
   399 6
   400 6
   401 6
   402 6
   403 6
   404 6
   405 6
   406 6
   407 6
   408 6
   409 6
   410 6
   411 6
   412 6
   413 6
   414 6
   415 6
   416 6
   417 6
   418 6
   419 6
   420 6
   421 6
   422 6
   423 6
   424 6
   425 6
   426 6
   427 6
   428 6
   429 6
   430 6
   431 6
   432 6
   433 6
   434 6
   435 6
   436 6
   437 6
   438 6
   439 6
   440 6
   441 6
   442 6
   443 6
   444 6
   445 6
   446 6
   447 6
   448 6
   449 6
   450 6
   451 6
   452 6
   453 6
   454 6
   455 6
   456 6
   457 6
   458 6
   459 6
   460 6
   461 6
   462 6
   463 6
   464 6
   465 6
   466 6
   467 6
   468 6
   469 6
   470 6
  END_NODES_PER_ELEMENT
  ELEMENTS
  1 1 5 6 2 4 3  
  2 497 525 455 509 492 478  
  3 1000 996 986 998 992 995  
  4 611 554 585 583 565 599  
  5 455 525 495 492 507 476  
  6 497 455 424 478 444 464  
  7 986 996 976 992 988 982  
  8 495 525 556 507 538 527  
  9 497 424 472 464 449 482  
  10 976 996 991 988 994 985  
  11 495 556 531 527 540 511  
  12 472 424 398 449 411 438  
  13 531 556 588 540 571 560  
  14 398 424 353 411 387 374  
  15 472 398 450 438 423 459  
  16 353 424 383 387 404 368  
  17 398 353 325 374 340 360  
  18 450 398 376 423 386 412  
  19 353 383 314 368 347 332  
  20 325 353 286 340 318 306  
  21 376 398 325 386 360 352  
  22 314 383 350 347 365 330  
  23 286 353 314 318 332 297  
  24 350 383 421 365 403 385  
  25 314 350 284 330 316 294  
  26 421 383 455 403 419 442  
  27 350 421 388 385 408 370  
  28 284 350 320 316 333 301  
  29 455 383 424 419 404 444  
  30 388 421 468 408 446 428  
  31 320 350 388 333 370 354  
  32 468 421 495 446 458 479  
  33 320 388 366 354 377 342  
  34 495 421 455 458 442 476  
  35 366 388 440 377 413 402  
  36 440 388 468 413 428 451  
  37 366 440 415 402 427 390  
  38 440 468 505 451 483 474  
  39 415 440 485 427 465 453  
  40 505 468 531 483 500 513  
  41 485 440 505 465 474 499  
  42 531 468 495 500 479 511  
  43 505 531 564 513 547 535  
  44 564 531 588 547 560 578  
  45 505 564 548 535 559 529  
  46 548 564 606 559 587 577  
  47 505 548 485 529 515 499  
  48 606 564 624 587 592 615  
  49 485 548 534 515 539 510  
  50 624 564 588 592 578 607  
  51 534 548 591 539 567 563  
  52 591 548 606 567 577 598  
  53 534 591 581 563 586 558  
  54 581 591 635 586 612 608  
  55 534 581 524 558 552 530  
  56 635 591 644 612 617 638  
  57 524 581 574 552 576 549  
  58 644 591 606 617 598 626  
  59 635 644 688 638 665 662  
  60 574 581 628 576 604 601  
  61 688 644 702 665 675 690  
  62 635 688 680 662 683 659  
  63 628 581 635 604 608 631  
  64 702 644 663 675 654 681  
  65 680 688 731 683 709 706  
  66 663 644 606 654 626 634  
  67 731 688 738 709 712 735  
  68 663 606 624 634 615 642  
  69 738 688 702 712 690 719  
  70 585 554 526 565 536 555  
  71 526 554 489 536 523 506  
  72 585 526 561 555 541 572  
  73 526 489 456 506 475 494  
  74 561 526 501 541 512 532  
  75 456 489 417 475 454 439  
  76 501 526 456 512 494 480  
  77 561 501 537 532 518 550  
  78 501 456 433 480 447 469  
  79 537 501 477 518 484 508  
  80 433 456 384 447 420 409  
  81 501 433 477 469 452 484  
  82 384 456 417 420 439 401  
  83 477 433 407 452 414 445  
  84 384 417 346 401 380 362  
  85 407 433 355 414 391 378  
  86 477 407 467 445 437 471  
  87 384 346 315 362 327 349  
  88 355 433 384 391 409 371  
  89 467 407 392 437 399 432  
  90 315 346 279 327 313 293  
  91 355 384 315 371 349 335  
  92 392 407 338 399 372 361  
  93 355 315 290 335 302 322  
  94 338 407 355 372 378 344  
  95 392 338 324 361 329 357  
  96 290 315 252 302 283 270  
  97 338 355 290 344 322 312  
  98 324 338 273 329 303 296  
  99 252 315 279 283 293 262  
  100 273 338 290 303 312 280  
  101 324 273 268 296 269 295  
  102 252 279 221 262 249 235  
  103 273 290 232 280 260 250  
  104 268 273 218 269 244 242  
  105 252 221 199 235 207 225  
  106 232 290 252 260 270 240  
  107 218 273 232 244 250 226  
  108 199 221 169 207 193 184  
  109 232 252 199 240 225 213  
  110 218 232 181 226 205 200  
  111 199 169 153 184 161 173  
  112 232 199 181 213 188 205  
  113 153 169 133 161 150 141  
  114 181 199 153 188 173 165  
  115 153 133 117 141 123 134  
  116 181 153 140 165 145 160  
  117 117 133 95 123 114 106  
  118 140 153 117 145 134 128  
  119 181 140 174 160 156 178  
  120 117 95 80 106 87 98  
  121 140 117 108 128 111 124  
  122 174 140 137 156 138 155  
  123 80 95 63 87 78 70  
  124 108 117 80 111 98 92  
  125 137 140 108 138 124 120  
  126 108 80 72 92 75 89  
  127 137 108 102 120 103 119  
  128 72 80 52 75 65 59  
  129 108 72 102 89 86 103  
  130 52 80 63 65 70 55  
  131 102 72 73 86 71 88  
  132 52 63 35 55 49 43  
  133 73 72 45 71 58 57  
  134 52 35 28 43 31 39  
  135 45 72 52 58 59 46  
  136 28 35 18 31 26 22  
  137 52 28 45 39 37 46  
  138 28 18 12 22 13 19  
  139 45 28 29 37 27 36  
  140 12 18 6 13 11 8  
  141 28 12 29 19 20 27  
  142 12 6 5 8 4 7  
  143 29 12 16 20 14 21  
  144 16 12 5 14 7 9  
  145 29 16 32 21 24 30  
  146 32 17 34 23 25 33  
  147 29 32 51 30 40 38  
  148 51 32 61 40 44 56  
  149 29 51 45 38 47 36  
  150 61 32 50 44 41 53  
  151 51 61 81 56 69 66  
  152 45 51 73 47 60 57  
  153 50 32 34 41 33 42  
  154 81 61 93 69 76 85  
  155 73 51 81 60 66 74  
  156 93 61 79 76 68 83  
  157 81 93 115 85 105 97  
  158 73 81 101 74 90 84  
  159 79 61 50 68 53 64  
  160 115 93 131 105 112 121  
  161 101 81 115 90 97 109  
  162 79 50 62 64 54 67  
  163 131 93 116 112 104 122  
  164 116 93 79 104 83 96  
  165 131 116 154 122 135 142  
  166 116 79 107 96 91 110  
  167 154 116 146 135 129 148  
  168 107 79 62 91 67 82  
  169 116 107 146 110 127 129  
  170 146 107 132 127 118 139  
  171 366 415 348 390 382 356  
  172 348 415 406 382 410 375  
  173 366 348 298 356 323 331  
  174 406 415 473 410 448 441  
  175 298 348 285 323 317 291  
  176 366 298 320 331 308 342  
  177 473 415 485 448 453 481  
  178 285 348 339 317 341 310  
  179 320 298 258 308 276 288  
  180 339 348 406 341 375 373  
  181 285 339 277 310 307 281  
  182 258 298 239 276 266 247  
  183 277 339 334 307 337 305  
  184 285 277 230 281 254 257  
  185 239 298 285 266 291 261  
  186 334 339 397 337 367 364  
  187 230 277 215 254 246 223  
  188 397 339 406 367 373 400  
  189 334 397 396 364 395 363  
  190 215 277 268 246 272 241  
  191 397 406 466 400 436 434  
  192 396 397 462 395 431 430  
  193 466 406 473 436 441 470  
  194 397 466 462 434 463 431  
  195 462 466 517 463 491 488  
  196 517 466 524 491 496 521  
  197 462 517 516 488 514 487  
  198 524 466 473 496 470 502  
  199 517 524 574 521 549 545  
  200 516 517 568 514 543 542  
  201 517 574 568 545 570 543  
  202 516 568 573 542 569 544  
  203 568 574 621 570 597 594  
  204 573 568 620 569 593 595  
  205 516 573 520 544 546 519  
  206 621 574 628 597 601 623  
  207 620 568 621 593 594 619  
  208 520 573 580 546 575 551  
  209 621 628 674 623 651 649  
  210 620 621 670 619 646 645  
  211 580 573 625 575 600 603  
  212 674 628 680 651 653 677  
  213 670 621 674 646 649 672  
  214 625 573 620 600 595 622  
  215 680 628 635 653 631 659  
  216 625 620 673 622 648 650  
  217 673 620 670 648 645 671  
  218 625 673 679 650 676 652  
  219 673 670 716 671 692 694  
  220 679 673 722 676 697 701  
  221 625 679 633 652 656 630  
  222 716 670 717 692 693 715  
  223 722 673 716 697 694 720  
  224 633 679 687 656 682 660  
  225 717 670 674 693 672 695  
  226 687 679 730 682 705 708  
  227 633 687 639 660 664 636  
  228 730 679 722 705 701 726  
  229 687 730 737 708 733 711  
  230 639 687 700 664 689 668  
  231 730 722 774 726 748 750  
  232 737 730 781 733 756 758  
  233 700 687 737 689 711 718  
  234 774 722 767 748 745 770  
  235 781 730 774 756 750 776  
  236 700 737 754 718 747 728  
  237 767 722 716 745 720 742  
  238 754 737 791 747 762 773  
  239 700 754 713 728 732 707  
  240 767 716 763 742 740 765  
  241 791 737 781 762 758 784  
  242 713 754 769 732 760 739  
  243 763 716 717 740 715 741  
  244 767 763 812 765 787 789  
  245 769 754 805 760 779 785  
  246 713 769 734 739 752 724  
  247 812 763 813 787 788 810  
  248 767 812 816 789 814 792  
  249 805 754 791 779 773 799  
  250 734 769 786 752 778 761  
  251 813 763 768 788 766 790  
  252 816 812 859 814 836 839  
  253 805 791 843 799 818 825  
  254 786 769 823 778 797 804  
  255 768 763 717 766 741 743  
  256 859 812 855 836 834 856  
  257 843 791 831 818 809 838  
  258 823 769 805 797 785 811  
  259 855 812 813 834 810 835  
  260 859 855 903 856 878 880  
  261 831 791 781 809 784 807  
  262 823 805 854 811 829 841  
  263 903 855 904 878 879 902  
  264 859 903 908 880 905 885  
  265 854 805 843 829 825 849  
  266 823 854 874 841 866 847  
  267 904 855 860 879 857 881  
  268 908 903 953 905 928 931  
  269 874 854 910 866 882 891  
  270 823 874 848 847 862 832  
  271 860 855 813 857 835 837  
  272 953 903 948 928 926 950  
  273 910 854 889 882 871 896  
  274 848 874 901 862 890 875  
  275 948 903 904 926 902 927  
  276 953 948 980 950 966 968  
  277 889 854 843 871 849 865  
  278 901 874 949 890 913 925  
  279 980 948 981 966 967 979  
  280 953 980 986 968 984 973  
  281 986 980 1000 984 993 995  
  282 981 948 954 967 951 969  
  283 980 981 997 979 990 989  
  284 954 948 904 951 927 929  
  285 980 997 1000 989 999 993  
  286 954 904 909 929 906 932  
  287 909 904 860 906 881 886  
  288 585 561 616 572 589 602  
  289 616 561 596 589 579 609  
  290 585 616 641 602 632 614  
  291 596 561 537 579 550 566  
  292 641 616 666 632 643 657  
  293 585 641 611 614 629 599  
  294 596 537 584 566 562 590  
  295 666 616 655 643 637 661  
  296 641 666 699 657 684 669  
  297 611 641 667 629 658 640  
  298 584 537 528 562 533 557  
  299 655 616 596 637 609 627  
  300 699 666 734 684 704 714  
  301 667 641 699 658 669 685  
  302 584 528 580 557 553 582  
  303 667 699 725 685 710 696  
  304 725 699 755 710 729 736  
  305 755 699 734 729 714 744  
  306 725 755 780 736 764 753  
  307 780 755 808 764 783 794  
  308 808 755 786 783 772 801  
  309 780 808 830 794 822 806  
  310 830 808 861 822 833 845  
  311 861 808 848 833 828 853  
  312 830 861 887 845 873 858  
  313 887 861 940 873 900 915  
  314 258 239 204 247 219 229  
  315 204 239 189 219 214 194  
  316 258 204 224 229 210 238  
  317 189 239 230 214 234 208  
  318 204 189 158 194 171 180  
  319 224 204 172 210 187 198  
  320 230 239 285 234 261 257  
  321 158 189 147 171 166 152  
  322 204 158 172 180 164 187  
  323 147 189 179 166 183 163  
  324 172 158 131 164 144 151  
  325 179 189 230 183 208 203  
  326 147 179 137 163 157 143  
  327 179 230 215 203 223 197  
  328 179 215 174 197 191 175  
  329 334 396 324 363 358 326  
  330 848 895 861 872 877 853  
  331 258 224 284 238 253 267  
  332 284 224 251 253 236 264  
  333 258 284 320 267 301 288  
  334 251 224 202 236 209 227  
  335 284 251 314 264 282 294  
  336 202 224 172 209 198 185  
  337 251 202 228 227 212 237  
  338 314 251 286 282 265 297  
  339 202 172 154 185 162 177  
  340 228 202 154 212 177 186  
  341 251 228 286 237 256 265  
  342 286 228 263 256 245 274  
  343 263 228 201 245 211 233  
  344 286 263 325 274 292 306  
  345 201 228 154 211 186 176  
  346 263 201 243 233 222 255  
  347 325 263 309 292 287 319  
  348 243 201 190 222 196 216  
  349 263 243 309 255 275 287  
  350 325 309 376 319 343 352  
  351 243 190 220 216 206 231  
  352 309 243 299 275 271 304  
  353 299 243 220 271 231 259  
  354 309 299 359 304 328 336  
  355 359 299 345 328 321 351  
  356 309 359 376 336 369 343  
  357 376 359 435 369 394 405  
  358 435 359 422 394 389 426  
  359 376 435 450 405 443 412  
  360 422 359 345 389 351 381  
  361 190 201 146 196 170 167  
  362 220 278 299 248 289 259  
  363 945 940 895 942 918 919  
  364 895 940 861 918 900 877  
  365 895 848 901 872 875 898  
  366 895 901 945 898 922 919  
  367 786 823 848 804 832 819  
  368 786 848 808 819 828 801  
  369 782 824 775 802 798 777  
  370 775 824 817 798 820 796  
  371 782 775 731 777 751 757  
  372 817 824 864 820 844 842  
  373 775 817 768 796 793 771  
  374 731 775 723 751 749 727  
  375 817 864 860 842 863 840  
  376 768 817 813 793 815 790  
  377 723 775 768 749 771 746  
  378 817 860 813 840 837 815  
  379 860 864 909 863 888 886  
  380 723 768 717 746 743 721  
  381 723 717 674 721 695 698  
  382 723 674 680 698 677 703  
  383 723 680 731 703 706 727  
  384 782 731 738 757 735 759  
  385 115 131 158 121 144 136  
  386 625 633 580 630 605 603  
  387 580 633 584 605 610 582  
  388 62 94 107 77 99 82  
  389 975 965 934 972 955 958  
  390 934 965 910 955 939 920  
  391 975 934 947 958 941 962  
  392 947 934 897 941 917 923  
  393 975 947 983 962 970 977  
  394 897 934 889 917 912 892  
  395 889 934 910 912 920 896  
  396 947 897 916 923 907 933  
  397 983 947 963 970 957 974  
  398 916 897 868 907 884 893  
  399 947 916 963 933 943 957  
  400 983 963 991 974 978 987  
  401 916 868 883 893 876 899  
  402 963 916 936 943 924 952  
  403 883 868 826 876 846 852  
  404 916 883 936 899 911 924  
  405 826 868 831 846 851 827  
  406 831 868 897 851 884 867  
  407 883 816 859 850 839 870  
  408 936 883 908 911 894 921  
  409 908 883 859 894 870 885  
  410 936 908 953 921 931 944  
  411 991 963 976 978 971 985  
  412 976 963 936 971 952 960  
  413 976 936 953 960 944 964  
  414 767 816 774 792 795 770  
  415 774 816 826 795 821 800  
  416 826 816 883 821 850 852  
  417 268 218 215 242 217 241  
  418 174 137 179 155 157 175  
  419 396 462 460 430 457 429  
  420 460 462 516 457 487 486  
  421 396 460 392 429 425 393  
  422 460 516 520 486 519 490  
  423 460 520 467 490 493 461  
  424 734 786 755 761 772 744  
  425 73 101 102 84 100 88  
  426 102 101 147 100 126 125  
  427 639 700 655 668 678 647  
  428 17 32 16 23 24 15  
  429 467 392 460 432 425 461  
  430 713 734 655 724 691 686  
  431 345 416 422 379 418 381  
  432 937 887 940 914 915 938  
  433 520 580 528 551 553 522  
  434 131 154 172 142 162 151  
  435 132 168 146 149 159 139  
  436 146 168 190 159 182 167  
  437 959 949 910 956 930 935  
  438 477 467 528 471 498 503  
  439 528 467 520 498 493 522  
  440 477 528 537 503 533 508  
  441 218 181 174 200 178 195  
  442 218 174 215 195 191 217  
  443 596 584 639 590 613 618  
  444 997 1003 1000 1001 1002 999  
  445 524 473 534 502 504 530  
  446 534 473 485 504 481 510  
  447 831 781 826 807 803 827  
  448 158 147 115 152 130 136  
  449 5 17 16 10 15 9  
  450 986 976 953 982 964 973  
  451 655 596 639 627 618 647  
  452 277 334 268 305 300 272  
  453 278 345 299 311 321 289  
  454 843 831 897 838 867 869  
  455 94 132 107 113 118 99  
  456 965 959 910 961 935 939  
  457 154 146 201 148 170 176  
  458 874 910 949 891 930 913  
  459 781 774 826 776 800 803  
  460 34 62 50 48 54 42  
  461 392 324 396 357 358 393  
  462 324 268 334 295 300 326  
  463 101 115 147 109 130 126  
  464 633 639 584 636 613 610  
  465 666 655 734 661 691 704  
  466 168 220 190 192 206 182  
  467 949 945 901 946 922 925  
  468 889 843 897 865 869 892  
  469 137 102 147 119 125 143  
  470 700 713 655 707 686 678  
  END_ELEMENTS  
  COORDINATES  
   1   3.500000e+00 -5.000000e+00   
   2   3.750000e+00 -5.000000e+00   
   3   3.500000e+00 -4.750000e+00   
   4   3.750000e+00 -4.750000e+00   
   5   4.000000e+00 -5.000000e+00   
   6   3.500000e+00 -4.500000e+00   
   7   3.972089e+00 -4.645833e+00   
   8   3.722089e+00 -4.395833e+00   
   9   4.183013e+00 -4.750000e+00   
   10   4.250000e+00 -5.000000e+00   
   11   3.500000e+00 -4.250000e+00   
   12   3.944177e+00 -4.291667e+00   
   13   3.722089e+00 -4.145833e+00   
   14   4.155101e+00 -4.395833e+00   
   15   4.433013e+00 -4.750000e+00   
   16   4.366025e+00 -4.500000e+00   
   17   4.500000e+00 -5.000000e+00   
   18   3.500000e+00 -4.000000e+00   
   19   3.938595e+00 -4.020833e+00   
   20   4.155101e+00 -4.145833e+00   
   21   4.366025e+00 -4.250000e+00   
   22   3.716506e+00 -3.875000e+00   
   23   4.642514e+00 -4.696429e+00   
   24   4.575526e+00 -4.446429e+00   
   25   4.750000e+00 -5.000000e+00   
   26   3.500000e+00 -3.750000e+00   
   27   4.149519e+00 -3.875000e+00   
   28   3.933013e+00 -3.750000e+00   
   29   4.366025e+00 -4.000000e+00   
   30   4.575526e+00 -4.196429e+00   
   31   3.716506e+00 -3.625000e+00   
   32   4.785027e+00 -4.392857e+00   
   33   4.892514e+00 -4.696429e+00   
   34   5.000000e+00 -5.000000e+00   
   35   3.500000e+00 -3.500000e+00   
   36   4.366025e+00 -3.750000e+00   
   37   4.149519e+00 -3.625000e+00   
   38   4.582532e+00 -3.875000e+00   
   39   3.933013e+00 -3.500000e+00   
   40   4.792033e+00 -4.071429e+00   
   41   5.007977e+00 -4.464881e+00   
   42   5.115463e+00 -4.768452e+00   
   43   3.716506e+00 -3.375000e+00   
   44   5.008539e+00 -4.196429e+00   
   45   4.366025e+00 -3.500000e+00   
   46   4.149519e+00 -3.375000e+00   
   47   4.582532e+00 -3.625000e+00   
   48   5.250000e+00 -5.000000e+00   
   49   3.500000e+00 -3.250000e+00   
   50   5.230926e+00 -4.536905e+00   
   51   4.799038e+00 -3.750000e+00   
   52   3.933013e+00 -3.250000e+00   
   53   5.231488e+00 -4.268452e+00   
   54   5.365463e+00 -4.768452e+00   
   55   3.716506e+00 -3.125000e+00   
   56   5.015544e+00 -3.875000e+00   
   57   4.582532e+00 -3.375000e+00   
   58   4.366025e+00 -3.250000e+00   
   59   4.149519e+00 -3.125000e+00   
   60   4.799038e+00 -3.500000e+00   
   61   5.232051e+00 -4.000000e+00   
   62   5.500000e+00 -5.000000e+00   
   63   3.500000e+00 -3.000000e+00   
   64   5.434240e+00 -4.414286e+00   
   65   3.933013e+00 -3.000000e+00   
   66   5.015544e+00 -3.625000e+00   
   67   5.568776e+00 -4.645833e+00   
   68   5.434802e+00 -4.145833e+00   
   69   5.232051e+00 -3.750000e+00   
   70   3.716506e+00 -2.875000e+00   
   71   4.582532e+00 -3.125000e+00   
   72   4.366025e+00 -3.000000e+00   
   73   4.799038e+00 -3.250000e+00   
   74   5.015544e+00 -3.375000e+00   
   75   4.149519e+00 -2.875000e+00   
   76   5.448557e+00 -3.875000e+00   
   77   5.750000e+00 -5.000000e+00   
   78   3.500000e+00 -2.750000e+00   
   79   5.637553e+00 -4.291667e+00   
   80   3.933013e+00 -2.750000e+00   
   81   5.232051e+00 -3.500000e+00   
   82   5.799038e+00 -4.750000e+00   
   83   5.651308e+00 -4.020833e+00   
   84   5.002628e+00 -3.150000e+00   
   85   5.448557e+00 -3.625000e+00   
   86   4.582532e+00 -2.875000e+00   
   87   3.716506e+00 -2.625000e+00   
   88   4.799038e+00 -3.000000e+00   
   89   4.366025e+00 -2.750000e+00   
   90   5.219134e+00 -3.275000e+00   
   91   5.867815e+00 -4.395833e+00   
   92   4.149519e+00 -2.625000e+00   
   93   5.665064e+00 -3.750000e+00   
   94   6.000000e+00 -5.000000e+00   
   95   3.500000e+00 -2.500000e+00   
   96   5.867815e+00 -4.145833e+00   
   97   5.448557e+00 -3.375000e+00   
   98   3.933013e+00 -2.500000e+00   
   99   6.049038e+00 -4.750000e+00   
   100   5.002628e+00 -2.900000e+00   
   101   5.206218e+00 -3.050000e+00   
   102   4.799038e+00 -2.750000e+00   
   103   4.582532e+00 -2.625000e+00   
   104   5.881570e+00 -3.875000e+00   
   105   5.665064e+00 -3.500000e+00   
   106   3.716506e+00 -2.375000e+00   
   107   6.098076e+00 -4.500000e+00   
   108   4.366025e+00 -2.500000e+00   
   109   5.435641e+00 -3.150000e+00   
   110   6.098076e+00 -4.250000e+00   
   111   4.149519e+00 -2.375000e+00   
   112   5.881570e+00 -3.625000e+00   
   113   6.250000e+00 -5.000000e+00   
   114   3.500000e+00 -2.250000e+00   
   115   5.665064e+00 -3.250000e+00   
   116   6.098076e+00 -4.000000e+00   
   117   3.933013e+00 -2.250000e+00   
   118   6.299038e+00 -4.750000e+00   
   119   4.841239e+00 -2.500000e+00   
   120   4.624733e+00 -2.375000e+00   
   121   5.881570e+00 -3.375000e+00   
   122   6.098076e+00 -3.750000e+00   
   123   3.716506e+00 -2.125000e+00   
   124   4.366025e+00 -2.250000e+00   
   125   5.167468e+00 -2.625000e+00   
   126   5.371058e+00 -2.775000e+00   
   127   6.379038e+00 -4.451701e+00   
   128   4.149519e+00 -2.125000e+00   
   129   6.379038e+00 -4.201701e+00   
   130   5.600481e+00 -2.875000e+00   
   131   6.098076e+00 -3.500000e+00   
   132   6.500000e+00 -5.000000e+00   
   133   3.500000e+00 -2.000000e+00   
   134   3.933013e+00 -2.000000e+00   
   135   6.314583e+00 -3.875000e+00   
   136   5.816987e+00 -3.000000e+00   
   137   4.883440e+00 -2.250000e+00   
   138   4.624733e+00 -2.125000e+00   
   139   6.580000e+00 -4.701701e+00   
   140   4.366025e+00 -2.000000e+00   
   141   3.716506e+00 -1.875000e+00   
   142   6.314583e+00 -3.625000e+00   
   143   5.209669e+00 -2.375000e+00   
   144   6.033494e+00 -3.125000e+00   
   145   4.149519e+00 -1.875000e+00   
   146   6.660000e+00 -4.403401e+00   
   147   5.535898e+00 -2.500000e+00   
   148   6.595544e+00 -4.076701e+00   
   149   6.750000e+00 -5.000000e+00   
   150   3.500000e+00 -1.750000e+00   
   151   6.250000e+00 -3.250000e+00   
   152   5.752405e+00 -2.625000e+00   
   153   3.933013e+00 -1.750000e+00   
   154   6.531089e+00 -3.750000e+00   
   155   4.876407e+00 -2.000000e+00   
   156   4.617699e+00 -1.875000e+00   
   157   5.159028e+00 -2.125000e+00   
   158   5.968911e+00 -2.750000e+00   
   159   6.830000e+00 -4.701701e+00   
   160   4.366025e+00 -1.750000e+00   
   161   3.716506e+00 -1.625000e+00   
   162   6.466506e+00 -3.375000e+00   
   163   5.485257e+00 -2.250000e+00   
   164   6.185417e+00 -2.875000e+00   
   165   4.149519e+00 -1.625000e+00   
   166   5.752405e+00 -2.375000e+00   
   167   6.933389e+00 -4.473228e+00   
   168   7.000000e+00 -5.000000e+00   
   169   3.500000e+00 -1.500000e+00   
   170   6.922989e+00 -4.217078e+00   
   171   5.968911e+00 -2.500000e+00   
   172   6.401924e+00 -3.000000e+00   
   173   3.933013e+00 -1.500000e+00   
   174   4.869373e+00 -1.750000e+00   
   175   5.151995e+00 -1.875000e+00   
   176   6.858533e+00 -3.890377e+00   
   177   6.695929e+00 -3.475000e+00   
   178   4.617699e+00 -1.625000e+00   
   179   5.434616e+00 -2.000000e+00   
   180   6.185417e+00 -2.625000e+00   
   181   4.366025e+00 -1.500000e+00   
   182   7.103389e+00 -4.771528e+00   
   183   5.701763e+00 -2.125000e+00   
   184   3.716506e+00 -1.375000e+00   
   185   6.631347e+00 -3.100000e+00   
   186   6.899519e+00 -3.625000e+00   
   187   6.401924e+00 -2.750000e+00   
   188   4.149519e+00 -1.375000e+00   
   189   5.968911e+00 -2.250000e+00   
   190   7.206779e+00 -4.543056e+00   
   191   5.118234e+00 -1.625000e+00   
   192   7.250000e+00 -5.000000e+00   
   193   3.500000e+00 -1.250000e+00   
   194   6.185417e+00 -2.375000e+00   
   195   4.863324e+00 -1.500000e+00   
   196   7.196378e+00 -4.286905e+00   
   197   5.400855e+00 -1.750000e+00   
   198   6.618430e+00 -2.875000e+00   
   199   3.933013e+00 -1.250000e+00   
   200   4.611651e+00 -1.375000e+00   
   201   7.185978e+00 -4.030754e+00   
   202   6.860770e+00 -3.200000e+00   
   203   5.701763e+00 -1.875000e+00   
   204   6.401924e+00 -2.500000e+00   
   205   4.366025e+00 -1.250000e+00   
   206   7.353389e+00 -4.771528e+00   
   207   3.716506e+00 -1.125000e+00   
   208   5.968911e+00 -2.000000e+00   
   209   6.847853e+00 -2.975000e+00   
   210   6.618430e+00 -2.625000e+00   
   211   7.226963e+00 -3.765377e+00   
   212   7.064359e+00 -3.350000e+00   
   213   4.149519e+00 -1.125000e+00   
   214   6.185417e+00 -2.125000e+00   
   215   5.367094e+00 -1.500000e+00   
   216   7.425195e+00 -4.423512e+00   
   217   5.112185e+00 -1.375000e+00   
   218   4.857276e+00 -1.250000e+00   
   219   6.401924e+00 -2.250000e+00   
   220   7.500000e+00 -5.000000e+00   
   221   3.500000e+00 -1.000000e+00   
   222   7.414794e+00 -4.167361e+00   
   223   5.668003e+00 -1.625000e+00   
   224   6.834936e+00 -2.750000e+00   
   225   3.933013e+00 -1.000000e+00   
   226   4.611651e+00 -1.125000e+00   
   227   7.064359e+00 -3.100000e+00   
   228   7.267949e+00 -3.500000e+00   
   229   6.618430e+00 -2.375000e+00   
   230   5.968911e+00 -1.750000e+00   
   231   7.571806e+00 -4.651984e+00   
   232   4.366025e+00 -1.000000e+00   
   233   7.443470e+00 -3.890377e+00   
   234   6.185417e+00 -1.875000e+00   
   235   3.716506e+00 -8.750000e-01   
   236   7.051443e+00 -2.875000e+00   
   237   7.267949e+00 -3.250000e+00   
   238   6.834936e+00 -2.500000e+00   
   239   6.401924e+00 -2.000000e+00   
   240   4.149519e+00 -8.750000e-01   
   241   5.371596e+00 -1.250000e+00   
   242   5.116687e+00 -1.125000e+00   
   243   7.643611e+00 -4.303968e+00   
   244   4.828157e+00 -1.000000e+00   
   245   7.484456e+00 -3.625000e+00   
   246   5.668003e+00 -1.375000e+00   
   247   6.618430e+00 -2.125000e+00   
   248   7.750000e+00 -5.000000e+00   
   249   3.500000e+00 -7.500000e-01   
   250   4.582532e+00 -8.750000e-01   
   251   7.267949e+00 -3.000000e+00   
   252   3.933013e+00 -7.500000e-01   
   253   7.051443e+00 -2.625000e+00   
   254   5.968911e+00 -1.500000e+00   
   255   7.672287e+00 -4.026984e+00   
   256   7.484456e+00 -3.375000e+00   
   257   6.185417e+00 -1.625000e+00   
   258   6.834936e+00 -2.250000e+00   
   259   7.816987e+00 -4.750000e+00   
   260   4.366025e+00 -7.500000e-01   
   261   6.401924e+00 -1.750000e+00   
   262   3.716506e+00 -6.250000e-01   
   263   7.700962e+00 -3.750000e+00   
   264   7.267949e+00 -2.750000e+00   
   265   7.484456e+00 -3.125000e+00   
   266   6.618430e+00 -1.875000e+00   
   267   7.051443e+00 -2.375000e+00   
   268   5.376098e+00 -1.000000e+00   
   269   5.087568e+00 -8.750000e-01   
   270   4.149519e+00 -6.250000e-01   
   271   7.888793e+00 -4.401984e+00   
   272   5.672504e+00 -1.125000e+00   
   273   4.799038e+00 -7.500000e-01   
   274   7.700962e+00 -3.500000e+00   
   275   7.888793e+00 -4.151984e+00   
   276   6.834936e+00 -2.000000e+00   
   277   5.968911e+00 -1.250000e+00   
   278   8.000000e+00 -5.000000e+00   
   279   3.500000e+00 -5.000000e-01   
   280   4.582532e+00 -6.250000e-01   
   281   6.185417e+00 -1.375000e+00   
   282   7.484456e+00 -2.875000e+00   
   283   3.933013e+00 -5.000000e-01   
   284   7.267949e+00 -2.500000e+00   
   285   6.401924e+00 -1.500000e+00   
   286   7.700962e+00 -3.250000e+00   
   287   7.917468e+00 -3.875000e+00   
   288   7.051443e+00 -2.125000e+00   
   289   8.066987e+00 -4.750000e+00   
   290   4.366025e+00 -5.000000e-01   
   291   6.618430e+00 -1.625000e+00   
   292   7.917468e+00 -3.625000e+00   
   293   3.716506e+00 -3.750000e-01   
   294   7.484456e+00 -2.625000e+00   
   295   5.364846e+00 -7.500000e-01   
   296   5.076316e+00 -6.250000e-01   
   297   7.700962e+00 -3.000000e+00   
   298   6.834936e+00 -1.750000e+00   
   299   8.133975e+00 -4.500000e+00   
   300   5.672504e+00 -8.750000e-01   
   301   7.267949e+00 -2.250000e+00   
   302   4.149519e+00 -3.750000e-01   
   303   4.799038e+00 -5.000000e-01   
   304   8.133975e+00 -4.250000e+00   
   305   5.968911e+00 -1.000000e+00   
   306   7.917468e+00 -3.375000e+00   
   307   6.185417e+00 -1.125000e+00   
   308   7.051443e+00 -1.875000e+00   
   309   8.133975e+00 -4.000000e+00   
   310   6.401924e+00 -1.250000e+00   
   311   8.250000e+00 -5.000000e+00   
   312   4.582532e+00 -3.750000e-01   
   313   3.500000e+00 -2.500000e-01   
   314   7.700962e+00 -2.750000e+00   
   315   3.933013e+00 -2.500000e-01   
   316   7.484456e+00 -2.375000e+00   
   317   6.618430e+00 -1.375000e+00   
   318   7.917468e+00 -3.125000e+00   
   319   8.133975e+00 -3.750000e+00   
   320   7.267949e+00 -2.000000e+00   
   321   8.316987e+00 -4.750000e+00   
   322   4.366025e+00 -2.500000e-01   
   323   6.834936e+00 -1.500000e+00   
   324   5.353594e+00 -5.000000e-01   
   325   8.133975e+00 -3.500000e+00   
   326   5.661252e+00 -6.250000e-01   
   327   3.716506e+00 -1.250000e-01   
   328   8.344899e+00 -4.395833e+00   
   329   5.076316e+00 -3.750000e-01   
   330   7.700962e+00 -2.500000e+00   
   331   7.051443e+00 -1.625000e+00   
   332   7.917468e+00 -2.875000e+00   
   333   7.484456e+00 -2.125000e+00   
   334   5.968911e+00 -7.500000e-01   
   335   4.149519e+00 -1.250000e-01   
   336   8.344899e+00 -4.145833e+00   
   337   6.185417e+00 -8.750000e-01   
   338   4.799038e+00 -2.500000e-01   
   339   6.401924e+00 -1.000000e+00   
   340   8.133975e+00 -3.250000e+00   
   341   6.618430e+00 -1.125000e+00   
   342   7.267949e+00 -1.750000e+00   
   343   8.350481e+00 -3.875000e+00   
   344   4.582532e+00 -1.250000e-01   
   345   8.500000e+00 -5.000000e+00   
   346   3.500000e+00  1.776357e-15   
   347   7.917468e+00 -2.625000e+00   
   348   6.834936e+00 -1.250000e+00   
   349   3.933013e+00 -4.440892e-16   
   350   7.700962e+00 -2.250000e+00   
   351   8.527911e+00 -4.645833e+00   
   352   8.350481e+00 -3.625000e+00   
   353   8.133975e+00 -3.000000e+00   
   354   7.484456e+00 -1.875000e+00   
   355   4.366025e+00  8.881784e-16   
   356   7.051443e+00 -1.375000e+00   
   357   5.353604e+00 -2.500000e-01   
   358   5.661252e+00 -3.750000e-01   
   359   8.555823e+00 -4.291667e+00   
   360   8.350481e+00 -3.375000e+00   
   361   5.076326e+00 -1.250000e-01   
   362   3.716506e+00  1.250000e-01   
   363   5.968911e+00 -5.000000e-01   
   364   6.185417e+00 -6.250000e-01   
   365   7.917468e+00 -2.375000e+00   
   366   7.267949e+00 -1.500000e+00   
   367   6.401924e+00 -7.500000e-01   
   368   8.133975e+00 -2.750000e+00   
   369   8.561405e+00 -4.020833e+00   
   370   7.700962e+00 -2.000000e+00   
   371   4.149519e+00  1.250000e-01   
   372   4.799038e+00 -4.440892e-16   
   373   6.618430e+00 -8.750000e-01   
   374   8.350481e+00 -3.125000e+00   
   375   6.834936e+00 -1.000000e+00   
   376   8.566987e+00 -3.750000e+00   
   377   7.484456e+00 -1.625000e+00   
   378   4.582532e+00  1.250000e-01   
   379   8.750000e+00 -5.000000e+00   
   380   3.500000e+00  2.500000e-01   
   381   8.750000e+00 -4.750000e+00   
   382   7.051443e+00 -1.125000e+00   
   383   8.133975e+00 -2.500000e+00   
   384   3.933013e+00  2.500000e-01   
   385   7.917468e+00 -2.125000e+00   
   386   8.566987e+00 -3.500000e+00   
   387   8.350481e+00 -2.875000e+00   
   388   7.700962e+00 -1.750000e+00   
   389   8.777911e+00 -4.395833e+00   
   390   7.267949e+00 -1.250000e+00   
   391   4.366025e+00  2.500000e-01   
   392   5.353613e+00  8.881784e-16   
   393   5.661262e+00 -1.250000e-01   
   394   8.777911e+00 -4.145833e+00   
   395   6.185417e+00 -3.750000e-01   
   396   5.968911e+00 -2.500000e-01   
   397   6.401924e+00 -5.000000e-01   
   398   8.566987e+00 -3.250000e+00   
   399   5.076326e+00  1.250000e-01   
   400   6.618430e+00 -6.250000e-01   
   401   3.716506e+00  3.750000e-01   
   402   7.484456e+00 -1.375000e+00   
   403   8.133975e+00 -2.250000e+00   
   404   8.350481e+00 -2.625000e+00   
   405   8.783494e+00 -3.875000e+00   
   406   6.834936e+00 -7.500000e-01   
   407   4.799038e+00  2.500000e-01   
   408   7.917468e+00 -1.875000e+00   
   409   4.149519e+00  3.750000e-01   
   410   7.051443e+00 -8.750000e-01   
   411   8.566987e+00 -3.000000e+00   
   412   8.783494e+00 -3.625000e+00   
   413   7.700962e+00 -1.500000e+00   
   414   4.582532e+00  3.750000e-01   
   415   7.267949e+00 -1.000000e+00   
   416   9.000000e+00 -5.000000e+00   
   417   3.500000e+00  5.000000e-01   
   418   9.000000e+00 -4.750000e+00   
   419   8.350481e+00 -2.375000e+00   
   420   3.933013e+00  5.000000e-01   
   421   8.133975e+00 -2.000000e+00   
   422   9.000000e+00 -4.500000e+00   
   423   8.783494e+00 -3.375000e+00   
   424   8.566987e+00 -2.750000e+00   
   425   5.625841e+00  1.250000e-01   
   426   9.000000e+00 -4.250000e+00   
   427   7.484456e+00 -1.125000e+00   
   428   7.917468e+00 -1.625000e+00   
   429   5.933490e+00  3.552714e-15   
   430   6.185417e+00 -1.250000e-01   
   431   6.401924e+00 -2.500000e-01   
   432   5.353672e+00  2.500000e-01   
   433   4.366025e+00  5.000000e-01   
   434   6.618430e+00 -3.750000e-01   
   435   9.000000e+00 -4.000000e+00   
   436   6.834936e+00 -5.000000e-01   
   437   5.076384e+00  3.750000e-01   
   438   8.783494e+00 -3.125000e+00   
   439   3.716506e+00  6.250000e-01   
   440   7.700962e+00 -1.250000e+00   
   441   7.051443e+00 -6.250000e-01   
   442   8.350481e+00 -2.125000e+00   
   443   9.000000e+00 -3.750000e+00   
   444   8.566987e+00 -2.500000e+00   
   445   4.799038e+00  5.000000e-01   
   446   8.133975e+00 -1.750000e+00   
   447   4.149519e+00  6.250000e-01   
   448   7.267949e+00 -7.500000e-01   
   449   8.783494e+00 -2.875000e+00   
   450   9.000000e+00 -3.500000e+00   
   451   7.917468e+00 -1.375000e+00   
   452   4.582532e+00  6.250000e-01   
   453   7.484456e+00 -8.750000e-01   
   454   3.500000e+00  7.500000e-01   
   455   8.566987e+00 -2.250000e+00   
   456   3.933013e+00  7.500000e-01   
   457   6.149996e+00  1.250000e-01   
   458   8.350481e+00 -1.875000e+00   
   459   9.000000e+00 -3.250000e+00   
   460   5.898068e+00  2.500000e-01   
   461   5.625899e+00  3.750000e-01   
   462   6.401924e+00  2.664535e-15   
   463   6.618430e+00 -1.250000e-01   
   464   8.783494e+00 -2.625000e+00   
   465   7.700962e+00 -1.000000e+00   
   466   6.834936e+00 -2.500000e-01   
   467   5.353731e+00  5.000000e-01   
   468   8.133975e+00 -1.500000e+00   
   469   4.366025e+00  7.500000e-01   
   470   7.051443e+00 -3.750000e-01   
   471   5.076384e+00  6.250000e-01   
   472   9.000000e+00 -3.000000e+00   
   473   7.267949e+00 -5.000000e-01   
   474   7.917468e+00 -1.125000e+00   
   475   3.716506e+00  8.750000e-01   
   476   8.566987e+00 -2.000000e+00   
   477   4.799038e+00  7.500000e-01   
   478   8.783494e+00 -2.375000e+00   
   479   8.350481e+00 -1.625000e+00   
   480   4.149519e+00  8.750000e-01   
   481   7.484456e+00 -6.250000e-01   
   482   9.000000e+00 -2.750000e+00   
   483   8.133975e+00 -1.250000e+00   
   484   4.582532e+00  8.750000e-01   
   485   7.700962e+00 -7.500000e-01   
   486   6.149996e+00  3.750000e-01   
   487   6.401924e+00  2.500000e-01   
   488   6.618430e+00  1.250000e-01   
   489   3.500000e+00  1.000000e+00   
   490   5.903187e+00  5.000000e-01   
   491   6.834936e+00  8.881784e-16   
   492   8.783494e+00 -2.125000e+00   
   493   5.631018e+00  6.250000e-01   
   494   3.933013e+00  1.000000e+00   
   495   8.566987e+00 -1.750000e+00   
   496   7.051443e+00 -1.250000e-01   
   497   9.000000e+00 -2.500000e+00   
   498   5.354082e+00  7.500000e-01   
   499   7.917468e+00 -8.750000e-01   
   500   8.350481e+00 -1.375000e+00   
   501   4.366025e+00  1.000000e+00   
   502   7.267949e+00 -2.500000e-01   
   503   5.076736e+00  8.750000e-01   
   504   7.484456e+00 -3.750000e-01   
   505   8.133975e+00 -1.000000e+00   
   506   3.716506e+00  1.125000e+00   
   507   8.783494e+00 -1.875000e+00   
   508   4.799038e+00  1.000000e+00   
   509   9.000000e+00 -2.250000e+00   
   510   7.700962e+00 -5.000000e-01   
   511   8.566987e+00 -1.500000e+00   
   512   4.149519e+00  1.125000e+00   
   513   8.350481e+00 -1.125000e+00   
   514   6.618430e+00  3.750000e-01   
   515   7.917468e+00 -6.250000e-01   
   516   6.401924e+00  5.000000e-01   
   517   6.834936e+00  2.500000e-01   
   518   4.582532e+00  1.125000e+00   
   519   6.155115e+00  6.250000e-01   
   520   5.908306e+00  7.500000e-01   
   521   7.051443e+00  1.250000e-01   
   522   5.631370e+00  8.750000e-01   
   523   3.500000e+00  1.250000e+00   
   524   7.267949e+00 -4.440892e-16   
   525   9.000000e+00 -2.000000e+00   
   526   3.933013e+00  1.250000e+00   
   527   8.783494e+00 -1.625000e+00   
   528   5.354434e+00  1.000000e+00   
   529   8.133975e+00 -7.500000e-01   
   530   7.484456e+00 -1.250000e-01   
   531   8.566987e+00 -1.250000e+00   
   532   4.366025e+00  1.250000e+00   
   533   5.076736e+00  1.125000e+00   
   534   7.700962e+00 -2.500000e-01   
   535   8.350481e+00 -8.750000e-01   
   536   3.716506e+00  1.375000e+00   
   537   4.799038e+00  1.250000e+00   
   538   9.000000e+00 -1.750000e+00   
   539   7.917468e+00 -3.750000e-01   
   540   8.783494e+00 -1.375000e+00   
   541   4.149519e+00  1.375000e+00   
   542   6.618430e+00  6.250000e-01   
   543   6.834936e+00  5.000000e-01   
   544   6.401924e+00  7.500000e-01   
   545   7.051443e+00  3.750000e-01   
   546   6.155115e+00  8.750000e-01   
   547   8.566987e+00 -1.000000e+00   
   548   8.133975e+00 -5.000000e-01   
   549   7.267949e+00  2.500000e-01   
   550   4.582532e+00  1.375000e+00   
   551   5.938608e+00  1.000000e+00   
   552   7.484456e+00  1.250000e-01   
   553   5.661672e+00  1.125000e+00   
   554   3.500000e+00  1.500000e+00   
   555   3.933013e+00  1.500000e+00   
   556   9.000000e+00 -1.500000e+00   
   557   5.356544e+00  1.250000e+00   
   558   7.700962e+00 -8.881784e-16   
   559   8.350481e+00 -6.250000e-01   
   560   8.783494e+00 -1.125000e+00   
   561   4.366025e+00  1.500000e+00   
   562   5.078846e+00  1.375000e+00   
   563   7.917468e+00 -1.250000e-01   
   564   8.566987e+00 -7.500000e-01   
   565   3.716506e+00  1.625000e+00   
   566   4.799038e+00  1.500000e+00   
   567   8.133975e+00 -2.500000e-01   
   568   6.834936e+00  7.500000e-01   
   569   6.618430e+00  8.750000e-01   
   570   7.051443e+00  6.250000e-01   
   571   9.000000e+00 -1.250000e+00   
   572   4.149519e+00  1.625000e+00   
   573   6.401924e+00  1.000000e+00   
   574   7.267949e+00  5.000000e-01   
   575   6.185417e+00  1.125000e+00   
   576   7.484456e+00  3.750000e-01   
   577   8.350481e+00 -3.750000e-01   
   578   8.783494e+00 -8.750000e-01   
   579   4.582532e+00  1.625000e+00   
   580   5.968911e+00  1.250000e+00   
   581   7.700962e+00  2.500000e-01   
   582   5.663783e+00  1.375000e+00   
   583   3.500000e+00  1.750000e+00   
   584   5.358654e+00  1.500000e+00   
   585   3.933013e+00  1.750000e+00   
   586   7.917468e+00  1.250000e-01   
   587   8.566987e+00 -5.000000e-01   
   588   9.000000e+00 -1.000000e+00   
   589   4.366025e+00  1.750000e+00   
   590   5.078846e+00  1.625000e+00   
   591   8.133975e+00 -2.220446e-15   
   592   8.783494e+00 -6.250000e-01   
   593   6.834936e+00  1.000000e+00   
   594   7.051443e+00  8.750000e-01   
   595   6.618430e+00  1.125000e+00   
   596   4.799038e+00  1.750000e+00   
   597   7.267949e+00  7.500000e-01   
   598   8.350481e+00 -1.250000e-01   
   599   3.716506e+00  1.875000e+00   
   600   6.401924e+00  1.250000e+00   
   601   7.484456e+00  6.250000e-01   
   602   4.149519e+00  1.875000e+00   
   603   6.185417e+00  1.375000e+00   
   604   7.700962e+00  5.000000e-01   
   605   5.941480e+00  1.500000e+00   
   606   8.566987e+00 -2.500000e-01   
   607   9.000000e+00 -7.500000e-01   
   608   7.917468e+00  3.750000e-01   
   609   4.582532e+00  1.875000e+00   
   610   5.636352e+00  1.625000e+00   
   611   3.500000e+00  2.000000e+00   
   612   8.133975e+00  2.500000e-01   
   613   5.371314e+00  1.750000e+00   
   614   3.933013e+00  2.000000e+00   
   615   8.783494e+00 -3.750000e-01   
   616   4.366025e+00  2.000000e+00   
   617   8.350481e+00  1.250000e-01   
   618   5.091506e+00  1.875000e+00   
   619   7.051443e+00  1.125000e+00   
   620   6.834936e+00  1.250000e+00   
   621   7.267949e+00  1.000000e+00   
   622   6.618430e+00  1.375000e+00   
   623   7.484456e+00  8.750000e-01   
   624   9.000000e+00 -5.000000e-01   
   625   6.401924e+00  1.500000e+00   
   626   8.566987e+00 -2.220446e-15   
   627   4.799038e+00  2.000000e+00   
   628   7.700962e+00  7.500000e-01   
   629   3.716506e+00  2.125000e+00   
   630   6.157987e+00  1.625000e+00   
   631   7.917468e+00  6.250000e-01   
   632   4.149519e+00  2.125000e+00   
   633   5.914050e+00  1.750000e+00   
   634   8.783494e+00 -1.250000e-01   
   635   8.133975e+00  5.000000e-01   
   636   5.649012e+00  1.875000e+00   
   637   4.582532e+00  2.125000e+00   
   638   8.350481e+00  3.750000e-01   
   639   5.383975e+00  2.000000e+00   
   640   3.500000e+00  2.250000e+00   
   641   3.933013e+00  2.250000e+00   
   642   9.000000e+00 -2.500000e-01   
   643   4.353109e+00  2.225000e+00   
   644   8.566987e+00  2.500000e-01   
   645   7.051443e+00  1.375000e+00   
   646   7.267949e+00  1.250000e+00   
   647   5.091506e+00  2.125000e+00   
   648   6.834936e+00  1.500000e+00   
   649   7.484456e+00  1.125000e+00   
   650   6.618430e+00  1.625000e+00   
   651   7.700962e+00  1.000000e+00   
   652   6.401924e+00  1.750000e+00   
   653   7.917468e+00  8.750000e-01   
   654   8.783494e+00  1.250000e-01   
   655   4.799038e+00  2.250000e+00   
   656   6.157987e+00  1.875000e+00   
   657   4.136603e+00  2.350000e+00   
   658   3.716506e+00  2.375000e+00   
   659   8.133975e+00  7.500000e-01   
   660   5.941480e+00  2.000000e+00   
   661   4.569615e+00  2.350000e+00   
   662   8.350481e+00  6.250000e-01   
   663   9.000000e+00 -1.776357e-15   
   664   5.676443e+00  2.125000e+00   
   665   8.566987e+00  5.000000e-01   
   666   4.340192e+00  2.450000e+00   
   667   3.500000e+00  2.500000e+00   
   668   5.459936e+00  2.250000e+00   
   669   3.933013e+00  2.500000e+00   
   670   7.267949e+00  1.500000e+00   
   671   7.051443e+00  1.625000e+00   
   672   7.484456e+00  1.375000e+00   
   673   6.834936e+00  1.750000e+00   
   674   7.700962e+00  1.250000e+00   
   675   8.783494e+00  3.750000e-01   
   676   6.618430e+00  1.875000e+00   
   677   7.917468e+00  1.125000e+00   
   678   5.167468e+00  2.375000e+00   
   679   6.401924e+00  2.000000e+00   
   680   8.133975e+00  1.000000e+00   
   681   9.000000e+00  2.500000e-01   
   682   6.185417e+00  2.125000e+00   
   683   8.350481e+00  8.750000e-01   
   684   4.136603e+00  2.600000e+00   
   685   3.716506e+00  2.625000e+00   
   686   4.950962e+00  2.500000e+00   
   687   5.968911e+00  2.250000e+00   
   688   8.566987e+00  7.500000e-01   
   689   5.752405e+00  2.375000e+00   
   690   8.783494e+00  6.250000e-01   
   691   4.734456e+00  2.625000e+00   
   692   7.267949e+00  1.750000e+00   
   693   7.484456e+00  1.625000e+00   
   694   7.051443e+00  1.875000e+00   
   695   7.700962e+00  1.500000e+00   
   696   3.500000e+00  2.750000e+00   
   697   6.834936e+00  2.000000e+00   
   698   7.917468e+00  1.375000e+00   
   699   3.933013e+00  2.750000e+00   
   700   5.535898e+00  2.500000e+00   
   701   6.618430e+00  2.125000e+00   
   702   9.000000e+00  5.000000e-01   
   703   8.133975e+00  1.250000e+00   
   704   4.505033e+00  2.725000e+00   
   705   6.401924e+00  2.250000e+00   
   706   8.350481e+00  1.125000e+00   
   707   5.319392e+00  2.625000e+00   
   708   6.185417e+00  2.375000e+00   
   709   8.566987e+00  1.000000e+00   
   710   3.716506e+00  2.875000e+00   
   711   5.968911e+00  2.500000e+00   
   712   8.783494e+00  8.750000e-01   
   713   5.102886e+00  2.750000e+00   
   714   4.301443e+00  2.875000e+00   
   715   7.484456e+00  1.875000e+00   
   716   7.267949e+00  2.000000e+00   
   717   7.700962e+00  1.750000e+00   
   718   5.752405e+00  2.625000e+00   
   719   9.000000e+00  7.500000e-01   
   720   7.051443e+00  2.125000e+00   
   721   7.917468e+00  1.625000e+00   
   722   6.834936e+00  2.250000e+00   
   723   8.133975e+00  1.500000e+00   
   724   4.886379e+00  2.875000e+00   
   725   3.500000e+00  3.000000e+00   
   726   6.618430e+00  2.375000e+00   
   727   8.350481e+00  1.375000e+00   
   728   5.535898e+00  2.750000e+00   
   729   3.978657e+00  3.002870e+00   
   730   6.401924e+00  2.500000e+00   
   731   8.566987e+00  1.250000e+00   
   732   5.319392e+00  2.875000e+00   
   733   6.185417e+00  2.625000e+00   
   734   4.669873e+00  3.000000e+00   
   735   8.783494e+00  1.125000e+00   
   736   3.762150e+00  3.127870e+00   
   737   5.968911e+00  2.750000e+00   
   738   9.000000e+00  1.000000e+00   
   739   5.102886e+00  3.000000e+00   
   740   7.484456e+00  2.125000e+00   
   741   7.700962e+00  2.000000e+00   
   742   7.267949e+00  2.250000e+00   
   743   7.917468e+00  1.875000e+00   
   744   4.347087e+00  3.127870e+00   
   745   7.051443e+00  2.375000e+00   
   746   8.133975e+00  1.750000e+00   
   747   5.752405e+00  2.875000e+00   
   748   6.834936e+00  2.500000e+00   
   749   8.350481e+00  1.625000e+00   
   750   6.618430e+00  2.625000e+00   
   751   8.566987e+00  1.500000e+00   
   752   4.886379e+00  3.125000e+00   
   753   3.500000e+00  3.250000e+00   
   754   5.535898e+00  3.000000e+00   
   755   4.024300e+00  3.255741e+00   
   756   6.401924e+00  2.750000e+00   
   757   8.783494e+00  1.375000e+00   
   758   6.185417e+00  2.875000e+00   
   759   9.000000e+00  1.250000e+00   
   760   5.319392e+00  3.125000e+00   
   761   4.611959e+00  3.259347e+00   
   762   5.968911e+00  3.000000e+00   
   763   7.700962e+00  2.250000e+00   
   764   3.762150e+00  3.377870e+00   
   765   7.484456e+00  2.375000e+00   
   766   7.917468e+00  2.125000e+00   
   767   7.267949e+00  2.500000e+00   
   768   8.133975e+00  2.000000e+00   
   769   5.102886e+00  3.250000e+00   
   770   7.051443e+00  2.625000e+00   
   771   8.350481e+00  1.875000e+00   
   772   4.289173e+00  3.387217e+00   
   773   5.752405e+00  3.125000e+00   
   774   6.834936e+00  2.750000e+00   
   775   8.566987e+00  1.750000e+00   
   776   6.618430e+00  2.875000e+00   
   777   8.783494e+00  1.625000e+00   
   778   4.828465e+00  3.384347e+00   
   779   5.535898e+00  3.250000e+00   
   780   3.500000e+00  3.500000e+00   
   781   6.401924e+00  3.000000e+00   
   782   9.000000e+00  1.500000e+00   
   783   4.006586e+00  3.510745e+00   
   784   6.185417e+00  3.125000e+00   
   785   5.319392e+00  3.375000e+00   
   786   4.554045e+00  3.518694e+00   
   787   7.700962e+00  2.500000e+00   
   788   7.917468e+00  2.375000e+00   
   789   7.484456e+00  2.625000e+00   
   790   8.133975e+00  2.250000e+00   
   791   5.968911e+00  3.250000e+00   
   792   7.267949e+00  2.750000e+00   
   793   8.350481e+00  2.125000e+00   
   794   3.744436e+00  3.632875e+00   
   795   7.051443e+00  2.875000e+00   
   796   8.566987e+00  2.000000e+00   
   797   5.102886e+00  3.500000e+00   
   798   8.783494e+00  1.875000e+00   
   799   5.752405e+00  3.375000e+00   
   800   6.826363e+00  3.012660e+00   
   801   4.271458e+00  3.642222e+00   
   802   9.000000e+00  1.750000e+00   
   803   6.609856e+00  3.137660e+00   
   804   4.828465e+00  3.634347e+00   
   805   5.535898e+00  3.500000e+00   
   806   3.500000e+00  3.750000e+00   
   807   6.405252e+00  3.263178e+00   
   808   3.988871e+00  3.765750e+00   
   809   6.188745e+00  3.388178e+00   
   810   7.917468e+00  2.625000e+00   
   811   5.319392e+00  3.625000e+00   
   812   7.700962e+00  2.750000e+00   
   813   8.133975e+00  2.500000e+00   
   814   7.484456e+00  2.875000e+00   
   815   8.350481e+00  2.375000e+00   
   816   7.267949e+00  3.000000e+00   
   817   8.566987e+00  2.250000e+00   
   818   5.968911e+00  3.500000e+00   
   819   4.540394e+00  3.807553e+00   
   820   8.783494e+00  2.125000e+00   
   821   7.042869e+00  3.137660e+00   
   822   3.744436e+00  3.882875e+00   
   823   5.102886e+00  3.750000e+00   
   824   9.000000e+00  2.000000e+00   
   825   5.752405e+00  3.625000e+00   
   826   6.817789e+00  3.275321e+00   
   827   6.613184e+00  3.400839e+00   
   828   4.257807e+00  3.931081e+00   
   829   5.535898e+00  3.750000e+00   
   830   3.500000e+00  4.000000e+00   
   831   6.408580e+00  3.526357e+00   
   832   4.814815e+00  3.923206e+00   
   833   3.960942e+00  4.007875e+00   
   834   7.917468e+00  2.875000e+00   
   835   8.133975e+00  2.750000e+00   
   836   7.700962e+00  3.000000e+00   
   837   8.350481e+00  2.625000e+00   
   838   6.188745e+00  3.638178e+00   
   839   7.484456e+00  3.125000e+00   
   840   8.566987e+00  2.500000e+00   
   841   5.319392e+00  3.875000e+00   
   842   8.783494e+00  2.375000e+00   
   843   5.968911e+00  3.750000e+00   
   844   9.000000e+00  2.250000e+00   
   845   3.716506e+00  4.125000e+00   
   846   6.805866e+00  3.512083e+00   
   847   5.102886e+00  4.000000e+00   
   848   4.526743e+00  4.096413e+00   
   849   5.752405e+00  3.875000e+00   
   850   7.258975e+00  3.350481e+00   
   851   6.601261e+00  3.637602e+00   
   852   7.033894e+00  3.488141e+00   
   853   4.229878e+00  4.173206e+00   
   854   5.535898e+00  4.000000e+00   
   855   8.133975e+00  3.000000e+00   
   856   7.917468e+00  3.125000e+00   
   857   8.350481e+00  2.875000e+00   
   858   3.500000e+00  4.250000e+00   
   859   7.700962e+00  3.250000e+00   
   860   8.566987e+00  2.750000e+00   
   861   3.933013e+00  4.250000e+00   
   862   4.814815e+00  4.173206e+00   
   863   8.783494e+00  2.625000e+00   
   864   9.000000e+00  2.500000e+00   
   865   5.963526e+00  3.970096e+00   
   866   5.319392e+00  4.125000e+00   
   867   6.454290e+00  3.830166e+00   
   868   6.793943e+00  3.748846e+00   
   869   6.234456e+00  3.941987e+00   
   870   7.475481e+00  3.475481e+00   
   871   5.747020e+00  4.095096e+00   
   872   4.425968e+00  4.331306e+00   
   873   3.716506e+00  4.375000e+00   
   874   5.102886e+00  4.250000e+00   
   875   4.608487e+00  4.337926e+00   
   876   7.021971e+00  3.724904e+00   
   877   4.129103e+00  4.408100e+00   
   878   8.133975e+00  3.250000e+00   
   879   8.350481e+00  3.125000e+00   
   880   7.917468e+00  3.375000e+00   
   881   8.566987e+00  3.000000e+00   
   882   5.535898e+00  4.250000e+00   
   883   7.250000e+00  3.700962e+00   
   884   6.646971e+00  3.941410e+00   
   885   7.700962e+00  3.500000e+00   
   886   8.783494e+00  2.875000e+00   
   887   3.500000e+00  4.500000e+00   
   888   9.000000e+00  2.750000e+00   
   889   5.958142e+00  4.190192e+00   
   890   4.896558e+00  4.414720e+00   
   891   5.319392e+00  4.375000e+00   
   892   6.229071e+00  4.162083e+00   
   893   6.896971e+00  3.941410e+00   
   894   7.475481e+00  3.725481e+00   
   895   4.325193e+00  4.566200e+00   
   896   5.747020e+00  4.345096e+00   
   897   6.500000e+00  4.133975e+00   
   898   4.507712e+00  4.572820e+00   
   899   7.125000e+00  3.917468e+00   
   900   3.966506e+00  4.625000e+00   
   901   4.690231e+00  4.579440e+00   
   902   8.350481e+00  3.375000e+00   
   903   8.133975e+00  3.500000e+00   
   904   8.566987e+00  3.250000e+00   
   905   7.917468e+00  3.625000e+00   
   906   8.783494e+00  3.125000e+00   
   907   6.750000e+00  4.133975e+00   
   908   7.700962e+00  3.750000e+00   
   909   9.000000e+00  3.000000e+00   
   910   5.535898e+00  4.500000e+00   
   911   7.375000e+00  3.917468e+00   
   912   6.104071e+00  4.378590e+00   
   913   5.051443e+00  4.625000e+00   
   914   3.500000e+00  4.750000e+00   
   915   3.750000e+00  4.750000e+00   
   916   7.000000e+00  4.133975e+00   
   917   6.375000e+00  4.350481e+00   
   918   4.162596e+00  4.783100e+00   
   919   4.412596e+00  4.783100e+00   
   920   5.892949e+00  4.533494e+00   
   921   7.600481e+00  3.941987e+00   
   922   4.595116e+00  4.789720e+00   
   923   6.625000e+00  4.350481e+00   
   924   7.250000e+00  4.133975e+00   
   925   4.845116e+00  4.789720e+00   
   926   8.350481e+00  3.625000e+00   
   927   8.566987e+00  3.500000e+00   
   928   8.133975e+00  3.750000e+00   
   929   8.783494e+00  3.375000e+00   
   930   5.267949e+00  4.750000e+00   
   931   7.917468e+00  3.875000e+00   
   932   9.000000e+00  3.250000e+00   
   933   6.875000e+00  4.350481e+00   
   934   6.250000e+00  4.566987e+00   
   935   5.517949e+00  4.750000e+00   
   936   7.500000e+00  4.133975e+00   
   937   3.500000e+00  5.000000e+00   
   938   3.750000e+00  5.000000e+00   
   939   5.767949e+00  4.750000e+00   
   940   4.000000e+00  5.000000e+00   
   941   6.500000e+00  4.566987e+00   
   942   4.250000e+00  5.000000e+00   
   943   7.125000e+00  4.350481e+00   
   944   7.816987e+00  4.066987e+00   
   945   4.500000e+00  5.000000e+00   
   946   4.750000e+00  5.000000e+00   
   947   6.750000e+00  4.566987e+00   
   948   8.566987e+00  3.750000e+00   
   949   5.000000e+00  5.000000e+00   
   950   8.350481e+00  3.875000e+00   
   951   8.783494e+00  3.625000e+00   
   952   7.375000e+00  4.350481e+00   
   953   8.133975e+00  4.000000e+00   
   954   9.000000e+00  3.500000e+00   
   955   6.125000e+00  4.783494e+00   
   956   5.250000e+00  5.000000e+00   
   957   7.000000e+00  4.566987e+00   
   958   6.375000e+00  4.783494e+00   
   959   5.500000e+00  5.000000e+00   
   960   7.625000e+00  4.350481e+00   
   961   5.750000e+00  5.000000e+00   
   962   6.625000e+00  4.783494e+00   
   963   7.250000e+00  4.566987e+00   
   964   7.941987e+00  4.283494e+00   
   965   6.000000e+00  5.000000e+00   
   966   8.566987e+00  4.000000e+00   
   967   8.783494e+00  3.875000e+00   
   968   8.350481e+00  4.125000e+00   
   969   9.000000e+00  3.750000e+00   
   970   6.875000e+00  4.783494e+00   
   971   7.500000e+00  4.566987e+00   
   972   6.250000e+00  5.000000e+00   
   973   8.162083e+00  4.281699e+00   
   974   7.125000e+00  4.783494e+00   
   975   6.500000e+00  5.000000e+00   
   976   7.750000e+00  4.566987e+00   
   977   6.750000e+00  5.000000e+00   
   978   7.375000e+00  4.783494e+00   
   979   8.783494e+00  4.125000e+00   
   980   8.566987e+00  4.250000e+00   
   981   9.000000e+00  4.000000e+00   
   982   7.970096e+00  4.565192e+00   
   983   7.000000e+00  5.000000e+00   
   984   8.378590e+00  4.406699e+00   
   985   7.625000e+00  4.783494e+00   
   986   8.190192e+00  4.563397e+00   
   987   7.250000e+00  5.000000e+00   
   988   7.875000e+00  4.783494e+00   
   989   8.783494e+00  4.375000e+00   
   990   9.000000e+00  4.250000e+00   
   991   7.500000e+00  5.000000e+00   
   992   8.095096e+00  4.781699e+00   
   993   8.533494e+00  4.625000e+00   
   994   7.750000e+00  5.000000e+00   
   995   8.345096e+00  4.781699e+00   
   996   8.000000e+00  5.000000e+00   
   997   9.000000e+00  4.500000e+00   
   998   8.250000e+00  5.000000e+00   
   999   8.750000e+00  4.750000e+00   
   1000   8.500000e+00  5.000000e+00   
   1001   9.000000e+00  4.750000e+00   
   1002   8.750000e+00  5.000000e+00   
   1003   9.000000e+00  5.000000e+00   
  END_COORDINATES
  BOUNDARIES, ELEMENT
    1         1     5     2         1     
    2         6     1     3         1     
    3         497     525     509         2     
    4         1000     996     998         3     
    5         611     554     583         4     
    6         525     556     538         8     
    7         472     497     482         9     
    8         996     991     994         10     
    9         556     588     571         13     
    10         450     472     459         15     
    11         588     624     607         50     
    12         663     702     681         64     
    13         624     663     642         68     
    14         702     738     719         69     
    15         554     489     523         71     
    16         489     417     454         75     
    17         417     346     380         84     
    18         346     279     313         90     
    19         279     221     249         102     
    20         221     169     193         108     
    21         169     133     150         113     
    22         133     95     114         117     
    23         95     63     78         123     
    24         63     35     49         132     
    25         35     18     26         136     
    26         18     6     11         140     
    27         17     34     25         146     
    28         954     981     969         282     
    29         981     997     990         283     
    30         909     954     932         286     
    31         667     611     640         297     
    32         725     667     696         303     
    33         780     725     753         306     
    34         830     780     806         309     
    35         887     830     858         312     
    36         422     435     426         358     
    37         435     450     443         359     
    38         220     278     248         362     
    39         945     940     942         363     
    40         782     824     802         369     
    41         824     864     844         372     
    42         864     909     888         379     
    43         738     782     759         384     
    44         62     94     77         388     
    45         975     965     972         389     
    46         983     975     977         393     
    47         991     983     987         400     
    48         345     416     379         431     
    49         416     422     418         431     
    50         940     937     938         432     
    51         937     887     914         432     
    52         132     168     149         435     
    53         959     949     956         437     
    54         997     1003     1001         444     
    55         1003     1000     1002         444     
    56         5     17     10         449     
    57         278     345     311         453     
    58         94     132     113         455     
    59         965     959     961         456     
    60         34     62     48         460     
    61         168     220     192         466     
    62         949     945     946         467     
  END_BOUNDARIES
  MATERIALS, NUMBER= 1, DEFAULT=1
  END_MATERIALS
  SUBDOMAINS
  END_SUBDOMAINS
  CHARACTERISTICS
  END_CHARACTERISTICS
