  NODES_PER_ELEMENT
   1 4
   2 4
   3 4
   4 4
   5 4
   6 4
   7 4
   8 4
   9 4
   10 4
   11 4
   12 4
   13 4
   14 4
   15 4
   16 4
   17 4
   18 4
   19 4
   20 4
   21 4
   22 4
   23 4
   24 4
   25 4
   26 4
   27 4
   28 4
   29 4
   30 4
   31 4
   32 4
   33 4
   34 4
   35 4
   36 4
   37 4
   38 4
   39 4
   40 4
   41 4
   42 4
   43 4
   44 4
   45 4
   46 4
   47 4
   48 4
   49 4
   50 4
   51 4
  END_NODES_PER_ELEMENT
  ELEMENTS
  1 58 62 56 54  
  2 52 58 54 49  
  3 62 64 61 56  
  4 46 52 49 43  
  5 40 46 43 37  
  6 64 65 59 61  
  7 65 63 57 59  
  8 63 60 55 57  
  9 60 53 50 55  
  10 53 47 45 50  
  11 47 42 39 45  
  12 32 40 37 30  
  13 27 32 30 25  
  14 21 27 25 19  
  15 16 21 19 14  
  16 12 16 14 9  
  17 3 12 9 6  
  18 1 3 6 2  
  19 4 1 2 5  
  20 11 4 5 8  
  21 18 11 8 15  
  22 22 18 15 20  
  23 26 22 20 24  
  24 31 26 24 28  
  25 36 31 28 34  
  26 42 36 34 39  
  27 49 54 56 51  
  28 43 49 51 41  
  29 37 43 41 35  
  30 30 37 35 29  
  31 25 30 29 23  
  32 19 25 23 17  
  33 14 19 17 10  
  34 9 14 10 6  
  35 8 5 2 7  
  36 10 7 2 6  
  37 15 8 7 13  
  38 13 7 10 17  
  39 20 15 13 17  
  40 24 20 17 23  
  41 24 23 29 28  
  42 34 28 29 33  
  43 29 35 38 33  
  44 39 34 33 38  
  45 45 39 38 44  
  46 38 35 41 44  
  47 50 45 44 48  
  48 44 41 51 48  
  49 55 50 48 57  
  50 57 48 51 59  
  51 59 51 56 61  
  END_ELEMENTS  
  COORDINATES  
   1   5.576271e+00  3.307042e+00   
   2   5.744061e+00  2.705002e+00   
   3   4.919072e+00  2.989899e+00   
   4   6.300682e+00  3.151515e+00   
   5   6.141912e+00  2.772852e+00   
   6   5.288240e+00  2.497571e+00   
   7   5.946612e+00  2.295451e+00   
   8   6.369846e+00  2.487234e+00   
   9   4.939691e+00  2.307688e+00   
   10   5.520623e+00  2.051041e+00   
   11   6.770405e+00  2.828283e+00   
   12   4.565617e+00  2.505051e+00   
   13   6.142049e+00  1.965369e+00   
   14   4.965215e+00  1.920443e+00   
   15   6.608783e+00  2.081154e+00   
   16   4.363482e+00  2.020202e+00   
   17   5.870751e+00  1.519502e+00   
   18   7.197551e+00  2.343434e+00   
   19   5.014001e+00  1.354132e+00   
   20   6.700979e+00  1.595795e+00   
   21   4.200051e+00  1.373737e+00   
   22   7.489057e+00  1.858586e+00   
   23   5.946813e+00  7.130353e-01   
   24   6.835324e+00  9.239381e-01   
   25   5.019986e+00  6.028459e-01   
   26   7.743526e+00  1.212121e+00   
   27   4.099601e+00  5.656566e-01   
   28   6.975617e+00  2.307265e-01   
   29   6.060920e+00 -1.415664e-01   
   30   5.032792e+00 -1.884227e-01   
   31   7.879991e+00  5.656566e-01   
   32   4.083772e+00 -2.424242e-01   
   33   6.548556e+00 -5.163392e-01   
   34   7.133123e+00 -3.987097e-01   
   35   5.790103e+00 -9.193145e-01   
   36   7.911190e+00 -2.424242e-01   
   37   4.980345e+00 -9.384640e-01   
   38   6.443306e+00 -9.967896e-01   
   39   7.085913e+00 -1.003478e+00   
   40   4.148615e+00 -1.050505e+00   
   41   5.674412e+00 -1.562074e+00   
   42   7.789260e+00 -1.050505e+00   
   43   4.976254e+00 -1.570683e+00   
   44   6.340864e+00 -1.550251e+00   
   45   6.969646e+00 -1.555954e+00   
   46   4.270535e+00 -1.696970e+00   
   47   7.610169e+00 -1.595424e+00   
   48   6.271138e+00 -2.093174e+00   
   49   4.996666e+00 -2.130816e+00   
   50   6.814395e+00 -2.061470e+00   
   51   5.587791e+00 -2.211206e+00   
   52   4.488417e+00 -2.343434e+00   
   53   7.307473e+00 -2.181818e+00   
   54   4.933262e+00 -2.413942e+00   
   55   6.697347e+00 -2.425969e+00   
   56   5.177707e+00 -2.562165e+00   
   57   6.341503e+00 -2.549769e+00   
   58   4.631187e+00 -2.585859e+00   
   59   5.814078e+00 -2.714791e+00   
   60   6.936144e+00 -2.666667e+00   
   61   5.410824e+00 -2.825217e+00   
   62   4.773956e+00 -2.828283e+00   
   63   6.568074e+00 -2.989899e+00   
   64   5.237288e+00 -3.212419e+00   
   65   5.915254e+00 -3.288971e+00   
  END_COORDINATES
  BOUNDARIES, ELEMENT
    1         58     62         1     
    2         52     58         2     
    3         62     64         3     
    4         46     52         4     
    5         40     46         5     
    6         64     65         6     
    7         65     63         7     
    8         63     60         8     
    9         60     53         9     
    10         53     47         10     
    11         47     42         11     
    12         32     40         12     
    13         27     32         13     
    14         21     27         14     
    15         16     21         15     
    16         12     16         16     
    17         3     12         17     
    18         1     3         18     
    19         4     1         19     
    20         11     4         20     
    21         18     11         21     
    22         22     18         22     
    23         26     22         23     
    24         31     26         24     
    25         36     31         25     
    26         42     36         26     
  END_BOUNDARIES
  MATERIALS, NUMBER= 1, DEFAULT=1
  END_MATERIALS
  SUBDOMAINS
  END_SUBDOMAINS
  CHARACTERISTICS
  END_CHARACTERISTICS
