  NODES_PER_ELEMENT 
  1 10
  2 10
  3 10
  4 10
  5 10
  6 10
  7 10
  8 10
  9 10
  10 10
  11 10
  12 10
  13 10
  14 10
  15 10
  16 10
  17 10
  18 10
  19 10
  20 10
  21 10
  22 10
  23 10
  24 10
  25 10
  26 10
  27 10
  28 10
  29 10
  30 10
  31 10
  32 10
  33 10
  34 10
  35 10
  36 10
  37 10
  38 10
  39 10
  40 10
  41 10
  42 10
  43 10
  44 10
  45 10
  46 10
  47 10
  48 10
  49 10
  50 10
  51 10
  52 10
  53 10
  54 10
  55 10
  56 10
  57 10
  58 10
  59 10
  60 10
  61 10
  62 10
  63 10
  64 10
  65 10
  66 10
  67 10
  68 10
  69 10
  70 10
  71 10
  72 10
  73 10
  74 10
  75 10
  76 10
  77 10
  78 10
  79 10
  80 10
  81 10
  82 10
  83 10
  84 10
  85 10
  86 10
  87 10
  88 10
  89 10
  90 10
  91 10
  92 10
  93 10
  94 10
  95 10
  96 10
  97 10
  98 10
  99 10
  100 10
  101 10
  102 10
  103 10
  104 10
  105 10
  106 10
  107 10
  108 10
  109 10
  110 10
  111 10
  112 10
  113 10
  114 10
  115 10
  116 10
  117 10
  118 10
  119 10
  120 10
  121 10
  122 10
  123 10
  124 10
  125 10
  126 10
  127 10
  128 10
  129 10
  130 10
  131 10
  132 10
  133 10
  134 10
  135 10
  136 10
  137 10
  138 10
  139 10
  140 10
  141 10
  142 10
  143 10
  144 10
  145 10
  146 10
  147 10
  148 10
  149 10
  150 10
  151 10
  152 10
  153 10
  154 10
  155 10
  156 10
  157 10
  158 10
  159 10
  160 10
  161 10
  162 10
  163 10
  164 10
  165 10
  166 10
  167 10
  168 10
  169 10
  END_NODES_PER_ELEMENT 
  ELEMENTS 
  1 1 2 3 102 103 105 104 106 107 640  
  2 4 5 6 109 108 111 110 112 113 641  
  3 7 8 9 115 114 116 117 119 118 642  
  4 10 11 12 120 121 123 122 125 124 643  
  5 13 14 15 127 126 128 129 130 131 644  
  6 2 16 17 132 133 135 134 136 137 645  
  7 3 2 17 104 105 137 136 139 138 646  
  8 3 17 18 138 139 141 140 142 143 647  
  9 1 3 19 107 106 145 144 146 147 648  
  10 6 5 20 110 111 149 148 150 151 649  
  11 4 6 21 113 112 152 153 155 154 650  
  12 22 23 24 156 157 159 158 160 161 651  
  13 18 17 25 140 141 163 162 165 164 652  
  14 3 18 26 143 142 167 166 168 169 653  
  15 9 8 27 117 116 170 171 173 172 654  
  16 7 9 14 118 119 174 175 177 176 655  
  17 11 28 29 178 179 181 180 183 182 656  
  18 12 11 29 122 123 182 183 185 184 657  
  19 12 29 30 184 185 187 186 189 188 658  
  20 30 29 31 186 187 190 191 193 192 659  
  21 12 30 32 188 189 195 194 196 197 660  
  22 10 12 27 124 125 199 198 200 201 661  
  23 15 14 9 129 128 175 174 202 203 662  
  24 13 15 33 131 130 204 205 207 206 663  
  25 17 16 34 134 135 209 208 211 210 664  
  26 19 3 26 144 145 169 168 212 213 665  
  27 19 26 35 213 212 215 214 216 217 666  
  28 35 26 36 214 215 219 218 220 221 667  
  29 19 35 37 217 216 222 223 225 224 668  
  30 1 19 37 147 146 224 225 226 227 669  
  31 37 35 38 223 222 228 229 230 231 670  
  32 20 5 39 148 149 233 232 235 234 671  
  33 20 39 40 234 235 237 236 238 239 672  
  34 40 39 41 236 237 241 240 242 243 673  
  35 40 41 42 243 242 245 244 246 247 674  
  36 20 40 43 239 238 249 248 250 251 675  
  37 42 41 44 244 245 253 252 254 255 676  
  38 40 42 43 247 246 256 257 248 249 677  
  39 42 44 45 255 254 259 258 260 261 678  
  40 6 20 46 151 150 263 262 264 265 679  
  41 47 48 49 267 266 268 269 270 271 680  
  42 45 44 50 258 259 273 272 274 275 681  
  43 42 45 51 261 260 276 277 278 279 682  
  44 25 17 34 162 163 210 211 281 280 683  
  45 25 34 52 280 281 283 282 285 284 684  
  46 52 53 54 286 287 288 289 291 290 685  
  47 25 52 55 284 285 293 292 294 295 686  
  48 18 25 56 164 165 297 296 298 299 687  
  49 26 18 57 166 167 301 300 302 303 688  
  50 20 43 46 251 250 304 305 262 263 689  
  51 46 43 58 305 304 306 307 308 309 690  
  52 58 43 59 307 306 311 310 312 313 691  
  53 46 58 55 309 308 314 315 317 316 692  
  54 46 55 6 316 317 318 319 265 264 693  
  55 59 43 42 310 311 257 256 321 320 694  
  56 58 59 60 313 312 322 323 324 325 695  
  57 24 23 61 158 159 326 327 329 328 696  
  58 22 24 62 161 160 331 330 332 333 697  
  59 31 29 62 191 190 334 335 337 336 698  
  60 62 29 28 335 334 180 181 338 339 699  
  61 31 62 24 336 337 330 331 341 340 700  
  62 62 28 22 339 338 342 343 333 332 701  
  63 30 31 63 192 193 345 344 347 346 702  
  64 32 30 64 194 195 349 348 351 350 703  
  65 12 32 27 197 196 353 352 198 199 704  
  66 27 32 9 352 353 355 354 172 173 705  
  67 36 26 57 218 219 303 302 357 356 706  
  68 36 57 65 356 357 359 358 360 361 707  
  69 65 57 60 358 359 363 362 365 364 708  
  70 65 60 66 364 365 367 366 368 369 709  
  71 36 65 67 361 360 371 370 372 373 710  
  72 66 60 59 366 367 323 322 375 374 711  
  73 65 66 67 369 368 376 377 370 371 712  
  74 35 36 68 221 220 379 378 380 381 713  
  75 36 67 68 373 372 382 383 378 379 714  
  76 68 67 69 383 382 385 384 386 387 715  
  77 69 67 70 384 385 389 388 390 391 716  
  78 68 69 71 387 386 392 393 394 395 717  
  79 70 67 66 388 389 377 376 397 396 718  
  80 69 70 72 391 390 399 398 400 401 719  
  81 71 69 73 393 392 403 402 404 405 720  
  82 68 71 74 395 394 406 407 409 408 721  
  83 10 27 75 201 200 411 410 412 413 722  
  84 75 27 8 410 411 171 170 414 415 723  
  85 55 52 6 292 293 417 416 319 318 724  
  86 25 55 56 295 294 419 418 296 297 725  
  87 56 55 58 418 419 315 314 420 421 726  
  88 56 58 60 421 420 325 324 422 423 727  
  89 33 15 76 205 204 424 425 426 427 728  
  90 13 33 48 206 207 428 429 431 430 729  
  91 48 33 49 429 428 432 433 269 268 730  
  92 49 33 76 433 432 427 426 434 435 731  
  93 34 16 53 208 209 436 437 439 438 732  
  94 34 53 52 438 439 287 286 282 283 733  
  95 77 38 74 440 441 443 442 444 445 734  
  96 74 38 35 442 443 229 228 447 446 735  
  97 74 35 68 446 447 381 380 408 409 736  
  98 47 49 78 271 270 448 449 451 450 737  
  99 51 45 79 277 276 453 452 454 455 738  
  100 42 51 59 279 278 456 457 320 321 739  
  101 59 51 66 457 456 459 458 374 375 740  
  102 57 18 56 300 301 299 298 461 460 741  
  103 61 23 80 327 326 462 463 465 464 742  
  104 61 80 81 464 465 466 467 469 468 743  
  105 81 80 82 467 466 470 471 473 472 744  
  106 81 82 83 472 473 474 475 477 476 745  
  107 61 81 84 468 469 479 478 481 480 746  
  108 83 82 85 475 474 482 483 485 484 747  
  109 81 83 86 476 477 487 486 488 489 748  
  110 83 85 71 484 485 491 490 493 492 749  
  111 86 83 73 486 487 495 494 497 496 750  
  112 73 83 71 494 495 492 493 405 404 751  
  113 86 73 72 496 497 499 498 501 500 752  
  114 86 72 87 500 501 503 502 504 505 753  
  115 81 86 84 489 488 507 506 478 479 754  
  116 84 86 87 506 507 505 504 508 509 755  
  117 84 87 88 509 508 511 510 512 513 756  
  118 88 87 89 510 511 515 514 517 516 757  
  119 84 88 61 513 512 518 519 480 481 758  
  120 89 87 90 514 515 520 521 523 522 759  
  121 88 89 63 516 517 525 524 526 527 760  
  122 87 72 90 502 503 529 528 521 520 761  
  123 90 72 70 528 529 398 399 531 530 762  
  124 24 61 88 328 329 519 518 533 532 763  
  125 63 31 88 344 345 534 535 527 526 764  
  126 64 30 63 348 349 346 347 537 536 765  
  127 32 64 9 350 351 539 538 354 355 766  
  128 89 90 91 522 523 541 540 543 542 767  
  129 73 69 72 402 403 401 400 498 499 768  
  130 74 71 77 407 406 544 545 445 444 769  
  131 76 15 64 425 424 546 547 548 549 770  
  132 78 49 92 449 448 550 551 552 553 771  
  133 47 78 93 450 451 554 555 557 556 772  
  134 79 45 94 452 453 559 558 560 561 773  
  135 51 95 66 563 562 564 565 458 459 774  
  136 91 90 96 540 541 566 567 569 568 775  
  137 89 91 97 542 543 571 570 572 573 776  
  138 92 49 76 551 550 435 434 574 575 777  
  139 94 45 50 558 559 275 274 577 576 778  
  140 94 50 93 576 577 579 578 580 581 779  
  141 96 90 70 567 566 530 531 583 582 780  
  142 97 91 92 570 571 585 584 587 586 781  
  143 78 92 98 553 552 588 589 591 590 782  
  144 79 94 99 561 560 593 592 594 595 783  
  145 91 96 100 568 569 597 596 599 598 784  
  146 89 97 63 573 572 601 600 524 525 785  
  147 98 92 100 589 588 602 603 605 604 786  
  148 98 100 99 604 605 606 607 609 608 787  
  149 99 100 96 607 606 596 597 610 611 788  
  150 98 99 94 608 609 592 593 613 612 789  
  151 79 99 95 595 594 614 615 616 617 790  
  152 95 99 96 615 614 611 610 618 619 791  
  153 79 95 51 617 616 562 563 455 454 792  
  154 95 96 70 619 618 582 583 620 621 793  
  155 95 70 66 621 620 396 397 565 564 794  
  156 91 100 92 598 599 603 602 584 585 795  
  157 98 94 93 612 613 581 580 623 622 796  
  158 98 93 78 622 623 555 554 590 591 797  
  159 57 56 60 460 461 423 422 362 363 798  
  160 64 63 101 536 537 625 624 627 626 799  
  161 101 63 97 624 625 600 601 629 628 800  
  162 64 101 76 626 627 631 630 549 548 801  
  163 76 101 92 630 631 632 633 575 574 802  
  164 97 92 101 586 587 633 632 628 629 803  
  165 31 24 88 340 341 532 533 535 534 804  
  166 52 54 21 290 291 635 634 637 636 805  
  167 77 71 85 545 544 490 491 638 639 806  
  168 21 6 52 153 152 416 417 636 637 807  
  169 15 9 64 203 202 538 539 547 546 808  
  END_ELEMENTS 
  COORDINATES 
   1   7.307473e+00  2.181818e+00   
   2   7.075911e+00  2.505051e+00   
   3   6.856003e+00  2.102949e+00   
   4   4.773956e+00  2.828283e+00   
   5   4.559322e+00  2.493052e+00   
   6   5.120851e+00  2.488735e+00   
   7   4.898305e+00  -2.970389e+00   
   8   5.237288e+00  -3.212419e+00   
   9   5.296188e+00  -2.614029e+00   
   10   6.423729e+00  -3.085763e+00   
   11   6.770405e+00  -2.828283e+00   
   12   6.338884e+00  -2.609401e+00   
   13   4.389831e+00  -2.096940e+00   
   14   4.565617e+00  -2.505051e+00   
   15   4.966673e+00  -2.131454e+00   
   16   6.762712e+00  2.835698e+00   
   17   6.604943e+00  2.372595e+00   
   18   6.413560e+00  1.942703e+00   
   19   7.156255e+00  1.715831e+00   
   20   4.734874e+00  2.035550e+00   
   21   5.128241e+00  3.151515e+00   
   22   7.403926e+00  -2.020202e+00   
   23   7.610169e+00  -1.595424e+00   
   24   7.117522e+00  -1.618686e+00   
   25   6.113669e+00  2.333758e+00   
   26   6.782238e+00  1.615694e+00   
   27   5.844111e+00  -2.888820e+00   
   28   7.101695e+00  -2.474714e+00   
   29   6.620070e+00  -2.355429e+00   
   30   6.189237e+00  -2.161073e+00   
   31   6.596787e+00  -1.813646e+00   
   32   5.874518e+00  -2.464034e+00   
   33   4.661766e+00  -1.681288e+00   
   34   6.314504e+00  2.677997e+00   
   35   7.163752e+00  1.302680e+00   
   36   6.595590e+00  1.158630e+00   
   37   7.565240e+00  1.696970e+00   
   38   7.743526e+00  1.212121e+00   
   39   4.363482e+00  2.020202e+00   
   40   4.567057e+00  1.595233e+00   
   41   4.220339e+00  1.476441e+00   
   42   4.695552e+00  1.171612e+00   
   43   5.001175e+00  1.603913e+00   
   44   4.128729e+00  8.888889e-01   
   45   4.550172e+00  6.338692e-01   
   46   5.230246e+00  1.989309e+00   
   47   4.148615e+00  -1.050505e+00   
   48   4.232516e+00  -1.535354e+00   
   49   4.617237e+00  -1.219096e+00   
   50   4.083772e+00  2.424242e-01   
   51   5.092807e+00  7.356904e-01   
   52   5.790513e+00  2.696419e+00   
   53   6.300682e+00  3.151515e+00   
   54   5.745763e+00  3.310832e+00   
   55   5.628803e+00  2.227017e+00   
   56   5.920007e+00  1.874727e+00   
   57   6.310567e+00  1.455253e+00   
   58   5.525152e+00  1.621785e+00   
   59   5.306360e+00  1.167790e+00   
   60   5.751382e+00  1.177857e+00   
   61   7.343423e+00  -1.174524e+00   
   62   6.908204e+00  -2.070899e+00   
   63   6.103749e+00  -1.538796e+00   
   64   5.704171e+00  -2.046847e+00   
   65   6.140848e+00  1.006921e+00   
   66   5.772091e+00  6.958848e-01   
   67   6.505254e+00  6.720181e-01   
   68   6.916341e+00  7.771130e-01   
   69   6.818048e+00  3.050452e-01   
   70   6.177555e+00  1.897044e-01   
   71   7.358046e+00  3.706780e-01   
   72   6.660181e+00  -1.682249e-01   
   73   7.076336e+00  -1.049571e-02   
   74   7.387071e+00  9.424020e-01   
   75   5.915254e+00  -3.288971e+00   
   76   5.132408e+00  -1.596970e+00   
   77   7.855381e+00  7.272727e-01   
   78   4.529509e+00  -7.273527e-01   
   79   4.988826e+00  3.948641e-01   
   80   7.779661e+00  -1.088101e+00   
   81   7.477393e+00  -7.065550e-01   
   82   7.879991e+00  -5.656566e-01   
   83   7.535656e+00  -2.273997e-01   
   84   6.994118e+00  -8.213640e-01   
   85   7.917490e+00  8.080808e-02   
   86   7.076678e+00  -4.147102e-01   
   87   6.647895e+00  -6.641133e-01   
   88   6.641941e+00  -1.136992e+00   
   89   6.211940e+00  -8.951007e-01   
   90   6.227188e+00  -3.969837e-01   
   91   5.786754e+00  -6.327934e-01   
   92   5.220351e+00  -9.675949e-01   
   93   4.090074e+00  -4.040404e-01   
   94   4.562324e+00  1.341318e-01   
   95   5.457538e+00  3.533385e-01   
   96   5.802585e+00  -1.331471e-01   
   97   5.771995e+00  -1.132473e+00   
   98   4.911688e+00  -4.050045e-01   
   99   5.102505e+00  4.452324e-02   
   100   5.361874e+00  -3.692570e-01   
   101   5.624249e+00  -1.535542e+00   
   102   7.230286e+00  2.289562e+00   
   103   7.153098e+00  2.397306e+00   
   104   6.929306e+00  2.236983e+00   
   105   7.002608e+00  2.371017e+00   
   106   7.006493e+00  2.129238e+00   
   107   7.156983e+00  2.155528e+00   
   108   4.630867e+00  2.604796e+00   
   109   4.702411e+00  2.716540e+00   
   110   4.933674e+00  2.490174e+00   
   111   4.746498e+00  2.491613e+00   
   112   5.005219e+00  2.601918e+00   
   113   4.889587e+00  2.715100e+00   
   114   5.124294e+00  -3.131742e+00   
   115   5.011300e+00  -3.051066e+00   
   116   5.256921e+00  -3.012956e+00   
   117   5.276555e+00  -2.813492e+00   
   118   5.030933e+00  -2.851602e+00   
   119   5.163561e+00  -2.732816e+00   
   120   6.539288e+00  -2.999936e+00   
   121   6.654846e+00  -2.914110e+00   
   122   6.482725e+00  -2.682362e+00   
   123   6.626565e+00  -2.755322e+00   
   124   6.395447e+00  -2.926976e+00   
   125   6.367165e+00  -2.768188e+00   
   126   4.507022e+00  -2.369014e+00   
   127   4.448426e+00  -2.232977e+00   
   128   4.699302e+00  -2.380518e+00   
   129   4.832988e+00  -2.255986e+00   
   130   4.774392e+00  -2.119949e+00   
   131   4.582112e+00  -2.108445e+00   
   132   6.971512e+00  2.615266e+00   
   133   6.867112e+00  2.725482e+00   
   134   6.657532e+00  2.526963e+00   
   135   6.710122e+00  2.681331e+00   
   136   6.761932e+00  2.416747e+00   
   137   6.918922e+00  2.460899e+00   
   138   6.772316e+00  2.192831e+00   
   139   6.688630e+00  2.282713e+00   
   140   6.477354e+00  2.086000e+00   
   141   6.541148e+00  2.229298e+00   
   142   6.561041e+00  1.996118e+00   
   143   6.708522e+00  2.049534e+00   
   144   7.056171e+00  1.844870e+00   
   145   6.956087e+00  1.973910e+00   
   146   7.206661e+00  1.871160e+00   
   147   7.257067e+00  2.026489e+00   
   148   4.676357e+00  2.188051e+00   
   149   4.617839e+00  2.340551e+00   
   150   4.863533e+00  2.186612e+00   
   151   4.992192e+00  2.337674e+00   
   152   5.123314e+00  2.709662e+00   
   153   5.125778e+00  2.930588e+00   
   154   4.892051e+00  2.936027e+00   
   155   5.010146e+00  3.043771e+00   
   156   7.472674e+00  -1.878609e+00   
   157   7.541422e+00  -1.737017e+00   
   158   7.281738e+00  -1.610932e+00   
   159   7.445954e+00  -1.603178e+00   
   160   7.212990e+00  -1.752525e+00   
   161   7.308458e+00  -1.886363e+00   
   162   6.277427e+00  2.346704e+00   
   163   6.441185e+00  2.359650e+00   
   164   6.313596e+00  2.073054e+00   
   165   6.213632e+00  2.203406e+00   
   166   6.659345e+00  1.724697e+00   
   167   6.536453e+00  1.833700e+00   
   168   6.806827e+00  1.778112e+00   
   169   6.831415e+00  1.940530e+00   
   170   5.439563e+00  -3.104552e+00   
   171   5.641837e+00  -2.996686e+00   
   172   5.478829e+00  -2.705626e+00   
   173   5.661470e+00  -2.797223e+00   
   174   5.052665e+00  -2.577703e+00   
   175   4.809141e+00  -2.541377e+00   
   176   4.787409e+00  -2.815276e+00   
   177   4.676513e+00  -2.660164e+00   
   178   6.880835e+00  -2.710426e+00   
   179   6.991265e+00  -2.592570e+00   
   180   6.780612e+00  -2.395191e+00   
   181   6.941154e+00  -2.434953e+00   
   182   6.720294e+00  -2.670665e+00   
   183   6.670182e+00  -2.513047e+00   
   184   6.432613e+00  -2.524744e+00   
   185   6.526341e+00  -2.440086e+00   
   186   6.332848e+00  -2.225858e+00   
   187   6.476459e+00  -2.290644e+00   
   188   6.289001e+00  -2.459958e+00   
   189   6.239119e+00  -2.310516e+00   
   190   6.612309e+00  -2.174835e+00   
   191   6.604548e+00  -1.994241e+00   
   192   6.325087e+00  -2.045264e+00   
   193   6.460937e+00  -1.929455e+00   
   194   5.979425e+00  -2.363047e+00   
   195   6.084331e+00  -2.262060e+00   
   196   6.029307e+00  -2.512489e+00   
   197   6.184095e+00  -2.560945e+00   
   198   6.009036e+00  -2.795680e+00   
   199   6.173960e+00  -2.702540e+00   
   200   6.037317e+00  -2.954468e+00   
   201   6.230523e+00  -3.020116e+00   
   202   5.186350e+00  -2.453170e+00   
   203   5.076512e+00  -2.292312e+00   
   204   4.865038e+00  -1.981399e+00   
   205   4.763402e+00  -1.831343e+00   
   206   4.480476e+00  -1.958389e+00   
   207   4.571121e+00  -1.819839e+00   
   208   6.463907e+00  2.730564e+00   
   209   6.613309e+00  2.783131e+00   
   210   6.508130e+00  2.474396e+00   
   211   6.411317e+00  2.576196e+00   
   212   6.906910e+00  1.649073e+00   
   213   7.031582e+00  1.682452e+00   
   214   7.036581e+00  1.407018e+00   
   215   6.909409e+00  1.511356e+00   
   216   7.161253e+00  1.440397e+00   
   217   7.158754e+00  1.578114e+00   
   218   6.657806e+00  1.310985e+00   
   219   6.720022e+00  1.463339e+00   
   220   6.784977e+00  1.206647e+00   
   221   6.974365e+00  1.254663e+00   
   222   7.297581e+00  1.434110e+00   
   223   7.431411e+00  1.565540e+00   
   224   7.292583e+00  1.709544e+00   
   225   7.428911e+00  1.703257e+00   
   226   7.479318e+00  1.858586e+00   
   227   7.393396e+00  2.020202e+00   
   228   7.357010e+00  1.272494e+00   
   229   7.550268e+00  1.242308e+00   
   230   7.684097e+00  1.373737e+00   
   231   7.624669e+00  1.535353e+00   
   232   4.428762e+00  2.177819e+00   
   233   4.494042e+00  2.335435e+00   
   234   4.611077e+00  2.030434e+00   
   235   4.487279e+00  2.025318e+00   
   236   4.499198e+00  1.736889e+00   
   237   4.431340e+00  1.878545e+00   
   238   4.622996e+00  1.742005e+00   
   239   4.678935e+00  1.888777e+00   
   240   4.268053e+00  1.657695e+00   
   241   4.315767e+00  1.838949e+00   
   242   4.335912e+00  1.516038e+00   
   243   4.451484e+00  1.555636e+00   
   244   4.537147e+00  1.273222e+00   
   245   4.378743e+00  1.374832e+00   
   246   4.652720e+00  1.312819e+00   
   247   4.609888e+00  1.454026e+00   
   248   4.856469e+00  1.601020e+00   
   249   4.711763e+00  1.598126e+00   
   250   4.912408e+00  1.747792e+00   
   251   4.823641e+00  1.891671e+00   
   252   4.159266e+00  1.084740e+00   
   253   4.189802e+00  1.280590e+00   
   254   4.317670e+00  9.831304e-01   
   255   4.506611e+00  1.077371e+00   
   256   4.797426e+00  1.315713e+00   
   257   4.899300e+00  1.459813e+00   
   258   4.409691e+00  7.188758e-01   
   259   4.269210e+00  8.038824e-01   
   260   4.598632e+00  8.131170e-01   
   261   4.647092e+00  9.923646e-01   
   262   5.065122e+00  2.004723e+00   
   263   4.899998e+00  2.020137e+00   
   264   5.193781e+00  2.155784e+00   
   265   5.157316e+00  2.322260e+00   
   266   4.204549e+00  -1.373737e+00   
   267   4.176582e+00  -1.212121e+00   
   268   4.360757e+00  -1.429935e+00   
   269   4.488997e+00  -1.324515e+00   
   270   4.461030e+00  -1.162899e+00   
   271   4.304822e+00  -1.106702e+00   
   272   4.098758e+00  4.579125e-01   
   273   4.113744e+00  6.734007e-01   
   274   4.239239e+00  3.729059e-01   
   275   4.394705e+00  5.033875e-01   
   276   4.731051e+00  6.678096e-01   
   277   4.911929e+00  7.017500e-01   
   278   4.960388e+00  8.809978e-01   
   279   4.827970e+00  1.026305e+00   
   280   6.180614e+00  2.448505e+00   
   281   6.247559e+00  2.563251e+00   
   282   5.965176e+00  2.690278e+00   
   283   6.139840e+00  2.684138e+00   
   284   6.005950e+00  2.454645e+00   
   285   5.898232e+00  2.575532e+00   
   286   5.960569e+00  2.848118e+00   
   287   6.130625e+00  2.999816e+00   
   288   6.115709e+00  3.204620e+00   
   289   5.930736e+00  3.257726e+00   
   290   5.775596e+00  2.901223e+00   
   291   5.760680e+00  3.106027e+00   
   292   5.682706e+00  2.383484e+00   
   293   5.736610e+00  2.539952e+00   
   294   5.790425e+00  2.262598e+00   
   295   5.952047e+00  2.298178e+00   
   296   5.984561e+00  2.027737e+00   
   297   6.049115e+00  2.180747e+00   
   298   6.084524e+00  1.897386e+00   
   299   6.249042e+00  1.920044e+00   
   300   6.344898e+00  1.617736e+00   
   301   6.379229e+00  1.780220e+00   
   302   6.467790e+00  1.508733e+00   
   303   6.625014e+00  1.562213e+00   
   304   5.077532e+00  1.732378e+00   
   305   5.153889e+00  1.860844e+00   
   306   5.175834e+00  1.609870e+00   
   307   5.350493e+00  1.615828e+00   
   308   5.426850e+00  1.744293e+00   
   309   5.328548e+00  1.866801e+00   
   310   5.204631e+00  1.313164e+00   
   311   5.102903e+00  1.458538e+00   
   312   5.379291e+00  1.319122e+00   
   313   5.452221e+00  1.470454e+00   
   314   5.559703e+00  1.823529e+00   
   315   5.594253e+00  2.025273e+00   
   316   5.363098e+00  2.068545e+00   
   317   5.495950e+00  2.147781e+00   
   318   5.459486e+00  2.314256e+00   
   319   5.290168e+00  2.401496e+00   
   320   5.102757e+00  1.169064e+00   
   321   4.899155e+00  1.170338e+00   
   322   5.454701e+00  1.171145e+00   
   323   5.603041e+00  1.174501e+00   
   324   5.675972e+00  1.325833e+00   
   325   5.600562e+00  1.473809e+00   
   326   7.521254e+00  -1.455124e+00   
   327   7.432338e+00  -1.314824e+00   
   328   7.192822e+00  -1.470632e+00   
   329   7.268122e+00  -1.322578e+00   
   330   6.977977e+00  -1.920161e+00   
   331   7.047749e+00  -1.769423e+00   
   332   7.073445e+00  -2.054000e+00   
   333   7.238685e+00  -2.037101e+00   
   334   6.716115e+00  -2.260586e+00   
   335   6.812159e+00  -2.165742e+00   
   336   6.700593e+00  -1.899397e+00   
   337   6.804399e+00  -1.985148e+00   
   338   7.037198e+00  -2.340109e+00   
   339   6.972701e+00  -2.205504e+00   
   340   6.770365e+00  -1.748659e+00   
   341   6.943943e+00  -1.683673e+00   
   342   7.202439e+00  -2.323210e+00   
   343   7.303183e+00  -2.171706e+00   
   344   6.268095e+00  -1.630413e+00   
   345   6.432441e+00  -1.722029e+00   
   346   6.160741e+00  -1.953647e+00   
   347   6.132245e+00  -1.746221e+00   
   348   5.865860e+00  -2.084922e+00   
   349   6.027548e+00  -2.122998e+00   
   350   5.817735e+00  -2.324971e+00   
   351   5.760953e+00  -2.185909e+00   
   352   5.854247e+00  -2.747225e+00   
   353   5.864383e+00  -2.605629e+00   
   354   5.488965e+00  -2.564030e+00   
   355   5.681741e+00  -2.514032e+00   
   356   6.500583e+00  1.257504e+00   
   357   6.405575e+00  1.356378e+00   
   358   6.197421e+00  1.156365e+00   
   359   6.253994e+00  1.305809e+00   
   360   6.292429e+00  1.057490e+00   
   361   6.444009e+00  1.108060e+00   
   362   5.937777e+00  1.270322e+00   
   363   6.124172e+00  1.362788e+00   
   364   6.011026e+00  1.063900e+00   
   365   5.881204e+00  1.120878e+00   
   366   5.765188e+00  8.565420e-01   
   367   5.758285e+00  1.017199e+00   
   368   5.895010e+00  7.995636e-01   
   369   6.017929e+00  9.032424e-01   
   370   6.383785e+00  7.836524e-01   
   371   6.262317e+00  8.952867e-01   
   372   6.535366e+00  8.342219e-01   
   373   6.565478e+00  9.964259e-01   
   374   5.616847e+00  8.531867e-01   
   375   5.461603e+00  1.010488e+00   
   376   6.016478e+00  6.879292e-01   
   377   6.260866e+00  6.799736e-01   
   378   6.809424e+00  9.042852e-01   
   379   6.702507e+00  1.031457e+00   
   380   6.998812e+00  9.523016e-01   
   381   7.081282e+00  1.127491e+00   
   382   6.642283e+00  7.070497e-01   
   383   6.779312e+00  7.420813e-01   
   384   6.713783e+00  4.273695e-01   
   385   6.609519e+00  5.496938e-01   
   386   6.850813e+00  4.624011e-01   
   387   6.883577e+00  6.197571e-01   
   388   6.286788e+00  3.504757e-01   
   389   6.396021e+00  5.112469e-01   
   390   6.391053e+00  2.281513e-01   
   391   6.604551e+00  2.665983e-01   
   392   6.998047e+00  3.269228e-01   
   393   7.178047e+00  3.488004e-01   
   394   7.210811e+00  5.061563e-01   
   395   7.063576e+00  6.416347e-01   
   396   6.042400e+00  3.584312e-01   
   397   5.907246e+00  5.271580e-01   
   398   6.499306e+00  -4.891514e-02   
   399   6.338430e+00  7.039462e-02   
   400   6.712803e+00  -1.046821e-02   
   401   6.765425e+00  1.472885e-01   
   402   6.990240e+00  9.468464e-02   
   403   6.904144e+00  1.998649e-01   
   404   7.170239e+00  1.165622e-01   
   405   7.264143e+00  2.436201e-01   
   406   7.367721e+00  5.612527e-01   
   407   7.377396e+00  7.518273e-01   
   408   7.073251e+00  8.322093e-01   
   409   7.230161e+00  8.873057e-01   
   410   5.891540e+00  -3.155588e+00   
   411   5.867826e+00  -3.022204e+00   
   412   6.084746e+00  -3.221235e+00   
   413   6.254238e+00  -3.153499e+00   
   414   5.463277e+00  -3.237936e+00   
   415   5.689265e+00  -3.263454e+00   
   416   5.344072e+00  2.557963e+00   
   417   5.567292e+00  2.627191e+00   
   418   5.822939e+00  1.992157e+00   
   419   5.725871e+00  2.109587e+00   
   420   5.656771e+00  1.706099e+00   
   421   5.788389e+00  1.790413e+00   
   422   5.807591e+00  1.410147e+00   
   423   5.863799e+00  1.642437e+00   
   424   5.021918e+00  -1.953293e+00   
   425   5.077163e+00  -1.775131e+00   
   426   4.975527e+00  -1.625076e+00   
   427   4.818647e+00  -1.653182e+00   
   428   4.518683e+00  -1.632643e+00   
   429   4.375599e+00  -1.583999e+00   
   430   4.337392e+00  -1.909745e+00   
   431   4.284954e+00  -1.722549e+00   
   432   4.646923e+00  -1.527224e+00   
   433   4.632080e+00  -1.373160e+00   
   434   4.960685e+00  -1.471012e+00   
   435   4.788961e+00  -1.345054e+00   
   436   6.608702e+00  2.940971e+00   
   437   6.454692e+00  3.046243e+00   
   438   6.309897e+00  2.835836e+00   
   439   6.305289e+00  2.993676e+00   
   440   7.818096e+00  8.888889e-01   
   441   7.780811e+00  1.050505e+00   
   442   7.505889e+00  1.032309e+00   
   443   7.624707e+00  1.122215e+00   
   444   7.543174e+00  8.706923e-01   
   445   7.699278e+00  7.989825e-01   
   446   7.312631e+00  1.062495e+00   
   447   7.238191e+00  1.182587e+00   
   448   4.587994e+00  -1.055181e+00   
   449   4.558752e+00  -8.912670e-01   
   450   4.275580e+00  -9.427876e-01   
   451   4.402544e+00  -8.350702e-01   
   452   4.842608e+00  4.745324e-01   
   453   4.696390e+00  5.542008e-01   
   454   5.023487e+00  5.084728e-01   
   455   5.058147e+00  6.220816e-01   
   456   5.163992e+00  8.797238e-01   
   457   5.235176e+00  1.023757e+00   
   458   5.545663e+00  7.091533e-01   
   459   5.319235e+00  7.224219e-01   
   460   6.180380e+00  1.595078e+00   
   461   6.050194e+00  1.734902e+00   
   462   7.666666e+00  -1.426317e+00   
   463   7.723164e+00  -1.257209e+00   
   464   7.488836e+00  -1.145717e+00   
   465   7.634248e+00  -1.116909e+00   
   466   7.678905e+00  -9.609189e-01   
   467   7.578149e+00  -8.337369e-01   
   468   7.388080e+00  -1.018534e+00   
   469   7.432736e+00  -8.625447e-01   
   470   7.813104e+00  -9.139528e-01   
   471   7.846548e+00  -7.398046e-01   
   472   7.611592e+00  -6.595889e-01   
   473   7.745792e+00  -6.126227e-01   
   474   7.765212e+00  -4.529043e-01   
   475   7.650434e+00  -3.401520e-01   
   476   7.496814e+00  -5.468365e-01   
   477   7.516235e+00  -3.871181e-01   
   478   7.155210e+00  -7.830943e-01   
   479   7.316302e+00  -7.448247e-01   
   480   7.226988e+00  -1.056804e+00   
   481   7.110553e+00  -9.390840e-01   
   482   7.892490e+00  -3.501683e-01   
   483   7.904990e+00  -1.346801e-01   
   484   7.662934e+00  -1.246638e-01   
   485   7.790212e+00  -2.192783e-02   
   486   7.229671e+00  -3.522733e-01   
   487   7.382663e+00  -2.898365e-01   
   488   7.210249e+00  -5.119918e-01   
   489   7.343821e+00  -6.092734e-01   
   490   7.544527e+00  2.740547e-01   
   491   7.731009e+00  1.774314e-01   
   492   7.476453e+00  -2.804048e-02   
   493   7.417249e+00  1.713188e-01   
   494   7.229443e+00  -8.279704e-02   
   495   7.382549e+00  -1.550984e-01   
   496   7.076564e+00  -2.799720e-01   
   497   7.076450e+00  -1.452338e-01   
   498   6.798899e+00  -1.156485e-01   
   499   6.937617e+00  -6.307212e-02   
   500   6.937845e+00  -3.325485e-01   
   501   6.799013e+00  -2.503867e-01   
   502   6.651990e+00  -4.988172e-01   
   503   6.656086e+00  -3.335210e-01   
   504   6.790823e+00  -5.809790e-01   
   505   6.933751e+00  -4.978446e-01   
   506   7.021638e+00  -6.858127e-01   
   507   7.049158e+00  -5.502615e-01   
   508   6.763303e+00  -7.165302e-01   
   509   6.878711e+00  -7.689471e-01   
   510   6.643926e+00  -9.793657e-01   
   511   6.645910e+00  -8.217395e-01   
   512   6.759334e+00  -1.031783e+00   
   513   6.876726e+00  -9.265732e-01   
   514   6.357259e+00  -8.181049e-01   
   515   6.502577e+00  -7.411091e-01   
   516   6.498608e+00  -1.056361e+00   
   517   6.355274e+00  -9.757308e-01   
   518   6.875768e+00  -1.149503e+00   
   519   7.109596e+00  -1.162013e+00   
   520   6.507660e+00  -5.750701e-01   
   521   6.367424e+00  -4.860269e-01   
   522   6.217023e+00  -7.290617e-01   
   523   6.222105e+00  -5.630227e-01   
   524   6.139813e+00  -1.324231e+00   
   525   6.175877e+00  -1.109665e+00   
   526   6.283146e+00  -1.404861e+00   
   527   6.462544e+00  -1.270927e+00   
   528   6.371519e+00  -3.207308e-01   
   529   6.515850e+00  -2.444778e-01   
   530   6.210643e+00  -2.014210e-01   
   531   6.194099e+00  -5.858256e-03   
   532   6.958995e+00  -1.458121e+00   
   533   6.800468e+00  -1.297557e+00   
   534   6.611838e+00  -1.588095e+00   
   535   6.626890e+00  -1.362543e+00   
   536   5.837364e+00  -1.877496e+00   
   537   5.970556e+00  -1.708146e+00   
   538   5.432182e+00  -2.424968e+00   
   539   5.568176e+00  -2.235908e+00   
   540   5.933565e+00  -5.541901e-01   
   541   6.080377e+00  -4.755869e-01   
   542   6.070211e+00  -8.076650e-01   
   543   5.928483e+00  -7.202292e-01   
   544   7.523825e+00  4.895429e-01   
   545   7.689603e+00  6.084078e-01   
   546   5.212506e+00  -2.103251e+00   
   547   5.458338e+00  -2.075049e+00   
   548   5.513583e+00  -1.896888e+00   
   549   5.322995e+00  -1.746929e+00   
   550   4.818275e+00  -1.135262e+00   
   551   5.019313e+00  -1.051428e+00   
   552   4.990070e+00  -8.875142e-01   
   553   4.759790e+00  -8.074334e-01   
   554   4.383031e+00  -6.195820e-01   
   555   4.236553e+00  -5.118112e-01   
   556   4.129102e+00  -8.350168e-01   
   557   4.109588e+00  -6.195286e-01   
   558   4.558273e+00  3.007109e-01   
   559   4.554223e+00  4.672901e-01   
   560   4.704491e+00  2.210425e-01   
   561   4.846659e+00  3.079533e-01   
   562   5.335961e+00  4.807891e-01   
   563   5.214384e+00  6.082397e-01   
   564   5.562389e+00  4.675206e-01   
   565   5.667240e+00  5.817027e-01   
   566   6.085654e+00  -3.090382e-01   
   567   5.944120e+00  -2.210926e-01   
   568   5.792031e+00  -4.662446e-01   
   569   5.797308e+00  -2.996958e-01   
   570   5.776914e+00  -9.659129e-01   
   571   5.781834e+00  -7.993530e-01   
   572   5.918643e+00  -1.053349e+00   
   573   6.065291e+00  -9.742249e-01   
   574   5.161722e+00  -1.387179e+00   
   575   5.191036e+00  -1.177387e+00   
   576   4.402807e+00  1.702293e-01   
   577   4.243289e+00  2.063267e-01   
   578   4.087973e+00  -1.885522e-01   
   579   4.085873e+00  2.693602e-02   
   580   4.247491e+00  -2.246497e-01   
   581   4.404907e+00  -4.525893e-02   
   582   5.927575e+00  -2.552992e-02   
   583   6.052565e+00  8.208725e-02   
   584   5.409152e+00  -8.559944e-01   
   585   5.597953e+00  -7.443939e-01   
   586   5.588114e+00  -1.077514e+00   
   587   5.404232e+00  -1.022554e+00   
   588   5.117463e+00  -7.800648e-01   
   589   5.014575e+00  -5.925346e-01   
   590   4.656902e+00  -6.199033e-01   
   591   4.784295e+00  -5.124539e-01   
   592   4.922445e+00  7.439276e-02   
   593   4.742385e+00  1.042623e-01   
   594   5.064612e+00  1.613036e-01   
   595   5.026719e+00  2.780838e-01   
   596   5.508778e+00  -2.905537e-01   
   597   5.655682e+00  -2.118504e-01   
   598   5.645127e+00  -5.449479e-01   
   599   5.503501e+00  -4.571025e-01   
   600   5.993164e+00  -1.403355e+00   
   601   5.882580e+00  -1.267914e+00   
   602   5.267525e+00  -7.681489e-01   
   603   5.314699e+00  -5.687029e-01   
   604   5.061750e+00  -3.930886e-01   
   605   5.211812e+00  -3.811728e-01   
   606   5.275418e+00  -2.313303e-01   
   607   5.188962e+00  -9.340352e-02   
   608   4.975293e+00  -2.551619e-01   
   609   5.038899e+00  -1.053193e-01   
   610   5.569225e+00  -7.392364e-02   
   611   5.335865e+00  -1.470020e-02   
   612   4.795233e+00  -2.252924e-01   
   613   4.678779e+00  -4.558026e-02   
   614   5.220850e+00  1.474616e-01   
   615   5.339194e+00  2.504000e-01   
   616   5.301301e+00  3.671804e-01   
   617   5.145063e+00  3.810222e-01   
   618   5.687570e+00  2.901477e-02   
   619   5.572554e+00  1.911766e-01   
   620   5.937550e+00  2.442491e-01   
   621   5.697544e+00  2.987938e-01   
   622   4.637817e+00  -4.046831e-01   
   623   4.363945e+00  -4.043617e-01   
   624   5.784082e+00  -1.536627e+00   
   625   5.943916e+00  -1.537711e+00   
   626   5.677530e+00  -1.876412e+00   
   627   5.650890e+00  -1.705977e+00   
   628   5.673498e+00  -1.401185e+00   
   629   5.722746e+00  -1.266829e+00   
   630   5.296355e+00  -1.576494e+00   
   631   5.460302e+00  -1.556018e+00   
   632   5.489616e+00  -1.346226e+00   
   633   5.354984e+00  -1.156910e+00   
   634   5.334082e+00  3.204620e+00   
   635   5.539922e+00  3.257726e+00   
   636   5.569756e+00  2.848118e+00   
   637   5.348998e+00  2.999816e+00   
   638   7.896787e+00  2.962963e-01   
   639   7.876084e+00  5.117845e-01   
   640   7.079796e+00  2.263272e+00   
   641   4.818043e+00  2.603357e+00   
   642   5.143927e+00  -2.932279e+00   
   643   6.511006e+00  -2.841149e+00   
   644   4.640707e+00  -2.244481e+00   
   645   6.814522e+00  2.571115e+00   
   646   6.845619e+00  2.326865e+00   
   647   6.624835e+00  2.139416e+00   
   648   7.106577e+00  2.000199e+00   
   649   4.805015e+00  2.339113e+00   
   650   5.007683e+00  2.822844e+00   
   651   7.377206e+00  -1.744771e+00   
   652   6.377390e+00  2.216352e+00   
   653   6.683934e+00  1.887115e+00   
   654   5.459196e+00  -2.905089e+00   
   655   4.920037e+00  -2.696490e+00   
   656   6.830724e+00  -2.552809e+00   
   657   6.576453e+00  -2.597704e+00   
   658   6.382730e+00  -2.375301e+00   
   659   6.468698e+00  -2.110049e+00   
   660   6.134213e+00  -2.411502e+00   
   661   6.202241e+00  -2.861328e+00   
   662   4.942826e+00  -2.416844e+00   
   663   4.672757e+00  -1.969894e+00   
   664   6.560719e+00  2.628764e+00   
   665   6.931499e+00  1.811491e+00   
   666   7.034081e+00  1.544735e+00   
   667   6.847193e+00  1.359001e+00   
   668   7.295082e+00  1.571827e+00   
   669   7.342989e+00  1.864873e+00   
   670   7.490839e+00  1.403924e+00   
   671   4.552559e+00  2.182935e+00   
   672   4.555137e+00  1.883661e+00   
   673   4.383626e+00  1.697292e+00   
   674   4.494316e+00  1.414429e+00   
   675   4.767702e+00  1.744898e+00   
   676   4.348206e+00  1.178981e+00   
   677   4.754594e+00  1.456920e+00   
   678   4.458151e+00  8.981237e-01   
   679   5.028657e+00  2.171198e+00   
   680   4.332790e+00  -1.268318e+00   
   681   4.254225e+00  5.883941e-01   
   682   4.779510e+00  8.470574e-01   
   683   6.344372e+00  2.461450e+00   
   684   6.072895e+00  2.569391e+00   
   685   5.945652e+00  3.052922e+00   
   686   5.844328e+00  2.419065e+00   
   687   6.149078e+00  2.050396e+00   
   688   6.502121e+00  1.671216e+00   
   689   4.988765e+00  1.876257e+00   
   690   5.252191e+00  1.738336e+00   
   691   5.277562e+00  1.464496e+00   
   692   5.461400e+00  1.946037e+00   
   693   5.326633e+00  2.235020e+00   
   694   5.001029e+00  1.314438e+00   
   695   5.527631e+00  1.322477e+00   
   696   7.357038e+00  -1.462878e+00   
   697   7.143217e+00  -1.903262e+00   
   698   6.708354e+00  -2.079991e+00   
   699   6.876656e+00  -2.300347e+00   
   700   6.874171e+00  -1.834410e+00   
   701   7.137942e+00  -2.188605e+00   
   702   6.296591e+00  -1.837838e+00   
   703   5.922642e+00  -2.223984e+00   
   704   6.019171e+00  -2.654085e+00   
   705   5.671606e+00  -2.655627e+00   
   706   6.562798e+00  1.409859e+00   
   707   6.349002e+00  1.206934e+00   
   708   6.067599e+00  1.213344e+00   
   709   5.888107e+00  9.602209e-01   
   710   6.413897e+00  9.458561e-01   
   711   5.609944e+00  1.013844e+00   
   712   6.139397e+00  7.916080e-01   
   713   6.891895e+00  1.079474e+00   
   714   6.672395e+00  8.692535e-01   
   715   6.746548e+00  5.847254e-01   
   716   6.500286e+00  3.889226e-01   
   717   7.030812e+00  4.842787e-01   
   718   6.151633e+00  5.192024e-01   
   719   6.551928e+00  1.088416e-01   
   720   7.084143e+00  2.217425e-01   
   721   7.220486e+00  6.967310e-01   
   722   6.061032e+00  -3.087852e+00   
   723   5.665551e+00  -3.130070e+00   
   724   5.513389e+00  2.470724e+00   
   725   5.887493e+00  2.145167e+00   
   726   5.691321e+00  1.907843e+00   
   727   5.732181e+00  1.558123e+00   
   728   4.920283e+00  -1.803237e+00   
   729   4.428037e+00  -1.771194e+00   
   730   4.503840e+00  -1.478579e+00   
   731   4.803804e+00  -1.499118e+00   
   732   6.459299e+00  2.888404e+00   
   733   6.135233e+00  2.841977e+00   
   734   7.661993e+00  9.605989e-01   
   735   7.431449e+00  1.152401e+00   
   736   7.155721e+00  1.007398e+00   
   737   4.431787e+00  -9.989843e-01   
   738   4.877269e+00  5.881412e-01   
   739   5.031573e+00  1.025031e+00   
   740   5.390419e+00  8.664552e-01   
   741   6.214711e+00  1.757561e+00   
   742   7.577751e+00  -1.286017e+00   
   743   7.533492e+00  -9.897268e-01   
   744   7.712348e+00  -7.867708e-01   
   745   7.631013e+00  -4.998704e-01   
   746   7.271645e+00  -9.008143e-01   
   747   7.777712e+00  -2.374160e-01   
   748   7.363242e+00  -4.495549e-01   
   749   7.603731e+00  7.469545e-02   
   750   7.229557e+00  -2.175352e-01   
   751   7.323346e+00  4.426084e-02   
   752   6.937731e+00  -1.978103e-01   
   753   6.794918e+00  -4.156828e-01   
   754   7.182730e+00  -6.475431e-01   
   755   6.906231e+00  -6.333959e-01   
   756   6.761318e+00  -8.741564e-01   
   757   6.500592e+00  -8.987352e-01   
   758   6.993161e+00  -1.044293e+00   
   759   6.362341e+00  -6.520659e-01   
   760   6.319210e+00  -1.190296e+00   
   761   6.511755e+00  -4.097740e-01   
   762   6.354974e+00  -1.251680e-01   
   763   7.034295e+00  -1.310067e+00   
   764   6.447492e+00  -1.496478e+00   
   765   5.999052e+00  -1.915572e+00   
   766   5.624959e+00  -2.374970e+00   
   767   6.075294e+00  -6.416259e-01   
   768   6.851521e+00  4.210821e-02   
   769   7.533500e+00  6.801176e-01   
   770   5.267751e+00  -1.925090e+00   
   771   4.789032e+00  -9.713476e-01   
   772   4.256066e+00  -7.272994e-01   
   773   4.700441e+00  3.876217e-01   
   774   5.440812e+00  5.949712e-01   
   775   5.938843e+00  -3.876414e-01   
   776   5.923563e+00  -8.867890e-01   
   777   4.989999e+00  -1.261220e+00   
   778   4.398756e+00  3.368084e-01   
   779   4.245390e+00  -9.161458e-03   
   780   6.069109e+00  -1.134754e-01   
   781   5.593033e+00  -9.109536e-01   
   782   4.887182e+00  -6.999840e-01   
   783   4.884552e+00  1.911730e-01   
   784   5.650405e+00  -3.783991e-01   
   785   6.029228e+00  -1.188790e+00   
   786   5.164637e+00  -5.806188e-01   
   787   5.125356e+00  -2.432461e-01   
   788   5.422322e+00  -1.526269e-01   
   789   4.858839e+00  -7.544978e-02   
   790   5.182957e+00  2.642419e-01   
   791   5.454210e+00  8.823819e-02   
   792   5.179724e+00  4.946310e-01   
   793   5.812560e+00  1.366319e-01   
   794   5.802395e+00  4.129759e-01   
   795   5.456326e+00  -6.565484e-01   
   796   4.521362e+00  -2.249710e-01   
   797   4.510424e+00  -5.121325e-01   
   798   5.993986e+00  1.502612e+00   
   799   5.810723e+00  -1.707061e+00   
   800   5.833331e+00  -1.402270e+00   
   801   5.486943e+00  -1.726453e+00   
   802   5.325669e+00  -1.366702e+00   
   803   5.538865e+00  -1.211870e+00   
   804   6.785416e+00  -1.523108e+00   
   805   5.554839e+00  3.052922e+00   
   806   7.710306e+00  3.929196e-01   
   807   5.346535e+00  2.778890e+00   
   808   5.322344e+00  -2.264110e+00   
  END_COORDINATES 
  BOUNDARIES, ELEMENT 
    1         1 2 102 103         1     
    2         4 5 109 108         2     
    3         7 8 115 114         3     
    4         10 11 120 121         4     
    5         13 14 127 126         5     
    6         2 16 132 133         6     
    7         21 4 155 154         11     
    8         22 23 156 157         12     
    9         14 7 177 176         16     
    10         11 28 178 179         17     
    11         37 1 226 227         30     
    12         38 37 230 231         31     
    13         5 39 233 232         32     
    14         39 41 241 240         34     
    15         41 44 253 252         37     
    16         47 48 267 266         41     
    17         44 50 273 272         42     
    18         53 54 288 289         46     
    19         28 22 342 343         62     
    20         75 10 412 413         83     
    21         8 75 414 415         84     
    22         48 13 431 430         90     
    23         16 53 436 437         93     
    24         77 38 440 441         95     
    25         23 80 462 463         103     
    26         80 82 470 471         105     
    27         82 85 482 483         108     
    28         93 47 557 556         133     
    29         50 93 579 578         140     
    30         54 21 635 634         166     
    31         85 77 638 639         167     
  END_BOUNDARIES 
  MATERIALS, NUMBER= 1, DEFAULT=1 
  END_MATERIALS 
  SUBDOMAINS 
  END_SUBDOMAINS 
  CHARACTERISTICS 
  END_CHARACTERISTICS 
