  NODES_PER_ELEMENT
   1 4
   2 4
   3 4
   4 4
   5 4
   6 4
   7 4
   8 4
   9 4
   10 4
   11 4
   12 4
   13 4
   14 4
   15 4
   16 4
   17 4
   18 4
   19 4
   20 4
   21 4
   22 4
   23 4
   24 4
   25 4
   26 4
   27 4
   28 4
   29 4
   30 4
   31 4
   32 4
   33 4
   34 4
   35 4
   36 4
   37 4
   38 4
   39 4
   40 4
   41 4
   42 4
   43 4
   44 4
   45 4
   46 4
   47 4
   48 4
   49 4
   50 4
   51 4
   52 4
   53 4
   54 4
   55 4
   56 4
   57 4
   58 4
   59 4
   60 4
   61 4
   62 4
   63 4
   64 4
   65 4
   66 4
   67 4
   68 4
   69 4
   70 4
   71 4
   72 4
   73 4
   74 4
   75 4
   76 4
   77 4
   78 4
   79 4
   80 4
   81 4
   82 4
   83 4
   84 4
   85 4
   86 4
   87 4
   88 4
   89 4
   90 4
   91 4
   92 4
   93 4
   94 4
   95 4
   96 4
   97 4
   98 4
   99 4
   100 4
   101 4
   102 4
   103 4
   104 4
   105 4
   106 4
   107 4
   108 4
   109 4
   110 4
   111 4
   112 4
   113 4
   114 4
   115 4
   116 4
   117 4
   118 4
   119 4
   120 4
   121 4
   122 4
   123 4
   124 4
   125 4
   126 4
   127 4
   128 4
   129 4
   130 4
   131 4
   132 4
   133 4
   134 4
   135 4
   136 4
   137 4
   138 4
   139 4
   140 4
   141 4
   142 4
   143 4
   144 4
   145 4
   146 4
   147 4
   148 4
   149 4
   150 4
   151 4
   152 4
   153 4
   154 4
   155 4
   156 4
   157 4
   158 4
   159 4
   160 4
   161 4
   162 4
   163 4
   164 4
   165 4
   166 4
   167 4
   168 4
   169 4
   170 4
   171 4
   172 4
   173 4
   174 4
   175 4
   176 4
   177 4
   178 4
   179 4
   180 4
   181 4
   182 4
   183 4
   184 4
   185 4
   186 4
   187 4
   188 4
   189 4
   190 4
   191 4
   192 4
   193 4
   194 4
   195 4
   196 4
   197 4
   198 4
   199 4
   200 4
   201 4
   202 4
   203 4
   204 4
   205 4
   206 4
   207 4
   208 4
   209 4
   210 4
   211 4
   212 4
   213 4
   214 4
   215 4
   216 4
   217 4
   218 4
   219 4
   220 4
   221 4
   222 4
   223 4
   224 4
   225 4
   226 4
   227 4
   228 4
   229 4
   230 4
   231 4
   232 4
   233 4
   234 4
   235 4
   236 4
   237 4
   238 4
   239 4
   240 4
   241 4
   242 4
   243 4
   244 4
   245 4
   246 4
   247 4
   248 4
   249 4
   250 4
   251 4
   252 4
   253 4
   254 4
   255 4
   256 4
   257 4
   258 4
   259 4
   260 4
   261 4
   262 4
   263 4
   264 4
   265 4
   266 4
   267 4
   268 4
   269 4
   270 4
   271 4
   272 4
  END_NODES_PER_ELEMENT
  ELEMENTS
  1 309 310 301 284  
  2 212 217 218 211  
  3 301 297 285 284  
  4 297 295 288 285  
  5 295 296 289 288  
  6 296 299 291 289  
  7 299 303 293 291  
  8 303 306 300 293  
  9 306 308 307 300  
  10 275 263 256 269  
  11 206 212 211 205  
  12 267 269 256 255  
  13 308 313 311 307  
  14 263 251 237 256  
  15 268 267 255 258  
  16 271 268 258 261  
  17 277 271 261 270  
  18 283 277 270 279  
  19 290 283 279 286  
  20 298 290 286 294  
  21 305 298 294 304  
  22 312 305 304 311  
  23 199 206 205 198  
  24 218 221 214 211  
  25 315 312 311 314  
  26 311 313 316 314  
  27 315 314 316 317  
  28 265 284 285 274  
  29 254 265 274 259  
  30 247 254 259 248  
  31 241 247 248 239  
  32 233 241 239 232  
  33 228 233 232 226  
  34 224 228 226 220  
  35 221 224 220 216  
  36 187 199 198 189  
  37 176 187 189 177  
  38 166 176 177 165  
  39 153 166 165 151  
  40 135 153 151 133  
  41 119 135 133 118  
  42 107 119 118 104  
  43 97 107 104 94  
  44 89 97 94 86  
  45 80 89 86 77  
  46 70 80 77 68  
  47 61 70 68 59  
  48 52 61 59 49  
  49 43 52 49 39  
  50 34 43 39 28  
  51 27 34 28 19  
  52 20 27 19 15  
  53 13 20 15 12  
  54 8 13 12 7  
  55 2 8 7 5  
  56 1 2 5 4  
  57 251 238 225 237  
  58 3 1 4 6  
  59 10 3 6 11  
  60 16 10 11 18  
  61 22 16 18 23  
  62 31 22 23 30  
  63 40 31 30 38  
  64 50 40 38 48  
  65 60 50 48 58  
  66 71 60 58 69  
  67 82 71 69 79  
  68 93 82 79 90  
  69 105 93 90 100  
  70 115 105 100 111  
  71 124 115 111 122  
  72 140 124 122 134  
  73 154 140 134 138  
  74 160 154 138 152  
  75 170 160 152 159  
  76 178 170 159 169  
  77 185 178 169 175  
  78 192 185 175 183  
  79 197 192 183 188  
  80 204 197 188 194  
  81 219 204 194 201  
  82 238 229 210 225  
  83 229 219 201 210  
  84 307 311 304 302  
  85 221 216 208 214  
  86 211 214 208 205  
  87 300 307 302 292  
  88 255 256 237 244  
  89 293 300 292 287  
  90 291 293 287 282  
  91 289 291 282 280  
  92 288 289 280 276  
  93 285 288 276 274  
  94 258 255 244 246  
  95 261 258 246 252  
  96 270 261 252 260  
  97 279 270 260 273  
  98 286 279 273 281  
  99 294 286 281 292  
  100 294 292 302 304  
  101 259 274 276 262  
  102 248 259 262 249  
  103 239 248 249 240  
  104 232 239 240 231  
  105 226 232 231 223  
  106 220 226 223 213  
  107 216 220 213 209  
  108 198 205 208 202  
  109 12 15 9 7  
  110 15 19 14 9  
  111 19 28 24 14  
  112 28 39 35 24  
  113 39 49 46 35  
  114 189 198 202 191  
  115 177 189 191 179  
  116 165 177 179 164  
  117 151 165 164 148  
  118 49 59 57 46  
  119 133 151 148 131  
  120 59 68 66 57  
  121 68 77 75 66  
  122 77 86 83 75  
  123 86 94 92 83  
  124 94 104 102 92  
  125 104 118 116 102  
  126 118 133 131 116  
  127 152 138 123 137  
  128 159 152 137 150  
  129 138 134 122 123  
  130 169 159 150 157  
  131 175 169 157 167  
  132 183 175 167 172  
  133 188 183 172 180  
  134 194 188 180 184  
  135 201 194 184 190  
  136 210 201 190 196  
  137 225 210 196 207  
  138 237 225 207 227  
  139 122 111 109 123  
  140 111 100 98 109  
  141 100 90 88 98  
  142 90 79 78 88  
  143 79 69 67 78  
  144 69 58 56 67  
  145 58 48 44 56  
  146 48 38 37 44  
  147 38 30 32 37  
  148 30 23 26 32  
  149 23 18 21 26  
  150 18 11 17 21  
  151 11 6 14 17  
  152 21 17 25 29  
  153 216 209 202 208  
  154 209 213 203 202  
  155 276 280 266 262  
  156 280 282 272 266  
  157 282 287 278 272  
  158 287 292 281 278  
  159 249 262 266 253  
  160 240 249 253 242  
  161 231 240 242 230  
  162 244 237 227 235  
  163 246 244 235 236  
  164 252 246 236 243  
  165 260 252 243 250  
  166 273 260 250 264  
  167 281 273 264 278  
  168 32 26 33 37  
  169 137 123 117 127  
  170 6 4 9 14  
  171 9 4 5 7  
  172 150 137 127 139  
  173 17 14 24 25  
  174 157 150 139 149  
  175 167 157 149 156  
  176 172 167 156 161  
  177 180 172 161 171  
  178 184 180 171 174  
  179 190 184 174 181  
  180 196 190 181 186  
  181 207 196 186 195  
  182 227 207 195 222  
  183 191 202 203 193  
  184 179 191 193 182  
  185 164 179 182 163  
  186 148 164 163 145  
  187 131 148 145 128  
  188 116 131 128 114  
  189 102 116 114 101  
  190 92 102 101 91  
  191 83 92 91 81  
  192 75 83 81 73  
  193 66 75 73 64  
  194 57 66 64 55  
  195 46 57 55 45  
  196 35 46 45 36  
  197 24 35 36 25  
  198 109 98 99 106  
  199 98 88 87 99  
  200 88 78 76 87  
  201 78 67 65 76  
  202 67 56 53 65  
  203 44 37 33 42  
  204 56 44 42 53  
  205 266 272 257 253  
  206 272 278 264 257  
  207 264 250 245 257  
  208 257 245 242 253  
  209 213 223 215 203  
  210 223 231 230 215  
  211 250 243 234 245  
  212 242 245 234 230  
  213 222 236 235 227  
  214 123 109 106 117  
  215 106 99 110 117  
  216 193 203 215 200  
  217 193 200 195 182  
  218 215 230 234 222  
  219 234 243 236 222  
  220 195 186 173 182  
  221 186 181 168 173  
  222 181 174 162 168  
  223 174 171 161 162  
  224 26 21 29 33  
  225 127 117 110 121  
  226 139 127 121 132  
  227 149 139 132 141  
  228 156 149 141 147  
  229 161 156 147 146  
  230 42 33 29 41  
  231 53 42 41 51  
  232 65 53 51 62  
  233 76 65 62 74  
  234 87 76 74 85  
  235 99 87 85 95  
  236 25 36 41 29  
  237 36 45 47 41  
  238 45 55 54 47  
  239 41 47 54 51  
  240 55 64 63 54  
  241 51 54 63 62  
  242 64 73 72 63  
  243 62 63 72 74  
  244 73 81 84 72  
  245 74 72 84 85  
  246 163 182 173 158  
  247 145 163 158 143  
  248 128 145 143 126  
  249 114 128 126 113  
  250 101 114 113 103  
  251 91 101 103 96  
  252 81 91 96 84  
  253 85 84 96 95  
  254 162 161 146 144  
  255 110 99 95 108  
  256 146 147 141 136  
  257 96 103 113 112  
  258 121 110 108 120  
  259 132 121 120 129  
  260 141 132 129 136  
  261 95 96 112 108  
  262 113 126 130 112  
  263 126 143 142 130  
  264 142 155 144 130  
  265 142 143 158 155  
  266 155 158 173 168  
  267 112 130 144 125  
  268 144 146 136 125  
  269 136 129 120 125  
  270 112 125 120 108  
  271 222 195 200 215  
  272 155 168 162 144  
  END_ELEMENTS  
  COORDINATES  
   1   4.935400e+00  4.719600e+00   
   2   4.630000e+00  4.528350e+00   
   3   5.344400e+00  4.627000e+00   
   4   4.887079e+00  4.282028e+00   
   5   4.686151e+00  4.313217e+00   
   6   5.183591e+00  4.157802e+00   
   7   4.541372e+00  4.129273e+00   
   8   4.324600e+00  4.337100e+00   
   9   4.706614e+00  3.947189e+00   
   10   5.753400e+00  4.534400e+00   
   11   5.552636e+00  4.064992e+00   
   12   4.404692e+00  3.936897e+00   
   13   4.224950e+00  3.961150e+00   
   14   4.950250e+00  3.657188e+00   
   15   4.436747e+00  3.721520e+00   
   16   6.019733e+00  4.331467e+00   
   17   5.398781e+00  3.610742e+00   
   18   5.868832e+00  3.942910e+00   
   19   4.510383e+00  3.416795e+00   
   20   4.125300e+00  3.585200e+00   
   21   5.759747e+00  3.556464e+00   
   22   6.286067e+00  4.128533e+00   
   23   6.143213e+00  3.818718e+00   
   24   4.921133e+00  3.145456e+00   
   25   5.332492e+00  3.164323e+00   
   26   6.054961e+00  3.514763e+00   
   27   4.118633e+00  3.247433e+00   
   28   4.510005e+00  3.035225e+00   
   29   5.723414e+00  3.147057e+00   
   30   6.386484e+00  3.671074e+00   
   31   6.552400e+00  3.925600e+00   
   32   6.264694e+00  3.486811e+00   
   33   6.076304e+00  3.192796e+00   
   34   4.111967e+00  2.909667e+00   
   35   4.893736e+00  2.720998e+00   
   36   5.293855e+00  2.732317e+00   
   37   6.361375e+00  3.277454e+00   
   38   6.596788e+00  3.453531e+00   
   39   4.497109e+00  2.657826e+00   
   40   6.835433e+00  3.676933e+00   
   41   5.730722e+00  2.683861e+00   
   42   6.165467e+00  2.831910e+00   
   43   4.105300e+00  2.571900e+00   
   44   6.516395e+00  2.987054e+00   
   45   5.232186e+00  2.380491e+00   
   46   4.868070e+00  2.348549e+00   
   47   5.522783e+00  2.398023e+00   
   48   6.820781e+00  3.187961e+00   
   49   4.485938e+00  2.296819e+00   
   50   7.118467e+00  3.428267e+00   
   51   5.941049e+00  2.321655e+00   
   52   4.105300e+00  2.233467e+00   
   53   6.334487e+00  2.486484e+00   
   54   5.601002e+00  2.148787e+00   
   55   5.244432e+00  2.061117e+00   
   56   6.708576e+00  2.671183e+00   
   57   4.868259e+00  2.005159e+00   
   58   7.052895e+00  2.901086e+00   
   59   4.484026e+00  1.949329e+00   
   60   7.401500e+00  3.179600e+00   
   61   4.105300e+00  1.895033e+00   
   62   6.089582e+00  1.976550e+00   
   63   5.686329e+00  1.834335e+00   
   64   5.282849e+00  1.734204e+00   
   65   6.502084e+00  2.144136e+00   
   66   4.876508e+00  1.661639e+00   
   67   6.901251e+00  2.338841e+00   
   68   4.482494e+00  1.604656e+00   
   69   7.280721e+00  2.565600e+00   
   70   4.105300e+00  1.556600e+00   
   71   7.653850e+00  2.822150e+00   
   72   5.771884e+00  1.477799e+00   
   73   5.321758e+00  1.388050e+00   
   74   6.226499e+00  1.614400e+00   
   75   4.895242e+00  1.320569e+00   
   76   6.674614e+00  1.783734e+00   
   77   4.489777e+00  1.264889e+00   
   78   7.099895e+00  1.985734e+00   
   79   7.495178e+00  2.215718e+00   
   80   4.105300e+00  1.217800e+00   
   81   5.349960e+00  1.027384e+00   
   82   7.906200e+00  2.464700e+00   
   83   4.910913e+00  9.734178e-01   
   84   5.841777e+00  1.084267e+00   
   85   6.350099e+00  1.230076e+00   
   86   4.496654e+00  9.244570e-01   
   87   6.847445e+00  1.403485e+00   
   88   7.287234e+00  1.626764e+00   
   89   4.105300e+00  8.790000e-01   
   90   7.684451e+00  1.852596e+00   
   91   5.349399e+00  6.453231e-01   
   92   4.901797e+00  6.212602e-01   
   93   8.087950e+00  2.074700e+00   
   94   4.491305e+00  5.805606e-01   
   95   6.472631e+00  8.140762e-01   
   96   5.881993e+00  6.077240e-01   
   97   4.105300e+00  5.402000e-01   
   98   7.472910e+00  1.272193e+00   
   99   7.049682e+00  9.821713e-01   
   100   7.857307e+00  1.497704e+00   
   101   5.274298e+00  3.038892e-01   
   102   4.877305e+00  2.744694e-01   
   103   5.603508e+00  3.214293e-01   
   104   4.487015e+00  2.366145e-01   
   105   8.269700e+00  1.684700e+00   
   106   7.368529e+00  8.413748e-01   
   107   4.105300e+00  2.014333e-01   
   108   6.601793e+00  4.184858e-01   
   109   7.659458e+00  9.787539e-01   
   110   7.029381e+00  5.562711e-01   
   111   7.975955e+00  1.165267e+00   
   112   6.137158e+00  1.276978e-01   
   113   5.665063e+00  2.941918e-02   
   114   5.266982e+00 -2.566516e-02   
   115   8.311067e+00  1.334933e+00   
   116   4.873528e+00 -7.269224e-02   
   117   7.396446e+00  5.631993e-01   
   118   4.484065e+00 -1.107551e-01   
   119   4.105300e+00 -1.373333e-01   
   120   6.762045e+00  1.337216e-01   
   121   7.057029e+00  2.324215e-01   
   122   8.075991e+00  8.496768e-01   
   123   7.785609e+00  5.975656e-01   
   124   8.352433e+00  9.851667e-01   
   125   6.515078e+00 -1.200782e-01   
   126   5.649247e+00 -3.268651e-01   
   127   7.369445e+00  2.317573e-01   
   128   5.265872e+00 -3.865324e-01   
   129   6.872147e+00 -1.758452e-02   
   130   6.019728e+00 -3.187036e-01   
   131   4.872850e+00 -4.351373e-01   
   132   7.064676e+00 -1.800549e-02   
   133   4.483783e+00 -4.669114e-01   
   134   8.185303e+00  6.277005e-01   
   135   4.105300e+00 -4.761000e-01   
   136   6.789250e+00 -2.103307e-01   
   137   7.698043e+00  1.891025e-01   
   138   8.086119e+00  3.980247e-01   
   139   7.320644e+00 -6.865348e-02   
   140   8.393800e+00  6.354000e-01   
   141   7.012098e+00 -2.395397e-01   
   142   5.899550e+00 -6.029497e-01   
   143   5.636013e+00 -6.718750e-01   
   144   6.371859e+00 -5.314013e-01   
   145   5.273408e+00 -7.649526e-01   
   146   6.755544e+00 -4.857618e-01   
   147   6.962101e+00 -4.269602e-01   
   148   4.875211e+00 -8.123882e-01   
   149   7.239787e+00 -3.356349e-01   
   150   7.618723e+00 -1.532306e-01   
   151   4.481400e+00 -8.288080e-01   
   152   8.013787e+00  6.271952e-02   
   153   4.105300e+00 -8.145333e-01   
   154   8.364433e+00  2.836000e-01   
   155   6.042911e+00 -8.182705e-01   
   156   7.119960e+00 -5.777700e-01   
   157   7.516684e+00 -4.570976e-01   
   158   5.701270e+00 -1.016682e+00   
   159   7.939519e+00 -2.762737e-01   
   160   8.335067e+00 -6.819999e-02   
   161   6.896383e+00 -8.187447e-01   
   162   6.527292e+00 -9.462353e-01   
   163   5.293438e+00 -1.175081e+00   
   164   4.870460e+00 -1.205108e+00   
   165   4.475745e+00 -1.188584e+00   
   166   4.105300e+00 -1.152967e+00   
   167   7.386831e+00 -7.369030e-01   
   168   6.183649e+00 -1.168236e+00   
   169   7.831278e+00 -5.869176e-01   
   170   8.305700e+00 -4.200000e-01   
   171   6.874327e+00 -1.116940e+00   
   172   7.224612e+00 -1.000154e+00   
   173   5.805861e+00 -1.418564e+00   
   174   6.657277e+00 -1.266559e+00   
   175   7.698375e+00 -8.885656e-01   
   176   4.105300e+00 -1.491400e+00   
   177   4.449988e+00 -1.558276e+00   
   178   8.170533e+00 -7.257333e-01   
   179   4.833080e+00 -1.617614e+00   
   180   7.081244e+00 -1.270546e+00   
   181   6.371648e+00 -1.499477e+00   
   182   5.316380e+00 -1.693127e+00   
   183   7.547552e+00 -1.170784e+00   
   184   6.868956e+00 -1.513186e+00   
   185   8.035367e+00 -1.031467e+00   
   186   6.034228e+00 -1.783155e+00   
   187   4.105300e+00 -1.850081e+00   
   188   7.367022e+00 -1.457216e+00   
   189   4.397391e+00 -1.909094e+00   
   190   6.616692e+00 -1.775366e+00   
   191   4.702107e+00 -1.988886e+00   
   192   7.900200e+00 -1.337200e+00   
   193   5.023305e+00 -2.089617e+00   
   194   7.154646e+00 -1.736572e+00   
   195   5.630373e+00 -2.154150e+00   
   196   6.329029e+00 -2.060429e+00   
   197   7.694267e+00 -1.642933e+00   
   198   4.335250e+00 -2.208552e+00   
   199   4.105300e+00 -2.208761e+00   
   200   5.247773e+00 -2.266486e+00   
   201   6.920109e+00 -2.017040e+00   
   202   4.565674e+00 -2.305333e+00   
   203   4.834965e+00 -2.383007e+00   
   204   7.488333e+00 -1.948667e+00   
   205   4.266960e+00 -2.393835e+00   
   206   4.105300e+00 -2.408610e+00   
   207   6.043753e+00 -2.376780e+00   
   208   4.397074e+00 -2.448173e+00   
   209   4.560997e+00 -2.467092e+00   
   210   6.626697e+00 -2.301822e+00   
   211   4.224666e+00 -2.501871e+00   
   212   4.105300e+00 -2.503700e+00   
   213   4.671746e+00 -2.547836e+00   
   214   4.309990e+00 -2.527943e+00   
   215   5.089641e+00 -2.555691e+00   
   216   4.445571e+00 -2.548108e+00   
   217   4.114600e+00 -2.546200e+00   
   218   4.214100e+00 -2.577400e+00   
   219   7.282400e+00 -2.254400e+00   
   220   4.521557e+00 -2.638195e+00   
   221   4.305300e+00 -2.627900e+00   
   222   5.520549e+00 -2.635527e+00   
   223   4.790900e+00 -2.668962e+00   
   224   4.384400e+00 -2.695800e+00   
   225   6.342681e+00 -2.589923e+00   
   226   4.601152e+00 -2.734886e+00   
   227   5.884229e+00 -2.685054e+00   
   228   4.448300e+00 -2.778100e+00   
   229   6.928221e+00 -2.529366e+00   
   230   5.067876e+00 -2.816016e+00   
   231   4.828154e+00 -2.829882e+00   
   232   4.643851e+00 -2.854285e+00   
   233   4.494300e+00 -2.871600e+00   
   234   5.334387e+00 -2.878738e+00   
   235   5.839863e+00 -2.844153e+00   
   236   5.672310e+00 -2.879079e+00   
   237   6.130248e+00 -2.875895e+00   
   238   6.580947e+00 -2.798970e+00   
   239   4.658487e+00 -2.976915e+00   
   240   4.824840e+00 -2.982043e+00   
   241   4.520500e+00 -2.972500e+00   
   242   5.022048e+00 -3.002031e+00   
   243   5.520618e+00 -3.004704e+00   
   244   5.960898e+00 -2.967351e+00   
   245   5.228507e+00 -3.058705e+00   
   246   5.808209e+00 -3.031933e+00   
   247   4.526000e+00 -3.076600e+00   
   248   4.661369e+00 -3.102356e+00   
   249   4.817024e+00 -3.129246e+00   
   250   5.404569e+00 -3.142434e+00   
   251   6.266100e+00 -3.043400e+00   
   252   5.673168e+00 -3.124031e+00   
   253   4.984157e+00 -3.162603e+00   
   254   4.510400e+00 -3.179600e+00   
   255   6.058494e+00 -3.112538e+00   
   256   6.193253e+00 -3.092751e+00   
   257   5.155748e+00 -3.213893e+00   
   258   5.924306e+00 -3.156294e+00   
   259   4.648062e+00 -3.228574e+00   
   260   5.557986e+00 -3.232414e+00   
   261   5.798276e+00 -3.223729e+00   
   262   4.797729e+00 -3.269983e+00   
   263   6.321999e+00 -3.159227e+00   
   264   5.315602e+00 -3.279412e+00   
   265   4.474500e+00 -3.277500e+00   
   266   4.949491e+00 -3.310775e+00   
   267   6.154900e+00 -3.229600e+00   
   268   6.027800e+00 -3.253600e+00   
   269   6.265100e+00 -3.228600e+00   
   270   5.688028e+00 -3.311890e+00   
   271   5.907600e+00 -3.302700e+00   
   272   5.099166e+00 -3.360350e+00   
   273   5.463440e+00 -3.353267e+00   
   274   4.632477e+00 -3.365037e+00   
   275   6.363200e+00 -3.244600e+00   
   276   4.782843e+00 -3.413114e+00   
   277   5.799500e+00 -3.374800e+00   
   278   5.244455e+00 -3.420970e+00   
   279   5.594733e+00 -3.417014e+00   
   280   4.922689e+00 -3.452760e+00   
   281   5.387106e+00 -3.486983e+00   
   282   5.054530e+00 -3.498545e+00   
   283   5.708400e+00 -3.466900e+00   
   284   4.357411e+00 -3.524970e+00   
   285   4.625790e+00 -3.542340e+00   
   286   5.521151e+00 -3.535487e+00   
   287   5.182998e+00 -3.557234e+00   
   288   4.781607e+00 -3.562615e+00   
   289   4.903894e+00 -3.588606e+00   
   290   5.637300e+00 -3.575100e+00   
   291   5.014590e+00 -3.623314e+00   
   292   5.319377e+00 -3.638208e+00   
   293   5.118384e+00 -3.672140e+00   
   294   5.466989e+00 -3.662266e+00   
   295   4.813900e+00 -3.706400e+00   
   296   4.900400e+00 -3.712000e+00   
   297   4.727900e+00 -3.716900e+00   
   298   5.589200e+00 -3.696200e+00   
   299   4.984300e+00 -3.733500e+00   
   300   5.214203e+00 -3.738533e+00   
   301   4.645300e+00 -3.743200e+00   
   302   5.349539e+00 -3.747506e+00   
   303   5.062800e+00 -3.770200e+00   
   304   5.443388e+00 -3.781425e+00   
   305   5.569200e+00 -3.793300e+00   
   306   5.133200e+00 -3.820900e+00   
   307   5.285852e+00 -3.822886e+00   
   308   5.192900e+00 -3.883600e+00   
   309   4.188200e+00 -3.882600e+00   
   310   4.491500e+00 -3.906500e+00   
   311   5.390565e+00 -3.925825e+00   
   312   5.564200e+00 -3.923500e+00   
   313   5.252600e+00 -3.982400e+00   
   314   5.406784e+00 -4.118915e+00   
   315   5.561161e+00 -4.172025e+00   
   316   5.272300e+00 -4.260800e+00   
   317   5.556600e+00 -4.545000e+00   
  END_COORDINATES
  BOUNDARIES, ELEMENT
    1         309     310         1     
    2         310     301         1     
    3         284     309         1     
    4         217     218         2     
    5         212     217         2     
    6         301     297         3     
    7         297     295         4     
    8         295     296         5     
    9         296     299         6     
    10         299     303         7     
    11         303     306         8     
    12         306     308         9     
    13         269     275         10     
    14         275     263         10     
    15         206     212         11     
    16         267     269         12     
    17         308     313         13     
    18         263     251         14     
    19         268     267         15     
    20         271     268         16     
    21         277     271         17     
    22         283     277         18     
    23         290     283         19     
    24         298     290         20     
    25         305     298         21     
    26         312     305         22     
    27         199     206         23     
    28         218     221         24     
    29         315     312         25     
    30         313     316         26     
    31         316     317         27     
    32         317     315         27     
    33         265     284         28     
    34         254     265         29     
    35         247     254         30     
    36         241     247         31     
    37         233     241         32     
    38         228     233         33     
    39         224     228         34     
    40         221     224         35     
    41         187     199         36     
    42         176     187         37     
    43         166     176         38     
    44         153     166         39     
    45         135     153         40     
    46         119     135         41     
    47         107     119         42     
    48         97     107         43     
    49         89     97         44     
    50         80     89         45     
    51         70     80         46     
    52         61     70         47     
    53         52     61         48     
    54         43     52         49     
    55         34     43         50     
    56         27     34         51     
    57         20     27         52     
    58         13     20         53     
    59         8     13         54     
    60         2     8         55     
    61         1     2         56     
    62         251     238         57     
    63         3     1         58     
    64         10     3         59     
    65         16     10         60     
    66         22     16         61     
    67         31     22         62     
    68         40     31         63     
    69         50     40         64     
    70         60     50         65     
    71         71     60         66     
    72         82     71         67     
    73         93     82         68     
    74         105     93         69     
    75         115     105         70     
    76         124     115         71     
    77         140     124         72     
    78         154     140         73     
    79         160     154         74     
    80         170     160         75     
    81         178     170         76     
    82         185     178         77     
    83         192     185         78     
    84         197     192         79     
    85         204     197         80     
    86         219     204         81     
    87         238     229         82     
    88         229     219         83     
  END_BOUNDARIES
  MATERIALS, NUMBER= 1, DEFAULT=1
  END_MATERIALS
  SUBDOMAINS
  END_SUBDOMAINS
  CHARACTERISTICS
  END_CHARACTERISTICS
