  NODES_PER_ELEMENT 
  1 10
  2 10
  3 10
  4 10
  5 10
  6 10
  7 10
  8 10
  9 10
  10 10
  11 10
  12 10
  13 10
  14 10
  15 10
  16 10
  17 10
  18 10
  19 10
  20 10
  21 10
  22 10
  23 10
  24 10
  25 10
  26 10
  27 10
  28 10
  29 10
  30 10
  31 10
  32 10
  33 10
  34 10
  35 10
  36 10
  37 10
  38 10
  39 10
  40 10
  41 10
  42 10
  43 10
  44 10
  45 10
  46 10
  47 10
  48 10
  49 10
  50 10
  51 10
  52 10
  53 10
  54 10
  55 10
  56 10
  57 10
  58 10
  59 10
  60 10
  61 10
  62 10
  63 10
  64 10
  65 10
  66 10
  67 10
  68 10
  69 10
  70 10
  71 10
  72 10
  73 10
  74 10
  75 10
  76 10
  77 10
  78 10
  79 10
  80 10
  81 10
  82 10
  83 10
  84 10
  85 10
  86 10
  87 10
  88 10
  89 10
  90 10
  91 10
  92 10
  93 10
  94 10
  95 10
  96 10
  97 10
  98 10
  99 10
  100 10
  101 10
  102 10
  103 10
  104 10
  105 10
  106 10
  107 10
  108 10
  109 10
  110 10
  111 10
  112 10
  113 10
  114 10
  115 10
  116 10
  117 10
  118 10
  119 10
  120 10
  121 10
  122 10
  123 10
  124 10
  125 10
  126 10
  127 10
  128 10
  129 10
  130 10
  131 10
  132 10
  133 10
  134 10
  135 10
  136 10
  137 10
  138 10
  139 10
  140 10
  141 10
  142 10
  143 10
  144 10
  145 10
  146 10
  147 10
  148 10
  149 10
  150 10
  151 10
  152 10
  153 10
  154 10
  155 10
  156 10
  157 10
  158 10
  159 10
  160 10
  161 10
  162 10
  163 10
  164 10
  165 10
  166 10
  167 10
  168 10
  169 10
  170 10
  171 10
  172 10
  173 10
  174 10
  175 10
  176 10
  177 10
  178 10
  179 10
  180 10
  181 10
  182 10
  183 10
  184 10
  185 10
  186 10
  187 10
  188 10
  189 10
  190 10
  191 10
  192 10
  193 10
  194 10
  195 10
  196 10
  197 10
  198 10
  199 10
  200 10
  201 10
  202 10
  203 10
  204 10
  205 10
  206 10
  207 10
  208 10
  209 10
  210 10
  211 10
  212 10
  213 10
  214 10
  215 10
  216 10
  217 10
  218 10
  219 10
  220 10
  221 10
  222 10
  223 10
  224 10
  225 10
  226 10
  227 10
  228 10
  229 10
  230 10
  231 10
  232 10
  233 10
  234 10
  235 10
  236 10
  237 10
  238 10
  239 10
  240 10
  241 10
  242 10
  243 10
  244 10
  245 10
  246 10
  247 10
  248 10
  249 10
  250 10
  251 10
  252 10
  253 10
  254 10
  255 10
  256 10
  257 10
  258 10
  259 10
  260 10
  261 10
  262 10
  263 10
  264 10
  265 10
  266 10
  267 10
  268 10
  269 10
  270 10
  271 10
  272 10
  273 10
  274 10
  275 10
  276 10
  277 10
  278 10
  279 10
  280 10
  281 10
  282 10
  283 10
  284 10
  285 10
  286 10
  287 10
  288 10
  289 10
  290 10
  291 10
  292 10
  293 10
  294 10
  295 10
  296 10
  297 10
  298 10
  299 10
  300 10
  301 10
  302 10
  303 10
  304 10
  305 10
  306 10
  307 10
  308 10
  309 10
  310 10
  311 10
  312 10
  313 10
  314 10
  315 10
  316 10
  317 10
  318 10
  319 10
  320 10
  321 10
  322 10
  323 10
  324 10
  325 10
  326 10
  327 10
  328 10
  329 10
  330 10
  331 10
  332 10
  333 10
  334 10
  335 10
  336 10
  337 10
  338 10
  339 10
  340 10
  341 10
  342 10
  343 10
  344 10
  345 10
  346 10
  347 10
  348 10
  349 10
  350 10
  351 10
  352 10
  353 10
  354 10
  355 10
  356 10
  357 10
  358 10
  359 10
  360 10
  361 10
  362 10
  363 10
  364 10
  365 10
  366 10
  367 10
  368 10
  369 10
  370 10
  371 10
  372 10
  373 10
  374 10
  375 10
  376 10
  377 10
  378 10
  379 10
  380 10
  381 10
  382 10
  383 10
  384 10
  385 10
  386 10
  387 10
  388 10
  389 10
  390 10
  391 10
  392 10
  393 10
  394 10
  END_NODES_PER_ELEMENT 
  ELEMENTS 
  1 1 2 3 4 5 6 7 8 9 10
  2 2 11 12 13 14 15 16 17 18 19
  3 20 21 22 23 24 25 26 27 28 29
  4 21 30 31 32 33 34 35 36 37 38
  5 39 40 41 42 43 44 45 46 47 48
  6 40 49 50 51 52 53 54 55 56 57
  7 49 58 59 60 61 62 63 64 65 66
  8 58 67 68 69 70 71 72 73 74 75
  9 67 76 77 78 79 80 81 82 83 84
  10 76 85 86 87 88 89 90 91 92 93
  11 30 94 31 95 96 97 98 35 34 99
  12 94 100 101 102 103 104 105 106 107 108
  13 109 110 111 112 113 114 115 116 117 118
  14 110 39 119 120 121 122 123 124 125 126
  15 127 128 129 130 131 132 133 134 135 136
  16 128 20 22 137 138 28 27 139 140 141
  17 85 142 143 144 145 146 147 148 149 150
  18 142 151 152 153 154 155 156 157 158 159
  19 3 2 12 7 6 18 17 160 161 162
  20 3 12 163 161 160 164 165 166 167 168
  21 1 3 169 9 8 170 171 172 173 174
  22 12 11 175 16 15 176 177 178 179 180
  23 22 21 31 26 25 37 36 181 182 183
  24 22 31 184 182 181 185 186 187 188 189
  25 59 58 68 63 62 74 73 190 191 192
  26 59 68 193 191 190 194 195 196 197 198
  27 68 67 77 72 71 83 82 199 200 201
  28 68 77 202 200 199 203 204 205 206 207
  29 49 59 50 65 64 208 209 54 53 210
  30 50 59 211 209 208 212 213 214 215 216
  31 41 40 50 45 44 56 55 217 218 219
  32 41 50 220 218 217 221 222 223 224 225
  33 39 41 119 47 46 226 227 123 122 228
  34 119 41 229 227 226 230 231 232 233 234
  35 77 76 86 81 80 92 91 235 236 237
  36 77 86 238 236 235 239 240 241 242 243
  37 86 85 143 90 89 149 148 244 245 246
  38 86 143 247 245 244 248 249 250 251 252
  39 111 110 119 115 114 125 124 253 254 255
  40 111 119 256 254 253 257 258 259 260 261
  41 109 111 175 117 116 262 263 264 265 266
  42 101 100 267 105 104 268 269 270 271 272
  43 94 101 31 107 106 273 274 98 97 275
  44 129 128 22 133 132 140 139 276 277 278
  45 127 129 279 135 134 280 281 282 283 284
  46 143 142 152 147 146 158 157 285 286 287
  47 143 152 288 286 285 289 290 291 292 293
  48 152 151 294 156 155 295 296 297 298 299
  49 247 143 288 249 248 292 291 300 301 302
  50 247 288 303 301 300 304 305 306 307 308
  51 86 247 238 251 250 309 310 240 239 311
  52 238 247 303 310 309 307 306 312 313 314
  53 202 77 238 204 203 242 241 315 316 317
  54 202 238 318 316 315 319 320 321 322 323
  55 68 202 193 206 205 324 325 195 194 326
  56 193 202 327 325 324 328 329 330 331 332
  57 327 202 318 329 328 322 321 333 334 335
  58 327 318 336 334 333 337 338 339 340 341
  59 336 318 342 338 337 343 344 345 346 347
  60 327 336 348 340 339 349 350 351 352 353
  61 193 327 354 331 330 355 356 357 358 359
  62 229 41 220 231 230 224 223 360 361 362
  63 229 220 363 361 360 364 365 366 367 368
  64 363 220 354 365 364 369 370 371 372 373
  65 229 363 374 367 366 375 376 377 378 379
  66 119 229 256 233 232 380 381 258 257 382
  67 256 229 374 381 380 378 377 383 384 385
  68 256 374 386 384 383 387 388 389 390 391
  69 211 59 193 213 212 197 196 392 393 394
  70 211 193 354 393 392 358 357 395 396 397
  71 211 354 220 396 395 370 369 398 399 400
  72 211 220 50 399 398 222 221 215 214 401
  73 303 288 402 305 304 403 404 405 406 407
  74 318 238 303 320 319 313 312 408 409 410
  75 163 12 411 165 164 412 413 414 415 416
  76 3 163 417 167 166 418 419 420 421 422
  77 386 374 423 388 387 424 425 426 427 428
  78 256 386 111 390 389 429 430 260 259 431
  79 184 31 432 186 185 433 434 435 436 437
  80 22 184 438 188 187 439 440 441 442 443
  81 288 152 444 290 289 445 446 447 448 449
  82 450 451 452 453 454 455 456 457 458 459
  83 169 3 417 171 170 421 420 460 461 462
  84 169 417 463 461 460 464 465 466 467 468
  85 1 169 469 173 172 470 471 472 473 474
  86 469 169 463 471 470 467 466 475 476 477
  87 175 11 109 177 176 478 479 265 264 480
  88 12 175 411 179 178 481 482 413 412 483
  89 411 175 111 482 481 263 262 484 485 486
  90 463 417 487 465 464 488 489 490 491 492
  91 267 100 493 269 268 494 495 496 497 498
  92 267 493 499 497 496 500 501 502 503 504
  93 101 267 505 271 270 506 507 508 509 510
  94 279 129 511 281 280 512 513 514 515 516
  95 127 279 517 283 282 518 519 520 521 522
  96 517 279 523 519 518 524 525 526 527 528
  97 499 493 529 501 500 530 531 532 533 534
  98 267 535 505 536 537 538 539 507 506 540
  99 294 151 541 296 295 542 543 544 545 546
  100 294 541 547 545 544 548 549 550 551 552
  101 342 318 303 344 343 409 408 553 554 555
  102 348 336 556 350 349 557 558 559 560 561
  103 152 294 444 298 297 562 563 446 445 564
  104 444 294 547 563 562 551 550 565 566 567
  105 336 342 568 346 345 569 570 571 572 573
  106 327 348 354 352 351 574 575 356 355 576
  107 354 348 577 575 574 578 579 580 581 582
  108 577 348 583 579 578 584 585 586 587 588
  109 354 577 363 581 580 589 590 372 371 591
  110 363 577 592 590 589 593 594 595 596 597
  111 592 577 583 594 593 587 586 598 599 600
  112 363 592 374 596 595 601 602 376 375 603
  113 523 279 604 525 524 605 606 607 608 609
  114 517 523 610 527 526 611 612 613 614 615
  115 402 288 444 404 403 448 447 616 617 618
  116 402 444 619 617 616 620 621 622 623 624
  117 619 444 547 621 620 566 565 625 626 627
  118 402 619 628 623 622 629 630 631 632 633
  119 303 402 634 406 405 635 636 637 638 639
  120 423 374 592 425 424 602 601 640 641 642
  121 386 423 643 427 426 644 645 646 647 648
  122 163 411 643 415 414 649 650 651 652 653
  123 417 163 654 419 418 655 656 657 658 659
  124 432 31 101 434 433 274 273 660 661 662
  125 184 432 663 436 435 664 665 666 667 668
  126 438 184 669 440 439 670 671 672 673 674
  127 22 438 129 442 441 675 676 277 276 677
  128 547 541 678 549 548 679 680 681 682 683
  129 452 451 684 456 455 685 686 687 688 689
  130 450 452 690 458 457 691 692 693 694 695
  131 487 417 654 489 488 658 657 696 697 698
  132 487 654 699 697 696 700 701 702 703 704
  133 699 654 705 701 700 706 707 708 709 710
  134 487 699 711 703 702 712 713 714 715 716
  135 463 487 717 491 490 718 719 720 721 722
  136 583 348 556 585 584 560 559 723 724 725
  137 583 556 726 724 723 727 728 729 730 731
  138 726 556 732 728 727 733 734 735 736 737
  139 583 726 738 730 729 739 740 741 742 743
  140 628 619 744 630 629 745 746 747 748 749
  141 402 628 634 632 631 750 751 636 635 752
  142 634 628 753 751 750 754 755 756 757 758
  143 753 628 759 755 754 760 761 762 763 764
  144 634 753 765 757 756 766 767 768 769 770
  145 101 505 432 509 508 771 772 661 660 773
  146 511 129 438 513 512 676 675 774 775 776
  147 556 336 568 558 557 572 571 777 778 779
  148 568 342 765 570 569 780 781 782 783 784
  149 303 634 342 638 637 785 786 554 553 787
  150 643 423 788 645 644 789 790 791 792 793
  151 386 643 411 647 646 650 649 794 795 796
  152 654 163 643 656 655 652 651 797 798 799
  153 705 654 643 707 706 798 797 800 801 802
  154 699 705 803 709 708 804 805 806 807 808
  155 711 699 809 713 712 810 811 812 813 814
  156 487 711 717 715 714 815 816 719 718 817
  157 717 711 818 816 815 819 820 821 822 823
  158 818 711 824 820 819 825 826 827 828 829
  159 717 818 830 822 821 831 832 833 834 835
  160 663 432 836 665 664 837 838 839 840 841
  161 669 184 663 671 670 667 666 842 843 844
  162 759 628 744 761 760 748 747 845 846 847
  163 759 744 848 846 845 849 850 851 852 853
  164 848 744 854 850 849 855 856 857 858 859
  165 759 848 860 852 851 861 862 863 864 865
  166 765 753 866 767 766 867 868 869 870 871
  167 438 669 872 673 672 873 874 875 876 877
  168 753 759 878 763 762 879 880 881 882 883
  169 634 765 342 769 768 781 780 786 785 884
  170 732 556 568 734 733 778 777 885 886 887
  171 726 732 888 736 735 889 890 891 892 893
  172 738 726 894 740 739 895 896 897 898 899
  173 583 738 592 742 741 900 901 599 598 902
  174 684 451 903 686 685 904 905 906 907 908
  175 684 903 909 907 906 910 911 912 913 914
  176 909 903 915 911 910 916 917 918 919 920
  177 909 915 921 919 918 922 923 924 925 926
  178 684 909 927 913 912 928 929 930 931 932
  179 921 915 933 923 922 934 935 936 937 938
  180 921 933 939 937 936 940 941 942 943 944
  181 909 921 927 925 924 945 946 929 928 947
  182 939 933 948 941 940 949 950 951 952 953
  183 921 939 954 943 942 955 956 957 958 959
  184 684 927 452 931 930 960 961 688 687 962
  185 954 939 963 956 955 964 965 966 967 968
  186 921 954 927 958 957 969 970 946 945 971
  187 963 939 948 965 964 952 951 972 973 974
  188 954 963 975 967 966 976 977 978 979 980
  189 824 711 809 826 825 813 812 981 982 983
  190 824 809 984 982 981 985 986 987 988 989
  191 984 809 990 986 985 991 992 993 994 995
  192 824 984 996 988 987 997 998 999 1000 1001
  193 854 744 1002 856 855 1003 1004 1005 1006 1007
  194 690 452 1008 692 691 1009 1010 1011 1012 1013
  195 830 818 1014 832 831 1015 1016 1017 1018 1019
  196 860 848 1020 862 861 1021 1022 1023 1024 1025
  197 818 824 1026 828 827 1027 1028 1029 1030 1031
  198 848 854 1032 858 857 1033 1034 1035 1036 1037
  199 450 690 678 694 693 1038 1039 1040 1041 1042
  200 717 830 1043 834 833 1044 1045 1046 1047 1048
  201 759 860 878 864 863 1049 1050 880 879 1051
  202 878 860 1052 1050 1049 1053 1054 1055 1056 1057
  203 1052 860 1058 1054 1053 1059 1060 1061 1062 1063
  204 878 1052 1064 1056 1055 1065 1066 1067 1068 1069
  205 463 717 1043 721 720 1047 1046 1070 1071 1072
  206 463 1043 469 1071 1070 1073 1074 476 475 1075
  207 824 996 1026 1000 999 1076 1077 1028 1027 1078
  208 1026 996 1079 1077 1076 1080 1081 1082 1083 1084
  209 1079 996 1085 1081 1080 1086 1087 1088 1089 1090
  210 1026 1079 1091 1083 1082 1092 1093 1094 1095 1096
  211 878 1064 866 1068 1067 1097 1098 1099 1100 1101
  212 984 990 1102 994 993 1103 1104 1105 1106 1107
  213 1052 1058 1108 1062 1061 1109 1110 1111 1112 1113
  214 990 809 803 992 991 1114 1115 1116 1117 1118
  215 996 984 1119 998 997 1120 1121 1122 1123 1124
  216 1058 860 1020 1060 1059 1024 1023 1125 1126 1127
  217 1058 1020 1128 1126 1125 1129 1130 1131 1132 1133
  218 1128 1020 975 1130 1129 1134 1135 1136 1137 1138
  219 1058 1128 1139 1132 1131 1140 1141 1142 1143 1144
  220 1064 1052 1145 1066 1065 1146 1147 1148 1149 1150
  221 744 619 1002 746 745 1151 1152 1004 1003 1153
  222 1002 619 547 1152 1151 626 625 1154 1155 1156
  223 1079 1085 1157 1089 1088 1158 1159 1160 1161 1162
  224 1026 1091 1014 1095 1094 1163 1164 1165 1166 1167
  225 1058 1139 1108 1143 1142 1168 1169 1110 1109 1170
  226 1108 1139 1171 1169 1168 1172 1173 1174 1175 1176
  227 1171 1139 1177 1173 1172 1178 1179 1180 1181 1182
  228 1108 1171 1183 1175 1174 1184 1185 1186 1187 1188
  229 1085 996 1119 1087 1086 1123 1122 1189 1190 1191
  230 1085 1119 1192 1190 1189 1193 1194 1195 1196 1197
  231 1192 1119 1198 1194 1193 1199 1200 1201 1202 1203
  232 1085 1192 1204 1196 1195 1205 1206 1207 1208 1209
  233 1091 1079 1157 1093 1092 1161 1160 1210 1211 1212
  234 1139 1128 1213 1141 1140 1214 1215 1216 1217 1218
  235 1177 1139 1213 1179 1178 1217 1216 1219 1220 1221
  236 1177 1213 1222 1220 1219 1223 1224 1225 1226 1227
  237 1183 1171 1228 1185 1184 1229 1230 1231 1232 1233
  238 1198 1119 1102 1200 1199 1234 1235 1236 1237 1238
  239 1198 1102 1239 1237 1236 1240 1241 1242 1243 1244
  240 1171 1177 1245 1181 1180 1246 1247 1248 1249 1250
  241 1108 1183 1145 1187 1186 1251 1252 1253 1254 1255
  242 1145 1183 1256 1252 1251 1257 1258 1259 1260 1261
  243 1192 1198 1262 1202 1201 1263 1264 1265 1266 1267
  244 788 423 1268 790 789 1269 1270 1271 1272 1273
  245 643 788 705 792 791 1274 1275 801 800 1276
  246 1014 1091 1277 1164 1163 1278 1279 1280 1281 1282
  247 803 705 1283 805 804 1284 1285 1286 1287 1288
  248 836 432 505 838 837 772 771 1289 1290 1291
  249 836 505 1292 1290 1289 1293 1294 1295 1296 1297
  250 1292 505 535 1294 1293 539 538 1298 1299 1300
  251 836 1292 1301 1296 1295 1302 1303 1304 1305 1306
  252 535 267 499 537 536 503 502 1307 1308 1309
  253 1292 535 1310 1299 1298 1311 1312 1313 1314 1315
  254 1301 1292 1316 1303 1302 1317 1318 1319 1320 1321
  255 836 1301 663 1305 1304 1322 1323 840 839 1324
  256 872 669 1325 874 873 1326 1327 1328 1329 1330
  257 888 732 1331 890 889 1332 1333 1334 1335 1336
  258 809 699 803 811 810 807 806 1115 1114 1337
  259 866 753 878 868 867 882 881 1100 1099 1338
  260 894 726 888 896 895 892 891 1339 1340 1341
  261 438 872 511 876 875 1342 1343 775 774 1344
  262 511 872 1345 1343 1342 1346 1347 1348 1349 1350
  263 1345 872 1325 1347 1346 1329 1328 1351 1352 1353
  264 511 1345 604 1349 1348 1354 1355 1356 1357 1358
  265 604 1345 1256 1355 1354 1359 1360 1361 1362 1363
  266 511 604 279 1357 1356 606 605 515 514 1364
  267 765 866 1365 870 869 1366 1367 1368 1369 1370
  268 738 894 1371 898 897 1372 1373 1374 1375 1376
  269 975 963 1128 977 976 1377 1378 1137 1136 1379
  270 1020 848 1032 1022 1021 1036 1035 1380 1381 1382
  271 1256 1183 1383 1258 1257 1384 1385 1386 1387 1388
  272 1008 452 1389 1010 1009 1390 1391 1392 1393 1394
  273 1032 854 1389 1034 1033 1395 1396 1397 1398 1399
  274 1064 1145 1400 1149 1148 1401 1402 1403 1404 1405
  275 1043 830 1406 1045 1044 1407 1408 1409 1410 1411
  276 1119 984 1102 1121 1120 1106 1105 1235 1234 1412
  277 1239 1102 1413 1241 1240 1414 1415 1416 1417 1418
  278 1014 818 1026 1016 1015 1030 1029 1166 1165 1419
  279 1102 990 1413 1104 1103 1420 1421 1415 1414 1422
  280 954 975 927 979 978 1423 1424 970 969 1425
  281 1052 1108 1145 1112 1111 1254 1253 1147 1146 1426
  282 690 1008 1002 1012 1011 1427 1428 1429 1430 1431
  283 1145 1256 1400 1260 1259 1432 1433 1402 1401 1434
  284 854 1002 1008 1006 1005 1428 1427 1435 1436 1437
  285 1198 1239 1438 1243 1242 1439 1440 1441 1442 1443
  286 830 1014 1444 1018 1017 1445 1446 1447 1448 1449
  287 1213 1128 963 1215 1214 1378 1377 1450 1451 1452
  288 788 1268 1453 1272 1271 1454 1455 1456 1457 1458
  289 1365 866 1459 1367 1366 1460 1461 1462 1463 1464
  290 1171 1245 1228 1249 1248 1465 1466 1230 1229 1467
  291 1292 1310 1316 1314 1313 1468 1469 1318 1317 1470
  292 1371 894 1471 1373 1372 1472 1473 1474 1475 1476
  293 1183 1228 1383 1232 1231 1477 1478 1385 1384 1479
  294 1383 1228 523 1478 1477 1480 1481 1482 1483 1484
  295 1383 523 604 1483 1482 608 607 1485 1486 1487
  296 1383 604 1256 1486 1485 1362 1361 1387 1386 1488
  297 803 1283 1489 1287 1286 1490 1491 1492 1493 1494
  298 888 1331 1495 1335 1334 1496 1497 1498 1499 1500
  299 1192 1262 1501 1266 1265 1502 1503 1504 1505 1506
  300 1301 1316 1471 1320 1319 1507 1508 1509 1510 1511
  301 1283 705 788 1285 1284 1275 1274 1512 1513 1514
  302 1283 788 1453 1513 1512 1457 1456 1515 1516 1517
  303 1331 732 1365 1333 1332 1518 1519 1520 1521 1522
  304 1262 1198 1438 1264 1263 1442 1441 1523 1524 1525
  305 1262 1438 1526 1524 1523 1527 1528 1529 1530 1531
  306 738 1371 1532 1375 1374 1533 1534 1535 1536 1537
  307 1245 1177 1538 1247 1246 1539 1540 1541 1542 1543
  308 1245 1538 1544 1542 1541 1545 1546 1547 1548 1549
  309 1245 1544 1228 1548 1547 1550 1551 1466 1465 1552
  310 1310 535 1553 1312 1311 1554 1555 1556 1557 1558
  311 765 1365 568 1369 1368 1559 1560 783 782 1561
  312 1268 423 592 1270 1269 641 640 1562 1563 1564
  313 1325 669 1565 1327 1326 1566 1567 1568 1569 1570
  314 1438 1239 1571 1440 1439 1572 1573 1574 1575 1576
  315 1459 866 1064 1461 1460 1098 1097 1577 1578 1579
  316 1495 1331 1580 1497 1496 1581 1582 1583 1584 1585
  317 1571 1239 1586 1573 1572 1587 1588 1589 1590 1591
  318 1580 1331 1459 1582 1581 1592 1593 1594 1595 1596
  319 1495 1580 1325 1584 1583 1597 1598 1599 1600 1601
  320 1586 1239 1413 1588 1587 1417 1416 1602 1603 1604
  321 1444 1014 1277 1446 1445 1281 1280 1605 1606 1607
  322 1489 1283 1453 1491 1490 1516 1515 1608 1609 1610
  323 1565 669 663 1567 1566 843 842 1611 1612 1613
  324 1389 854 1008 1396 1395 1436 1435 1393 1392 1614
  325 1389 452 927 1391 1390 961 960 1615 1616 1617
  326 1471 894 1618 1473 1472 1619 1620 1621 1622 1623
  327 1618 894 888 1620 1619 1340 1339 1624 1625 1626
  328 1471 1618 1627 1622 1621 1628 1629 1630 1631 1632
  329 1627 1618 1565 1629 1628 1633 1634 1635 1636 1637
  330 1471 1627 1301 1631 1630 1638 1639 1510 1509 1640
  331 1301 1627 663 1639 1638 1641 1642 1323 1322 1643
  332 1553 535 499 1555 1554 1308 1307 1644 1645 1646
  333 1453 1268 1647 1455 1454 1648 1649 1650 1651 1652
  334 1532 1268 592 1653 1654 1563 1562 1655 1656 1657
  335 1532 1371 1647 1534 1533 1658 1659 1660 1661 1662
  336 1647 1371 1663 1659 1658 1664 1665 1666 1667 1668
  337 1532 1647 1268 1661 1660 1649 1648 1654 1653 1669
  338 1453 1647 1670 1651 1650 1671 1672 1673 1674 1675
  339 1670 1647 1663 1672 1671 1667 1666 1676 1677 1678
  340 1453 1670 1489 1674 1673 1679 1680 1609 1608 1681
  341 1663 1371 1471 1665 1664 1475 1474 1682 1683 1684
  342 1438 1571 1685 1575 1574 1686 1687 1688 1689 1690
  343 1685 1571 1553 1687 1686 1691 1692 1693 1694 1695
  344 1553 1571 1310 1692 1691 1696 1697 1557 1556 1698
  345 1438 1685 1526 1689 1688 1699 1700 1528 1527 1701
  346 1064 1400 1459 1404 1403 1702 1703 1578 1577 1704
  347 1365 1459 1331 1463 1462 1593 1592 1521 1520 1705
  348 888 1495 1618 1499 1498 1706 1707 1625 1624 1708
  349 830 1444 1406 1448 1447 1709 1710 1408 1407 1711
  350 803 1489 990 1493 1492 1712 1713 1117 1116 1714
  351 1325 1565 1495 1569 1568 1715 1716 1600 1599 1717
  352 1032 1389 975 1398 1397 1718 1719 1720 1721 1722
  353 1032 975 1020 1721 1720 1135 1134 1381 1380 1723
  354 738 1532 592 1536 1535 1656 1655 901 900 1724
  355 1571 1586 1310 1590 1589 1725 1726 1697 1696 1727
  356 1663 1471 1316 1683 1682 1508 1507 1728 1729 1730
  357 1586 1413 1670 1603 1602 1731 1732 1733 1734 1735
  358 1736 1501 1262 1737 1738 1503 1502 1739 1740 1741
  359 1736 1262 1526 1740 1739 1530 1529 1742 1743 1744
  360 1316 1310 1745 1469 1468 1746 1747 1748 1749 1750
  361 1745 1310 1586 1747 1746 1726 1725 1751 1752 1753
  362 1745 1586 1670 1752 1751 1734 1733 1754 1755 1756
  363 1316 1745 1663 1749 1748 1757 1758 1729 1728 1759
  364 1459 1400 1580 1703 1702 1760 1761 1595 1594 1762
  365 1413 990 1489 1421 1420 1713 1712 1763 1764 1765
  366 1400 1256 1345 1433 1432 1360 1359 1766 1767 1768
  367 678 690 547 1039 1038 1769 1770 682 681 1771
  368 1413 1489 1670 1764 1763 1680 1679 1732 1731 1772
  369 948 1773 963 1774 1775 1776 1777 973 972 1778
  370 963 1773 1213 1777 1776 1779 1780 1451 1450 1781
  371 1213 1773 1222 1780 1779 1782 1783 1224 1223 1784
  372 1618 1495 1565 1707 1706 1716 1715 1634 1633 1785
  373 1786 1406 1444 1787 1788 1710 1709 1789 1790 1791
  374 1786 1444 1277 1790 1789 1606 1605 1792 1793 1794
  375 927 975 1389 1424 1423 1719 1718 1616 1615 1795
  376 1685 1553 499 1694 1693 1645 1644 1796 1797 1798
  377 1501 1204 1192 1799 1800 1206 1205 1505 1504 1801
  378 386 411 111 795 794 485 484 430 429 1802
  379 1803 469 1043 1804 1805 1074 1073 1806 1807 1808
  380 1325 1580 1345 1598 1597 1809 1810 1352 1351 1811
  381 1565 663 1627 1612 1611 1642 1641 1636 1635 1812
  382 1803 1043 1406 1807 1806 1410 1409 1813 1814 1815
  383 732 568 1365 886 885 1560 1559 1519 1518 1816
  384 1745 1670 1663 1755 1754 1677 1676 1758 1757 1817
  385 499 529 1685 533 532 1818 1819 1797 1796 1820
  386 1538 1177 1222 1540 1539 1226 1225 1821 1822 1823
  387 610 523 1228 612 611 1481 1480 1824 1825 1826
  388 1526 1685 529 1700 1699 1819 1818 1827 1828 1829
  389 1157 1830 1091 1831 1832 1833 1834 1211 1210 1835
  390 1091 1830 1277 1834 1833 1836 1837 1279 1278 1838
  391 1204 1157 1085 1839 1840 1159 1158 1208 1207 1841
  392 1002 547 690 1155 1154 1770 1769 1430 1429 1842
  393 1544 610 1228 1843 1844 1825 1824 1551 1550 1845
  394 1580 1400 1345 1761 1760 1767 1766 1810 1809 1846
  END_ELEMENTS 
  COORDINATES 
   1  4.023749  2.505051
   2  3.952552  2.199901
   3  4.30506  2.278535
   4  4.000016666666666  2.4033343333333335
   5  3.976284333333333  2.3016176666666666
   6  4.070054666666667  2.2261123333333335
   7  4.187557333333333  2.252323666666667
   8  4.211289666666667  2.3540403333333333
   9  4.117519333333333  2.429545666666667
   10  4.093787  2.327829
   11  3.881356  1.894751
   12  4.233864  1.973386
   13  3.92882  2.098184333333333
   14  3.9050879999999997  1.9964676666666668
   15  3.9988586666666666  1.9209626666666668
   16  4.116361333333333  1.9471743333333333
   17  4.140093333333333  2.0488910000000002
   18  4.046322666666667  2.124396
   19  4.022590666666666  2.022679333333333
   20  8.263734  -0.4040404
   21  8.268774  -0.08080808
   22  7.968522  -0.3407789
   23  8.265414  -0.29629629333333335
   24  8.267094  -0.18855218666666668
   25  8.16869  -0.16746502000000002
   26  8.068606  -0.25412196
   27  8.066926  -0.36186606666666665
   28  8.165329999999999  -0.38295323333333336
   29  8.16701  -0.2752091266666667
   30  8.273813  0.2424242
   31  7.972068  0.2050238
   32  8.270453666666667  0.026936013333333342
   33  8.272133333333334  0.1346801066666667
   34  8.173231333333334  0.2299574
   35  8.072649666666667  0.2174906
   36  8.07097  0.10974650666666666
   37  8.169872  0.014469213333333314
   38  8.171551666666668  0.12221330666666667
   39  3.742084  0.7272727
   40  3.731181  0.4040404
   41  4.072322  0.5543338
   42  3.738449666666667  0.6195286
   43  3.734815333333333  0.5117845
   44  3.8448946666666663  0.4541382
   45  3.9586083333333333  0.504236
   46  3.9622426666666666  0.6119801
   47  3.8521633333333334  0.6696264
   48  3.8485289999999996  0.5618823000000001
   49  3.720279  0.08080808
   50  4.061419  0.2311015
   51  3.727547  0.29629629333333335
   52  3.723913  0.18855218666666668
   53  3.8339923333333332  0.13090588666666667
   54  3.947705666666667  0.18100369333333333
   55  3.9513396666666667  0.2887478
   56  3.841260333333333  0.34639410000000004
   57  3.837626333333333  0.23864999333333334
   58  3.726789  -0.2424242
   59  4.059223  -0.07404676
   60  3.722449  -0.026936013333333342
   61  3.724619  -0.1346801066666667
   62  3.8376003333333335  -0.18629838666666668
   63  3.948411666666667  -0.13017257333333335
   64  3.946241666666667  -0.022428480000000008
   65  3.8332603333333335  0.029189799999999988
   66  3.8354303333333335  -0.07855429333333334
   67  3.7333  -0.5656566
   68  4.065733  -0.3972791
   69  3.7289593333333335  -0.3501683333333333
   70  3.7311296666666665  -0.45791246666666663
   71  3.844111  -0.5095307666666666
   72  3.954922  -0.4534049333333333
   73  3.9527516666666664  -0.3456608
   74  3.8397703333333335  -0.2940425
   75  3.8419406666666664  -0.4017866333333333
   76  3.757988  -0.8888889
   77  4.081333  -0.7016326
   78  3.7415293333333333  -0.6734007
   79  3.7497586666666667  -0.7811448
   80  3.8657696666666665  -0.8264701333333333
   81  3.9735513333333334  -0.7640513666666667
   82  3.965322  -0.6563072666666667
   83  3.8493109999999997  -0.6109819333333333
   84  3.857540333333333  -0.7187260333333333
   85  3.782677  -1.212121
   86  4.106022  -1.024865
   87  3.766217666666667  -0.9966329333333334
   88  3.7744473333333333  -1.1043769666666667
   89  3.890458666666667  -1.1497023333333334
   90  3.9982403333333334  -1.0872836666666665
   91  3.990010666666667  -0.9795396333333333
   92  3.8739993333333334  -0.9342142666666666
   93  3.882229  -1.0419583000000001
   94  8.239041  0.5656566
   95  8.262222333333334  0.3501683333333333
   96  8.250631666666667  0.45791246666666663
   97  8.15005  0.44544566666666663
   98  8.061059  0.3252347333333333
   99  8.161640666666667  0.3377015333333333
   100  8.20427  0.8888889
   101  7.885967  0.6911613
   102  8.227450666666666  0.6734007
   103  8.215860333333334  0.7811448
   104  8.098168999999999  0.8229797
   105  7.992068  0.7570705
   106  8.003658333333334  0.6493264
   107  8.121349666666667  0.6074915
   108  8.109759333333335  0.7152356000000001
   109  3.801297  1.373737
   110  3.771691  1.050505
   111  4.204122  1.260098
   112  3.791428333333333  1.265993
   113  3.781559666666667  1.158249
   114  3.9158346666666666  1.1203693333333333
   115  4.0599783333333335  1.1902336666666666
   116  4.069847  1.2979776666666667
   117  3.935572  1.3358573333333332
   118  3.9257033333333333  1.2281133333333332
   119  4.092576  0.8581412
   120  3.761822  0.9427609
   121  3.7519530000000003  0.8350168
   122  3.8589146666666667  0.7708955333333334
   123  3.9757453333333337  0.8145183666666667
   124  3.9856143333333334  0.9222624666666667
   125  3.878652666666667  0.9863837333333334
   126  3.868783666666667  0.8786396333333334
   127  8.175171  -1.050505
   128  8.219452  -0.7272727
   129  7.861623  -0.8429006
   130  8.189931333333334  -0.9427609
   131  8.204691666666667  -0.8350168
   132  8.100175666666667  -0.7658153333333333
   133  7.980899333333333  -0.8043579666666667
   134  7.966139  -0.9121020666666667
   135  8.070655  -0.9813035333333333
   136  8.085415333333335  -0.8735594333333334
   137  8.234212666666666  -0.6195286
   138  8.248973333333334  -0.5117845
   139  8.052165333333333  -0.46961016666666666
   140  8.135808666666668  -0.5984414333333333
   141  8.150569333333333  -0.4906973333333333
   142  3.828601  -1.535354
   143  4.141328  -1.326043
   144  3.797985  -1.3198653333333334
   145  3.813293  -1.4276096666666667
   146  3.932843333333333  -1.4655836666666668
   147  4.037085666666666  -1.3958133333333334
   148  4.021777666666667  -1.2880690000000001
   149  3.9022273333333333  -1.250095
   150  3.9175353333333334  -1.3578393333333334
   151  3.874526  -1.858586
   152  4.187252  -1.649276
   153  3.8439093333333334  -1.6430980000000002
   154  3.8592176666666664  -1.750842
   155  3.978768  -1.788816
   156  4.08301  -1.719046
   157  4.067701666666666  -1.611302
   158  3.948151333333333  -1.573328
   159  3.9634596666666666  -1.6810720000000001
   160  4.2575959999999995  2.0751023333333336
   161  4.281328  2.1768186666666667
   162  4.163825333333333  2.1506073333333333
   163  4.606812  2.047251
   164  4.35818  1.9980076666666668
   165  4.482495999999999  2.0226293333333336
   166  4.506228  2.1243456666666667
   167  4.405644  2.2014403333333337
   168  4.381912  2.099724
   169  4.381662  2.661606
   170  4.3305940000000005  2.4062253333333334
   171  4.356128  2.5339156666666667
   172  4.2623576666666665  2.6094209999999998
   173  4.1430533333333335  2.557236
   174  4.236823666666667  2.4817306666666665
   175  4.13303  1.595968
   176  3.965247333333333  1.7951566666666667
   177  4.049138666666666  1.6955623333333334
   178  4.166641333333333  1.7217740000000001
   179  4.200252666666667  1.84758
   180  4.08275  1.8213683333333333
   181  7.970886  0.023089566666666672
   182  7.969704  -0.15884466666666666
   183  8.069788  -0.07218772666666666
   184  7.586717  -0.07017452
   185  7.843617666666667  0.11329102666666667
   186  7.7151673333333335  0.021558253333333333
   187  7.7139853333333335  -0.16037598
   188  7.841253666666667  -0.25057744
   189  7.842435666666667  -0.06864320666666666
   190  4.063563  -0.28953498666666666
   191  4.061393  -0.18179087333333332
   192  3.950581666666667  -0.23791668666666665
   193  4.408818  -0.2286871
   194  4.180094666666666  -0.3410817666666667
   195  4.294456333333334  -0.28488443333333335
   196  4.292286333333333  -0.17714032000000002
   197  4.175754666666667  -0.12559354
   198  4.177924666666667  -0.23333765333333334
   199  4.076133  -0.6001814333333334
   200  4.070933  -0.49873026666666664
   201  3.9601219999999997  -0.5548561
   202  4.419489  -0.531724
   203  4.194051666666667  -0.6449964
   204  4.306770333333333  -0.5883602
   205  4.301570333333333  -0.4869090333333333
   206  4.183651666666666  -0.4420940666666667
   207  4.1888516666666655  -0.5435452333333334
   208  4.059955  0.02766932666666666
   209  4.060687  0.1293854133333333
   210  3.946973666666667  0.07928760666666666
   211  4.406722  0.07603436
   212  4.1750560000000005  -0.02401972
   213  4.290889  0.02600732
   214  4.291621  0.12772340666666665
   215  4.17652  0.17941245333333333
   216  4.175788  0.07769636666666666
   217  4.065053333333333  0.33884559999999997
   218  4.0686876666666665  0.4465897
   219  3.954974  0.3964919
   220  4.413084  0.3810399
   221  4.1786406666666664  0.28108096666666665
   222  4.295862333333333  0.33106043333333335
   223  4.299496666666666  0.4388045333333333
   224  4.185909333333333  0.4965691666666667
   225  4.182275  0.3888250666666666
   226  4.0790733333333336  0.6556029333333333
   227  4.085824666666666  0.7568720666666667
   228  3.968994  0.7132492333333333
   229  4.428092  0.6831937
   230  4.190912  0.5972871
   231  4.309502  0.6402404
   232  4.316253333333334  0.7415095333333334
   233  4.204414666666667  0.7998253666666667
   234  4.197663333333334  0.6985562333333334
   235  4.0977923333333335  -0.9171208666666666
   236  4.089562666666667  -0.8093767333333334
   237  3.9817810000000002  -0.8717954999999998
   238  4.439081  -0.8368666
   239  4.217041666666667  -0.9621988666666667
   240  4.328061333333333  -0.8995327333333333
   241  4.3198316666666665  -0.7917886000000001
   242  4.200582333333333  -0.7467106
   243  4.208812  -0.8544547333333333
   244  4.129559333333333  -1.2256503333333333
   245  4.117790666666667  -1.1252576666666667
   246  4.010009  -1.1876763333333333
   247  4.467729  -1.135121
   248  4.2501283333333335  -1.2624023333333334
   249  4.3589286666666665  -1.1987616666666667
   250  4.347160000000001  -1.098369
   251  4.226591  -1.061617
   252  4.238359666666667  -1.1620096666666668
   253  4.129758  0.9921268
   254  4.16694  1.1261124
   255  4.022796333333333  1.0562480666666667
   256  4.452346  0.98816
   257  4.212499333333334  0.9014808000000001
   258  4.332422666666667  0.9448204
   259  4.369604666666667  1.078806
   260  4.286863333333334  1.169452
   261  4.249681333333333  1.0354664
   262  4.180424666666666  1.3720546666666666
   263  4.156727333333333  1.4840113333333333
   264  4.022452333333333  1.521891
   265  3.9118746666666664  1.447814
   266  4.0461496666666665  1.4099343333333334
   267  7.862328  1.084283
   268  8.090289333333333  0.9540202666666667
   269  7.976308666666666  1.0191516333333335
   270  7.8702076666666665  0.9532424333333334
   271  7.878087333333333  0.8222018666666666
   272  7.984188333333333  0.8881110666666667
   273  7.914667333333333  0.5291154666666666
   274  7.943367666666667  0.3670696333333333
   275  8.032358666666667  0.48728056666666664
   276  7.932889  -0.5081528
   277  7.897256  -0.6755267
   278  8.016532333333332  -0.6369840666666667
   279  7.827154  -1.235539
   280  7.850133333333333  -0.9737800666666666
   281  7.838643666666667  -1.1046595333333333
   282  7.943159666666667  -1.173861
   283  8.059165333333334  -1.112183
   284  7.954649333333333  -1.0429815333333332
   285  4.171944  -1.5415316666666667
   286  4.156636  -1.4337873333333333
   287  4.052393666666666  -1.5035576666666668
   288  4.507256  -1.438931
   289  4.29392  -1.579161
   290  4.400588  -1.5090459999999999
   291  4.38528  -1.4013016666666667
   292  4.263304  -1.3636723333333334
   293  4.278612  -1.4714166666666666
   294  4.223569  -2.04181
   295  3.990873666666667  -1.9196606666666667
   296  4.107221333333333  -1.9807353333333333
   297  4.211463333333334  -1.9109653333333332
   298  4.199357666666667  -1.7801206666666667
   299  4.0951156666666675  -1.8498906666666668
   300  4.494080333333334  -1.337661
   301  4.4809046666666665  -1.236391
   302  4.372104333333334  -1.3000316666666667
   303  4.759928  -1.146457
   304  4.59148  -1.3414396666666666
   305  4.6757040000000005  -1.2439483333333334
   306  4.662528333333333  -1.1426783333333335
   307  4.565128666666667  -1.1388996666666666
   308  4.5783043333333335  -1.2401696666666666
   309  4.458179666666667  -1.0357028666666668
   310  4.448630333333333  -0.9362847333333334
   311  4.337610666666667  -0.9989508666666667
   312  4.652979  -1.0432602
   313  4.54603  -0.9400634
   314  4.555579333333333  -1.0394815333333334
   315  4.432550333333333  -0.7351524
   316  4.426019666666666  -0.6334382
   317  4.313301  -0.6900744
   318  4.764664  -0.7120926
   319  4.547608666666666  -0.7952752666666667
   320  4.656136333333333  -0.7536839333333333
   321  4.649605666666666  -0.6519697333333333
   322  4.534547333333333  -0.5918468666666666
   323  4.541078  -0.6935610666666667
   324  4.415932  -0.4307117
   325  4.412375  -0.3296994
   326  4.2980133333333335  -0.38589673333333335
   327  4.760349  -0.3680146
   328  4.533109  -0.4771542
   329  4.646729  -0.4225844
   330  4.643172  -0.3215721
   331  4.525995  -0.27512960000000003
   332  4.529552  -0.3761419
   333  4.763225666666666  -0.5973999333333333
   334  4.761787333333333  -0.48270726666666663
   335  4.648167333333333  -0.5372770666666667
   336  5.113648  -0.49784
   337  4.880992  -0.6406750666666666
   338  4.99732  -0.5692575333333333
   339  4.9958816666666666  -0.4545648666666667
   340  4.878115333333334  -0.41128973333333335
   341  4.879553666666666  -0.5259824000000001
   342  5.095489  -0.8916534
   343  4.8749389999999995  -0.7719462
   344  4.985214  -0.8317998
   345  5.101542  -0.7603822666666666
   346  5.107595  -0.6291111333333333
   347  4.991267000000001  -0.7005286666666667
   348  5.056481  -0.1077751
   349  5.094592333333334  -0.3678183666666667
   350  5.075536666666666  -0.23779673333333334
   351  4.957770333333333  -0.19452160000000002
   352  4.859059666666666  -0.2812681
   353  4.976826  -0.32454323333333335
   354  4.712222  0.02368719
   355  4.744306666666667  -0.23744733666666668
   356  4.728264333333333  -0.10688007333333333
   357  4.611087333333333  -0.06043757333333334
   358  4.509952666666667  -0.14456233666666668
   359  4.627129666666666  -0.19100483666666668
   360  4.4180866666666665  0.48175783333333333
   361  4.423089333333333  0.5824757666666667
   362  4.304499333333333  0.5395224666666667
   363  4.766571  0.5149315
   364  4.530913  0.4256704333333333
   365  4.6487419999999995  0.47030096666666665
   366  4.653744666666666  0.5710189
   367  4.540918333333334  0.6271063
   368  4.535915666666667  0.5263883666666667
   369  4.512796666666667  0.26192233
   370  4.612509333333333  0.14280476
   371  4.730338333333333  0.1874352933333333
   372  4.7484546666666665  0.35118339666666665
   373  4.630625666666667  0.3065528633333333
   374  4.751534  0.9092588
   375  4.761558666666667  0.6463739333333334
   376  4.7565463333333335  0.7778163666666666
   377  4.64372  0.8339037666666667
   378  4.535906000000001  0.7585487333333334
   379  4.648732333333334  0.7024613333333334
   380  4.436176666666667  0.7848491333333334
   381  4.444261333333333  0.8865045666666667
   382  4.324338  0.8431649666666666
   383  4.651804666666667  0.9355592
   384  4.552075333333334  0.9618596
   385  4.543990666666667  0.8602041666666667
   386  4.690274  1.283668
   387  4.731114  1.0340618666666668
   388  4.710694  1.1588649333333334
   389  4.610964666666667  1.1851653333333334
   390  4.531655333333333  1.0866626666666668
   391  4.6313846666666665  1.0603622666666668
   392  4.4081193333333335  -0.12711328
   393  4.407420666666667  -0.025539460000000014
   394  4.2915876666666675  -0.0755665
   395  4.610388666666666  0.04113624666666667
   396  4.508555333333334  0.05858530333333334
   397  4.509253999999999  -0.04298851666666667
   398  4.410963333333333  0.27937138666666667
   399  4.408842666666667  0.17770287333333332
   400  4.510675999999999  0.16025381666666666
   401  4.293741666666667  0.22939191999999997
   402  4.848934  -1.636725
   403  4.621148666666667  -1.5048623333333333
   404  4.735041333333333  -1.5707936666666666
   405  4.819265333333333  -1.4733023333333333
   406  4.789596666666667  -1.3098796666666668
   407  4.705372666666666  -1.4073710000000001
   408  4.7615066666666666  -1.0016688666666667
   409  4.763085333333334  -0.8568807333333333
   410  4.654557666666666  -0.8984720666666668
   411  4.465513  1.638217
   412  4.311080333333333  1.861663
   413  4.388296666666666  1.74994
   414  4.512612666666667  1.7745616666666668
   415  4.559712333333333  1.9109063333333334
   416  4.435396333333332  1.8862846666666668
   417  4.666669  2.437832
   418  4.626764333333333  2.1774446666666667
   419  4.646716666666666  2.3076383333333337
   420  4.546132666666667  2.384733
   421  4.425596333333333  2.331634
   422  4.526180333333333  2.2545393333333337
   423  5.062768  1.152398
   424  4.855278666666667  0.9903052
   425  4.959023333333334  1.0713516
   426  4.938603333333333  1.1961546666666667
   427  4.814438666666667  1.2399113333333334
   428  4.834858666666666  1.1151082666666667
   429  4.528223333333333  1.2758113333333334
   430  4.3661726666666665  1.2679546666666666
   431  4.448914  1.1773086666666668
   432  7.619596  0.3240975
   433  7.854577333333333  0.24471503333333333
   434  7.7370866666666664  0.2844062666666667
   435  7.608636333333333  0.1926734933333333
   436  7.597676666666667  0.06124948666666663
   437  7.726127000000001  0.15298226
   438  7.60729  -0.4652799
   439  7.593574666666667  -0.20187631333333333
   440  7.600432333333333  -0.3335781066666667
   441  7.727700666666666  -0.42377956666666666
   442  7.848111333333334  -0.38227923333333336
   443  7.7208429999999995  -0.29207777333333335
   444  4.537531  -1.833577
   445  4.304011666666667  -1.7107096666666666
   446  4.420771333333334  -1.7721433333333334
   447  4.527439333333334  -1.7020283333333333
   448  4.517347666666667  -1.5704796666666667
   449  4.410679666666667  -1.6405946666666666
   450  4.348283  -3.313131
   451  4.564307  -3.636364
   452  4.842552  -3.268191
   453  4.420291000000001  -3.420875333333333
   454  4.492299  -3.5286196666666667
   455  4.657055333333334  -3.5136396666666667
   456  4.749803666666667  -3.390915333333333
   457  4.677795666666667  -3.283171
   458  4.513039333333333  -3.298151
   459  4.585047333333335  -3.4058953333333335
   460  4.571666666666666  2.5124233333333335
   461  4.476664333333334  2.5870146666666667
   462  4.4511303333333325  2.4593243333333334
   463  4.699234  2.803895
   464  4.677524  2.559853
   465  4.688378999999999  2.681874
   466  4.593376666666667  2.7564653333333333
   467  4.487519333333333  2.7090356666666664
   468  4.5825216666666675  2.634444333333333
   469  4.192183  2.989899
   470  4.318502333333334  2.7710369999999998
   471  4.2553426666666665  2.880468
   472  4.1360383333333335  2.828283
   473  4.079893666666666  2.666667
   474  4.199198  2.718852
   475  4.5302169999999995  2.865896333333333
   476  4.3612  2.9278976666666665
   477  4.424359666666667  2.818466666666667
   478  3.8546696666666667  1.7210796666666668
   479  3.827983333333333  1.5474083333333333
   480  3.938561  1.6214853333333334
   481  4.243857666666666  1.6100510000000001
   482  4.354685333333333  1.624134
   483  4.277468999999999  1.735857
   484  4.2912523333333334  1.3861376666666667
   485  4.378382666666666  1.5121773333333333
   486  4.267555  1.4980943333333334
   487  5.04296  2.56672
   488  4.792099333333333  2.4807946666666667
   489  4.917529666666667  2.5237573333333336
   490  4.928384666666666  2.6457783333333333
   491  4.813809333333333  2.7248366666666666
   492  4.802954333333333  2.602815666666667
   493  8.102234  1.373737
   494  8.170257999999999  1.0505049333333334
   495  8.136246  1.2121209666666666
   496  8.022265333333333  1.2772523333333334
   497  7.942296666666667  1.1807676666666667
   498  8.056277333333332  1.1156363
   499  7.71557  1.450066
   500  7.973345999999999  1.39918
   501  7.8444579999999995  1.424623
   502  7.764489333333333  1.3281383333333334
   503  7.813408666666667  1.2062106666666668
   504  7.8933773333333335  1.3026953333333335
   505  7.528362  0.8669294
   506  7.751006  1.0118318
   507  7.639684  0.9393806
   508  7.647563666666667  0.8083400333333333
   509  7.766765333333334  0.7497506666666667
   510  7.758885666666667  0.8807912333333334
   511  7.499305  -1.008926
   512  7.740850333333333  -0.8982424
   513  7.620077666666666  -0.9535842
   514  7.608588  -1.0844636666666667
   515  7.717871  -1.1600013333333332
   516  7.729360666666667  -1.0291218666666666
   517  8.055274  -1.535354
   518  7.903194  -1.3354773333333334
   519  7.979234000000001  -1.4354156666666666
   520  8.095239666666668  -1.3737376666666667
   521  8.135205333333333  -1.2121213333333334
   522  8.019199666666667  -1.2737993333333335
   523  7.665531  -1.595205
   524  7.773279666666666  -1.3554276666666667
   525  7.7194053333333335  -1.4753163333333332
   526  7.795445333333333  -1.5752546666666667
   527  7.925359666666667  -1.5553043333333334
   528  7.849319666666666  -1.455366
   529  7.949153  1.860336
   530  8.051207  1.5359366666666667
   531  8.00018  1.6981363333333332
   532  7.8712919999999995  1.7235793333333334
   533  7.793431  1.5868226666666667
   534  7.922318999999999  1.5613796666666666
   535  7.376317  1.236359
   536  7.7003243333333335  1.134975
   537  7.5383206666666664  1.185667
   538  7.426998666666667  1.1132157999999999
   539  7.477680333333334  0.9900726
   540  7.589002333333333  1.0625238000000001
   541  3.979964  -2.343434
   542  3.909672  -2.020202
   543  3.9448179999999997  -2.181818
   544  4.061165666666667  -2.2428926666666666
   545  4.1423673333333335  -2.142351333333333
   546  4.0260196666666666  -2.081276666666666
   547  4.44655  -2.366629
   548  4.135492666666667  -2.3511656666666667
   549  4.291021333333333  -2.358897333333333
   550  4.372223  -2.258356
   551  4.297896000000001  -2.150083
   552  4.216694333333334  -2.250624333333333
   553  4.871781666666667  -1.0615224666666667
   554  4.983635333333333  -0.9765879333333334
   555  4.873360333333333  -0.9167343333333333
   556  5.427813  -0.2525748
   557  5.218369666666667  -0.41608493333333335
   558  5.323091333333334  -0.33432986666666664
   559  5.304035666666667  -0.20430823333333334
   560  5.180258333333334  -0.1560416666666667
   561  5.199314  -0.28606329999999996
   562  4.328223  -1.972399
   563  4.432877  -1.902988
   564  4.316117333333334  -1.8415543333333335
   565  4.476877  -2.188945
   566  4.507204000000001  -2.011261
   567  4.402550000000001  -2.080672
   568  5.450611  -0.7107035
   569  5.213863  -0.8313367666666667
   570  5.332237  -0.7710201333333334
   571  5.338290000000001  -0.639749
   572  5.225969  -0.5687945
   573  5.2199160000000004  -0.7000656333333334
   574  4.9417279999999995  -0.06395433666666667
   575  4.826975  -0.02013357333333332
   576  4.843017333333333  -0.15070083666666667
   577  5.007931  0.2815732
   578  5.040297666666667  0.02200766666666669
   579  5.024114333333333  0.15179043333333336
   580  4.909361333333333  0.1956111966666667
   581  4.810791666666667  0.10964919333333337
   582  4.925544666666666  0.06582843000000001
   583  5.356516  0.155238
   584  5.156492666666667  -0.02010406666666667
   585  5.256504333333333  0.06756696666666666
   586  5.240321  0.19734973333333333
   587  5.124126  0.23946146666666668
   588  5.140309333333334  0.1096787
   589  4.927477666666666  0.3593593
   590  4.847024333333334  0.4371454
   591  4.828907999999999  0.2733972966666667
   592  5.214832  0.6450424
   593  5.076898  0.4027296
   594  5.145865000000001  0.5238860000000001
   595  5.065411666666667  0.6016721
   596  4.915991333333333  0.5583018
   597  4.996444666666666  0.48051570000000005
   598  5.3092880000000005  0.31850613333333333
   599  5.26206  0.4817742666666667
   600  5.193093  0.3606178666666667
   601  5.060399333333334  0.7331145333333333
   602  4.905966666666667  0.8211866666666667
   603  4.910979  0.6897442333333333
   604  7.332125  -1.37198
   605  7.662144333333333  -1.2810193333333333
   606  7.497134666666667  -1.3264996666666666
   607  7.443260333333333  -1.4463883333333334
   608  7.554395666666666  -1.5207966666666666
   609  7.60827  -1.400908
   610  7.883907  -2.020202
   611  7.738322999999999  -1.7368706666666667
   612  7.811115  -1.8785363333333331
   613  7.941029333333334  -1.8585859999999998
   614  7.998151666666667  -1.69697
   615  7.868237333333333  -1.7169203333333332
   616  4.641332  -1.7679596666666666
   617  4.745133  -1.7023423333333334
   618  4.631240333333333  -1.636411
   619  4.860068  -2.056849
   620  4.645043333333334  -1.908001
   621  4.752555666666667  -1.982425
   622  4.856356666666667  -1.9168076666666667
   623  4.852645333333333  -1.7767663333333334
   624  4.7488443333333334  -1.8423836666666666
   625  4.584389333333333  -2.263369
   626  4.722228666666667  -2.1601090000000003
   627  4.614716333333333  -2.0856850000000002
   628  5.209069  -1.806389
   629  4.976401666666667  -1.9733623333333334
   630  5.092735333333334  -1.8898756666666667
   631  5.089024  -1.7498343333333333
   632  4.968979  -1.6932796666666667
   633  4.972690333333333  -1.833321
   634  5.186024  -1.4238
   635  4.9612973333333334  -1.56575
   636  5.073660666666666  -1.494775
   637  5.043992  -1.3313523333333332
   638  4.90196  -1.2389046666666668
   639  4.931628666666667  -1.4023273333333333
   640  5.164144  0.8141609333333334
   641  5.113456  0.9832794666666667
   642  5.0097113333333345  0.9022330666666667
   643  4.924978  1.668931
   644  5.016838  1.3245756666666666
   645  4.9709080000000005  1.4967533333333334
   646  4.846743333333333  1.54051
   647  4.7685086666666665  1.412089
   648  4.892673333333334  1.3683323333333333
   649  4.6186679999999996  1.648455
   650  4.771823  1.658693
   651  4.8189226666666665  1.7950376666666668
   652  4.7128673333333335  1.9211443333333333
   653  4.6657676666666665  1.7847996666666666
   654  4.979153  2.190066
   655  4.730925666666667  2.094856
   656  4.855039333333333  2.142461
   657  4.874991666666666  2.2726546666666665
   658  4.7708303333333335  2.3552433333333336
   659  4.750878  2.2250496666666666
   660  7.797176666666666  0.5688067
   661  7.708386333333333  0.4464521
   662  7.825876999999999  0.40676086666666667
   663  7.257945  0.1557501
   664  7.4990456666666665  0.2679817
   665  7.378495333333333  0.2118659
   666  7.367535666666667  0.08044189333333333
   667  7.4771263333333335  0.005133686666666665
   668  7.488086  0.1365576933333333
   669  7.251062  -0.2857405
   670  7.474832  -0.14202984666666668
   671  7.362947  -0.21388517333333334
   672  7.369804666666667  -0.34558696666666666
   673  7.488547333333333  -0.40543343333333337
   674  7.481689666666667  -0.27373164
   675  7.6920676666666665  -0.5911534666666667
   676  7.776845333333333  -0.7170270333333333
   677  7.812478333333334  -0.5496531333333333
   678  4.129268  -2.828283
   679  4.029732  -2.505050333333333
   680  4.0794999999999995  -2.6666666666666665
   681  4.2350286666666666  -2.6743983333333334
   682  4.340789333333333  -2.5205136666666665
   683  4.185260666666667  -2.512782
   684  4.963109  -3.616287
   685  4.697241  -3.6296716666666664
   686  4.8301750000000006  -3.6229793333333333
   687  4.922923333333333  -3.5002549999999997
   688  4.882737666666667  -3.384223
   689  4.789989333333334  -3.506947333333333
   690  4.519375  -2.952335
   691  4.734826333333333  -3.1629056666666666
   692  4.627100666666667  -3.0576203333333334
   693  4.462344333333333  -3.0726003333333334
   694  4.405313666666667  -3.1928656666666666
   695  4.57007  -3.1778856666666666
   696  5.000422  2.3156173333333334
   697  5.021691  2.4411686666666665
   698  4.896260666666667  2.398206
   699  5.3526  2.320534
   700  5.103635333333333  2.2335553333333333
   701  5.228117666666667  2.2770446666666664
   702  5.249386666666666  2.402596
   703  5.1461733333333335  2.484658
   704  5.124904333333333  2.359106666666667
   705  5.310968  1.886601
   706  5.089758  2.088911
   707  5.200363  1.9877559999999999
   708  5.324845333333333  2.031245333333333
   709  5.3387226666666665  2.1758896666666665
   710  5.214240333333333  2.1324003333333335
   711  5.413364  2.714779
   712  5.372854666666666  2.451949
   713  5.393109333333333  2.583364
   714  5.289896  2.665426
   715  5.166428  2.616073
   716  5.269641333333333  2.534011
   717  5.113013  2.959968
   718  5.066311  2.6978026666666666
   719  5.089662  2.8288853333333335
   720  4.975086666666666  2.9079436666666667
   721  4.837160333333333  2.855919333333333
   722  4.951735666666667  2.7768610000000002
   723  5.404047333333334  -0.1166372
   724  5.380281666666667  0.019300399999999995
   725  5.280270000000001  -0.06837063333333333
   726  5.745151  -0.01484606
   727  5.533592333333334  -0.17333188666666666
   728  5.6393716666666664  -0.09408897333333333
   729  5.615606  0.04184862666666666
   730  5.486061  0.09854331333333333
   731  5.509826666666666  -0.037394286666666665
   732  5.794175  -0.4109535
   733  5.549933666666667  -0.3053677
   734  5.6720543333333335  -0.3581606
   735  5.777833666666667  -0.2789176866666667
   736  5.761492333333333  -0.14688187333333336
   737  5.6557129999999995  -0.2261247866666667
   738  5.686891  0.3800087
   739  5.725731  0.11677219333333333
   740  5.706311  0.24839044666666665
   741  5.576766  0.3050851333333333
   742  5.466641  0.23016156666666665
   743  5.596185999999999  0.17346688
   744  5.236505  -2.204971
   745  4.985547  -2.106223
   746  5.111026  -2.155597
   747  5.227359666666667  -2.0721103333333333
   748  5.218214333333334  -1.9392496666666668
   749  5.101880666666667  -2.022736333333333
   750  5.201387333333334  -1.6788593333333333
   751  5.193705666666666  -1.5513296666666667
   752  5.081342333333333  -1.6223046666666665
   753  5.54333  -1.594266
   754  5.320489333333334  -1.7356813333333334
   755  5.431909666666667  -1.6649736666666666
   756  5.424228  -1.537444
   757  5.305126  -1.4806219999999999
   758  5.312807666666667  -1.6081516666666669
   759  5.561812  -1.992813
   760  5.32665  -1.8685303333333334
   761  5.444231  -1.9306716666666666
   762  5.5556513333333335  -1.859964
   763  5.549490666666666  -1.727115
   764  5.438070333333333  -1.7978226666666668
   765  5.513839  -1.196382
   766  5.533499666666667  -1.461638
   767  5.523669333333333  -1.32901
   768  5.4045673333333335  -1.272188
   769  5.295295666666666  -1.347994
   770  5.414397666666667  -1.404816
   771  7.558773333333334  0.6859854333333333
   772  7.589184666666666  0.5050414666666667
   773  7.677975  0.6273960666666666
   774  7.571295  -0.6464952666666667
   775  7.535299999999999  -0.8277106333333333
   776  7.656072666666667  -0.7723688333333333
   777  5.443011666666667  -0.5579939333333334
   778  5.435412333333334  -0.4052843666666667
   779  5.330690666666667  -0.48703943333333327
   780  5.234939  -0.9932296
   781  5.374389  -1.0948058
   782  5.492763  -1.0344891666666667
   783  5.471687  -0.8725963333333333
   784  5.353313  -0.9329129666666667
   785  5.155845666666666  -1.2464178
   786  5.125667333333333  -1.0690356
   787  5.013813666666667  -1.1539701333333332
   788  5.344358  1.444657
   789  5.156631333333333  1.2498176666666667
   790  5.2504946666666665  1.3472373333333334
   791  5.204564666666666  1.519415
   792  5.064771333333334  1.594173
   793  5.110701333333334  1.4219953333333333
   794  4.540433333333333  1.520034
   795  4.615353666666667  1.401851
   796  4.6935883333333335  1.530272
   797  4.943036333333334  1.8426426666666667
   798  4.961094666666667  2.016354333333333
   799  4.836981000000001  1.9687493333333332
   800  5.053641333333333  1.7414876666666665
   801  5.182304666666667  1.8140443333333334
   802  5.0716996666666665  1.915199333333333
   803  5.657008  2.061467
   804  5.426314666666666  1.9448896666666666
   805  5.541661333333334  2.0031783333333335
   806  5.555538666666667  2.1478226666666664
   807  5.454069333333333  2.2341783333333334
   808  5.440192  2.089534
   809  5.72535  2.464888
   810  5.47685  2.368652
   811  5.6011  2.41677
   812  5.621354666666666  2.548185
   813  5.517359333333333  2.631482
   814  5.497104666666666  2.500067
   815  5.313247  2.7965086666666665
   816  5.21313  2.8782383333333335
   817  5.189778999999999  2.7471556666666666
   818  5.482252  3.105722
   819  5.436326666666666  2.8450933333333333
   820  5.459289333333333  2.975407666666667
   821  5.359172333333333  3.0571373333333334
   822  5.236092666666666  3.0085526666666667
   823  5.336209666666666  2.926823
   824  5.788963  2.850136
   825  5.538563666666667  2.759898
   826  5.663763333333333  2.805017
   827  5.686726  2.9353313333333335
   828  5.584489  3.0205266666666666
   829  5.561526333333333  2.890212333333333
   830  5.146889  3.38708
   831  5.3704643333333335  3.1995080000000002
   832  5.258676666666666  3.293294
   833  5.135597  3.2447093333333332
   834  5.124305  3.102338666666667
   835  5.247384666666666  3.1509233333333335
   836  7.292581  0.5539756
   837  7.510591  0.4007235333333333
   838  7.401586  0.47734956666666667
   839  7.281035666666667  0.4212337666666667
   840  7.269490333333334  0.28849193333333334
   841  7.390040666666667  0.34460773333333333
   842  7.255650666666667  0.008586566666666656
   843  7.2533563333333335  -0.1385769666666667
   844  7.3652413333333335  -0.06672164000000001
   845  5.344940666666667  -2.1342516666666667
   846  5.453376333333333  -2.0635323333333333
   847  5.3357953333333334  -2.001391
   848  5.588392  -2.389048
   849  5.353800666666666  -2.26633
   850  5.471096333333334  -2.327689
   851  5.5795319999999995  -2.2569696666666665
   852  5.570672  -2.1248913333333332
   853  5.462236333333333  -2.1956106666666666
   854  5.251879  -2.603958
   855  5.241629666666666  -2.3379666666666665
   856  5.2467543333333335  -2.4709623333333335
   857  5.36405  -2.5323213333333334
   858  5.476221  -2.4606846666666664
   859  5.358925333333333  -2.3993256666666665
   860  5.920735  -2.167745
   861  5.699173  -2.3152803333333334
   862  5.809953999999999  -2.2415126666666665
   863  5.801094  -2.109434333333333
   864  5.681452999999999  -2.051123666666667
   865  5.690313  -2.183202
   866  5.874047  -1.369718
   867  5.653569  -1.5194166666666666
   868  5.763808  -1.4445673333333333
   869  5.753977666666667  -1.3119393333333333
   870  5.633908333333333  -1.2541606666666667
   871  5.643738666666667  -1.3867886666666667
   872  7.273267  -0.6848522
   873  7.258463666666667  -0.41877773333333335
   874  7.265865333333333  -0.5518149666666667
   875  7.384608  -0.6116614333333333
   876  7.4959489999999995  -0.5384706666666667
   877  7.3772063333333335  -0.47862420000000006
   878  5.898609  -1.777493
   879  5.674077666666666  -1.9210396666666667
   880  5.786343333333334  -1.8492663333333332
   881  5.780182666666667  -1.7164173333333332
   882  5.661756333333334  -1.6553416666666667
   883  5.667917  -1.7881906666666667
   884  5.265117333333333  -1.1706117999999999
   885  5.565132333333334  -0.6107868333333334
   886  5.679653666666667  -0.5108701666666667
   887  5.557532999999999  -0.45807726666666665
   888  6.11345  -0.170351
   889  5.9006  -0.3307526666666667
   890  6.0070250000000005  -0.2505518333333333
   891  5.9906836666666665  -0.11851602
   892  5.867917333333334  -0.06668104
   893  5.884258666666667  -0.19871685333333333
   894  6.058721  0.233146
   895  5.849674333333334  0.06781796
   896  5.9541976666666665  0.15048198
   897  5.934777666666667  0.28210023333333334
   898  5.810834333333333  0.33105446666666666
   899  5.830254333333333  0.1994362133333333
   900  5.5295380000000005  0.46835326666666666
   901  5.372185  0.5566978333333333
   902  5.419413  0.3934297
   903  4.921828  -3.959596
   904  4.683480666666667  -3.7441079999999998
   905  4.802654333333333  -3.851852
   906  4.9355883333333335  -3.8451596666666665
   907  4.949348666666666  -3.730723333333333
   908  4.816414666666667  -3.7374156666666667
   909  5.25517  -3.799594
   910  5.032941999999999  -3.906262
   911  5.144056  -3.852928
   912  5.157816333333333  -3.7384916666666665
   913  5.060462666666667  -3.677389333333333
   914  5.046702333333333  -3.7918256666666665
   915  5.40678  -4.134105
   916  5.083478666666666  -4.017765666666667
   917  5.245129333333334  -4.075935333333334
   918  5.3562433333333335  -4.022601333333333
   919  5.305706666666667  -3.9110976666666666
   920  5.194592666666666  -3.9644316666666666
   921  5.668784  -3.854457
   922  5.4941146666666665  -4.040889
   923  5.5814493333333335  -3.947673
   924  5.530912666666667  -3.8361693333333333
   925  5.393041333333333  -3.8178816666666666
   926  5.443578  -3.9293853333333337
   927  5.315347  -3.433527
   928  5.2752289999999995  -3.6775716666666667
   929  5.295288  -3.5555493333333335
   930  5.197934333333333  -3.494447
   931  5.080521666666667  -3.555367
   932  5.177875333333333  -3.6164693333333333
   933  5.915254  -4.092001
   934  5.576271333333334  -4.1200703333333335
   935  5.745762666666667  -4.106035666666666
   936  5.833097333333333  -4.012819666666666
   937  5.750940666666667  -3.933638333333333
   938  5.663606000000001  -4.0268543333333335
   939  6.03241  -3.723805
   940  5.954306  -3.9692689999999997
   941  5.993358  -3.846537
   942  5.911201333333333  -3.7673556666666665
   943  5.789992666666667  -3.8109063333333335
   944  5.872149333333333  -3.8900876666666666
   945  5.550971666666666  -3.714147
   946  5.433159333333333  -3.573837
   947  5.4131003333333325  -3.6958593333333334
   948  6.423729  -3.868619
   949  6.084745666666667  -4.017540333333333
   950  6.254237333333333  -3.9430796666666663
   951  6.293289333333333  -3.8203476666666667
   952  6.162849666666666  -3.772076333333333
   953  6.123797666666666  -3.8948083333333336
   954  5.733463  -3.463126
   955  5.932761  -3.636912
   956  5.833112  -3.550019
   957  5.711903333333334  -3.5935696666666668
   958  5.690343666666666  -3.724013333333333
   959  5.811552333333334  -3.680462666666667
   960  5.1577486666666665  -3.378415
   961  5.000150333333334  -3.323303
   962  5.040336  -3.439335
   963  6.244409  -3.362832
   964  6.103076333333333  -3.6034806666666666
   965  6.173742666666667  -3.4831563333333335
   966  6.074093666666667  -3.396263333333333
   967  5.903778333333333  -3.429694666666667
   968  6.003427333333334  -3.5165876666666662
   969  5.594091000000001  -3.453259666666667
   970  5.454719  -3.4433933333333333
   971  5.572531333333333  -3.5837033333333337
   972  6.363955666666667  -3.700023333333333
   973  6.304182333333333  -3.5314276666666666
   974  6.233515999999999  -3.6517519999999997
   975  5.808564  -3.070452
   976  6.099127333333334  -3.265372
   977  5.953845666666666  -3.167912
   978  5.783530333333333  -3.2013433333333334
   979  5.758496666666667  -3.3322346666666665
   980  5.928812000000001  -3.2988033333333333
   981  5.746554333333333  2.5933040000000003
   982  5.7677586666666665  2.72172
   983  5.642558999999999  2.6766010000000002
   984  6.098938  2.601076
   985  5.849879333333333  2.510284
   986  5.974408666666667  2.55568
   987  5.9956130000000005  2.684096
   988  5.892288  2.767116
   989  5.871083666666666  2.6387
   990  6.030787  2.207523
   991  5.827162333333333  2.379099666666667
   992  5.928974666666667  2.2933113333333335
   993  6.053504  2.3387073333333332
   994  6.076221  2.469891666666667
   995  5.951691666666666  2.4244956666666666
   996  6.160924  2.995648
   997  6.1196  2.7326
   998  6.140262  2.864124
   999  6.036937  2.947144
   1000  5.9129499999999995  2.89864
   1001  6.016275  2.8156200000000005
   1002  4.876075  -2.510118
   1003  5.116361666666667  -2.3066866666666668
   1004  4.996218333333333  -2.408402333333333
   1005  5.001343  -2.541398
   1006  5.126611  -2.572678
   1007  5.121486333333333  -2.4396823333333333
   1008  4.918063  -2.922167
   1009  4.867722333333334  -3.1528496666666666
   1010  4.892892666666667  -3.0375083333333333
   1011  4.785167  -2.932223
   1012  4.652271  -2.942279
   1013  4.759996666666667  -3.0475643333333333
   1014  5.542689  3.500939
   1015  5.502397666666667  3.237461
   1016  5.522543333333333  3.3691999999999998
   1017  5.410755666666667  3.462986
   1018  5.278822333333333  3.425033
   1019  5.39061  3.331247
   1020  5.946562  -2.566731
   1021  5.707782  -2.4482756666666665
   1022  5.827172  -2.507503333333333
   1023  5.937953  -2.4337356666666667
   1024  5.9293439999999995  -2.300740333333333
   1025  5.818563  -2.374508
   1026  5.857371  3.244051
   1027  5.811765666666666  2.981441
   1028  5.834568333333333  3.112746
   1029  5.732331333333333  3.197941333333333
   1030  5.607291666666667  3.151831666666667
   1031  5.7095286666666665  3.0666363333333333
   1032  5.606587  -2.788455
   1033  5.370115  -2.665457
   1034  5.488351  -2.726956
   1035  5.600522  -2.6553193333333334
   1036  5.594457  -2.5221836666666664
   1037  5.482285999999999  -2.593820333333333
   1038  4.389339333333333  -2.9109843333333334
   1039  4.259303666666667  -2.8696336666666666
   1040  4.202273  -2.989899
   1041  4.275278  -3.151515
   1042  4.332308666666667  -3.031249666666666
   1043  4.798919  3.207343
   1044  5.030899  3.3271676666666665
   1045  4.914909  3.2672553333333334
   1046  4.903617  3.1248846666666665
   1047  5.008315  3.0424263333333332
   1048  5.019607  3.1847969999999997
   1049  5.913359666666667  -2.037661
   1050  5.9059843333333335  -1.907577
   1051  5.793718666666667  -1.9793503333333333
   1052  6.255527  -1.95301
   1053  6.032332333333333  -2.0961666666666665
   1054  6.143929666666667  -2.0245883333333334
   1055  6.136554333333334  -1.8945043333333333
   1056  6.017581666666667  -1.8359986666666666
   1057  6.024957000000001  -1.9660826666666666
   1058  6.275154  -2.351964
   1059  6.038874666666667  -2.2291513333333333
   1060  6.157014333333333  -2.290557666666667
   1061  6.268611666666667  -2.2189793333333334
   1062  6.262069333333333  -2.0859946666666667
   1063  6.150472  -2.1575729999999997
   1064  6.229934  -1.554395
   1065  6.246996  -1.8201383333333332
   1066  6.238465  -1.6872666666666667
   1067  6.1194923333333335  -1.628761
   1068  6.009050666666667  -1.703127
   1069  6.128023333333334  -1.7616326666666666
   1070  4.765690666666666  3.0728603333333333
   1071  4.732462333333333  2.9383776666666663
   1072  4.870388666666666  2.9904019999999996
   1073  4.596673666666667  3.1348616666666667
   1074  4.394428333333333  3.062380333333333
   1075  4.563445333333333  3.000379
   1076  6.059739666666666  3.078449
   1077  5.958555333333333  3.16125
   1078  5.935752666666667  3.029945
   1079  6.200417  3.361924
   1080  6.174088333333333  3.11774
   1081  6.187252666666667  3.2398320000000003
   1082  6.086068333333333  3.322633
   1083  5.971719666666666  3.2833419999999998
   1084  6.0729039999999985  3.200541
   1085  6.536105  3.132961
   1086  6.285984333333333  3.041419
   1087  6.411044666666666  3.08719
   1088  6.424209  3.209282
   1089  6.312313  3.285603
   1090  6.2991486666666665  3.1635109999999997
   1091  5.96524  3.680565
   1092  6.1220246666666664  3.468137666666667
   1093  6.043632333333333  3.5743513333333334
   1094  5.929283666666667  3.5350603333333335
   1095  5.893327333333333  3.3895556666666664
   1096  6.007675999999999  3.428846666666667
   1097  6.111305  -1.492836
   1098  5.992676  -1.431277
   1099  5.882234333333334  -1.505643
   1100  5.890421666666667  -1.641568
   1101  6.000863333333334  -1.567202
   1102  6.406193  2.345192
   1103  6.155922333333334  2.2534126666666667
   1104  6.281057666666666  2.2993023333333333
   1105  6.3037746666666665  2.4304866666666665
   1106  6.201356333333334  2.5157813333333334
   1107  6.178639333333334  2.384597
   1108  6.611332  -2.135465
   1109  6.387213333333333  -2.2797976666666666
   1110  6.499272666666666  -2.2076313333333335
   1111  6.492730333333333  -2.0746466666666667
   1112  6.3741286666666666  -2.013828333333333
   1113  6.3806709999999995  -2.146813
   1114  5.702569333333333  2.3304143333333336
   1115  5.679788666666667  2.1959406666666665
   1116  5.781601  2.110152333333333
   1117  5.906194  2.158837666666667
   1118  5.804381666666667  2.2446260000000002
   1119  6.472144  2.744601
   1120  6.22334  2.6489176666666667
   1121  6.347742  2.696759333333333
   1122  6.368404  2.8282833333333333
   1123  6.264664  2.9119656666666667
   1124  6.244001999999999  2.7804416666666665
   1125  6.056092666666666  -2.495142
   1126  6.1656233333333335  -2.423553
   1127  6.047483666666667  -2.362146666666667
   1128  6.30038  -2.749315
   1129  6.064501333333333  -2.6275923333333333
   1130  6.1824406666666665  -2.6884536666666667
   1131  6.291971333333333  -2.616864666666667
   1132  6.283562666666667  -2.4844143333333335
   1133  6.174032  -2.5560033333333334
   1134  5.900562666666667  -2.734638
   1135  5.854563333333333  -2.902545
   1136  5.972502666666666  -2.9634063333333334
   1137  6.136441333333333  -2.8563606666666668
   1138  6.018502000000001  -2.7954993333333333
   1139  6.633481  -2.528691
   1140  6.411413666666666  -2.6757736666666667
   1141  6.522447333333333  -2.6022323333333333
   1142  6.514038666666666  -2.469782
   1143  6.394596333333333  -2.410873
   1144  6.403005  -2.5433233333333334
   1145  6.588429  -1.731507
   1146  6.366494333333333  -1.8791756666666666
   1147  6.477461666666667  -1.8053413333333332
   1148  6.468930666666666  -1.6724696666666665
   1149  6.349432333333334  -1.6134323333333334
   1150  6.357963333333333  -1.746304
   1151  4.8654036666666665  -2.2079386666666667
   1152  4.870739333333334  -2.3590283333333333
   1153  4.990882666666667  -2.257312666666667
   1154  4.5897250000000005  -2.4144586666666665
   1155  4.7329  -2.4622883333333334
   1156  4.7275643333333335  -2.3111986666666664
   1157  6.529948  3.79798
   1158  6.534052666666667  3.354634
   1159  6.532000333333333  3.576307
   1160  6.420104333333334  3.652628
   1161  6.310260666666666  3.507276
   1162  6.422156666666667  3.4309549999999995
   1163  5.824389666666667  3.620689666666667
   1164  5.683539333333333  3.560814333333333
   1165  5.647583  3.4153096666666665
   1166  5.752477  3.329680333333333
   1167  5.788433333333333  3.4751849999999997
   1168  6.626098  -2.3976156666666664
   1169  6.618715  -2.2665403333333334
   1170  6.506655666666667  -2.3387066666666665
   1171  6.968269  -2.312597
   1172  6.745077  -2.4566596666666665
   1173  6.856673  -2.384628333333333
   1174  6.84929  -2.2535529999999997
   1175  6.730311  -2.194509
   1176  6.737694  -2.3255843333333335
   1177  6.988736  -2.711691
   1178  6.751899333333333  -2.5896909999999997
   1179  6.870317666666667  -2.650691
   1180  6.981913666666667  -2.578659666666667
   1181  6.975091333333333  -2.445628333333333
   1182  6.863495333333333  -2.5176596666666664
   1183  6.943789  -1.913729
   1184  6.960109  -2.1796409999999997
   1185  6.951949  -2.046685
   1186  6.8329699999999995  -1.987641
   1187  6.722151  -2.061553
   1188  6.84113  -2.120597
   1189  6.493464333333334  2.874054333333333
   1190  6.5147846666666664  3.0035076666666667
   1191  6.389724333333334  2.957736666666667
   1192  6.84593  2.882488
   1193  6.596739333333334  2.790563333333333
   1194  6.7213346666666665  2.8365256666666667
   1195  6.742655  2.965979
   1196  6.63938  3.04947
   1197  6.6180596666666665  2.9200166666666667
   1198  6.778928  2.488543
   1199  6.574405333333333  2.659248333333333
   1200  6.676666666666667  2.5738956666666666
   1201  6.8012619999999995  2.619858
   1202  6.823596  2.751173
   1203  6.699000666666667  2.7052106666666664
   1204  6.928178  3.474747
   1205  6.873346  3.0799076666666667
   1206  6.900762  3.277327333333333
   1207  6.797487  3.360818333333333
   1208  6.666796  3.2468896666666667
   1209  6.770071000000001  3.163398666666667
   1210  6.341712  3.7588416666666666
   1211  6.1534759999999995  3.7197033333333334
   1212  6.231868333333334  3.6134896666666663
   1213  6.671902  -3.045189
   1214  6.424220666666667  -2.847939666666667
   1215  6.548061333333333  -2.9465643333333333
   1216  6.659095  -2.873023
   1217  6.646288  -2.700857
   1218  6.5352543333333335  -2.7743983333333335
   1219  6.777513333333333  -2.9340230000000003
   1220  6.883124666666667  -2.822857
   1221  6.764706333333333  -2.7618570000000005
   1222  7.101695  -3.29421
   1223  6.815166333333334  -3.128196
   1224  6.958430666666667  -3.2112030000000003
   1225  7.064042000000001  -3.100037
   1226  7.026389  -2.9058640000000002
   1227  6.920777666666667  -3.01703
   1228  7.380719  -2.07708
   1229  7.105752333333333  -2.234091333333333
   1230  7.243235666666667  -2.1555856666666666
   1231  7.235075666666667  -2.0226296666666665
   1232  7.089432333333333  -1.9681793333333333
   1233  7.097592333333334  -2.1011353333333336
   1234  6.450160333333334  2.6114646666666665
   1235  6.428176666666666  2.4783283333333332
   1236  6.530438  2.3929756666666666
   1237  6.6546829999999995  2.4407593333333333
   1238  6.5524216666666675  2.526112
   1239  6.716908  2.093544
   1240  6.509764666666666  2.261309333333333
   1241  6.613336333333334  2.177426666666667
   1242  6.737581333333333  2.2252103333333335
   1243  6.758254666666667  2.3568766666666665
   1244  6.634009666666667  2.3090930000000003
   1245  7.270505  -2.495725
   1246  7.0826590000000005  -2.6397023333333336
   1247  7.176582  -2.5677136666666667
   1248  7.169759666666667  -2.4346823333333334
   1249  7.0690143333333335  -2.3736396666666666
   1250  7.075836666666667  -2.5066710000000003
   1251  6.825335666666667  -1.8529883333333332
   1252  6.706882333333333  -1.7922476666666667
   1253  6.596063333333333  -1.8661596666666667
   1254  6.603697666666666  -2.000812333333333
   1255  6.714516666666666  -1.9269003333333332
   1256  6.924172  -1.514371
   1257  6.93725  -1.7806096666666666
   1258  6.9307110000000005  -1.6474903333333333
   1259  6.8122576666666665  -1.5867496666666665
   1260  6.7003433333333335  -1.6591283333333333
   1261  6.818796666666667  -1.7198689999999999
   1262  7.153935  2.627432
   1263  6.903930333333333  2.5348393333333332
   1264  7.028932666666666  2.581135666666667
   1265  7.051266666666667  2.712450666666667
   1266  6.948598333333333  2.7974693333333334
   1267  6.926264333333333  2.6661543333333335
   1268  5.438989  1.016767
   1269  5.188175  1.1071876666666667
   1270  5.313582  1.0619773333333333
   1271  5.407445333333333  1.159397
   1272  5.375901666666667  1.302027
   1273  5.282038333333333  1.2046073333333334
   1274  5.333228  1.5919716666666668
   1275  5.3220979999999996  1.7392863333333333
   1276  5.193434666666666  1.6667296666666667
   1277  5.576271  4.142097
   1278  5.8355836666666665  3.834409
   1279  5.705927333333333  3.988253
   1280  5.5650770000000005  3.9283776666666665
   1281  5.553883  3.714658333333333
   1282  5.6947333333333345  3.7745336666666667
   1283  5.583996  1.668256
   1284  5.401977333333333  1.8138193333333332
   1285  5.492986666666667  1.7410376666666667
   1286  5.608333333333333  1.7993263333333334
   1287  5.632670666666667  1.9303966666666665
   1288  5.5173239999999995  1.872108
   1289  7.449768333333334  0.7626114666666667
   1290  7.371174666666667  0.6582935333333333
   1291  7.480179666666667  0.5816675
   1292  7.133796  0.9189011
   1293  7.39684  0.8842533
   1294  7.265318000000001  0.9015772
   1295  7.186724333333333  0.7972592666666667
   1296  7.239652666666667  0.6756174333333334
   1297  7.318246333333334  0.7799353666666665
   1298  7.295476666666667  1.1305397
   1299  7.214636333333334  1.0247204
   1300  7.346158333333334  1.0073964999999998
   1301  6.895545  0.5982266
   1302  7.054379  0.8120096
   1303  6.9749620000000006  0.7051181000000001
   1304  7.027890333333334  0.5834762666666667
   1305  7.160235666666667  0.5687259333333333
   1306  7.107307333333334  0.6903677666666667
   1307  7.6024856666666665  1.3788303333333334
   1308  7.489401333333333  1.3075946666666667
   1309  7.651405  1.2569026666666667
   1310  6.979782  1.287925
   1311  7.244138666666667  1.2535476666666667
   1312  7.111960333333333  1.2707363333333332
   1313  7.0311200000000005  1.1649170333333334
   1314  7.082458  1.0419090666666666
   1315  7.1632983333333335  1.1477283666666667
   1316  6.736607  0.9651567
   1317  7.001399666666667  0.9343196333333333
   1318  6.869003333333334  0.9497381666666667
   1319  6.789586333333333  0.8428466666666666
   1320  6.842565666666667  0.7205366333333334
   1321  6.9219826666666675  0.8274281333333334
   1322  7.016345  0.4507344333333334
   1323  7.137145  0.3032422666666667
   1324  7.148690333333334  0.43598410000000004
   1325  6.916289  -0.5045397
   1326  7.139471  -0.35867356666666667
   1327  7.02788  -0.4316066333333334
   1328  7.035281666666666  -0.5646438666666667
   1329  7.154274333333333  -0.6247480333333334
   1330  7.146872666666667  -0.49171080000000006
   1331  6.162294  -0.5673029
   1332  5.916881333333333  -0.4630699666666667
   1333  6.039587666666667  -0.5151864333333334
   1334  6.146012666666667  -0.4349856000000001
   1335  6.129731333333334  -0.30266830000000006
   1336  6.023306333333333  -0.38286913333333333
   1337  5.578319333333333  2.2822963333333335
   1338  5.771995333333334  -1.5804923333333332
   1339  6.095207  -0.035851999999999995
   1340  6.076964  0.09864700000000001
   1341  5.9724406666666665  0.015982979999999997
   1342  7.348612999999999  -0.7928768
   1343  7.423959  -0.9009014
   1344  7.459954  -0.7196860333333334
   1345  7.102161  -1.045063
   1346  7.216231666666666  -0.8049224666666667
   1347  7.159196333333333  -0.9249927333333334
   1348  7.234542333333333  -1.0330173333333335
   1349  7.366923666666667  -1.0209716666666666
   1350  7.291577666666666  -0.9129470666666668
   1351  6.978246333333333  -0.6847141333333334
   1352  7.040203666666667  -0.8648885666666668
   1353  7.097238999999999  -0.7448183
   1354  7.178815666666666  -1.1540353333333333
   1355  7.255470333333333  -1.2630076666666668
   1356  7.387851666666666  -1.250962
   1357  7.443578333333333  -1.129944
   1358  7.311197  -1.1419896666666667
   1359  7.042831333333333  -1.201499
   1360  6.983501666666667  -1.357935
   1361  7.0601563333333335  -1.4669073333333333
   1362  7.1961406666666665  -1.4194436666666665
   1363  7.119485999999999  -1.3104713333333333
   1364  7.5528613333333325  -1.2054816666666666
   1365  5.844152  -0.9709008
   1366  5.864082  -1.2367789333333334
   1367  5.8541170000000005  -1.1038398666666667
   1368  5.734047666666667  -1.0460612
   1369  5.623943333333333  -1.1212216000000002
   1370  5.744012666666666  -1.1790002666666666
   1371  6.000062  0.6287666
   1372  6.039168  0.3650195333333333
   1373  6.019615  0.49689306666666666
   1374  5.895671666666667  0.5458472999999999
   1375  5.791281333333333  0.462928
   1376  5.915224666666667  0.4139737666666667
   1377  6.263066  -3.1583263333333336
   1378  6.2817229999999995  -2.9538206666666667
   1379  6.117784333333333  -3.0608663333333332
   1380  5.719912  -2.714547
   1381  5.8332370000000004  -2.6406389999999997
   1382  5.713847  -2.581411333333333
   1383  7.279974  -1.697054
   1384  7.055850666666666  -1.841504
   1385  7.167912333333334  -1.769279
   1386  7.161373333333334  -1.6361596666666667
   1387  7.042772666666667  -1.5752653333333333
   1388  7.049311666666667  -1.7083846666666667
   1389  5.269382  -3.00353
   1390  4.984828666666667  -3.1799706666666667
   1391  5.127105333333334  -3.091750333333333
   1392  5.152275666666667  -2.976409
   1393  5.035169333333333  -2.949288
   1394  5.0099990000000005  -3.064629333333333
   1395  5.257713333333333  -2.7371486666666667
   1396  5.263547666666667  -2.8703393333333334
   1397  5.381783666666667  -2.9318383333333333
   1398  5.494185333333333  -2.8601466666666666
   1399  5.375949333333334  -2.798647666666666
   1400  6.56262  -1.332376
   1401  6.579826  -1.5984633333333333
   1402  6.571223  -1.4654196666666666
   1403  6.451724666666666  -1.4063823333333334
   1404  6.340829333333334  -1.4803886666666666
   1405  6.460327666666667  -1.539426
   1406  4.714291  3.79798
   1407  5.002689666666667  3.5240466666666665
   1408  4.858490333333333  3.6610133333333335
   1409  4.742500333333333  3.601101
   1410  4.770709666666667  3.404222
   1411  4.886699666666666  3.4641343333333334
   1412  6.325758333333333  2.563623
   1413  6.343529  1.950172
   1414  6.385305  2.2135186666666664
   1415  6.364417  2.0818453333333333
   1416  6.467988666666667  1.9979626666666668
   1417  6.5924483333333335  2.0457533333333333
   1418  6.488876666666667  2.129636
   1419  5.627437333333333  3.2835706666666664
   1420  6.1350343333333335  2.121739333333333
   1421  6.239281666666667  2.0359556666666667
   1422  6.260169666666667  2.1676290000000003
   1423  5.644158333333333  -3.191477
   1424  5.479752666666666  -3.3125020000000003
   1425  5.619124666666667  -3.3223683333333334
   1426  6.4850959999999995  -1.9399939999999998
   1427  4.904067  -2.7848173333333333
   1428  4.890071  -2.6474676666666666
   1429  4.757175  -2.6575236666666666
   1430  4.638275  -2.8049293333333334
   1431  4.771171  -2.7948733333333333
   1432  6.803654666666667  -1.453706
   1433  6.683137333333334  -1.393041
   1434  6.691740333333333  -1.5260846666666665
   1435  5.029335  -2.8160973333333335
   1436  5.140607  -2.7100276666666665
   1437  5.015339  -2.6787476666666663
   1438  7.136133  2.230181
   1439  6.856649666666667  2.1390896666666666
   1440  6.996391333333333  2.1846353333333335
   1441  7.017064666666666  2.3163016666666665
   1442  6.897996333333333  2.4024223333333334
   1443  6.8773230000000005  2.270756
   1444  5.23017  3.750527
   1445  5.438516  3.584135
   1446  5.3343430000000005  3.667331
   1447  5.202409666666667  3.629378
   1448  5.174649333333333  3.508229
   1449  5.306582666666667  3.546182
   1450  6.3869066666666665  -3.256951
   1451  6.529404333333334  -3.1510700000000003
   1452  6.405563666666667  -3.0524453333333335
   1453  5.74445  1.274988
   1454  5.540809333333334  1.1028406666666666
   1455  5.642629666666666  1.1889143333333334
   1456  5.611085999999999  1.3315443333333334
   1457  5.477722  1.3881006666666666
   1458  5.509265666666667  1.2454706666666666
   1459  6.204541  -1.144416
   1460  5.984211666666667  -1.2946173333333333
   1461  6.094376333333333  -1.2195166666666668
   1462  6.084411333333334  -1.0865776
   1463  5.9642816666666665  -1.0287392
   1464  5.974246666666667  -1.1616782666666667
   1465  7.307243  -2.356176666666667
   1466  7.343981  -2.2166283333333334
   1467  7.2064976666666665  -2.2951340000000005
   1468  6.898723666666667  1.1803355666666666
   1469  6.817665333333333  1.0727461333333332
   1470  6.950061666666667  1.0573276
   1471  6.457859  0.518893
   1472  6.1917670000000005  0.328395
   1473  6.324813  0.423644
   1474  6.30526  0.5555175333333333
   1475  6.152661  0.5921420666666667
   1476  6.172214  0.46026853333333334
   1477  7.347137333333333  -1.9504046666666668
   1478  7.313555666666667  -1.8237293333333333
   1479  7.201494  -1.8959543333333333
   1480  7.475656333333333  -1.916455
   1481  7.570593666666666  -1.75583
   1482  7.537012  -1.6291546666666668
   1483  7.408493  -1.6631043333333333
   1484  7.442074666666667  -1.7897796666666668
   1485  7.314741333333333  -1.480338
   1486  7.297357666666667  -1.588696
   1487  7.425876666666667  -1.5547463333333333
   1488  7.178757  -1.5278016666666667
   1489  5.961091  1.80162
   1490  5.709694333333333  1.7127106666666667
   1491  5.8353926666666665  1.7571653333333332
   1492  5.85973  1.8882356666666666
   1493  5.758369  1.9748513333333333
   1494  5.734031666666667  1.843781
   1495  6.481689  -0.3265214
   1496  6.268759  -0.48704240000000004
   1497  6.375224  -0.40678190000000003
   1498  6.358942666666667  -0.2744646
   1499  6.236196333333334  -0.2224078
   1500  6.252477666666667  -0.3547251
   1501  7.220752  3.151515
   1502  7.176207333333333  2.8021263333333333
   1503  7.198479666666667  2.976820666666667
   1504  7.095811333333334  3.0618393333333334
   1505  6.970870666666666  2.9721636666666664
   1506  7.073539  2.8871450000000003
   1507  6.6436910000000005  0.8164021333333333
   1508  6.550775  0.6676475666666667
   1509  6.603754333333334  0.5453375333333333
   1510  6.7496496666666665  0.5717820666666668
   1511  6.6966703333333335  0.6940921000000001
   1512  5.424237333333333  1.51919
   1513  5.5041166666666665  1.593723
   1514  5.4131073333333335  1.6665046666666667
   1515  5.690965333333333  1.4060773333333334
   1516  5.637480666666667  1.5371666666666666
   1517  5.557601333333333  1.4626336666666664
   1518  5.810834  -0.5976026
   1519  5.8274930000000005  -0.7842517
   1520  5.950199333333334  -0.8363681666666667
   1521  6.056246666666667  -0.7018355333333334
   1522  5.933540333333333  -0.6497190666666667
   1523  7.142067  2.362598
   1524  7.148001  2.495015
   1525  7.022998666666666  2.4487186666666667
   1526  7.73769  2.343434
   1527  7.336652  2.267932
   1528  7.537171  2.3056829999999997
   1529  7.543105  2.4381
   1530  7.34852  2.532766
   1531  7.342586  2.4003490000000003
   1532  5.628016  0.7756384
   1533  5.876046666666666  0.6777238666666666
   1534  5.752031333333333  0.7266811333333333
   1535  5.647641  0.6437618333333333
   1536  5.667266  0.5118852666666667
   1537  5.771656333333333  0.5948045666666667
   1538  7.440678  -2.857346
   1539  7.139383333333334  -2.7602426666666666
   1540  7.2900306666666665  -2.8087943333333336
   1541  7.383953666666667  -2.7368056666666667
   1542  7.327229333333333  -2.6162653333333337
   1543  7.233306333333334  -2.688254
   1544  7.653055  -2.505051
   1545  7.5114703333333335  -2.7399143333333336
   1546  7.582262666666667  -2.6224826666666665
   1547  7.525538333333333  -2.5019423333333335
   1548  7.398021666666667  -2.4988336666666666
   1549  7.454746  -2.619374
   1550  7.562276333333333  -2.362394
   1551  7.471497666666667  -2.219737
   1552  7.434759666666667  -2.3592853333333337
   1553  7.300201  1.560497
   1554  7.350945  1.344405
   1555  7.325573  1.452451
   1556  7.193394666666667  1.4696396666666667
   1557  7.086588333333333  1.3787823333333333
   1558  7.218766666666667  1.3615936666666666
   1559  5.712971666666667  -0.8841683666666666
   1560  5.581791333333333  -0.7974359333333334
   1561  5.602867333333333  -0.9593287666666668
   1562  5.289551  0.7689506
   1563  5.36427  0.8928588
   1564  5.238863000000001  0.9380691333333333
   1565  6.894158  -0.1051694
   1566  7.132094  -0.22555013333333335
   1567  7.013126  -0.16535976666666669
   1568  6.901535  -0.23829283333333334
   1569  6.908912  -0.3714162666666667
   1570  7.020503000000001  -0.2984832
   1571  7.02804  1.842171
   1572  6.820618666666666  2.009753
   1573  6.924329333333334  1.925962
   1574  7.064071  1.9715076666666667
   1575  7.100102  2.1008443333333333
   1576  6.960360333333334  2.055298666666667
   1577  6.221469666666667  -1.4177353333333333
   1578  6.213005333333333  -1.2810756666666667
   1579  6.102840666666666  -1.3561763333333332
   1580  6.530521  -0.723526
   1581  6.285036333333333  -0.6193772666666667
   1582  6.407778666666667  -0.6714516333333334
   1583  6.514243666666667  -0.5911911333333333
   1584  6.497966333333333  -0.4588562666666667
   1585  6.391501333333333  -0.5391167666666666
   1586  6.654772  1.698402
   1587  6.6961960000000005  1.96183
   1588  6.675484  1.830116
   1589  6.779194666666667  1.746325
   1590  6.903617333333333  1.794248
   1591  6.799906666666668  1.878039
   1592  6.176376333333334  -0.7596739333333334
   1593  6.190458666666666  -0.9520449666666668
   1594  6.313201  -1.0041193333333334
   1595  6.421861  -0.8638226666666666
   1596  6.299118666666666  -0.8117483000000001
   1597  6.6591103333333335  -0.6505305666666666
   1598  6.787699666666667  -0.5775351333333334
   1599  6.771422333333334  -0.4452002666666667
   1600  6.6265556666666665  -0.3858608333333334
   1601  6.6428329999999995  -0.5181957
   1602  6.447276666666667  1.8662486666666667
   1603  6.551024333333333  1.7823253333333333
   1604  6.571736333333334  1.9140393333333334
   1605  5.460904  4.011573666666666
   1606  5.345537  3.881050333333333
   1607  5.4497100000000005  3.7978543333333334
   1608  5.816663666666666  1.450532
   1609  5.888877333333333  1.626076
   1610  5.763179  1.5816213333333333
   1611  7.136682666666667  0.06877693333333335
   1612  7.015420333333333  -0.01819623333333331
   1613  7.134388333333334  -0.07838660000000001
   1614  5.146441333333333  -2.843218333333333
   1615  5.300025333333333  -3.290194666666667
   1616  5.284703666666667  -3.1468623333333334
   1617  5.1424270000000005  -3.2350826666666666
   1618  6.430704  0.08608978
   1619  6.182715333333333  0.18412726
   1620  6.306709666666667  0.13510852
   1621  6.439755666666667  0.23035752
   1622  6.448807333333334  0.37462526
   1623  6.3157613333333344  0.27937626
   1624  6.219201333333333  -0.08487073999999999
   1625  6.324952666666667  0.00060952000000003
   1626  6.200958333333333  0.04962825999999999
   1627  6.770081  0.2433321
   1628  6.543829666666667  0.13850388666666666
   1629  6.656955333333333  0.1909179933333333
   1630  6.6660070000000005  0.33518573333333335
   1631  6.561933  0.4270393666666667
   1632  6.5528813333333344  0.28277162666666666
   1633  6.585188666666667  0.022336720000000004
   1634  6.739673333333333  -0.041416339999999996
   1635  6.852799  0.010997766666666672
   1636  6.81144  0.12716493333333334
   1637  6.698314333333333  0.07475082666666667
   1638  6.811902333333333  0.3616302666666667
   1639  6.853723666666667  0.47992843333333335
   1640  6.707828333333334  0.4534839
   1641  6.932702333333333  0.2141381
   1642  7.095323666666667  0.1849441
   1643  6.974523666666666  0.33243626666666665
   1644  7.5771136666666665  1.4868763333333335
   1645  7.4386573333333335  1.5236866666666666
   1646  7.464029333333333  1.4156406666666665
   1647  5.873348  0.9895589
   1648  5.5837753333333335  1.0076976333333334
   1649  5.728561666666667  0.9986282666666667
   1650  5.830382  1.0847019333333334
   1651  5.7874159999999994  1.1798449666666666
   1652  5.685595666666667  1.0937713
   1653  5.565007  0.8560146
   1654  5.501998  0.9363908
   1655  5.35256  0.6885744
   1656  5.490288  0.7321063999999999
   1657  5.4272789999999995  0.8124825999999999
   1658  5.957824  0.7490306999999999
   1659  5.915586  0.8692948
   1660  5.791570666666667  0.9182520666666667
   1661  5.709793333333333  0.8469452333333333
   1662  5.833808666666666  0.7979879666666667
   1663  6.313294  0.8775336
   1664  6.104472666666666  0.7116889333333333
   1665  6.2088833333333335  0.7946112666666667
   1666  6.166645333333333  0.9148753666666667
   1667  6.019996666666667  0.9522171333333334
   1668  6.062234666666666  0.8319530333333334
   1669  5.646784333333333  0.9273214333333334
   1670  6.115281  1.36366
   1671  5.953992333333334  1.1142592666666666
   1672  6.034636666666667  1.2389596333333335
   1673  5.991670666666667  1.3341026666666667
   1674  5.868060333333333  1.3045453333333334
   1675  5.911026333333333  1.2094023
   1676  6.247289666666667  1.0395757333333333
   1677  6.181285333333333  1.2016178666666668
   1678  6.1006409999999995  1.0769175
   1679  6.063884333333333  1.5096466666666668
   1680  6.012487666666667  1.6556333333333333
   1681  5.940274  1.4800893333333331
   1682  6.409670666666667  0.6384398666666667
   1683  6.361482333333333  0.7579867333333333
   1684  6.257071666666666  0.6750644000000001
   1685  7.477798  1.881114
   1686  7.177959333333333  1.855152
   1687  7.327878666666667  1.868133
   1688  7.363909666666666  1.9974696666666667
   1689  7.250021333333334  2.1138253333333332
   1690  7.213990333333332  1.9844886666666668
   1691  7.118760333333333  1.7482796666666667
   1692  7.209480666666667  1.6543883333333333
   1693  7.3594  1.6673693333333333
   1694  7.418599  1.7742416666666667
   1695  7.268679666666667  1.7612606666666666
   1696  7.011954  1.6574223333333333
   1697  6.995868  1.4726736666666667
   1698  7.102674333333333  1.563531
   1699  7.564428666666666  2.0352206666666666
   1700  7.651059333333333  2.189327333333333
   1701  7.4505403333333335  2.1515763333333333
   1702  6.443260333333333  -1.2697226666666668
   1703  6.323900666666667  -1.2070693333333333
   1704  6.332364999999999  -1.343729
   1705  6.070329  -0.8942065666666666
   1706  6.464694000000001  -0.18898434
   1707  6.447699  -0.051447279999999984
   1708  6.341947666666667  -0.13692754
   1709  5.058210333333333  3.7663446666666665
   1710  4.886250666666667  3.7821623333333334
   1711  5.030449999999999  3.6451956666666665
   1712  5.984323  1.9369210000000001
   1713  6.007555  2.072222
   1714  5.882962  2.0235366666666668
   1715  6.756668333333334  -0.17895339999999998
   1716  6.6191786666666665  -0.2527374
   1717  6.764045333333333  -0.3120768333333333
   1718  5.449109333333333  -3.0258373333333335
   1719  5.6288366666666665  -3.0481446666666665
   1720  5.741238333333333  -2.976453
   1721  5.673912666666666  -2.882454
   1722  5.561511  -2.954145666666667
   1723  5.787237666666667  -2.8085459999999998
   1724  5.509913  0.6002298333333332
   1725  6.763108666666667  1.5615763333333332
   1726  6.871445333333334  1.4247506666666667
   1727  6.887531333333333  1.6094993333333332
   1728  6.5955026666666665  0.935949
   1729  6.454398333333334  0.9067413
   1730  6.502586666666667  0.7871944333333333
   1731  6.267446333333334  1.7546680000000001
   1732  6.191363666666667  1.559164
   1733  6.295111333333334  1.4752406666666666
   1734  6.474941666666667  1.5868213333333334
   1735  6.371194  1.6707446666666668
   1736  7.459252  2.828283
   1737  7.379752  2.9360269999999997
   1738  7.300252  3.043771
   1739  7.2557073333333335  2.6943823333333334
   1740  7.357479666666666  2.7613326666666667
   1741  7.277979666666667  2.8690766666666665
   1742  7.6448773333333335  2.505050333333333
   1743  7.552064666666666  2.6666666666666665
   1744  7.4502923333333335  2.5997163333333333
   1745  6.581519  1.334989
   1746  6.8470276666666665  1.303613
   1747  6.714273333333334  1.319301
   1748  6.633215  1.2117115666666667
   1749  6.6849110000000005  1.0884341333333334
   1750  6.7659693333333335  1.1960235666666668
   1751  6.630354333333334  1.5772643333333334
   1752  6.605936666666667  1.4561266666666666
   1753  6.738691  1.4404386666666664
   1754  6.270693666666667  1.354103
   1755  6.426106333333333  1.344546
   1756  6.450524000000001  1.4656836666666668
   1757  6.492110666666667  1.1825038666666667
   1758  6.402702333333333  1.0300187333333333
   1759  6.543806666666666  1.0592264333333332
   1760  6.551920333333333  -1.129426
   1761  6.541220666666667  -0.9264760000000001
   1762  6.432560666666667  -1.0667726666666668
   1763  6.088570333333333  1.8511373333333334
   1764  6.216049666666667  1.9006546666666666
   1765  6.111802333333333  1.9864383333333333
   1766  6.922314  -1.1408340000000001
   1767  6.7424669999999995  -1.236605
   1768  6.862984333333333  -1.29727
   1769  4.4951  -2.757099666666667
   1770  4.4708250000000005  -2.5618643333333333
   1771  4.365064333333334  -2.715749
   1772  6.1399669999999995  1.7051506666666667
   1773  6.762712  -3.624394
   1774  6.536723333333333  -3.7872106666666667
   1775  6.649717666666667  -3.705802333333333
   1776  6.589944333333333  -3.5372066666666666
   1777  6.417176666666666  -3.4500193333333335
   1778  6.4769499999999995  -3.6186149999999997
   1779  6.732442  -3.431325666666667
   1780  6.702172  -3.2382573333333333
   1781  6.559674333333334  -3.3441383333333334
   1782  6.8757063333333335  -3.5143326666666668
   1783  6.9887006666666665  -3.4042713333333334
   1784  6.845436333333333  -3.3212643333333336
   1785  6.602183666666668  -0.11520034000000001
   1786  5.067797  4.039001
   1787  4.949961666666667  3.9586606666666664
   1788  4.832126333333333  3.8783203333333334
   1789  5.176045666666667  3.846685
   1790  5.121921333333333  3.942843
   1791  5.004086  3.8625026666666664
   1792  5.406779666666667  4.107731666666666
   1793  5.237288333333333  4.073366333333333
   1794  5.291412666666667  3.9772083333333335
   1795  5.464431  -3.169169666666667
   1796  7.636312666666666  1.5937486666666667
   1797  7.5570553333333335  1.7374313333333333
   1798  7.497856333333334  1.6305589999999999
   1799  7.123227333333333  3.2592589999999997
   1800  7.025702666666667  3.367003
   1801  6.998286666666666  3.169583333333333
   1802  4.453303  1.3939943333333333
   1803  4.389831  3.385396
   1804  4.323948333333333  3.2535636666666665
   1805  4.258065666666667  3.1217313333333334
   1806  4.662556333333333  3.2666939999999998
   1807  4.526193666666667  3.326045
   1808  4.460311  3.1942126666666666
   1809  6.721067666666666  -0.830705
   1810  6.9116143333333335  -0.937884
   1811  6.849657  -0.7577095666666667
   1812  6.974061333333334  0.09797093333333333
   1813  4.606137666666667  3.660452
   1814  4.497984333333333  3.522924
   1815  4.634346999999999  3.4635730000000002
   1816  5.6963126666666675  -0.6975192666666667
   1817  6.336697999999999  1.1920608666666668
   1818  7.792034666666667  1.867262
   1819  7.634916333333333  1.874188
   1820  7.7141736666666665  1.7305053333333333
   1821  7.214689333333333  -3.148588666666667
   1822  7.327683666666667  -3.0029673333333333
   1823  7.177036333333334  -2.9544156666666663
   1824  7.548448333333333  -2.0581206666666665
   1825  7.716177666666667  -2.0391613333333334
   1826  7.643385666666666  -1.8974956666666667
   1827  7.878665333333333  2.0213686666666666
   1828  7.8081776666666665  2.182401333333333
   1829  7.721547  2.0282946666666666
   1830  6.084746  4.036399
   1831  6.381547333333334  3.877453
   1832  6.233146666666666  3.956926
   1833  6.0449106666666665  3.917787666666667
   1834  6.005075333333333  3.7991763333333335
   1835  6.193311333333334  3.8383146666666668
   1836  5.915254333333333  4.071631666666667
   1837  5.745762666666667  4.106864333333333
   1838  5.875419000000001  3.9530203333333334
   1839  6.795434666666667  3.582491333333333
   1840  6.662691333333333  3.6902356666666667
   1841  6.664743666666666  3.4685626666666667
   1842  4.614  -2.6096939999999997
   1843  7.730005666666667  -2.3434346666666666
   1844  7.806956333333333  -2.181818333333333
   1845  7.639226999999999  -2.2007776666666667
   1846  6.731767333333333  -1.0336550000000002
  END_COORDINATES 
  BOUNDARIES, ELEMENT 
    1 1 2 4 5 1
    2 2 11 13 14 2
    3 20 21 23 24 3
    4 21 30 32 33 4
    5 39 40 42 43 5
    6 40 49 51 52 6
    7 49 58 60 61 7
    8 58 67 69 70 8
    9 67 76 78 79 9
    10 76 85 87 88 10
    11 30 94 95 96 11
    12 94 100 102 103 12
    13 109 110 112 113 13
    14 110 39 120 121 14
    15 127 128 130 131 15
    16 128 20 137 138 16
    17 85 142 144 145 17
    18 142 151 153 154 18
    19 450 451 453 454 82
    20 469 1 472 473 85
    21 11 109 478 479 87
    22 100 493 494 495 91
    23 517 127 520 521 95
    24 493 529 530 531 97
    25 151 541 542 543 99
    26 610 517 613 614 114
    27 541 678 679 680 128
    28 451 903 904 905 174
    29 903 915 916 917 176
    30 915 933 934 935 179
    31 933 948 949 950 182
    32 678 450 1040 1041 199
    33 1538 1544 1545 1546 308
    34 1736 1501 1737 1738 358
    35 1526 1736 1742 1743 359
    36 948 1773 1774 1775 369
    37 1773 1222 1782 1783 371
    38 1786 1406 1787 1788 373
    39 1277 1786 1792 1793 374
    40 1501 1204 1799 1800 377
    41 1803 469 1804 1805 379
    42 1406 1803 1813 1814 382
    43 1222 1538 1821 1822 386
    44 529 1526 1827 1828 388
    45 1157 1830 1831 1832 389
    46 1830 1277 1836 1837 390
    47 1204 1157 1839 1840 391
    48 1544 610 1843 1844 393
  END_BOUNDARIES 
  MATERIALS, NUMBER= 1, DEFAULT=1 
  END_MATERIALS 
  SUBDOMAINS 
  END_SUBDOMAINS 
  CHARACTERISTICS 
  END_CHARACTERISTICS 
