  NODES_PER_ELEMENT
   1 3
   2 3
   3 3
   4 3
   5 3
   6 3
   7 3
   8 3
   9 3
   10 3
   11 3
   12 3
   13 3
   14 3
   15 3
   16 3
   17 3
   18 3
   19 3
   20 3
   21 3
   22 3
   23 3
   24 3
   25 3
   26 3
   27 3
   28 3
   29 3
   30 3
   31 3
   32 3
   33 3
   34 3
   35 3
   36 3
   37 3
   38 3
   39 3
   40 3
   41 3
   42 3
   43 3
   44 3
   45 3
   46 3
   47 3
   48 3
   49 3
   50 3
   51 3
   52 3
   53 3
   54 3
   55 3
   56 3
   57 3
   58 3
   59 3
   60 3
   61 3
   62 3
   63 3
   64 3
   65 3
   66 3
   67 3
   68 3
   69 3
   70 3
   71 3
   72 3
   73 3
   74 3
   75 3
   76 3
   77 3
   78 3
   79 3
   80 3
   81 3
   82 3
   83 3
   84 3
   85 3
   86 3
   87 3
   88 3
   89 3
   90 3
   91 3
   92 3
   93 3
   94 3
   95 3
   96 3
   97 3
   98 3
   99 3
   100 3
   101 3
   102 3
   103 3
   104 3
   105 3
   106 3
   107 3
   108 3
   109 3
   110 3
   111 3
   112 3
   113 3
   114 3
   115 3
   116 3
   117 3
   118 3
   119 3
   120 3
   121 3
   122 3
   123 3
   124 3
   125 3
   126 3
   127 3
   128 3
   129 3
   130 3
   131 3
   132 3
   133 3
   134 3
   135 3
   136 3
   137 3
   138 3
   139 3
   140 3
   141 3
   142 3
   143 3
   144 3
   145 3
   146 3
   147 3
   148 3
   149 3
   150 3
   151 3
   152 3
   153 3
   154 3
   155 3
   156 3
   157 3
   158 3
   159 3
   160 3
   161 3
   162 3
   163 3
   164 3
   165 3
   166 3
   167 3
   168 3
   169 3
   170 3
   171 3
   172 3
   173 3
   174 3
   175 3
   176 3
   177 3
   178 3
   179 3
   180 3
   181 3
   182 3
   183 3
   184 3
   185 3
   186 3
   187 3
   188 3
   189 3
   190 3
   191 3
   192 3
   193 3
   194 3
   195 3
   196 3
   197 3
   198 3
   199 3
   200 3
   201 3
   202 3
   203 3
   204 3
   205 3
   206 3
   207 3
   208 3
   209 3
   210 3
   211 3
   212 3
   213 3
   214 3
   215 3
   216 3
   217 3
   218 3
   219 3
   220 3
   221 3
   222 3
   223 3
   224 3
   225 3
   226 3
   227 3
   228 3
   229 3
   230 3
   231 3
   232 3
   233 3
   234 3
   235 3
   236 3
   237 3
   238 3
   239 3
   240 3
   241 3
   242 3
   243 3
   244 3
   245 3
   246 3
   247 3
   248 3
   249 3
   250 3
   251 3
   252 3
   253 3
   254 3
   255 3
   256 3
   257 3
   258 3
   259 3
   260 3
   261 3
   262 3
   263 3
   264 3
   265 3
   266 3
   267 3
   268 3
   269 3
   270 3
   271 3
   272 3
   273 3
   274 3
   275 3
   276 3
   277 3
   278 3
   279 3
   280 3
   281 3
   282 3
   283 3
   284 3
   285 3
   286 3
   287 3
   288 3
   289 3
   290 3
   291 3
   292 3
   293 3
   294 3
   295 3
   296 3
   297 3
   298 3
   299 3
   300 3
   301 3
   302 3
   303 3
   304 3
   305 3
   306 3
   307 3
   308 3
   309 3
   310 3
   311 3
   312 3
   313 3
   314 3
   315 3
   316 3
   317 3
   318 3
   319 3
   320 3
   321 3
   322 3
   323 3
   324 3
   325 3
   326 3
   327 3
   328 3
   329 3
   330 3
   331 3
   332 3
   333 3
   334 3
   335 3
   336 3
   337 3
   338 3
   339 3
   340 3
   341 3
   342 3
   343 3
   344 3
   345 3
   346 3
   347 3
   348 3
   349 3
   350 3
   351 3
   352 3
   353 3
   354 3
   355 3
   356 3
   357 3
   358 3
   359 3
   360 3
   361 3
   362 3
   363 3
   364 3
   365 3
   366 3
   367 3
   368 3
   369 3
   370 3
   371 3
   372 3
   373 3
   374 3
   375 3
   376 3
   377 3
   378 3
   379 3
   380 3
   381 3
   382 3
   383 3
   384 3
   385 3
   386 3
   387 3
   388 3
   389 3
   390 3
   391 3
   392 3
   393 3
   394 3
   395 3
   396 3
   397 3
   398 3
   399 3
   400 3
   401 3
   402 3
   403 3
   404 3
   405 3
   406 3
   407 3
   408 3
   409 3
   410 3
   411 3
   412 3
   413 3
   414 3
   415 3
   416 3
   417 3
   418 3
   419 3
   420 3
   421 3
   422 3
   423 3
   424 3
   425 3
   426 3
   427 3
   428 3
   429 3
   430 3
   431 3
   432 3
   433 3
   434 3
   435 3
   436 3
   437 3
   438 3
   439 3
   440 3
   441 3
   442 3
   443 3
   444 3
   445 3
   446 3
   447 3
   448 3
   449 3
   450 3
   451 3
   452 3
   453 3
   454 3
   455 3
   456 3
   457 3
   458 3
   459 3
   460 3
   461 3
   462 3
   463 3
   464 3
   465 3
   466 3
   467 3
   468 3
   469 3
   470 3
   471 3
   472 3
   473 3
   474 3
   475 3
   476 3
   477 3
   478 3
   479 3
   480 3
   481 3
   482 3
   483 3
   484 3
   485 3
   486 3
   487 3
   488 3
   489 3
   490 3
   491 3
   492 3
   493 3
   494 3
   495 3
   496 3
   497 3
   498 3
   499 3
   500 3
   501 3
   502 3
   503 3
   504 3
   505 3
   506 3
   507 3
   508 3
   509 3
   510 3
   511 3
   512 3
   513 3
   514 3
   515 3
   516 3
   517 3
   518 3
   519 3
   520 3
   521 3
   522 3
   523 3
   524 3
   525 3
   526 3
   527 3
   528 3
   529 3
   530 3
   531 3
   532 3
   533 3
   534 3
   535 3
   536 3
   537 3
   538 3
   539 3
   540 3
   541 3
   542 3
   543 3
   544 3
   545 3
   546 3
   547 3
   548 3
   549 3
   550 3
   551 3
   552 3
   553 3
   554 3
   555 3
   556 3
   557 3
   558 3
   559 3
   560 3
   561 3
   562 3
   563 3
   564 3
   565 3
   566 3
   567 3
   568 3
   569 3
   570 3
   571 3
   572 3
   573 3
   574 3
   575 3
   576 3
   577 3
   578 3
   579 3
   580 3
   581 3
   582 3
   583 3
   584 3
   585 3
   586 3
   587 3
   588 3
   589 3
   590 3
   591 3
   592 3
   593 3
   594 3
   595 3
   596 3
   597 3
   598 3
   599 3
   600 3
   601 3
   602 3
   603 3
   604 3
   605 3
   606 3
   607 3
   608 3
   609 3
   610 3
   611 3
   612 3
   613 3
   614 3
   615 3
   616 3
   617 3
   618 3
   619 3
   620 3
   621 3
   622 3
   623 3
   624 3
   625 3
   626 3
   627 3
   628 3
   629 3
   630 3
   631 3
   632 3
   633 3
   634 3
   635 3
   636 3
   637 3
   638 3
   639 3
   640 3
   641 3
   642 3
   643 3
   644 3
   645 3
   646 3
   647 3
   648 3
   649 3
   650 3
   651 3
   652 3
   653 3
   654 3
   655 3
   656 3
   657 3
   658 3
   659 3
   660 3
   661 3
   662 3
   663 3
   664 3
   665 3
   666 3
   667 3
   668 3
   669 3
   670 3
   671 3
   672 3
   673 3
   674 3
   675 3
   676 3
   677 3
   678 3
   679 3
   680 3
   681 3
   682 3
   683 3
   684 3
   685 3
   686 3
   687 3
   688 3
   689 3
   690 3
   691 3
   692 3
   693 3
   694 3
   695 3
   696 3
   697 3
   698 3
   699 3
   700 3
   701 3
   702 3
   703 3
   704 3
   705 3
   706 3
   707 3
   708 3
   709 3
   710 3
   711 3
   712 3
   713 3
   714 3
   715 3
   716 3
   717 3
   718 3
   719 3
   720 3
   721 3
   722 3
   723 3
   724 3
   725 3
   726 3
   727 3
   728 3
   729 3
   730 3
   731 3
   732 3
   733 3
   734 3
   735 3
   736 3
   737 3
   738 3
   739 3
   740 3
   741 3
   742 3
   743 3
   744 3
   745 3
   746 3
   747 3
   748 3
   749 3
   750 3
   751 3
   752 3
   753 3
   754 3
   755 3
   756 3
   757 3
   758 3
   759 3
   760 3
   761 3
   762 3
   763 3
   764 3
   765 3
   766 3
   767 3
   768 3
   769 3
   770 3
   771 3
   772 3
   773 3
   774 3
   775 3
   776 3
   777 3
   778 3
   779 3
   780 3
   781 3
   782 3
   783 3
   784 3
   785 3
   786 3
   787 3
   788 3
   789 3
   790 3
   791 3
   792 3
   793 3
   794 3
   795 3
   796 3
   797 3
   798 3
   799 3
   800 3
   801 3
   802 3
   803 3
   804 3
   805 3
   806 3
   807 3
   808 3
   809 3
   810 3
   811 3
   812 3
   813 3
   814 3
   815 3
   816 3
   817 3
   818 3
   819 3
   820 3
   821 3
   822 3
   823 3
   824 3
   825 3
   826 3
   827 3
   828 3
   829 3
   830 3
   831 3
   832 3
   833 3
   834 3
   835 3
   836 3
   837 3
   838 3
   839 3
   840 3
   841 3
   842 3
   843 3
   844 3
   845 3
   846 3
   847 3
   848 3
   849 3
   850 3
   851 3
   852 3
   853 3
   854 3
   855 3
   856 3
   857 3
   858 3
   859 3
   860 3
   861 3
   862 3
   863 3
   864 3
   865 3
   866 3
   867 3
   868 3
   869 3
   870 3
   871 3
   872 3
   873 3
   874 3
   875 3
   876 3
   877 3
   878 3
   879 3
   880 3
   881 3
   882 3
   883 3
   884 3
   885 3
   886 3
   887 3
   888 3
   889 3
   890 3
   891 3
   892 3
   893 3
   894 3
   895 3
   896 3
   897 3
   898 3
   899 3
   900 3
   901 3
   902 3
   903 3
   904 3
   905 3
   906 3
   907 3
   908 3
   909 3
   910 3
   911 3
   912 3
   913 3
   914 3
   915 3
   916 3
   917 3
   918 3
   919 3
   920 3
   921 3
   922 3
   923 3
   924 3
   925 3
   926 3
   927 3
   928 3
   929 3
   930 3
   931 3
   932 3
   933 3
   934 3
   935 3
   936 3
   937 3
   938 3
   939 3
   940 3
   941 3
   942 3
   943 3
   944 3
   945 3
   946 3
   947 3
   948 3
   949 3
   950 3
   951 3
   952 3
   953 3
   954 3
   955 3
   956 3
   957 3
   958 3
   959 3
   960 3
   961 3
   962 3
   963 3
   964 3
   965 3
   966 3
   967 3
   968 3
   969 3
   970 3
   971 3
   972 3
   973 3
   974 3
   975 3
   976 3
   977 3
   978 3
   979 3
   980 3
   981 3
   982 3
   983 3
   984 3
   985 3
   986 3
   987 3
   988 3
   989 3
   990 3
   991 3
   992 3
   993 3
   994 3
   995 3
   996 3
   997 3
   998 3
   999 3
   1000 3
   1001 3
   1002 3
   1003 3
   1004 3
   1005 3
   1006 3
   1007 3
   1008 3
   1009 3
   1010 3
   1011 3
   1012 3
   1013 3
   1014 3
   1015 3
   1016 3
   1017 3
   1018 3
   1019 3
   1020 3
   1021 3
   1022 3
   1023 3
   1024 3
   1025 3
   1026 3
   1027 3
   1028 3
   1029 3
   1030 3
   1031 3
   1032 3
   1033 3
   1034 3
   1035 3
   1036 3
   1037 3
   1038 3
   1039 3
   1040 3
   1041 3
   1042 3
   1043 3
   1044 3
   1045 3
   1046 3
   1047 3
   1048 3
   1049 3
   1050 3
   1051 3
   1052 3
   1053 3
   1054 3
   1055 3
   1056 3
   1057 3
   1058 3
   1059 3
   1060 3
   1061 3
   1062 3
   1063 3
   1064 3
   1065 3
   1066 3
   1067 3
   1068 3
   1069 3
   1070 3
   1071 3
   1072 3
   1073 3
   1074 3
   1075 3
   1076 3
   1077 3
   1078 3
   1079 3
   1080 3
   1081 3
   1082 3
   1083 3
   1084 3
   1085 3
   1086 3
   1087 3
   1088 3
   1089 3
   1090 3
   1091 3
   1092 3
   1093 3
   1094 3
   1095 3
   1096 3
   1097 3
   1098 3
   1099 3
   1100 3
   1101 3
   1102 3
   1103 3
   1104 3
   1105 3
   1106 3
   1107 3
   1108 3
   1109 3
   1110 3
   1111 3
   1112 3
   1113 3
   1114 3
   1115 3
   1116 3
   1117 3
   1118 3
   1119 3
   1120 3
   1121 3
   1122 3
   1123 3
   1124 3
   1125 3
   1126 3
   1127 3
   1128 3
   1129 3
   1130 3
   1131 3
   1132 3
   1133 3
   1134 3
   1135 3
   1136 3
   1137 3
   1138 3
   1139 3
   1140 3
   1141 3
   1142 3
   1143 3
   1144 3
   1145 3
   1146 3
   1147 3
   1148 3
   1149 3
   1150 3
   1151 3
   1152 3
   1153 3
   1154 3
   1155 3
   1156 3
   1157 3
   1158 3
   1159 3
   1160 3
   1161 3
   1162 3
   1163 3
   1164 3
   1165 3
   1166 3
   1167 3
   1168 3
   1169 3
   1170 3
   1171 3
   1172 3
   1173 3
   1174 3
   1175 3
   1176 3
   1177 3
   1178 3
   1179 3
   1180 3
   1181 3
   1182 3
   1183 3
   1184 3
   1185 3
   1186 3
   1187 3
   1188 3
   1189 3
   1190 3
   1191 3
   1192 3
   1193 3
   1194 3
   1195 3
   1196 3
   1197 3
   1198 3
   1199 3
   1200 3
   1201 3
   1202 3
   1203 3
   1204 3
   1205 3
   1206 3
   1207 3
   1208 3
   1209 3
   1210 3
   1211 3
   1212 3
   1213 3
   1214 3
   1215 3
   1216 3
   1217 3
   1218 3
   1219 3
   1220 3
   1221 3
   1222 3
   1223 3
   1224 3
   1225 3
   1226 3
   1227 3
   1228 3
   1229 3
   1230 3
   1231 3
   1232 3
   1233 3
   1234 3
   1235 3
   1236 3
   1237 3
   1238 3
   1239 3
   1240 3
   1241 3
   1242 3
   1243 3
   1244 3
   1245 3
   1246 3
   1247 3
   1248 3
   1249 3
   1250 3
   1251 3
   1252 3
   1253 3
   1254 3
   1255 3
   1256 3
   1257 3
   1258 3
   1259 3
   1260 3
   1261 3
   1262 3
   1263 3
   1264 3
   1265 3
   1266 3
   1267 3
   1268 3
   1269 3
   1270 3
   1271 3
   1272 3
   1273 3
   1274 3
   1275 3
   1276 3
   1277 3
   1278 3
   1279 3
   1280 3
   1281 3
   1282 3
   1283 3
   1284 3
   1285 3
   1286 3
   1287 3
   1288 3
   1289 3
   1290 3
   1291 3
   1292 3
   1293 3
   1294 3
   1295 3
   1296 3
   1297 3
   1298 3
   1299 3
   1300 3
   1301 3
   1302 3
   1303 3
   1304 3
   1305 3
   1306 3
   1307 3
   1308 3
   1309 3
   1310 3
   1311 3
   1312 3
   1313 3
   1314 3
   1315 3
   1316 3
   1317 3
   1318 3
   1319 3
   1320 3
   1321 3
   1322 3
   1323 3
   1324 3
   1325 3
   1326 3
   1327 3
   1328 3
   1329 3
   1330 3
   1331 3
   1332 3
   1333 3
   1334 3
   1335 3
   1336 3
   1337 3
   1338 3
   1339 3
   1340 3
   1341 3
   1342 3
   1343 3
   1344 3
   1345 3
   1346 3
   1347 3
   1348 3
   1349 3
   1350 3
   1351 3
   1352 3
   1353 3
   1354 3
   1355 3
   1356 3
   1357 3
   1358 3
   1359 3
   1360 3
   1361 3
   1362 3
   1363 3
   1364 3
   1365 3
   1366 3
   1367 3
   1368 3
   1369 3
   1370 3
   1371 3
   1372 3
   1373 3
   1374 3
   1375 3
   1376 3
   1377 3
   1378 3
   1379 3
   1380 3
   1381 3
   1382 3
   1383 3
   1384 3
   1385 3
   1386 3
   1387 3
   1388 3
   1389 3
   1390 3
   1391 3
   1392 3
   1393 3
   1394 3
   1395 3
   1396 3
   1397 3
   1398 3
   1399 3
   1400 3
   1401 3
   1402 3
   1403 3
   1404 3
   1405 3
   1406 3
   1407 3
   1408 3
   1409 3
   1410 3
   1411 3
   1412 3
   1413 3
   1414 3
   1415 3
   1416 3
   1417 3
   1418 3
   1419 3
   1420 3
   1421 3
   1422 3
   1423 3
   1424 3
   1425 3
   1426 3
   1427 3
   1428 3
   1429 3
   1430 3
   1431 3
   1432 3
   1433 3
   1434 3
   1435 3
   1436 3
   1437 3
   1438 3
   1439 3
   1440 3
   1441 3
   1442 3
   1443 3
   1444 3
   1445 3
   1446 3
   1447 3
   1448 3
   1449 3
   1450 3
   1451 3
   1452 3
   1453 3
   1454 3
   1455 3
   1456 3
   1457 3
   1458 3
   1459 3
   1460 3
   1461 3
   1462 3
   1463 3
   1464 3
   1465 3
   1466 3
   1467 3
   1468 3
   1469 3
   1470 3
   1471 3
   1472 3
   1473 3
   1474 3
   1475 3
   1476 3
   1477 3
   1478 3
   1479 3
   1480 3
   1481 3
   1482 3
   1483 3
   1484 3
   1485 3
   1486 3
   1487 3
   1488 3
   1489 3
   1490 3
   1491 3
   1492 3
   1493 3
   1494 3
   1495 3
   1496 3
   1497 3
   1498 3
   1499 3
   1500 3
   1501 3
   1502 3
   1503 3
   1504 3
   1505 3
   1506 3
   1507 3
   1508 3
   1509 3
   1510 3
   1511 3
   1512 3
   1513 3
   1514 3
   1515 3
   1516 3
   1517 3
   1518 3
   1519 3
   1520 3
   1521 3
   1522 3
   1523 3
   1524 3
   1525 3
   1526 3
   1527 3
   1528 3
   1529 3
   1530 3
   1531 3
   1532 3
   1533 3
   1534 3
   1535 3
   1536 3
   1537 3
   1538 3
   1539 3
   1540 3
   1541 3
   1542 3
   1543 3
   1544 3
   1545 3
   1546 3
   1547 3
   1548 3
   1549 3
   1550 3
   1551 3
   1552 3
   1553 3
   1554 3
   1555 3
   1556 3
   1557 3
   1558 3
   1559 3
   1560 3
   1561 3
   1562 3
   1563 3
   1564 3
   1565 3
   1566 3
   1567 3
   1568 3
   1569 3
   1570 3
   1571 3
   1572 3
   1573 3
   1574 3
   1575 3
   1576 3
   1577 3
   1578 3
   1579 3
   1580 3
   1581 3
   1582 3
   1583 3
   1584 3
   1585 3
   1586 3
   1587 3
   1588 3
   1589 3
   1590 3
   1591 3
   1592 3
   1593 3
   1594 3
   1595 3
   1596 3
   1597 3
   1598 3
   1599 3
   1600 3
   1601 3
   1602 3
   1603 3
   1604 3
   1605 3
   1606 3
   1607 3
   1608 3
   1609 3
   1610 3
   1611 3
   1612 3
   1613 3
   1614 3
   1615 3
   1616 3
   1617 3
   1618 3
   1619 3
   1620 3
   1621 3
   1622 3
   1623 3
   1624 3
   1625 3
   1626 3
   1627 3
   1628 3
   1629 3
   1630 3
   1631 3
   1632 3
   1633 3
   1634 3
   1635 3
   1636 3
   1637 3
   1638 3
   1639 3
   1640 3
   1641 3
   1642 3
   1643 3
   1644 3
   1645 3
   1646 3
   1647 3
   1648 3
   1649 3
   1650 3
   1651 3
   1652 3
   1653 3
   1654 3
   1655 3
   1656 3
   1657 3
   1658 3
   1659 3
   1660 3
   1661 3
   1662 3
   1663 3
   1664 3
   1665 3
   1666 3
   1667 3
   1668 3
   1669 3
   1670 3
   1671 3
   1672 3
   1673 3
   1674 3
   1675 3
   1676 3
   1677 3
   1678 3
   1679 3
   1680 3
   1681 3
   1682 3
   1683 3
   1684 3
   1685 3
   1686 3
   1687 3
   1688 3
   1689 3
   1690 3
   1691 3
   1692 3
   1693 3
   1694 3
   1695 3
   1696 3
  END_NODES_PER_ELEMENT
  ELEMENTS
  1 906 904 905  
  2 402 396 367  
  3 367 396 359  
  4 402 367 374  
  5 359 396 384  
  6 367 359 332  
  7 374 367 341  
  8 332 359 323  
  9 367 332 341  
  10 341 332 310  
  11 310 332 299  
  12 341 310 314  
  13 299 332 323  
  14 299 323 291  
  15 291 323 321  
  16 299 291 270  
  17 310 299 279  
  18 341 314 348  
  19 291 321 290  
  20 299 270 279  
  21 279 270 249  
  22 249 270 240  
  23 279 249 254  
  24 240 270 263  
  25 249 240 220  
  26 254 249 226  
  27 279 254 283  
  28 314 310 283  
  29 283 310 279  
  30 314 283 292  
  31 292 283 261  
  32 314 292 326  
  33 321 323 351  
  34 270 291 263  
  35 263 291 290  
  36 263 290 260  
  37 260 290 274  
  38 263 260 236  
  39 374 341 348  
  40 374 348 383  
  41 383 348 362  
  42 374 383 410  
  43 410 383 419  
  44 362 348 326  
  45 362 326 340  
  46 383 362 399  
  47 340 326 307  
  48 362 340 376  
  49 307 326 292  
  50 340 307 319  
  51 376 340 354  
  52 362 376 399  
  53 399 376 412  
  54 412 376 393  
  55 399 412 431  
  56 431 412 443  
  57 393 376 354  
  58 393 354 370  
  59 370 354 335  
  60 393 370 407  
  61 412 393 427  
  62 370 335 350  
  63 393 407 427  
  64 427 407 438  
  65 438 407 424  
  66 427 438 456  
  67 456 438 468  
  68 424 407 388  
  69 438 424 454  
  70 335 354 319  
  71 335 319 303  
  72 303 319 287  
  73 335 303 315  
  74 287 319 307  
  75 287 307 275  
  76 303 287 269  
  77 335 315 350  
  78 350 315 337  
  79 337 315 304  
  80 350 337 373  
  81 275 307 292  
  82 304 315 284  
  83 337 304 322  
  84 373 337 356  
  85 407 370 388  
  86 388 370 350  
  87 388 350 373  
  88 388 373 408  
  89 408 373 394  
  90 388 408 424  
  91 424 408 439  
  92 439 408 428  
  93 424 439 454  
  94 454 439 467  
  95 467 439 457  
  96 454 467 485  
  97 485 467 501  
  98 428 408 394  
  99 428 394 414  
  100 414 394 378  
  101 428 414 444  
  102 439 428 457  
  103 457 428 444  
  104 457 444 477  
  105 477 444 463  
  106 457 477 488  
  107 378 394 356  
  108 378 356 344  
  109 344 356 322  
  110 378 344 366  
  111 463 444 433  
  112 488 477 507  
  113 344 322 311  
  114 414 378 403  
  115 477 463 491  
  116 366 344 330  
  117 315 303 284  
  118 284 303 269  
  119 284 269 253  
  120 253 269 238  
  121 284 253 271  
  122 467 457 488  
  123 467 488 501  
  124 501 488 516  
  125 287 275 256  
  126 444 414 433  
  127 433 414 403  
  128 433 403 423  
  129 423 403 390  
  130 433 423 453  
  131 378 366 403  
  132 403 366 390  
  133 390 366 353  
  134 353 366 330  
  135 353 330 320  
  136 320 330 296  
  137 353 320 346  
  138 390 353 381  
  139 320 296 288  
  140 353 346 381  
  141 381 346 371  
  142 371 346 339  
  143 381 371 406  
  144 339 346 313  
  145 371 339 365  
  146 406 371 401  
  147 296 330 311  
  148 296 311 280  
  149 280 311 289  
  150 296 280 264  
  151 311 330 344  
  152 289 311 322  
  153 289 322 304  
  154 289 304 271  
  155 271 304 284  
  156 289 271 258  
  157 280 289 258  
  158 280 258 248  
  159 296 264 288  
  160 288 264 259  
  161 259 264 234  
  162 288 259 282  
  163 258 271 239  
  164 280 248 264  
  165 282 259 252  
  166 248 258 229  
  167 234 264 248  
  168 234 248 217  
  169 217 248 229  
  170 234 217 208  
  171 346 320 313  
  172 313 320 288  
  173 313 288 282  
  174 313 282 306  
  175 306 282 278  
  176 313 306 339  
  177 339 306 333  
  178 333 306 301  
  179 339 333 365  
  180 365 333 361  
  181 361 333 328  
  182 365 361 397  
  183 301 306 278  
  184 301 278 273  
  185 273 278 250  
  186 301 273 297  
  187 333 301 328  
  188 328 301 297  
  189 328 297 325  
  190 325 297 294  
  191 328 325 358  
  192 397 361 392  
  193 273 250 245  
  194 325 294 324  
  195 250 278 252  
  196 250 252 224  
  197 224 252 231  
  198 250 224 222  
  199 231 252 259  
  200 231 259 234  
  201 224 231 204  
  202 222 224 198  
  203 294 297 268  
  204 358 325 355  
  205 250 222 245  
  206 245 222 219  
  207 219 222 195  
  208 245 219 241  
  209 195 222 198  
  210 195 198 176  
  211 219 195 193  
  212 245 241 268  
  213 195 176 171  
  214 268 241 267  
  215 245 268 273  
  216 273 268 297  
  217 267 241 243  
  218 268 267 294  
  219 294 267 295  
  220 295 267 272  
  221 294 295 324  
  222 324 295 327  
  223 272 267 243  
  224 272 243 247  
  225 295 272 300  
  226 327 295 300  
  227 247 243 221  
  228 327 300 331  
  229 221 243 218  
  230 247 221 223  
  231 331 300 305  
  232 241 219 218  
  233 218 219 193  
  234 241 218 243  
  235 176 198 179  
  236 272 247 276  
  237 276 247 251  
  238 272 276 300  
  239 300 276 305  
  240 305 276 281  
  241 281 276 251  
  242 281 251 257  
  243 257 251 230  
  244 281 257 286  
  245 305 281 312  
  246 257 230 233  
  247 281 286 312  
  248 312 286 317  
  249 317 286 293  
  250 312 317 345  
  251 293 286 262  
  252 317 293 329  
  253 345 317 349  
  254 230 251 223  
  255 230 223 203  
  256 203 223 197  
  257 230 203 206  
  258 286 257 262  
  259 262 257 233  
  260 262 233 246  
  261 312 345 338  
  262 361 328 358  
  263 361 358 392  
  264 392 358 387  
  265 387 358 355  
  266 387 355 386  
  267 386 355 357  
  268 387 386 416  
  269 392 387 418  
  270 386 357 389  
  271 387 416 418  
  272 418 416 446  
  273 446 416 445  
  274 418 446 449  
  275 445 416 417  
  276 446 445 470  
  277 449 446 472  
  278 357 355 324  
  279 357 324 327  
  280 357 327 360  
  281 360 327 331  
  282 357 360 389  
  283 389 360 395  
  284 395 360 364  
  285 389 395 420  
  286 364 360 331  
  287 364 331 338  
  288 338 331 305  
  289 338 305 312  
  290 395 364 398  
  291 389 420 417  
  292 417 420 448  
  293 389 417 386  
  294 386 417 416  
  295 364 338 369  
  296 448 420 450  
  297 417 448 445  
  298 445 448 471  
  299 471 448 475  
  300 445 471 470  
  301 470 471 494  
  302 494 471 497  
  303 470 494 495  
  304 450 420 426  
  305 475 448 450  
  306 475 450 479  
  307 479 450 452  
  308 475 479 499  
  309 471 475 497  
  310 497 475 499  
  311 497 499 524  
  312 524 499 527  
  313 497 524 521  
  314 470 495 472  
  315 452 450 426  
  316 452 426 429  
  317 429 426 398  
  318 452 429 459  
  319 429 398 404  
  320 499 479 506  
  321 472 495 498  
  322 404 398 369  
  323 369 398 364  
  324 498 495 522  
  325 472 498 476  
  326 524 527 549  
  327 459 429 435  
  328 418 449 421  
  329 494 497 521  
  330 494 521 520  
  331 520 521 543  
  332 494 520 495  
  333 495 520 522  
  334 522 520 544  
  335 544 520 543  
  336 522 544 547  
  337 544 543 569  
  338 569 543 570  
  339 544 569 571  
  340 543 521 545  
  341 547 544 571  
  342 547 571 573  
  343 570 543 545  
  344 570 545 572  
  345 571 569 593  
  346 573 571 595  
  347 547 573 551  
  348 572 545 549  
  349 549 545 524  
  350 572 549 574  
  351 524 545 521  
  352 574 549 553  
  353 572 574 598  
  354 553 549 527  
  355 553 527 532  
  356 532 527 506  
  357 553 532 557  
  358 506 527 499  
  359 532 506 509  
  360 509 506 480  
  361 532 509 536  
  362 574 553 579  
  363 572 598 594  
  364 509 480 487  
  365 598 574 600  
  366 557 532 536  
  367 557 536 562  
  368 562 536 540  
  369 557 562 582  
  370 479 452 480  
  371 480 452 459  
  372 479 480 506  
  373 480 459 487  
  374 487 459 464  
  375 464 459 435  
  376 487 464 492  
  377 464 435 442  
  378 492 464 473  
  379 487 492 514  
  380 442 435 413  
  381 464 442 473  
  382 473 442 451  
  383 492 473 502  
  384 487 514 509  
  385 509 514 536  
  386 536 514 540  
  387 473 451 481  
  388 514 492 519  
  389 451 442 422  
  390 569 570 591  
  391 413 435 404  
  392 404 435 429  
  393 413 404 377  
  394 377 404 369  
  395 413 377 385  
  396 377 369 345  
  397 345 369 338  
  398 377 345 349  
  399 377 349 385  
  400 385 349 363  
  401 363 349 329  
  402 385 363 400  
  403 363 329 342  
  404 413 385 422  
  405 400 363 375  
  406 385 400 422  
  407 422 400 432  
  408 432 400 411  
  409 422 432 451  
  410 451 432 461  
  411 363 342 375  
  412 411 400 375  
  413 411 375 391  
  414 391 375 352  
  415 411 391 425  
  416 432 411 441  
  417 461 432 441  
  418 352 375 342  
  419 352 342 318  
  420 318 342 308  
  421 352 318 334  
  422 391 352 368  
  423 318 308 285  
  424 352 334 368  
  425 368 334 336  
  426 308 342 329  
  427 308 329 293  
  428 308 293 277  
  429 334 318 298  
  430 425 391 405  
  431 522 547 525  
  432 570 572 594  
  433 570 594 591  
  434 591 594 616  
  435 616 594 619  
  436 591 616 615  
  437 619 594 598  
  438 619 598 622  
  439 622 598 600  
  440 619 622 643  
  441 622 600 626  
  442 626 600 604  
  443 622 626 647  
  444 616 619 640  
  445 619 643 640  
  446 640 643 666  
  447 666 643 669  
  448 640 666 661  
  449 622 647 643  
  450 643 647 669  
  451 669 647 671  
  452 671 647 650  
  453 669 671 693  
  454 650 647 626  
  455 650 626 630  
  456 630 626 604  
  457 630 604 607  
  458 650 630 654  
  459 607 604 582  
  460 607 582 588  
  461 582 604 579  
  462 582 579 557  
  463 557 579 553  
  464 630 607 632  
  465 588 582 562  
  466 588 562 565  
  467 607 588 613  
  468 579 604 600  
  469 565 562 540  
  470 565 540 548  
  471 588 565 592  
  472 548 540 519  
  473 519 540 514  
  474 548 519 528  
  475 565 548 576  
  476 528 519 502  
  477 528 502 510  
  478 510 502 481  
  479 510 481 490  
  480 528 510 537  
  481 490 481 461  
  482 490 461 474  
  483 510 490 517  
  484 474 461 441  
  485 474 441 455  
  486 490 474 503  
  487 548 528 556  
  488 537 510 517  
  489 537 517 546  
  490 546 517 531  
  491 537 546 564  
  492 528 537 556  
  493 556 537 564  
  494 556 564 583  
  495 583 564 590  
  496 556 583 576  
  497 576 583 603  
  498 603 583 609  
  499 576 603 592  
  500 592 603 621  
  501 621 603 628  
  502 592 621 613  
  503 613 621 637  
  504 592 613 588  
  505 637 621 648  
  506 613 637 632  
  507 632 637 657  
  508 613 632 607  
  509 657 637 665  
  510 632 657 654  
  511 654 657 678  
  512 678 657 682  
  513 654 678 675  
  514 590 564 575  
  515 609 583 590  
  516 609 590 617  
  517 617 590 602  
  518 609 617 635  
  519 576 592 565  
  520 602 590 575  
  521 602 575 585  
  522 585 575 559  
  523 602 585 611  
  524 635 617 646  
  525 559 575 546  
  526 559 546 531  
  527 559 531 541  
  528 541 531 513  
  529 559 541 567  
  530 546 575 564  
  531 585 559 567  
  532 585 567 597  
  533 597 567 581  
  534 585 597 611  
  535 611 597 624  
  536 624 597 608  
  537 611 624 636  
  538 581 567 554  
  539 597 581 608  
  540 608 581 586  
  541 624 608 634  
  542 636 624 651  
  543 611 636 629  
  544 603 609 628  
  545 617 602 629  
  546 617 629 646  
  547 629 602 611  
  548 646 629 655  
  549 609 635 628  
  550 628 635 653  
  551 653 635 659  
  552 628 653 648  
  553 648 653 673  
  554 673 653 679  
  555 648 673 665  
  556 665 673 691  
  557 648 665 637  
  558 671 650 675  
  559 671 675 696  
  560 675 650 654  
  561 696 675 700  
  562 671 696 693  
  563 693 696 716  
  564 474 455 484  
  565 691 673 699  
  566 696 700 720  
  567 567 541 554  
  568 554 541 526  
  569 526 541 513  
  570 526 513 496  
  571 554 526 530  
  572 496 513 484  
  573 526 496 500  
  574 496 484 465  
  575 465 484 455  
  576 496 465 469  
  577 700 675 678  
  578 700 678 703  
  579 703 678 682  
  580 703 682 706  
  581 700 703 724  
  582 706 682 691  
  583 706 691 717  
  584 691 682 665  
  585 703 706 726  
  586 717 691 699  
  587 717 699 723  
  588 706 717 735  
  589 665 682 657  
  590 723 699 704  
  591 717 723 742  
  592 724 703 726  
  593 724 726 747  
  594 700 724 720  
  595 720 724 743  
  596 743 724 747  
  597 743 747 768  
  598 720 743 741  
  599 768 747 771  
  600 743 768 763  
  601 735 717 742  
  602 735 742 761  
  603 720 741 716  
  604 716 741 737  
  605 737 741 762  
  606 716 737 713  
  607 763 768 788  
  608 761 742 767  
  609 741 743 763  
  610 741 763 762  
  611 762 763 784  
  612 784 763 788  
  613 784 788 809  
  614 762 784 783  
  615 809 788 812  
  616 784 809 805  
  617 783 784 805  
  618 783 805 803  
  619 803 805 827  
  620 783 803 779  
  621 762 783 758  
  622 812 788 792  
  623 771 747 750  
  624 735 761 750  
  625 735 750 726  
  626 726 750 747  
  627 750 761 778  
  628 735 726 706  
  629 778 761 786  
  630 750 778 771  
  631 771 778 794  
  632 794 778 804  
  633 771 794 792  
  634 792 794 814  
  635 771 792 768  
  636 768 792 788  
  637 814 794 820  
  638 792 814 812  
  639 812 814 836  
  640 836 814 837  
  641 812 836 833  
  642 837 814 820  
  643 837 820 844  
  644 844 820 828  
  645 837 844 867  
  646 836 837 859  
  647 833 836 855  
  648 812 833 809  
  649 809 833 830  
  650 830 833 852  
  651 809 830 805  
  652 805 830 827  
  653 827 830 847  
  654 847 830 852  
  655 847 852 870  
  656 827 847 845  
  657 870 852 872  
  658 847 870 866  
  659 804 778 786  
  660 804 786 810  
  661 810 786 791  
  662 804 810 828  
  663 828 810 834  
  664 804 828 820  
  665 834 810 815  
  666 828 834 853  
  667 794 804 820  
  668 867 844 868  
  669 810 791 815  
  670 791 786 767  
  671 791 767 772  
  672 772 767 749  
  673 791 772 797  
  674 834 815 839  
  675 669 693 689  
  676 655 629 636  
  677 655 636 664  
  678 664 636 651  
  679 664 651 677  
  680 655 664 680  
  681 677 651 658  
  682 664 677 692  
  683 680 664 692  
  684 680 692 705  
  685 705 692 719  
  686 680 705 698  
  687 658 651 634  
  688 658 634 638  
  689 692 677 701  
  690 655 680 672  
  691 677 658 683  
  692 719 692 701  
  693 719 701 727  
  694 727 701 711  
  695 719 727 744  
  696 705 719 732  
  697 698 705 722  
  698 680 698 672  
  699 672 698 686  
  700 686 698 714  
  701 672 686 659  
  702 659 686 679  
  703 672 659 646  
  704 679 686 704  
  705 672 646 655  
  706 646 659 635  
  707 679 704 699  
  708 693 716 713  
  709 693 713 689  
  710 513 531 503  
  711 503 531 517  
  712 503 517 490  
  713 828 853 844  
  714 844 853 868  
  715 868 853 876  
  716 621 628 648  
  717 716 696 720  
  718 853 834 857  
  719 654 630 632  
  720 653 659 679  
  721 852 833 855  
  722 852 855 872  
  723 872 855 874  
  724 874 855 859  
  725 874 859 875  
  726 872 874 885  
  727 875 859 867  
  728 867 859 837  
  729 875 867 886  
  730 874 875 887  
  731 885 874 887  
  732 872 885 884  
  733 455 441 425  
  734 425 441 411  
  735 455 425 436  
  736 436 425 405  
  737 455 436 465  
  738 436 405 409  
  739 666 669 689  
  740 666 689 687  
  741 687 689 710  
  742 666 687 661  
  743 661 687 684  
  744 699 673 679  
  745 710 689 713  
  746 710 713 734  
  747 734 713 737  
  748 710 734 733  
  749 734 737 758  
  750 758 737 762  
  751 734 758 756  
  752 756 758 779  
  753 756 779 776  
  754 734 756 733  
  755 779 758 783  
  756 776 779 801  
  757 756 776 754  
  758 801 779 803  
  759 801 803 823  
  760 823 803 827  
  761 823 827 845  
  762 823 845 843  
  763 801 823 822  
  764 843 845 865  
  765 823 843 822  
  766 822 843 842  
  767 842 843 863  
  768 822 842 818  
  769 776 801 799  
  770 756 754 733  
  771 733 754 729  
  772 801 822 799  
  773 799 822 818  
  774 799 818 796  
  775 796 818 817  
  776 799 796 775  
  777 817 818 840  
  778 796 817 798  
  779 775 796 774  
  780 799 775 776  
  781 776 775 754  
  782 754 775 752  
  783 752 775 774  
  784 752 774 753  
  785 753 774 777  
  786 752 753 730  
  787 754 752 729  
  788 777 774 798  
  789 777 798 802  
  790 802 798 821  
  791 777 802 780  
  792 753 777 757  
  793 730 753 731  
  794 752 730 729  
  795 729 730 707  
  796 707 730 709  
  797 729 707 708  
  798 821 798 817  
  799 821 817 841  
  800 841 817 840  
  801 841 840 862  
  802 821 841 848  
  803 848 841 869  
  804 862 840 861  
  805 841 862 869  
  806 869 862 883  
  807 780 802 808  
  808 808 802 831  
  809 709 730 731  
  810 709 731 712  
  811 712 731 736  
  812 709 712 688  
  813 708 707 684  
  814 684 707 685  
  815 685 707 709  
  816 685 709 688  
  817 685 688 663  
  818 663 688 667  
  819 685 663 662  
  820 684 685 662  
  821 684 662 661  
  822 661 662 639  
  823 639 662 641  
  824 661 639 640  
  825 712 736 715  
  826 667 688 690  
  827 662 663 641  
  828 641 663 642  
  829 642 663 667  
  830 642 667 645  
  831 641 642 618  
  832 645 667 670  
  833 642 645 620  
  834 618 642 620  
  835 618 620 595  
  836 641 618 615  
  837 615 618 593  
  838 670 667 690  
  839 670 690 694  
  840 694 690 715  
  841 694 715 718  
  842 718 715 739  
  843 694 718 697  
  844 670 694 674  
  845 715 690 712  
  846 712 690 688  
  847 645 670 649  
  848 739 715 736  
  849 739 736 759  
  850 759 736 757  
  851 759 757 780  
  852 780 757 777  
  853 759 780 787  
  854 787 780 808  
  855 739 759 766  
  856 766 759 787  
  857 718 739 745  
  858 745 739 766  
  859 757 736 731  
  860 694 697 674  
  861 674 697 676  
  862 676 697 702  
  863 702 697 725  
  864 674 676 652  
  865 802 821 831  
  866 831 821 848  
  867 729 708 733  
  868 733 708 710  
  869 710 708 687  
  870 697 718 725  
  871 725 718 745  
  872 620 645 623  
  873 639 641 615  
  874 652 676 656  
  875 674 652 649  
  876 649 652 627  
  877 674 649 670  
  878 627 652 631  
  879 649 627 623  
  880 623 627 601  
  881 601 627 606  
  882 623 601 599  
  883 631 652 656  
  884 631 656 633  
  885 633 656 660  
  886 660 656 681  
  887 631 633 610  
  888 627 631 606  
  889 606 631 610  
  890 606 610 584  
  891 584 610 589  
  892 606 584 580  
  893 589 610 614  
  894 584 589 563  
  895 580 584 561  
  896 606 580 601  
  897 601 580 578  
  898 578 580 555  
  899 601 578 599  
  900 599 578 573  
  901 573 578 551  
  902 555 580 561  
  903 555 561 534  
  904 534 561 538  
  905 555 534 529  
  906 578 555 551  
  907 551 555 529  
  908 551 529 525  
  909 525 529 504  
  910 504 529 508  
  911 525 504 498  
  912 538 561 563  
  913 538 563 542  
  914 542 563 568  
  915 538 542 515  
  916 529 534 508  
  917 508 534 512  
  918 512 534 538  
  919 512 538 515  
  920 512 515 489  
  921 508 512 486  
  922 489 515 493  
  923 512 489 486  
  924 486 489 462  
  925 462 489 466  
  926 486 462 460  
  927 466 489 493  
  928 466 493 478  
  929 478 493 505  
  930 466 478 447  
  931 462 466 437  
  932 460 462 434  
  933 486 460 482  
  934 508 486 482  
  935 508 482 504  
  936 504 482 476  
  937 493 515 523  
  938 505 493 523  
  939 505 523 533  
  940 533 523 550  
  941 505 533 511  
  942 478 505 483  
  943 447 478 453  
  944 466 447 437  
  945 437 447 415  
  946 415 447 423  
  947 437 415 406  
  948 406 415 381  
  949 550 523 542  
  950 550 542 568  
  951 550 568 577  
  952 577 568 596  
  953 550 577 558  
  954 533 550 558  
  955 533 558 539  
  956 539 558 566  
  957 533 539 511  
  958 511 539 518  
  959 518 539 552  
  960 511 518 491  
  961 491 518 507  
  962 505 511 483  
  963 483 511 491  
  964 434 462 437  
  965 482 460 458  
  966 460 434 430  
  967 568 563 589  
  968 568 589 596  
  969 515 542 523  
  970 861 840 842  
  971 861 842 863  
  972 861 863 878  
  973 842 840 818  
  974 878 863 879  
  975 861 878 877  
  976 558 577 587  
  977 587 577 605  
  978 610 633 614  
  979 614 633 644  
  980 644 633 660  
  981 862 861 877  
  982 862 877 883  
  983 883 877 891  
  984 478 483 453  
  985 623 599 620  
  986 577 596 605  
  987 605 596 625  
  988 731 753 757  
  989 525 498 522  
  990 551 525 547  
  991 878 879 889  
  992 863 843 865  
  993 863 865 879  
  994 879 865 880  
  995 877 878 888  
  996 684 687 708  
  997 584 563 561  
  998 880 865 866  
  999 624 634 651  
  1000 889 879 890  
  1001 719 744 732  
  1002 732 744 760  
  1003 760 744 769  
  1004 732 760 748  
  1005 769 744 755  
  1006 760 769 785  
  1007 748 760 773  
  1008 732 748 722  
  1009 884 885 895  
  1010 723 704 728  
  1011 728 704 714  
  1012 714 704 686  
  1013 728 714 740  
  1014 740 714 722  
  1015 740 722 748  
  1016 740 748 764  
  1017 764 748 773  
  1018 740 764 751  
  1019 728 740 751  
  1020 728 751 749  
  1021 749 751 772  
  1022 722 714 698  
  1023 751 764 781  
  1024 781 764 789  
  1025 751 781 772  
  1026 772 781 797  
  1027 723 728 749  
  1028 789 764 773  
  1029 781 789 806  
  1030 866 870 882  
  1031 591 615 593  
  1032 683 658 668  
  1033 460 430 458  
  1034 503 474 484  
  1035 888 878 889  
  1036 872 884 870  
  1037 870 884 882  
  1038 761 767 786  
  1039 615 616 639  
  1040 836 859 855  
  1041 576 548 556  
  1042 701 677 683  
  1043 705 732 722  
  1044 482 458 476  
  1045 476 458 449  
  1046 449 458 421  
  1047 581 554 560  
  1048 749 767 742  
  1049 727 711 738  
  1050 738 711 721  
  1051 727 738 755  
  1052 727 755 744  
  1053 755 738 765  
  1054 865 845 866  
  1055 866 845 847  
  1056 796 798 774  
  1057 623 645 649  
  1058 839 815 824  
  1059 589 614 596  
  1060 365 397 401  
  1061 401 397 430  
  1062 451 461 481  
  1063 867 868 881  
  1064 881 868 876  
  1065 392 418 421  
  1066 392 421 397  
  1067 397 421 430  
  1068 430 421 458  
  1069 742 723 749  
  1070 877 888 891  
  1071 891 888 900  
  1072 656 676 681  
  1073 681 676 702  
  1074 791 797 815  
  1075 815 797 824  
  1076 824 797 806  
  1077 806 797 781  
  1078 824 806 829  
  1079 829 806 813  
  1080 824 829 846  
  1081 846 838 860  
  1082 824 846 839  
  1083 879 880 890  
  1084 857 834 839  
  1085 853 857 876  
  1086 430 434 401  
  1087 711 701 683  
  1088 442 413 422  
  1089 420 395 426  
  1090 426 395 398  
  1091 634 608 612  
  1092 240 263 236  
  1093 240 236 214  
  1094 214 236 212  
  1095 240 214 220  
  1096 220 214 192  
  1097 192 214 189  
  1098 220 192 201  
  1099 212 236 242  
  1100 189 214 212  
  1101 189 212 187  
  1102 201 192 175  
  1103 192 189 168  
  1104 220 201 226  
  1105 226 201 205  
  1106 373 356 394  
  1107 769 755 782  
  1108 765 738 746  
  1109 782 755 765  
  1110 782 765 790  
  1111 790 765 770  
  1112 782 790 807  
  1113 807 790 819  
  1114 782 807 793  
  1115 769 782 793  
  1116 769 793 785  
  1117 785 793 811  
  1118 811 793 816  
  1119 785 811 800  
  1120 816 793 807  
  1121 816 807 832  
  1122 832 807 819  
  1123 816 832 854  
  1124 832 819 851  
  1125 811 816 835  
  1126 800 811 826  
  1127 785 800 773  
  1128 819 790 795  
  1129 835 816 854  
  1130 811 835 826  
  1131 383 399 419  
  1132 419 399 431  
  1133 278 282 252  
  1134 206 203 181  
  1135 181 203 178  
  1136 206 181 190  
  1137 178 203 197  
  1138 181 178 159  
  1139 190 181 165  
  1140 206 190 216  
  1141 181 159 165  
  1142 190 165 173  
  1143 216 190 199  
  1144 165 159 143  
  1145 190 173 199  
  1146 143 159 138  
  1147 199 173 182  
  1148 138 159 154  
  1149 143 138 122  
  1150 182 173 158  
  1151 154 159 178  
  1152 122 138 119  
  1153 143 122 127  
  1154 158 173 148  
  1155 119 138 132  
  1156 122 119 103  
  1157 127 122 107  
  1158 148 173 165  
  1159 132 138 154  
  1160 103 119 100  
  1161 107 122 103  
  1162 148 165 143  
  1163 132 154 152  
  1164 100 119 113  
  1165 107 103 89  
  1166 152 154 174  
  1167 132 152 130  
  1168 113 119 132  
  1169 89 103 85  
  1170 174 154 178  
  1171 130 152 151  
  1172 113 132 130  
  1173 85 103 100  
  1174 174 178 197  
  1175 151 152 170  
  1176 113 130 110  
  1177 85 100 82  
  1178 170 152 174  
  1179 151 170 171  
  1180 171 170 193  
  1181 171 193 195  
  1182 110 130 131  
  1183 82 100 98  
  1184 193 170 194  
  1185 131 130 151  
  1186 98 100 113  
  1187 194 170 174  
  1188 194 174 197  
  1189 194 197 221  
  1190 221 197 223  
  1191 193 194 218  
  1192 131 151 153  
  1193 98 113 110  
  1194 153 151 171  
  1195 131 153 133  
  1196 133 153 155  
  1197 131 133 115  
  1198 155 153 176  
  1199 133 155 141  
  1200 115 133 120  
  1201 141 155 161  
  1202 133 141 120  
  1203 115 120 101  
  1204 161 155 179  
  1205 120 141 123  
  1206 101 120 104  
  1207 115 101 99  
  1208 123 141 144  
  1209 120 123 104  
  1210 99 101 83  
  1211 144 141 161  
  1212 104 123 108  
  1213 83 101 86  
  1214 99 83 81  
  1215 108 123 128  
  1216 104 108 90  
  1217 86 101 104  
  1218 81 83 68  
  1219 128 123 144  
  1220 90 108 97  
  1221 68 83 70  
  1222 81 68 67  
  1223 128 144 149  
  1224 97 108 118  
  1225 70 83 86  
  1226 149 144 166  
  1227 97 118 105  
  1228 166 144 161  
  1229 149 166 177  
  1230 105 118 124  
  1231 166 161 184  
  1232 177 166 191  
  1233 124 118 139  
  1234 184 161 179  
  1235 191 166 184  
  1236 139 118 128  
  1237 191 184 208  
  1238 128 118 108  
  1239 139 128 149  
  1240 139 149 162  
  1241 162 149 177  
  1242 139 162 146  
  1243 146 162 169  
  1244 139 146 124  
  1245 169 162 186  
  1246 124 146 137  
  1247 186 162 177  
  1248 137 146 160  
  1249 160 146 169  
  1250 137 160 147  
  1251 147 160 172  
  1252 137 147 125  
  1253 172 160 185  
  1254 125 147 142  
  1255 137 125 116  
  1256 185 160 169  
  1257 142 147 164  
  1258 116 125 106  
  1259 185 169 196  
  1260 164 147 172  
  1261 106 125 121  
  1262 196 169 186  
  1263 164 172 188  
  1264 121 125 142  
  1265 196 186 211  
  1266 188 172 200  
  1267 211 186 202  
  1268 196 211 225  
  1269 200 172 185  
  1270 202 186 177  
  1271 225 211 239  
  1272 202 177 191  
  1273 202 191 217  
  1274 67 68 53  
  1275 53 68 56  
  1276 67 53 55  
  1277 56 68 70  
  1278 55 53 42  
  1279 67 55 69  
  1280 42 53 43  
  1281 55 42 45  
  1282 69 55 58  
  1283 43 53 56  
  1284 45 42 33  
  1285 58 55 45  
  1286 33 42 32  
  1287 45 33 38  
  1288 32 42 43  
  1289 33 32 23  
  1290 38 33 28  
  1291 32 43 34  
  1292 23 32 25  
  1293 28 33 23  
  1294 34 43 46  
  1295 25 32 34  
  1296 46 43 56  
  1297 34 46 39  
  1298 46 56 59  
  1299 39 46 51  
  1300 59 56 70  
  1301 46 59 51  
  1302 59 70 74  
  1303 51 59 64  
  1304 74 70 86  
  1305 59 74 64  
  1306 74 86 90  
  1307 64 74 79  
  1308 90 86 104  
  1309 74 90 79  
  1310 79 90 97  
  1311 79 97 87  
  1312 87 97 105  
  1313 79 87 71  
  1314 87 105 94  
  1315 71 87 77  
  1316 79 71 64  
  1317 94 105 116  
  1318 77 87 94  
  1319 64 71 54  
  1320 116 105 124  
  1321 54 71 63  
  1322 64 54 51  
  1323 63 71 77  
  1324 54 63 49  
  1325 51 54 41  
  1326 63 77 72  
  1327 49 63 57  
  1328 41 54 49  
  1329 72 77 88  
  1330 57 63 72  
  1331 41 49 37  
  1332 88 77 94  
  1333 57 72 66  
  1334 37 49 44  
  1335 66 72 84  
  1336 57 66 52  
  1337 44 49 57  
  1338 84 72 88  
  1339 52 66 65  
  1340 84 88 102  
  1341 65 66 80  
  1342 52 65 48  
  1343 102 88 106  
  1344 80 66 84  
  1345 106 88 94  
  1346 102 106 121  
  1347 80 84 95  
  1348 106 94 116  
  1349 102 121 112  
  1350 95 84 102  
  1351 112 121 134  
  1352 95 102 112  
  1353 134 121 142  
  1354 112 134 129  
  1355 95 112 109  
  1356 134 142 156  
  1357 129 134 150  
  1358 109 112 129  
  1359 156 142 164  
  1360 150 134 156  
  1361 156 164 180  
  1362 150 156 175  
  1363 175 156 180  
  1364 175 180 201  
  1365 201 180 205  
  1366 180 164 188  
  1367 180 188 205  
  1368 205 188 215  
  1369 215 188 200  
  1370 215 200 228  
  1371 205 215 232  
  1372 228 200 210  
  1373 215 228 244  
  1374 210 200 185  
  1375 210 185 196  
  1376 210 196 225  
  1377 228 210 238  
  1378 244 228 256  
  1379 215 244 232  
  1380 232 244 261  
  1381 232 261 254  
  1382 254 261 283  
  1383 205 232 226  
  1384 124 137 116  
  1385 34 39 29  
  1386 29 39 30  
  1387 34 29 25  
  1388 30 39 41  
  1389 25 29 20  
  1390 41 39 51  
  1391 20 29 21  
  1392 25 20 17  
  1393 20 21 14  
  1394 17 20 13  
  1395 14 21 18  
  1396 20 14 13  
  1397 18 21 27  
  1398 14 18 11  
  1399 13 14 8  
  1400 27 21 30  
  1401 18 27 22  
  1402 11 18 16  
  1403 8 14 11  
  1404 30 21 29  
  1405 22 27 31  
  1406 8 11 6  
  1407 22 31 26  
  1408 216 199 227  
  1409 227 199 207  
  1410 216 227 246  
  1411 246 227 255  
  1412 216 246 233  
  1413 216 233 206  
  1414 206 233 230  
  1415 255 227 235  
  1416 246 255 277  
  1417 277 255 285  
  1418 285 255 265  
  1419 277 285 308  
  1420 235 227 207  
  1421 255 235 265  
  1422 265 235 237  
  1423 285 265 298  
  1424 207 199 182  
  1425 235 207 209  
  1426 207 182 183  
  1427 89 85 73  
  1428 73 85 69  
  1429 89 73 76  
  1430 69 85 82  
  1431 73 69 58  
  1432 76 73 62  
  1433 89 76 93  
  1434 69 82 67  
  1435 73 58 62  
  1436 93 76 75  
  1437 67 82 81  
  1438 62 58 50  
  1439 81 82 98  
  1440 50 58 45  
  1441 62 50 47  
  1442 81 98 99  
  1443 50 45 38  
  1444 99 98 110  
  1445 50 38 35  
  1446 99 110 115  
  1447 115 110 131  
  1448 38 28 24  
  1449 89 93 107  
  1450 107 93 114  
  1451 114 93 92  
  1452 107 114 127  
  1453 127 114 136  
  1454 136 114 111  
  1455 127 136 148  
  1456 148 136 158  
  1457 127 148 143  
  1458 158 136 135  
  1459 95 109 91  
  1460 91 109 117  
  1461 95 91 80  
  1462 80 91 78  
  1463 314 326 348  
  1464 109 129 126  
  1465 126 129 145  
  1466 109 126 117  
  1467 145 129 150  
  1468 126 145 140  
  1469 145 150 168  
  1470 168 150 175  
  1471 258 239 229  
  1472 229 239 211  
  1473 492 502 519  
  1474 507 477 491  
  1475 325 324 355  
  1476 472 446 470  
  1477 290 321 316  
  1478 316 321 347  
  1479 290 309 274  
  1480 347 321 351  
  1481 316 347 343  
  1482 247 223 251  
  1483 28 23 19  
  1484 19 23 17  
  1485 28 19 24  
  1486 17 23 25  
  1487 19 17 12  
  1488 12 17 13  
  1489 19 12 15  
  1490 12 13 7  
  1491 7 13 8  
  1492 12 7 9  
  1493 7 8 4  
  1494 4 8 6  
  1495 7 4 5  
  1496 390 381 415  
  1497 595 571 593  
  1498 595 593 618  
  1499 354 340 319  
  1500 569 591 593  
  1501 37 44 31  
  1502 31 44 40  
  1503 37 31 27  
  1504 40 44 52  
  1505 31 40 36  
  1506 37 27 30  
  1507 52 44 57  
  1508 40 52 48  
  1509 37 30 41  
  1510 401 371 365  
  1511 298 318 285  
  1512 254 226 232  
  1513 349 317 329  
  1514 208 217 191  
  1515 473 481 502  
  1516 256 275 244  
  1517 574 579 600  
  1518 18 22 16  
  1519 760 785 773  
  1520 249 220 226  
  1521 271 253 239  
  1522 239 253 225  
  1523 76 62 60  
  1524 438 454 468  
  1525 468 454 485  
  1526 224 204 198  
  1527 476 498 504  
  1528 292 261 275  
  1529 889 890 897  
  1530 897 890 898  
  1531 889 897 896  
  1532 898 890 894  
  1533 897 898 903  
  1534 903 898 901  
  1535 901 898 894  
  1536 889 896 888  
  1537 896 897 902  
  1538 902 897 903  
  1539 896 902 904  
  1540 904 902 905  
  1541 905 902 903  
  1542 894 890 880  
  1543 238 269 256  
  1544 256 269 287  
  1545 800 826 813  
  1546 813 826 838  
  1547 800 813 789  
  1548 838 826 858  
  1549 813 838 829  
  1550 813 806 789  
  1551 829 838 846  
  1552 860 838 858  
  1553 491 463 483  
  1554 168 189 167  
  1555 167 189 187  
  1556 168 167 145  
  1557 405 391 368  
  1558 453 423 447  
  1559 175 192 168  
  1560 337 322 356  
  1561 221 218 194  
  1562 277 293 262  
  1563 323 359 351  
  1564 351 359 384  
  1565 351 384 382  
  1566 171 176 153  
  1567 488 507 516  
  1568 516 507 535  
  1569 182 158 157  
  1570 231 234 208  
  1571 231 208 204  
  1572 204 208 184  
  1573 449 472 476  
  1574 262 246 277  
  1575 406 401 434  
  1576 573 595 599  
  1577 599 595 620  
  1578 423 390 415  
  1579 334 298 302  
  1580 412 427 443  
  1581 443 427 456  
  1582 176 179 155  
  1583 616 640 639  
  1584 236 260 242  
  1585 211 202 229  
  1586 253 238 225  
  1587 225 238 210  
  1588 880 866 882  
  1589 65 80 78  
  1590 179 198 204  
  1591 179 204 184  
  1592 433 453 463  
  1593 463 453 483  
  1594 402 374 410  
  1595 503 484 513  
  1596 347 351 382  
  1597 347 382 380  
  1598 238 256 228  
  1599 217 229 202  
  1600 826 835 858  
  1601 145 167 140  
  1602 298 265 266  
  1603 405 368 372  
  1604 882 884 892  
  1605 892 884 895  
  1606 882 892 894  
  1607 465 436 440  
  1608 773 800 789  
  1609 857 839 871  
  1610 275 261 244  
  1611 880 882 894  
  1612 888 896 900  
  1613 900 896 904  
  1614 586 612 608  
  1615 644 625 614  
  1616 614 625 596  
  1617 111 135 136  
  1618 9 15 12  
  1619 795 825 819  
  1620 336 372 368  
  1621 380 379 343  
  1622 695 721 711  
  1623 566 552 539  
  1624 209 237 235  
  1625 47 60 62  
  1626 469 500 496  
  1627 638 668 658  
  1628 157 183 182  
  1629 24 35 38  
  1630 409 440 436  
  1631 2 5 4  
  1632 746 770 765  
  1633 266 302 298  
  1634 75 92 93  
  1635 530 560 554  
  1636 612 638 634  
  1637 135 157 158  
  1638 15 24 19  
  1639 825 849 850  
  1640 372 409 405  
  1641 1 2 3  
  1642 721 746 738  
  1643 552 535 518  
  1644 237 266 265  
  1645 60 75 76  
  1646 500 530 526  
  1647 668 695 683  
  1648 587 566 558  
  1649 183 209 207  
  1650 35 47 50  
  1651 440 469 465  
  1652 5 9 7  
  1653 770 795 790  
  1654 302 336 334  
  1655 92 111 114  
  1656 560 586 581  
  1657 711 683 695  
  1658 894 899 901  
  1659 899 894 892  
  1660 899 892 895  
  1661 61 48 65  
  1662 871 873 857  
  1663 857 873 876  
  1664 242 213 212  
  1665 856 858 835  
  1666 856 835 854  
  1667 16 10 11  
  1668 886 887 875  
  1669 886 867 881  
  1670 140 117 126  
  1671 851 854 832  
  1672 851 819 850  
  1673 36 26 31  
  1674 187 163 167  
  1675 860 864 846  
  1676 846 864 871  
  1677 309 290 316  
  1678 6 3 4  
  1679 893 895 885  
  1680 893 885 887  
  1681 96 78 91  
  1682 48 36 40  
  1683 347 380 343  
  1684 213 187 212  
  1685 343 309 316  
  1686 10 6 11  
  1687 117 96 91  
  1688 26 16 22  
  1689 163 140 167  
  1690 274 242 260  
  1691 78 61 65  
  1692 535 507 518  
  1693 437 406 434  
  1694 4 3 2  
  1695 839 846 871  
  1696 850 819 825  
  END_ELEMENTS  
  COORDINATES  
   1   3.000000e+00  5.500000e+00   
   2   3.000000e+00  5.202703e+00   
   3   3.300000e+00  5.500000e+00   
   4   3.318658e+00  5.175367e+00   
   5   3.000000e+00  4.905405e+00   
   6   3.600000e+00  5.500000e+00   
   7   3.378304e+00  4.898176e+00   
   8   3.633641e+00  5.045919e+00   
   9   3.000000e+00  4.608108e+00   
   10   3.900000e+00  5.500000e+00   
   11   3.894583e+00  5.248497e+00   
   12   3.378584e+00  4.603176e+00   
   13   3.633921e+00  4.750919e+00   
   14   3.889259e+00  4.898661e+00   
   15   3.000000e+00  4.310811e+00   
   16   4.200000e+00  5.500000e+00   
   17   3.634202e+00  4.455919e+00   
   18   4.144596e+00  5.046404e+00   
   19   3.378864e+00  4.308176e+00   
   20   3.889539e+00  4.603661e+00   
   21   4.144876e+00  4.751404e+00   
   22   4.399933e+00  5.194146e+00   
   23   3.634482e+00  4.160919e+00   
   24   3.000000e+00  4.013514e+00   
   25   3.889819e+00  4.308662e+00   
   26   4.500000e+00  5.500000e+00   
   27   4.400213e+00  4.899147e+00   
   28   3.405506e+00  4.013341e+00   
   29   4.145156e+00  4.456404e+00   
   30   4.400494e+00  4.604147e+00   
   31   4.654005e+00  5.134207e+00   
   32   3.890099e+00  4.013662e+00   
   33   3.634762e+00  3.865919e+00   
   34   4.145436e+00  4.161404e+00   
   35   3.000000e+00  3.716216e+00   
   36   4.800000e+00  5.500000e+00   
   37   4.655831e+00  4.751889e+00   
   38   3.379425e+00  3.718177e+00   
   39   4.400774e+00  4.309147e+00   
   40   4.910888e+00  5.194632e+00   
   41   4.656111e+00  4.456889e+00   
   42   3.890379e+00  3.718662e+00   
   43   4.145717e+00  3.866404e+00   
   44   4.911168e+00  4.899632e+00   
   45   3.635042e+00  3.570919e+00   
   46   4.401054e+00  4.014147e+00   
   47   3.000000e+00  3.418919e+00   
   48   5.100000e+00  5.500000e+00   
   49   4.911448e+00  4.604632e+00   
   50   3.379710e+00  3.423182e+00   
   51   4.656391e+00  4.161890e+00   
   52   5.155468e+00  5.073645e+00   
   53   4.145997e+00  3.571405e+00   
   54   4.911729e+00  4.309632e+00   
   55   3.890660e+00  3.423662e+00   
   56   4.401334e+00  3.719147e+00   
   57   5.166786e+00  4.752375e+00   
   58   3.635322e+00  3.275919e+00   
   59   4.656671e+00  3.866890e+00   
   60   3.000000e+00  3.121622e+00   
   61   5.400000e+00  5.500000e+00   
   62   3.379990e+00  3.128184e+00   
   63   5.167066e+00  4.457375e+00   
   64   4.912009e+00  4.014632e+00   
   65   5.421843e+00  5.195117e+00   
   66   5.422123e+00  4.900117e+00   
   67   4.146277e+00  3.276405e+00   
   68   4.401614e+00  3.424147e+00   
   69   3.890940e+00  3.128662e+00   
   70   4.656952e+00  3.571890e+00   
   71   5.167346e+00  4.162375e+00   
   72   5.422403e+00  4.605117e+00   
   73   3.635606e+00  2.980925e+00   
   74   4.912289e+00  3.719632e+00   
   75   3.000000e+00  2.824324e+00   
   76   3.380268e+00  2.833184e+00   
   77   5.422683e+00  4.310117e+00   
   78   5.700000e+00  5.500000e+00   
   79   5.167626e+00  3.867375e+00   
   80   5.681264e+00  5.074050e+00   
   81   4.401894e+00  3.129147e+00   
   82   4.146561e+00  2.981407e+00   
   83   4.657232e+00  3.276890e+00   
   84   5.677741e+00  4.752860e+00   
   85   3.891223e+00  2.833666e+00   
   86   4.912569e+00  3.424633e+00   
   87   5.422964e+00  4.015117e+00   
   88   5.678021e+00  4.457860e+00   
   89   3.635885e+00  2.685925e+00   
   90   5.167906e+00  3.572375e+00   
   91   5.932798e+00  5.195602e+00   
   92   3.000000e+00  2.527027e+00   
   93   3.380546e+00  2.538184e+00   
   94   5.678301e+00  4.162860e+00   
   95   5.933078e+00  4.900602e+00   
   96   6.000000e+00  5.500000e+00   
   97   5.423244e+00  3.720118e+00   
   98   4.402177e+00  2.834148e+00   
   99   4.657512e+00  2.981890e+00   
   100   4.146839e+00  2.686407e+00   
   101   4.912849e+00  3.129633e+00   
   102   5.933358e+00  4.605602e+00   
   103   3.891501e+00  2.538666e+00   
   104   5.168186e+00  3.277375e+00   
   105   5.678581e+00  3.867860e+00   
   106   5.933638e+00  4.310602e+00   
   107   3.636163e+00  2.390925e+00   
   108   5.423524e+00  3.425118e+00   
   109   6.207059e+00  5.074454e+00   
   110   4.657793e+00  2.686891e+00   
   111   3.000000e+00  2.229730e+00   
   112   6.188696e+00  4.753345e+00   
   113   4.402456e+00  2.539149e+00   
   114   3.380825e+00  2.243184e+00   
   115   4.913129e+00  2.834633e+00   
   116   5.933918e+00  4.015603e+00   
   117   6.300000e+00  5.500000e+00   
   118   5.678861e+00  3.572860e+00   
   119   4.147118e+00  2.391408e+00   
   120   5.168467e+00  2.982375e+00   
   121   6.188976e+00  4.458345e+00   
   122   3.891780e+00  2.243666e+00   
   123   5.423804e+00  3.130118e+00   
   124   5.934199e+00  3.720603e+00   
   125   6.189256e+00  4.163345e+00   
   126   6.446888e+00  5.209917e+00   
   127   3.636441e+00  2.095925e+00   
   128   5.679141e+00  3.277860e+00   
   129   6.444033e+00  4.901087e+00   
   130   4.658072e+00  2.391892e+00   
   131   4.913410e+00  2.539633e+00   
   132   4.402735e+00  2.244149e+00   
   133   5.168747e+00  2.687375e+00   
   134   6.444313e+00  4.606087e+00   
   135   3.000000e+00  1.932432e+00   
   136   3.381103e+00  1.948184e+00   
   137   6.189536e+00  3.868345e+00   
   138   4.147397e+00  2.096408e+00   
   139   5.934479e+00  3.425603e+00   
   140   6.600000e+00  5.500000e+00   
   141   5.424084e+00  2.835118e+00   
   142   6.444593e+00  4.311088e+00   
   143   3.892058e+00  1.948666e+00   
   144   5.679422e+00  2.982860e+00   
   145   6.683347e+00  5.074045e+00   
   146   6.189816e+00  3.573345e+00   
   147   6.444873e+00  4.016088e+00   
   148   3.636707e+00  1.800920e+00   
   149   5.934759e+00  3.130603e+00   
   150   6.699650e+00  4.753830e+00   
   151   4.913689e+00  2.244634e+00   
   152   4.658352e+00  2.096892e+00   
   153   5.169027e+00  2.392376e+00   
   154   4.403014e+00  1.949150e+00   
   155   5.424364e+00  2.540118e+00   
   156   6.699930e+00  4.458830e+00   
   157   3.000000e+00  1.635135e+00   
   158   3.381372e+00  1.653173e+00   
   159   4.147677e+00  1.801407e+00   
   160   6.445153e+00  3.721088e+00   
   161   5.679702e+00  2.687860e+00   
   162   6.190096e+00  3.278345e+00   
   163   6.900000e+00  5.500000e+00   
   164   6.700211e+00  4.163830e+00   
   165   3.892329e+00  1.653664e+00   
   166   5.935039e+00  2.835603e+00   
   167   6.956485e+00  5.194131e+00   
   168   6.956163e+00  4.899135e+00   
   169   6.445433e+00  3.426088e+00   
   170   4.913969e+00  1.949634e+00   
   171   5.169179e+00  2.096630e+00   
   172   6.700491e+00  3.868830e+00   
   173   3.636992e+00  1.505920e+00   
   174   4.658631e+00  1.801892e+00   
   175   6.956171e+00  4.603656e+00   
   176   5.424494e+00  2.244361e+00   
   177   6.190376e+00  2.983346e+00   
   178   4.403288e+00  1.654139e+00   
   179   5.679940e+00  2.391864e+00   
   180   6.955548e+00  4.311573e+00   
   181   4.147946e+00  1.506408e+00   
   182   3.381657e+00  1.358173e+00   
   183   3.000000e+00  1.337838e+00   
   184   5.935319e+00  2.540603e+00   
   185   6.700771e+00  3.573830e+00   
   186   6.445714e+00  3.131088e+00   
   187   7.200000e+00  5.500000e+00   
   188   6.955828e+00  4.016573e+00   
   189   7.209701e+00  5.072744e+00   
   190   3.892611e+00  1.358664e+00   
   191   6.190656e+00  2.688346e+00   
   192   7.211488e+00  4.751403e+00   
   193   5.169345e+00  1.801969e+00   
   194   4.913773e+00  1.654636e+00   
   195   5.424819e+00  1.949462e+00   
   196   6.701051e+00  3.278831e+00   
   197   4.658980e+00  1.506686e+00   
   198   5.679871e+00  2.096889e+00   
   199   3.637276e+00  1.210917e+00   
   200   6.956108e+00  3.721573e+00   
   201   7.211807e+00  4.456462e+00   
   202   6.445994e+00  2.836088e+00   
   203   4.403552e+00  1.359141e+00   
   204   5.935433e+00  2.244672e+00   
   205   7.211586e+00  4.161478e+00   
   206   4.148230e+00  1.211413e+00   
   207   3.381942e+00  1.063170e+00   
   208   6.190731e+00  2.392188e+00   
   209   3.000000e+00  1.040541e+00   
   210   6.953513e+00  3.426761e+00   
   211   6.701331e+00  2.983831e+00   
   212   7.467106e+00  5.193362e+00   
   213   7.500000e+00  5.500000e+00   
   214   7.466962e+00  4.898432e+00   
   215   7.209645e+00  3.866745e+00   
   216   3.892896e+00  1.063665e+00   
   217   6.446083e+00  2.539893e+00   
   218   5.169924e+00  1.506688e+00   
   219   5.424827e+00  1.654491e+00   
   220   7.466970e+00  4.604387e+00   
   221   4.914431e+00  1.359228e+00   
   222   5.680225e+00  1.801896e+00   
   223   4.658974e+00  1.211706e+00   
   224   5.935508e+00  1.949679e+00   
   225   6.956668e+00  3.131573e+00   
   226   7.467133e+00  4.308826e+00   
   227   3.637562e+00  9.159174e-01   
   228   7.209823e+00  3.572454e+00   
   229   6.701855e+00  2.687534e+00   
   230   4.403863e+00  1.064222e+00   
   231   6.190931e+00  2.097219e+00   
   232   7.466087e+00  4.012429e+00   
   233   4.148308e+00  9.168757e-01   
   234   6.446335e+00  2.244920e+00   
   235   3.382294e+00  7.681100e-01   
   236   7.735372e+00  5.072670e+00   
   237   3.000000e+00  7.432432e-01   
   238   7.211574e+00  3.276938e+00   
   239   6.957498e+00  2.834789e+00   
   240   7.722548e+00  4.751678e+00   
   241   5.425139e+00  1.359520e+00   
   242   7.800000e+00  5.500000e+00   
   243   5.169858e+00  1.211694e+00   
   244   7.465211e+00  3.719754e+00   
   245   5.680384e+00  1.507364e+00   
   246   3.892962e+00  7.691643e-01   
   247   4.914472e+00  1.064255e+00   
   248   6.701616e+00  2.392543e+00   
   249   7.722347e+00  4.456748e+00   
   250   5.935896e+00  1.654786e+00   
   251   4.659157e+00  9.164871e-01   
   252   6.190901e+00  1.802246e+00   
   253   7.212066e+00  2.981960e+00   
   254   7.722874e+00  4.161818e+00   
   255   3.637980e+00  6.210276e-01   
   256   7.467143e+00  3.424577e+00   
   257   4.403709e+00  7.692630e-01   
   258   6.957189e+00  2.539804e+00   
   259   6.446249e+00  1.949952e+00   
   260   7.970306e+00  5.221078e+00   
   261   7.722884e+00  3.868116e+00   
   262   4.148570e+00  6.219072e-01   
   263   7.978217e+00  4.898811e+00   
   264   6.701684e+00  2.097263e+00   
   265   3.382433e+00  4.738894e-01   
   266   3.000000e+00  4.459459e-01   
   267   5.425531e+00  1.064547e+00   
   268   5.680743e+00  1.212453e+00   
   269   7.467242e+00  3.129811e+00   
   270   7.977743e+00  4.603829e+00   
   271   7.212780e+00  2.686982e+00   
   272   5.170041e+00  9.171328e-01   
   273   5.935828e+00  1.359824e+00   
   274   8.100000e+00  5.500000e+00   
   275   7.722520e+00  3.572209e+00   
   276   4.914797e+00  7.692827e-01   
   277   3.892794e+00  4.740174e-01   
   278   6.191241e+00  1.507133e+00   
   279   7.977905e+00  4.309949e+00   
   280   6.956999e+00  2.244953e+00   
   281   4.659216e+00  6.221404e-01   
   282   6.446507e+00  1.654985e+00   
   283   7.978705e+00  4.014967e+00   
   284   7.467844e+00  2.835153e+00   
   285   3.637840e+00  3.265081e-01   
   286   4.403980e+00  4.743039e-01   
   287   7.722720e+00  3.277290e+00   
   288   6.701770e+00  1.802790e+00   
   289   7.212552e+00  2.392231e+00   
   290   8.237942e+00  5.133908e+00   
   291   8.232871e+00  4.751777e+00   
   292   7.978016e+00  3.720072e+00   
   293   4.148472e+00  3.269146e-01   
   294   5.680669e+00  9.174645e-01   
   295   5.425505e+00  7.696730e-01   
   296   6.957324e+00  1.950136e+00   
   297   5.936155e+00  1.064862e+00   
   298   3.382182e+00  1.785547e-01   
   299   8.233569e+00  4.457091e+00   
   300   5.170055e+00  6.221407e-01   
   301   6.191370e+00  1.212739e+00   
   302   3.000000e+00  1.486486e-01   
   303   7.722720e+00  2.982331e+00   
   304   7.467556e+00  2.540165e+00   
   305   4.914589e+00  4.746370e-01   
   306   6.446930e+00  1.360013e+00   
   307   7.977887e+00  3.424680e+00   
   308   3.893324e+00  1.790425e-01   
   309   8.400000e+00  5.500000e+00   
   310   8.233196e+00  4.162162e+00   
   311   7.212163e+00  2.097277e+00   
   312   4.659122e+00  3.271625e-01   
   313   6.702124e+00  1.507948e+00   
   314   8.233569e+00  3.867234e+00   
   315   7.723146e+00  2.687373e+00   
   316   8.488702e+00  5.194014e+00   
   317   4.403920e+00  1.794212e-01   
   318   3.637914e+00  3.152001e-02   
   319   7.978091e+00  3.129688e+00   
   320   6.957171e+00  1.655179e+00   
   321   8.488407e+00  4.899019e+00   
   322   7.467394e+00  2.245177e+00   
   323   8.487884e+00  4.604098e+00   
   324   5.680709e+00  6.224754e-01   
   325   5.936138e+00  7.700377e-01   
   326   8.233283e+00  3.572260e+00   
   327   5.425462e+00  4.747699e-01   
   328   6.191166e+00  9.179628e-01   
   329   4.148450e+00  3.192189e-02   
   330   7.212614e+00  1.802398e+00   
   331   5.170078e+00  3.271721e-01   
   332   8.488674e+00  4.309090e+00   
   333   6.446766e+00  1.065181e+00   
   334   3.382754e+00 -1.164328e-01   
   335   7.978303e+00  2.835344e+00   
   336   3.000000e+00 -1.486486e-01   
   337   7.722921e+00  2.392567e+00   
   338   4.914798e+00  1.800215e-01   
   339   6.701889e+00  1.212958e+00   
   340   8.233446e+00  3.277383e+00   
   341   8.488674e+00  4.015234e+00   
   342   3.893212e+00 -1.159098e-01   
   343   8.700000e+00  5.500000e+00   
   344   7.467887e+00  1.950232e+00   
   345   4.659520e+00  3.219209e-02   
   346   6.957460e+00  1.360222e+00   
   347   8.744032e+00  5.046261e+00   
   348   8.489325e+00  3.720253e+00   
   349   4.404203e+00 -1.155714e-01   
   350   7.978004e+00  2.540360e+00   
   351   8.743622e+00  4.751105e+00   
   352   3.638547e+00 -2.632883e-01   
   353   7.212682e+00  1.508078e+00   
   354   8.233970e+00  2.982391e+00   
   355   5.936636e+00  4.750491e-01   
   356   7.723266e+00  2.097580e+00   
   357   5.680935e+00  3.280728e-01   
   358   6.191835e+00  6.230075e-01   
   359   8.743779e+00  4.457305e+00   
   360   5.425981e+00  1.798715e-01   
   361   6.446522e+00  7.703228e-01   
   362   8.488522e+00  3.425332e+00   
   363   4.148927e+00 -2.629146e-01   
   364   5.170352e+00  3.277484e-02   
   365   6.701752e+00  9.179670e-01   
   366   7.468296e+00  1.655272e+00   
   367   8.744523e+00  4.162162e+00   
   368   3.383028e+00 -4.106843e-01   
   369   4.915029e+00 -1.149633e-01   
   370   8.233591e+00  2.687639e+00   
   371   6.957274e+00  1.065372e+00   
   372   3.000000e+00 -4.459459e-01   
   373   7.978539e+00  2.245409e+00   
   374   8.743779e+00  3.867019e+00   
   375   3.893818e+00 -4.110191e-01   
   376   8.489165e+00  3.130364e+00   
   377   4.660004e+00 -2.620392e-01   
   378   7.723464e+00  1.803227e+00   
   379   9.000000e+00  5.500000e+00   
   380   9.000000e+00  5.202703e+00   
   381   7.212454e+00  1.213086e+00   
   382   9.000000e+00  4.905405e+00   
   383   8.744197e+00  3.572332e+00   
   384   9.000000e+00  4.608108e+00   
   385   4.404607e+00 -4.095562e-01   
   386   5.936189e+00  1.803227e-01   
   387   6.191179e+00  3.281201e-01   
   388   8.233534e+00  2.393350e+00   
   389   5.680577e+00  3.309009e-02   
   390   7.468023e+00  1.360410e+00   
   391   3.638464e+00 -5.582249e-01   
   392   6.446694e+00  4.753317e-01   
   393   8.488613e+00  2.835431e+00   
   394   7.979057e+00  1.950422e+00   
   395   5.425677e+00 -1.148482e-01   
   396   9.000000e+00  4.310811e+00   
   397   6.702062e+00  6.230027e-01   
   398   5.170139e+00 -2.622076e-01   
   399   8.743699e+00  3.277352e+00   
   400   4.149662e+00 -5.578503e-01   
   401   6.957527e+00  7.703812e-01   
   402   9.000000e+00  4.013514e+00   
   403   7.723301e+00  1.508240e+00   
   404   4.914925e+00 -4.100114e-01   
   405   3.383276e+00 -7.061931e-01   
   406   7.212854e+00  9.181242e-01   
   407   8.489201e+00  2.540494e+00   
   408   8.234243e+00  2.098400e+00   
   409   3.000000e+00 -7.432432e-01   
   410   9.000000e+00  3.716216e+00   
   411   3.894064e+00 -7.050028e-01   
   412   8.744193e+00  2.982621e+00   
   413   4.660164e+00 -5.567948e-01   
   414   7.978826e+00  1.655633e+00   
   415   7.453233e+00  1.026629e+00   
   416   6.191799e+00  3.318902e-02   
   417   5.936147e+00 -1.139818e-01   
   418   6.446474e+00  1.803598e-01   
   419   9.000000e+00  3.418919e+00   
   420   5.681367e+00 -2.618388e-01   
   421   6.701637e+00  3.283771e-01   
   422   4.404299e+00 -7.045892e-01   
   423   7.723700e+00  1.213270e+00   
   424   8.488821e+00  2.245547e+00   
   425   3.639041e+00 -8.531609e-01   
   426   5.426105e+00 -4.096969e-01   
   427   8.743901e+00  2.687637e+00   
   428   8.233870e+00  1.803460e+00   
   429   5.170666e+00 -5.569011e-01   
   430   6.957851e+00  4.033837e-01   
   431   9.000000e+00  3.121622e+00   
   432   4.149421e+00 -8.525733e-01   
   433   7.978900e+00  1.361189e+00   
   434   7.201446e+00  5.695710e-01   
   435   4.915346e+00 -7.046507e-01   
   436   3.383362e+00 -9.999992e-01   
   437   7.465063e+00  7.351290e-01   
   438   8.744350e+00  2.392850e+00   
   439   8.489379e+00  1.950786e+00   
   440   3.000000e+00 -1.040541e+00   
   441   3.893913e+00 -9.999855e-01   
   442   4.659978e+00 -8.517169e-01   
   443   9.000000e+00  2.824324e+00   
   444   8.234462e+00  1.508514e+00   
   445   6.191450e+00 -2.617571e-01   
   446   6.446963e+00 -1.144251e-01   
   447   7.706059e+00  8.810573e-01   
   448   5.936990e+00 -4.088745e-01   
   449   6.702196e+00  3.339104e-02   
   450   5.681796e+00 -5.568120e-01   
   451   4.404760e+00 -9.995779e-01   
   452   5.426183e+00 -7.039699e-01   
   453   7.979415e+00  1.066197e+00   
   454   8.744177e+00  2.097864e+00   
   455   3.638637e+00 -1.147540e+00   
   456   9.000000e+00  2.527027e+00   
   457   8.488920e+00  1.655837e+00   
   458   6.982945e+00  1.056629e-01   
   459   5.170981e+00 -8.518555e-01   
   460   7.223744e+00  2.758774e-01   
   461   4.149622e+00 -1.147481e+00   
   462   7.466244e+00  4.405926e-01   
   463   8.234294e+00  1.213574e+00   
   464   4.915565e+00 -9.984027e-01   
   465   3.383620e+00 -1.295802e+00   
   466   7.719930e+00  5.874953e-01   
   467   8.744497e+00  1.803064e+00   
   468   9.000000e+00  2.229730e+00   
   469   3.000000e+00 -1.337838e+00   
   470   6.446823e+00 -4.094116e-01   
   471   6.192092e+00 -5.564887e-01   
   472   6.702615e+00 -2.615952e-01   
   473   4.660496e+00 -1.146542e+00   
   474   3.894315e+00 -1.294397e+00   
   475   5.936587e+00 -7.038073e-01   
   476   6.958116e+00 -1.141516e-01   
   477   8.489698e+00  1.361080e+00   
   478   7.965430e+00  7.428623e-01   
   479   5.681524e+00 -8.516004e-01   
   480   5.427053e+00 -9.980908e-01   
   481   4.405334e+00 -1.294566e+00   
   482   7.250921e+00 -1.740474e-02   
   483   8.221506e+00  8.887622e-01   
   484   3.639230e+00 -1.442503e+00   
   485   9.000000e+00  1.932432e+00   
   486   7.490393e+00  1.540777e-01   
   487   5.171104e+00 -1.144735e+00   
   488   8.744785e+00  1.509133e+00   
   489   7.713840e+00  2.944080e-01   
   490   4.149962e+00 -1.440720e+00   
   491   8.489766e+00  1.066095e+00   
   492   4.916379e+00 -1.293270e+00   
   493   7.961383e+00  4.523580e-01   
   494   6.447202e+00 -7.041971e-01   
   495   6.702490e+00 -5.564761e-01   
   496   3.385364e+00 -1.590513e+00   
   497   6.191635e+00 -8.514348e-01   
   498   6.958030e+00 -4.091442e-01   
   499   5.937140e+00 -9.987539e-01   
   500   3.000000e+00 -1.635135e+00   
   501   9.000000e+00  1.635135e+00   
   502   4.661353e+00 -1.441532e+00   
   503   3.895230e+00 -1.589286e+00   
   504   7.229038e+00 -2.647826e-01   
   505   8.218859e+00  5.940513e-01   
   506   5.681870e+00 -1.146587e+00   
   507   8.745485e+00  1.214149e+00   
   508   7.495207e+00 -1.391756e-01   
   509   5.426107e+00 -1.293018e+00   
   510   4.405545e+00 -1.586504e+00   
   511   8.468675e+00  7.493646e-01   
   512   7.743814e+00  6.434283e-03   
   513   3.639897e+00 -1.737590e+00   
   514   5.172434e+00 -1.439699e+00   
   515   7.969666e+00  1.588329e-01   
   516   9.000000e+00  1.337838e+00   
   517   4.151174e+00 -1.735527e+00   
   518   8.717380e+00  9.047107e-01   
   519   4.917581e+00 -1.588259e+00   
   520   6.702820e+00 -8.509406e-01   
   521   6.447483e+00 -9.981729e-01   
   522   6.957866e+00 -7.041367e-01   
   523   8.220900e+00  3.128019e-01   
   524   6.192378e+00 -1.146199e+00   
   525   7.213323e+00 -5.566232e-01   
   526   3.388845e+00 -1.884462e+00   
   527   5.936966e+00 -1.293695e+00   
   528   4.660691e+00 -1.732638e+00   
   529   7.468540e+00 -4.322832e-01   
   530   3.000000e+00 -1.932432e+00   
   531   3.896052e+00 -1.883477e+00   
   532   5.681298e+00 -1.440445e+00   
   533   8.475350e+00  4.552805e-01   
   534   7.720839e+00 -2.807587e-01   
   535   9.000000e+00  1.040541e+00   
   536   5.425904e+00 -1.587947e+00   
   537   4.406146e+00 -1.881262e+00   
   538   7.976908e+00 -1.356957e-01   
   539   8.721393e+00  6.115030e-01   
   540   5.170359e+00 -1.735306e+00   
   541   3.642373e+00 -2.032366e+00   
   542   8.227718e+00  1.667678e-02   
   543   6.702769e+00 -1.145877e+00   
   544   6.957790e+00 -9.989565e-01   
   545   6.447183e+00 -1.293157e+00   
   546   4.151884e+00 -2.030197e+00   
   547   7.213306e+00 -8.516120e-01   
   548   4.914732e+00 -1.881972e+00   
   549   6.192433e+00 -1.441184e+00   
   550   8.472943e+00  1.611305e-01   
   551   7.468712e+00 -7.040214e-01   
   552   9.000000e+00  7.432432e-01   
   553   5.936584e+00 -1.587858e+00   
   554   3.392701e+00 -2.177953e+00   
   555   7.727080e+00 -5.728951e-01   
   556   4.658245e+00 -2.027548e+00   
   557   5.681187e+00 -1.735392e+00   
   558   8.721132e+00  3.200541e-01   
   559   3.899611e+00 -2.175017e+00   
   560   3.000000e+00 -2.229730e+00   
   561   7.972080e+00 -4.299593e-01   
   562   5.425769e+00 -1.882898e+00   
   563   8.228921e+00 -2.767884e-01   
   564   4.408141e+00 -2.176173e+00   
   565   5.170061e+00 -2.029157e+00   
   566   9.000000e+00  4.459459e-01   
   567   3.647093e+00 -2.327114e+00   
   568   8.483795e+00 -1.290084e-01   
   569   6.957812e+00 -1.293785e+00   
   570   6.702124e+00 -1.440833e+00   
   571   7.213279e+00 -1.146352e+00   
   572   6.446598e+00 -1.588062e+00   
   573   7.468770e+00 -9.990051e-01   
   574   6.191688e+00 -1.735822e+00   
   575   4.153419e+00 -2.324848e+00   
   576   4.914807e+00 -2.176900e+00   
   577   8.733668e+00  2.560981e-02   
   578   7.724259e+00 -8.671091e-01   
   579   5.935956e+00 -1.882834e+00   
   580   7.979090e+00 -7.247527e-01   
   581   3.391077e+00 -2.472846e+00   
   582   5.681243e+00 -2.030380e+00   
   583   4.663705e+00 -2.321486e+00   
   584   8.230678e+00 -5.716598e-01   
   585   3.897682e+00 -2.469744e+00   
   586   3.000000e+00 -2.527027e+00   
   587   9.000000e+00  1.486486e-01   
   588   5.425307e+00 -2.176221e+00   
   589   8.484954e+00 -4.230737e-01   
   590   4.409645e+00 -2.470916e+00   
   591   6.957334e+00 -1.588774e+00   
   592   5.170142e+00 -2.324052e+00   
   593   7.213245e+00 -1.441341e+00   
   594   6.702408e+00 -1.734940e+00   
   595   7.468659e+00 -1.293989e+00   
   596   8.743163e+00 -2.689482e-01   
   597   3.646012e+00 -2.620460e+00   
   598   6.447264e+00 -1.882971e+00   
   599   7.724104e+00 -1.152609e+00   
   600   6.192003e+00 -2.030799e+00   
   601   7.980377e+00 -1.007137e+00   
   602   4.152899e+00 -2.615552e+00   
   603   4.916738e+00 -2.470591e+00   
   604   5.936161e+00 -2.177461e+00   
   605   9.000000e+00 -1.486486e-01   
   606   8.238285e+00 -8.645823e-01   
   607   5.680323e+00 -2.323664e+00   
   608   3.390393e+00 -2.767183e+00   
   609   4.660520e+00 -2.616144e+00   
   610   8.484782e+00 -7.175802e-01   
   611   3.898558e+00 -2.764476e+00   
   612   3.000000e+00 -2.824324e+00   
   613   5.424941e+00 -2.471114e+00   
   614   8.740346e+00 -5.704764e-01   
   615   7.212617e+00 -1.736467e+00   
   616   6.956947e+00 -1.883489e+00   
   617   4.407090e+00 -2.764633e+00   
   618   7.470478e+00 -1.597655e+00   
   619   6.700906e+00 -2.029865e+00   
   620   7.723780e+00 -1.448936e+00   
   621   5.171333e+00 -2.618482e+00   
   622   6.446050e+00 -2.177496e+00   
   623   7.978779e+00 -1.300862e+00   
   624   3.645729e+00 -2.914397e+00   
   625   9.000000e+00 -4.459459e-01   
   626   6.191273e+00 -2.325389e+00   
   627   8.231686e+00 -1.159191e+00   
   628   4.915711e+00 -2.765447e+00   
   629   4.155959e+00 -2.908458e+00   
   630   5.935439e+00 -2.471122e+00   
   631   8.487019e+00 -1.012342e+00   
   632   5.680034e+00 -2.618580e+00   
   633   8.740778e+00 -8.637158e-01   
   634   3.390455e+00 -3.062116e+00   
   635   4.662957e+00 -2.910816e+00   
   636   3.902449e+00 -3.059185e+00   
   637   5.426494e+00 -2.765690e+00   
   638   3.000000e+00 -3.121622e+00   
   639   7.215479e+00 -2.031872e+00   
   640   6.955722e+00 -2.178468e+00   
   641   7.474736e+00 -1.891845e+00   
   642   7.726052e+00 -1.743422e+00   
   643   6.701536e+00 -2.324746e+00   
   644   9.000000e+00 -7.432432e-01   
   645   7.979078e+00 -1.595735e+00   
   646   4.408289e+00 -3.059551e+00   
   647   6.446918e+00 -2.472393e+00   
   648   5.171247e+00 -2.913377e+00   
   649   8.236738e+00 -1.452340e+00   
   650   6.190559e+00 -2.618099e+00   
   651   3.648586e+00 -3.209317e+00   
   652   8.484962e+00 -1.306884e+00   
   653   4.916705e+00 -3.059593e+00   
   654   5.935467e+00 -2.765979e+00   
   655   4.150876e+00 -3.203191e+00   
   656   8.739414e+00 -1.157794e+00   
   657   5.681479e+00 -2.913110e+00   
   658   3.346125e+00 -3.327295e+00   
   659   4.660613e+00 -3.205594e+00   
   660   9.000000e+00 -1.040541e+00   
   661   7.211366e+00 -2.325463e+00   
   662   7.465179e+00 -2.186345e+00   
   663   7.717917e+00 -2.035181e+00   
   664   3.898539e+00 -3.352215e+00   
   665   5.426115e+00 -3.060573e+00   
   666   6.956056e+00 -2.473037e+00   
   667   7.973372e+00 -1.888653e+00   
   668   3.000000e+00 -3.418919e+00   
   669   6.700184e+00 -2.619635e+00   
   670   8.231654e+00 -1.747170e+00   
   671   6.445147e+00 -2.766878e+00   
   672   4.408206e+00 -3.347188e+00   
   673   5.171229e+00 -3.208015e+00   
   674   8.487906e+00 -1.601522e+00   
   675   6.191475e+00 -2.912371e+00   
   676   8.741004e+00 -1.452703e+00   
   677   3.646765e+00 -3.502556e+00   
   678   5.936531e+00 -3.060609e+00   
   679   4.915272e+00 -3.354499e+00   
   680   4.154622e+00 -3.497683e+00   
   681   9.000000e+00 -1.337838e+00   
   682   5.681107e+00 -3.208017e+00   
   683   3.330129e+00 -3.612424e+00   
   684   7.466856e+00 -2.472814e+00   
   685   7.723310e+00 -2.328105e+00   
   686   4.665822e+00 -3.490059e+00   
   687   7.211391e+00 -2.620208e+00   
   688   7.970786e+00 -2.183137e+00   
   689   6.955771e+00 -2.766883e+00   
   690   8.227547e+00 -2.038138e+00   
   691   5.426596e+00 -3.355437e+00   
   692   3.903630e+00 -3.646734e+00   
   693   6.700402e+00 -2.914508e+00   
   694   8.485052e+00 -1.896260e+00   
   695   3.000000e+00 -3.716216e+00   
   696   6.445417e+00 -3.061239e+00   
   697   8.738482e+00 -1.746300e+00   
   698   4.412539e+00 -3.640479e+00   
   699   5.171183e+00 -3.502981e+00   
   700   6.189243e+00 -3.207203e+00   
   701   3.650151e+00 -3.797427e+00   
   702   9.000000e+00 -1.635135e+00   
   703   5.934696e+00 -3.354894e+00   
   704   4.915132e+00 -3.649258e+00   
   705   4.159573e+00 -3.791872e+00   
   706   5.679857e+00 -3.502529e+00   
   707   7.718545e+00 -2.622531e+00   
   708   7.464704e+00 -2.771878e+00   
   709   7.974955e+00 -2.477638e+00   
   710   7.210729e+00 -2.915135e+00   
   711   3.327597e+00 -3.905993e+00   
   712   8.227117e+00 -2.328198e+00   
   713   6.955756e+00 -3.061883e+00   
   714   4.669632e+00 -3.784930e+00   
   715   8.483609e+00 -2.182706e+00   
   716   6.700332e+00 -3.209305e+00   
   717   5.424918e+00 -3.649903e+00   
   718   8.739805e+00 -2.040770e+00   
   719   3.905579e+00 -3.941535e+00   
   720   6.443807e+00 -3.356194e+00   
   721   3.000000e+00 -4.013514e+00   
   722   4.417252e+00 -3.935393e+00   
   723   5.170032e+00 -3.797531e+00   
   724   6.190182e+00 -3.502024e+00   
   725   9.000000e+00 -1.932432e+00   
   726   5.935343e+00 -3.649772e+00   
   727   3.652331e+00 -4.091989e+00   
   728   4.914125e+00 -3.944228e+00   
   729   7.721787e+00 -2.915574e+00   
   730   7.970552e+00 -2.772121e+00   
   731   8.223871e+00 -2.621298e+00   
   732   4.162272e+00 -4.086812e+00   
   733   7.466183e+00 -3.062575e+00   
   734   7.210681e+00 -3.209932e+00   
   735   5.680247e+00 -3.797397e+00   
   736   8.480956e+00 -2.477577e+00   
   737   6.955418e+00 -3.356797e+00   
   738   3.332972e+00 -4.204389e+00   
   739   8.735514e+00 -2.335212e+00   
   740   4.652414e+00 -4.078631e+00   
   741   6.699550e+00 -3.502928e+00   
   742   5.425519e+00 -3.944791e+00   
   743   6.444339e+00 -3.650586e+00   
   744   3.909442e+00 -4.236402e+00   
   745   9.000000e+00 -2.229730e+00   
   746   3.000000e+00 -4.310811e+00   
   747   6.190902e+00 -3.796916e+00   
   748   4.419568e+00 -4.230959e+00   
   749   5.169651e+00 -4.092892e+00   
   750   5.934793e+00 -3.943244e+00   
   751   4.918781e+00 -4.203024e+00   
   752   7.976706e+00 -3.066333e+00   
   753   8.227201e+00 -2.916098e+00   
   754   7.720810e+00 -3.210433e+00   
   755   3.655214e+00 -4.386007e+00   
   756   7.465566e+00 -3.357996e+00   
   757   8.484422e+00 -2.772029e+00   
   758   7.209499e+00 -3.504007e+00   
   759   8.732937e+00 -2.629370e+00   
   760   4.165949e+00 -4.381482e+00   
   761   5.680834e+00 -4.092221e+00   
   762   6.954184e+00 -3.651709e+00   
   763   6.700328e+00 -3.796902e+00   
   764   4.675854e+00 -4.368587e+00   
   765   3.341700e+00 -4.505690e+00   
   766   9.000000e+00 -2.527027e+00   
   767   5.425422e+00 -4.239747e+00   
   768   6.445365e+00 -3.944998e+00   
   769   3.911922e+00 -4.531315e+00   
   770   3.000000e+00 -4.608108e+00   
   771   6.189635e+00 -4.091767e+00   
   772   5.170590e+00 -4.387823e+00   
   773   4.423149e+00 -4.525918e+00   
   774   8.221834e+00 -3.208142e+00   
   775   7.968948e+00 -3.359910e+00   
   776   7.720391e+00 -3.505262e+00   
   777   8.479952e+00 -3.066814e+00   
   778   5.937081e+00 -4.238093e+00   
   779   7.464267e+00 -3.650258e+00   
   780   8.732257e+00 -2.914915e+00   
   781   4.941197e+00 -4.496916e+00   
   782   3.657719e+00 -4.680992e+00   
   783   7.209618e+00 -3.798967e+00   
   784   6.954096e+00 -3.946072e+00   
   785   4.168729e+00 -4.676449e+00   
   786   5.682568e+00 -4.387180e+00   
   787   9.000000e+00 -2.824324e+00   
   788   6.701165e+00 -4.091865e+00   
   789   4.697294e+00 -4.662744e+00   
   790   3.339176e+00 -4.806661e+00   
   791   5.426708e+00 -4.533665e+00   
   792   6.444760e+00 -4.237651e+00   
   793   3.914913e+00 -4.825451e+00   
   794   6.191434e+00 -4.385985e+00   
   795   3.000000e+00 -4.905405e+00   
   796   8.226591e+00 -3.503035e+00   
   797   5.172230e+00 -4.682751e+00   
   798   8.480937e+00 -3.353728e+00   
   799   7.974761e+00 -3.654581e+00   
   800   4.425412e+00 -4.821755e+00   
   801   7.718190e+00 -3.800084e+00   
   802   8.735921e+00 -3.209394e+00   
   803   7.465351e+00 -3.945148e+00   
   804   5.935841e+00 -4.532896e+00   
   805   7.210130e+00 -4.092220e+00   
   806   4.962888e+00 -4.791101e+00   
   807   3.661187e+00 -4.975916e+00   
   808   9.000000e+00 -3.121622e+00   
   809   6.955213e+00 -4.240308e+00   
   810   5.681801e+00 -4.681482e+00   
   811   4.171158e+00 -4.971269e+00   
   812   6.699300e+00 -4.386669e+00   
   813   4.682069e+00 -4.967188e+00   
   814   6.447188e+00 -4.532281e+00   
   815   5.426617e+00 -4.829228e+00   
   816   3.916680e+00 -5.120403e+00   
   817   8.482833e+00 -3.648654e+00   
   818   8.228127e+00 -3.796943e+00   
   819   3.372624e+00 -5.162949e+00   
   820   6.192460e+00 -4.680893e+00   
   821   8.734279e+00 -3.503890e+00   
   822   7.974026e+00 -3.946524e+00   
   823   7.718909e+00 -4.094212e+00   
   824   5.171518e+00 -4.977366e+00   
   825   3.000000e+00 -5.202703e+00   
   826   4.427788e+00 -5.116734e+00   
   827   7.465298e+00 -4.240039e+00   
   828   5.936206e+00 -4.826650e+00   
   829   4.897057e+00 -5.074809e+00   
   830   7.210900e+00 -4.385882e+00   
   831   9.000000e+00 -3.418919e+00   
   832   3.697051e+00 -5.244516e+00   
   833   6.955633e+00 -4.532192e+00   
   834   5.682386e+00 -4.975960e+00   
   835   4.173091e+00 -5.266253e+00   
   836   6.701020e+00 -4.680704e+00   
   837   6.445147e+00 -4.827034e+00   
   838   4.684441e+00 -5.262177e+00   
   839   5.427372e+00 -5.124195e+00   
   840   8.484021e+00 -3.943583e+00   
   841   8.736025e+00 -3.797678e+00   
   842   8.230129e+00 -4.091795e+00   
   843   7.975281e+00 -4.239257e+00   
   844   6.190899e+00 -4.975118e+00   
   845   7.720708e+00 -4.387436e+00   
   846   5.119763e+00 -5.266842e+00   
   847   7.465162e+00 -4.534599e+00   
   848   9.000000e+00 -3.716216e+00   
   849   3.000000e+00 -5.500000e+00   
   850   3.300000e+00 -5.500000e+00   
   851   3.600000e+00 -5.500000e+00   
   852   7.210308e+00 -4.680688e+00   
   853   5.938831e+00 -5.121508e+00   
   854   3.900000e+00 -5.500000e+00   
   855   6.957046e+00 -4.827128e+00   
   856   4.200000e+00 -5.500000e+00   
   857   5.684504e+00 -5.270920e+00   
   858   4.500000e+00 -5.500000e+00   
   859   6.699913e+00 -4.975642e+00   
   860   4.800000e+00 -5.500000e+00   
   861   8.482320e+00 -4.238342e+00   
   862   8.738032e+00 -4.091724e+00   
   863   8.230655e+00 -4.386654e+00   
   864   5.100000e+00 -5.500000e+00   
   865   7.976514e+00 -4.534144e+00   
   866   7.720452e+00 -4.682268e+00   
   867   6.446654e+00 -5.188255e+00   
   868   6.191605e+00 -5.270069e+00   
   869   9.000000e+00 -4.013514e+00   
   870   7.464788e+00 -4.829288e+00   
   871   5.400000e+00 -5.500000e+00   
   872   7.208721e+00 -4.975606e+00   
   873   5.700000e+00 -5.500000e+00   
   874   6.953069e+00 -5.121406e+00   
   875   6.699012e+00 -5.269923e+00   
   876   6.000000e+00 -5.500000e+00   
   877   8.739714e+00 -4.382104e+00   
   878   8.486197e+00 -4.532598e+00   
   879   8.231726e+00 -4.681472e+00   
   880   7.976393e+00 -4.829065e+00   
   881   6.300000e+00 -5.500000e+00   
   882   7.719977e+00 -4.977249e+00   
   883   9.000000e+00 -4.310811e+00   
   884   7.463565e+00 -5.124111e+00   
   885   7.207460e+00 -5.270430e+00   
   886   6.600000e+00 -5.500000e+00   
   887   6.900000e+00 -5.500000e+00   
   888   8.743367e+00 -4.677036e+00   
   889   8.487969e+00 -4.827548e+00   
   890   8.233323e+00 -4.976457e+00   
   891   9.000000e+00 -4.608108e+00   
   892   7.718746e+00 -5.272369e+00   
   893   7.200000e+00 -5.500000e+00   
   894   7.969056e+00 -5.189513e+00   
   895   7.500000e+00 -5.500000e+00   
   896   8.744263e+00 -4.973623e+00   
   897   8.489610e+00 -5.122541e+00   
   898   8.234953e+00 -5.271452e+00   
   899   7.800000e+00 -5.500000e+00   
   900   9.000000e+00 -4.905405e+00   
   901   8.100000e+00 -5.500000e+00   
   902   8.666775e+00 -5.259773e+00   
   903   8.400000e+00 -5.500000e+00   
   904   9.000000e+00 -5.202703e+00   
   905   8.700000e+00 -5.500000e+00   
   906   9.000000e+00 -5.500000e+00   
  END_COORDINATES
  BOUNDARIES, ELEMENT
    1         905     906         1     
    2         906     904         1     
    3         402     396         2     
    4         396     384         5     
    5         419     410         43     
    6         443     431         56     
    7         468     456         67     
    8         501     485         97     
    9         516     501         124     
    10         869     848         803     
    11         883     869         806     
    12         831     808         808     
    13         808     787         854     
    14         787     766         856     
    15         766     745         858     
    16         725     702         863     
    17         848     831         866     
    18         745     725         871     
    19         681     660         886     
    20         605     587         977     
    21         660     644         980     
    22         891     883         983     
    23         625     605         987     
    24         876     881         1064     
    25         900     891         1071     
    26         702     681         1073     
    27         431     419         1132     
    28         309     274         1479     
    29         485     468         1525     
    30         901     903         1534     
    31         903     905         1541     
    32         858     860         1552     
    33         384     382         1565     
    34         535     516         1568     
    35         456     443         1581     
    36         410     402         1594     
    37         382     380         1597     
    38         904     900         1613     
    39         586     612         1614     
    40         644     625         1615     
    41         111     135         1617     
    42         9     15         1618     
    43         795     825         1619     
    44         336     372         1620     
    45         380     379         1621     
    46         379     343         1621     
    47         695     721         1622     
    48         566     552         1623     
    49         209     237         1624     
    50         47     60         1625     
    51         469     500         1626     
    52         638     668         1627     
    53         157     183         1628     
    54         24     35         1629     
    55         409     440         1630     
    56         2     5         1631     
    57         746     770         1632     
    58         266     302         1633     
    59         75     92         1634     
    60         530     560         1635     
    61         612     638         1636     
    62         135     157         1637     
    63         15     24         1638     
    64         849     850         1639     
    65         825     849         1639     
    66         372     409         1640     
    67         3     1         1641     
    68         1     2         1641     
    69         721     746         1642     
    70         552     535         1643     
    71         237     266         1644     
    72         60     75         1645     
    73         500     530         1646     
    74         668     695         1647     
    75         587     566         1648     
    76         183     209         1649     
    77         35     47         1650     
    78         440     469         1651     
    79         5     9         1652     
    80         770     795         1653     
    81         302     336         1654     
    82         92     111         1655     
    83         560     586         1656     
    84         899     901         1658     
    85         895     899         1660     
    86         61     48         1661     
    87         871     873         1662     
    88         873     876         1663     
    89         242     213         1664     
    90         856     858         1665     
    91         854     856         1666     
    92         16     10         1667     
    93         886     887         1668     
    94         881     886         1669     
    95         140     117         1670     
    96         851     854         1671     
    97         850     851         1672     
    98         36     26         1673     
    99         187     163         1674     
    100         860     864         1675     
    101         864     871         1676     
    102         6     3         1678     
    103         893     895         1679     
    104         887     893         1680     
    105         96     78         1681     
    106         48     36         1682     
    107         213     187         1684     
    108         343     309         1685     
    109         10     6         1686     
    110         117     96         1687     
    111         26     16         1688     
    112         163     140         1689     
    113         274     242         1690     
    114         78     61         1691     
  END_BOUNDARIES
  MATERIALS, NUMBER= 1, DEFAULT=1
  END_MATERIALS
  SUBDOMAINS
  END_SUBDOMAINS
  CHARACTERISTICS
  END_CHARACTERISTICS
