  NODES_PER_ELEMENT
   1 3
   2 3
   3 3
   4 3
   5 3
   6 3
   7 3
   8 3
   9 3
   10 3
   11 3
   12 3
   13 3
   14 3
   15 3
   16 3
   17 3
   18 3
   19 3
   20 3
   21 3
   22 3
   23 3
   24 3
   25 3
   26 3
   27 3
   28 3
   29 3
   30 3
   31 3
   32 3
   33 3
   34 3
   35 3
   36 3
   37 3
   38 3
   39 3
   40 3
   41 3
   42 3
   43 3
   44 3
   45 3
   46 3
   47 3
   48 3
   49 3
   50 3
   51 3
   52 3
   53 3
   54 3
   55 3
   56 3
   57 3
   58 3
   59 3
   60 3
   61 3
   62 3
   63 3
   64 3
   65 3
   66 3
   67 3
   68 3
   69 3
   70 3
   71 3
   72 3
   73 3
   74 3
   75 3
   76 3
   77 3
   78 3
   79 3
   80 3
   81 3
   82 3
   83 3
   84 3
   85 3
   86 3
   87 3
   88 3
   89 3
   90 3
   91 3
   92 3
   93 3
   94 3
   95 3
   96 3
   97 3
   98 3
   99 3
   100 3
   101 3
   102 3
   103 3
   104 3
   105 3
   106 3
   107 3
   108 3
   109 3
   110 3
   111 3
   112 3
   113 3
   114 3
   115 3
   116 3
   117 3
   118 3
   119 3
   120 3
   121 3
   122 3
   123 3
   124 3
   125 3
   126 3
   127 3
   128 3
   129 3
   130 3
   131 3
   132 3
   133 3
   134 3
   135 3
   136 3
   137 3
   138 3
   139 3
   140 3
   141 3
   142 3
   143 3
   144 3
   145 3
   146 3
   147 3
   148 3
   149 3
   150 3
   151 3
   152 3
   153 3
   154 3
   155 3
   156 3
   157 3
   158 3
   159 3
   160 3
   161 3
   162 3
   163 3
   164 3
   165 3
   166 3
   167 3
   168 3
   169 3
   170 3
   171 3
   172 3
   173 3
   174 3
   175 3
   176 3
   177 3
   178 3
   179 3
   180 3
   181 3
   182 3
   183 3
   184 3
   185 3
   186 3
   187 3
   188 3
   189 3
   190 3
   191 3
   192 3
   193 3
   194 3
   195 3
   196 3
   197 3
   198 3
   199 3
   200 3
   201 3
   202 3
   203 3
   204 3
   205 3
   206 3
   207 3
   208 3
   209 3
   210 3
   211 3
   212 3
   213 3
   214 3
   215 3
   216 3
   217 3
   218 3
   219 3
   220 3
   221 3
   222 3
   223 3
   224 3
   225 3
   226 3
   227 3
   228 3
   229 3
   230 3
   231 3
   232 3
   233 3
   234 3
   235 3
   236 3
   237 3
   238 3
   239 3
   240 3
   241 3
   242 3
   243 3
   244 3
   245 3
   246 3
   247 3
   248 3
   249 3
   250 3
   251 3
   252 3
   253 3
   254 3
   255 3
   256 3
   257 3
   258 3
   259 3
   260 3
   261 3
   262 3
   263 3
   264 3
   265 3
   266 3
   267 3
   268 3
   269 3
   270 3
   271 3
   272 3
   273 3
   274 3
   275 3
   276 3
   277 3
   278 3
   279 3
   280 3
   281 3
   282 3
   283 3
   284 3
   285 3
   286 3
   287 3
   288 3
   289 3
   290 3
   291 3
   292 3
   293 3
   294 3
   295 3
   296 3
   297 3
   298 3
   299 3
   300 3
   301 3
   302 3
   303 3
   304 3
   305 3
   306 3
   307 3
   308 3
   309 3
   310 3
   311 3
   312 3
   313 3
   314 3
   315 3
   316 3
   317 3
   318 3
   319 3
   320 3
   321 3
   322 3
   323 3
   324 3
   325 3
   326 3
   327 3
   328 3
   329 3
   330 3
   331 3
   332 3
   333 3
   334 3
   335 3
   336 3
   337 3
   338 3
   339 3
   340 3
   341 3
   342 3
   343 3
   344 3
   345 3
   346 3
   347 3
   348 3
   349 3
   350 3
   351 3
   352 3
   353 3
   354 3
   355 3
   356 3
   357 3
   358 3
   359 3
   360 3
   361 3
   362 3
   363 3
   364 3
   365 3
   366 3
   367 3
   368 3
   369 3
   370 3
   371 3
   372 3
   373 3
   374 3
   375 3
   376 3
   377 3
   378 3
   379 3
   380 3
   381 3
   382 3
   383 3
   384 3
   385 3
   386 3
   387 3
   388 3
   389 3
   390 3
   391 3
   392 3
   393 3
   394 3
   395 3
   396 3
   397 3
   398 3
   399 3
   400 3
   401 3
   402 3
   403 3
   404 3
   405 3
   406 3
   407 3
   408 3
   409 3
   410 3
   411 3
   412 3
   413 3
   414 3
   415 3
   416 3
   417 3
   418 3
   419 3
   420 3
   421 3
   422 3
   423 3
   424 3
   425 3
   426 3
   427 3
   428 3
   429 3
   430 3
   431 3
   432 3
   433 3
   434 3
   435 3
   436 3
   437 3
   438 3
   439 3
   440 3
   441 3
   442 3
   443 3
   444 3
   445 3
   446 3
   447 3
   448 3
   449 3
   450 3
   451 3
   452 3
   453 3
   454 3
   455 3
   456 3
   457 3
   458 3
   459 3
   460 3
   461 3
   462 3
   463 3
   464 3
   465 3
   466 3
   467 3
   468 3
   469 3
   470 3
   471 3
   472 3
   473 3
   474 3
   475 3
   476 3
   477 3
   478 3
   479 3
   480 3
   481 3
   482 3
   483 3
   484 3
   485 3
   486 3
  END_NODES_PER_ELEMENT
  ELEMENTS
  1 269 270 265  
  2 265 270 271  
  3 269 265 260  
  4 267 261 258  
  5 261 259 250  
  6 43 33 35  
  7 33 27 28  
  8 228 220 216  
  9 220 211 206  
  10 118 107 106  
  11 107 97 95  
  12 178 165 170  
  13 165 156 150  
  14 105 119 108  
  15 119 128 121  
  16 128 141 131  
  17 141 154 142  
  18 83 93 84  
  19 93 105 96  
  20 154 166 155  
  21 166 180 168  
  22 198 189 183  
  23 189 178 170  
  24 156 144 150  
  25 144 136 134  
  26 180 193 181  
  27 193 204 194  
  28 260 265 255  
  29 269 260 263  
  30 263 260 253  
  31 7 2 5  
  32 2 1 3  
  33 259 251 250  
  34 52 43 35  
  35 271 272 264  
  36 258 261 250  
  37 258 250 248  
  38 35 33 28  
  39 35 28 30  
  40 28 27 18  
  41 267 258 262  
  42 216 220 206  
  43 216 206 203  
  44 206 211 197  
  45 106 107 95  
  46 106 95 94  
  47 95 97 82  
  48 228 216 227  
  49 118 106 122  
  50 170 165 150  
  51 170 150 153  
  52 131 141 142  
  53 131 142 135  
  54 128 131 121  
  55 121 131 124  
  56 142 154 155  
  57 142 155 147  
  58 108 119 121  
  59 108 121 112  
  60 105 108 96  
  61 96 108 99  
  62 155 166 168  
  63 155 168 157  
  64 168 180 181  
  65 168 181 171  
  66 84 93 96  
  67 84 96 85  
  68 83 84 70  
  69 183 189 170  
  70 198 183 197  
  71 197 183 188  
  72 198 197 211  
  73 134 136 122  
  74 122 136 118  
  75 134 122 113  
  76 144 134 150  
  77 181 193 194  
  78 181 194 182  
  79 194 204 207  
  80 248 250 241  
  81 258 248 252  
  82 30 28 19  
  83 35 30 41  
  84 171 181 182  
  85 171 182 172  
  86 168 171 157  
  87 157 171 149  
  88 147 155 157  
  89 147 157 149  
  90 142 147 135  
  91 135 147 149  
  92 99 108 112  
  93 99 112 100  
  94 100 112 117  
  95 99 100 86  
  96 96 99 85  
  97 85 99 86  
  98 85 86 72  
  99 124 131 135  
  100 124 135 117  
  101 124 117 112  
  102 124 112 121  
  103 149 171 172  
  104 172 182 190  
  105 72 86 73  
  106 85 72 84  
  107 203 206 188  
  108 216 203 215  
  109 94 95 78  
  110 106 94 113  
  111 253 260 255  
  112 263 253 257  
  113 153 150 139  
  114 170 153 164  
  115 182 194 196  
  116 255 265 254  
  117 5 2 3  
  118 5 3 8  
  119 7 5 10  
  120 3 1 4  
  121 8 3 6  
  122 5 8 11  
  123 264 272 266  
  124 271 264 265  
  125 18 27 17  
  126 18 17 10  
  127 10 17 7  
  128 18 10 11  
  129 11 10 5  
  130 28 18 19  
  131 19 18 11  
  132 19 11 15  
  133 262 258 252  
  134 262 256 266  
  135 262 266 268  
  136 268 266 272  
  137 262 268 267  
  138 82 97 80  
  139 82 80 68  
  140 68 80 66  
  141 82 68 78  
  142 82 78 95  
  143 227 216 215  
  144 227 215 229  
  145 122 106 113  
  146 206 197 188  
  147 228 227 239  
  148 239 227 229  
  149 188 183 164  
  150 134 113 139  
  151 229 215 213  
  152 70 84 72  
  153 83 70 63  
  154 207 204 219  
  155 207 219 221  
  156 221 219 234  
  157 207 221 208  
  158 194 207 196  
  159 196 207 208  
  160 196 208 190  
  161 196 190 182  
  162 100 117 111  
  163 86 100 92  
  164 241 250 251  
  165 252 248 242  
  166 41 30 38  
  167 248 241 237  
  168 30 19 26  
  169 35 41 52  
  170 172 190 179  
  171 73 86 92  
  172 72 73 62  
  173 15 11 8  
  174 215 203 202  
  175 94 78 81  
  176 139 150 134  
  177 153 139 138  
  178 164 153 152  
  179 170 164 183  
  180 6 3 4  
  181 8 6 14  
  182 264 266 256  
  183 208 221 222  
  184 213 215 202  
  185 213 202 199  
  186 199 202 187  
  187 213 199 214  
  188 229 213 226  
  189 111 117 127  
  190 242 248 237  
  191 237 241 232  
  192 92 100 111  
  193 38 30 26  
  194 252 242 256  
  195 252 256 262  
  196 41 38 48  
  197 179 190 195  
  198 172 179 162  
  199 62 73 67  
  200 72 62 61  
  201 202 203 185  
  202 81 78 69  
  203 94 81 98  
  204 257 253 244  
  205 164 152 167  
  206 213 214 226  
  207 226 214 232  
  208 226 232 240  
  209 240 232 241  
  210 226 240 229  
  211 153 138 152  
  212 199 187 186  
  213 138 139 125  
  214 187 202 185  
  215 187 185 173  
  216 173 185 167  
  217 187 173 174  
  218 214 199 205  
  219 14 6 13  
  220 8 14 15  
  221 264 256 254  
  222 174 173 159  
  223 187 174 186  
  224 186 174 175  
  225 175 174 160  
  226 186 175 191  
  227 222 221 235  
  228 160 174 159  
  229 160 159 143  
  230 143 159 145  
  231 160 143 146  
  232 191 175 176  
  233 208 222 210  
  234 175 160 161  
  235 186 191 205  
  236 145 159 158  
  237 143 145 129  
  238 146 143 130  
  239 160 146 161  
  240 161 146 148  
  241 148 146 133  
  242 161 148 163  
  243 133 146 130  
  244 133 130 116  
  245 116 130 114  
  246 133 116 120  
  247 148 133 137  
  248 163 148 151  
  249 161 163 176  
  250 176 163 177  
  251 127 117 135  
  252 26 19 15  
  253 26 15 23  
  254 23 15 14  
  255 26 23 34  
  256 34 23 32  
  257 26 34 38  
  258 32 23 24  
  259 34 32 44  
  260 38 34 46  
  261 46 34 44  
  262 38 46 48  
  263 48 46 58  
  264 58 46 55  
  265 48 58 59  
  266 195 190 210  
  267 116 114 102  
  268 24 23 14  
  269 44 32 45  
  270 162 179 169  
  271 114 130 129  
  272 114 129 115  
  273 133 120 137  
  274 137 120 126  
  275 126 120 109  
  276 137 126 140  
  277 111 127 126  
  278 179 195 184  
  279 120 116 103  
  280 32 24 36  
  281 237 232 225  
  282 41 48 56  
  283 172 162 149  
  284 67 73 79  
  285 98 81 88  
  286 125 139 113  
  287 185 203 188  
  288 167 152 158  
  289 167 158 173  
  290 173 158 159  
  291 140 126 127  
  292 61 62 51  
  293 244 253 243  
  294 214 205 225  
  295 69 78 59  
  296 109 120 103  
  297 109 103 91  
  298 91 103 89  
  299 109 91 92  
  300 89 103 102  
  301 89 102 87  
  302 91 89 76  
  303 62 67 53  
  304 94 98 113  
  305 138 125 123  
  306 164 167 188  
  307 205 199 186  
  308 137 140 151  
  309 151 140 162  
  310 72 61 70  
  311 257 244 249  
  312 249 244 235  
  313 126 109 111  
  314 81 69 71  
  315 13 6 9  
  316 191 176 192  
  317 59 58 69  
  318 59 78 68  
  319 175 161 176  
  320 254 256 247  
  321 208 210 190  
  322 115 129 132  
  323 235 221 234  
  324 235 234 249  
  325 55 46 44  
  326 14 13 20  
  327 210 222 223  
  328 48 59 56  
  329 222 235 233  
  330 176 177 192  
  331 264 254 265  
  332 255 254 246  
  333 246 254 247  
  334 255 246 243  
  335 177 163 169  
  336 177 169 184  
  337 177 184 192  
  338 114 115 101  
  339 58 55 71  
  340 163 151 169  
  341 79 73 92  
  342 76 89 75  
  343 103 116 102  
  344 51 62 53  
  345 9 6 4  
  346 130 143 129  
  347 225 232 214  
  348 123 125 110  
  349 44 45 54  
  350 61 51 50  
  351 129 145 132  
  352 36 24 29  
  353 53 67 60  
  354 88 81 71  
  355 20 13 21  
  356 148 137 151  
  357 71 69 58  
  358 162 169 151  
  359 244 243 233  
  360 145 158 152  
  361 67 79 76  
  362 76 79 91  
  363 91 79 92  
  364 169 179 184  
  365 87 102 101  
  366 101 102 114  
  367 87 101 90  
  368 90 101 104  
  369 87 90 74  
  370 104 101 115  
  371 104 115 123  
  372 90 104 88  
  373 74 90 77  
  374 87 74 75  
  375 87 75 89  
  376 13 9 16  
  377 237 225 230  
  378 138 123 132  
  379 184 195 200  
  380 243 253 255  
  381 32 36 45  
  382 98 88 110  
  383 14 20 24  
  384 24 20 29  
  385 29 20 21  
  386 41 56 52  
  387 50 51 39  
  388 74 77 65  
  389 230 225 217  
  390 39 51 42  
  391 50 39 40  
  392 65 77 71  
  393 217 225 205  
  394 42 51 53  
  395 40 39 31  
  396 31 39 29  
  397 40 25 37  
  398 233 235 244  
  399 110 125 113  
  400 53 60 47  
  401 47 57 45  
  402 53 47 42  
  403 230 217 224  
  404 224 217 209  
  405 230 224 238  
  406 209 217 201  
  407 224 209 218  
  408 230 238 242  
  409 209 201 192  
  410 192 201 191  
  411 191 201 205  
  412 218 209 200  
  413 238 224 231  
  414 231 224 218  
  415 238 231 246  
  416 231 218 223  
  417 201 217 205  
  418 247 256 242  
  419 36 29 42  
  420 16 9 12  
  421 200 195 210  
  422 223 222 233  
  423 54 45 57  
  424 57 47 60  
  425 57 60 75  
  426 54 57 64  
  427 64 57 75  
  428 64 75 74  
  429 64 74 65  
  430 64 65 54  
  431 54 65 55  
  432 55 65 71  
  433 50 40 49  
  434 61 50 70  
  435 237 230 242  
  436 115 132 123  
  437 123 110 104  
  438 21 13 16  
  439 39 42 29  
  440 210 223 212  
  441 212 223 218  
  442 212 218 200  
  443 212 200 210  
  444 76 75 60  
  445 60 67 76  
  446 184 200 192  
  447 44 54 55  
  448 77 90 88  
  449 77 88 71  
  450 56 59 68  
  451 21 16 25  
  452 25 16 22  
  453 21 25 31  
  454 31 25 40  
  455 21 31 29  
  456 223 233 236  
  457 236 233 243  
  458 236 243 246  
  459 223 236 231  
  460 45 36 47  
  461 47 36 42  
  462 188 167 185  
  463 132 145 152  
  464 25 22 37  
  465 242 238 247  
  466 247 238 246  
  467 12 9 4  
  468 240 241 251  
  469 104 110 88  
  470 68 66 56  
  471 98 110 113  
  472 63 70 50  
  473 152 138 132  
  474 49 40 37  
  475 16 12 22  
  476 92 111 109  
  477 251 245 240  
  478 66 52 56  
  479 140 127 149  
  480 209 192 200  
  481 245 239 229  
  482 229 240 245  
  483 49 63 50  
  484 149 162 140  
  485 236 246 231  
  486 135 149 127  
  END_ELEMENTS  
  COORDINATES  
   1   5.406780e+00  3.275178e+00   
   2   5.661017e+00  3.282075e+00   
   3   5.540943e+00  3.018915e+00   
   4   5.067797e+00  3.113563e+00   
   5   5.795181e+00  3.025811e+00   
   6   5.350300e+00  2.782775e+00   
   7   5.915254e+00  3.288971e+00   
   8   5.675107e+00  2.762651e+00   
   9   5.078036e+00  2.779481e+00   
   10   6.058010e+00  3.034332e+00   
   11   5.971510e+00  2.786383e+00   
   12   4.773956e+00  2.828283e+00   
   13   5.220102e+00  2.515298e+00   
   14   5.575653e+00  2.457011e+00   
   15   5.908291e+00  2.547203e+00   
   16   4.920249e+00  2.524340e+00   
   17   6.300682e+00  3.151515e+00   
   18   6.307423e+00  2.918980e+00   
   19   6.230137e+00  2.667612e+00   
   20   5.362546e+00  2.251318e+00   
   21   5.062680e+00  2.259931e+00   
   22   4.565617e+00  2.505051e+00   
   23   5.896262e+00  2.224323e+00   
   24   5.616962e+00  2.115510e+00   
   25   4.762732e+00  2.268922e+00   
   26   6.156918e+00  2.335506e+00   
   27   6.593220e+00  2.973166e+00   
   28   6.521131e+00  2.721635e+00   
   29   5.232929e+00  1.989739e+00   
   30   6.433042e+00  2.452147e+00   
   31   4.874210e+00  2.057289e+00   
   32   5.851394e+00  1.928721e+00   
   33   6.762712e+00  2.822150e+00   
   34   6.128524e+00  2.040939e+00   
   35   6.690622e+00  2.570619e+00   
   36   5.572278e+00  1.818920e+00   
   37   4.421183e+00  2.181818e+00   
   38   6.396518e+00  2.155389e+00   
   39   4.929428e+00  1.762415e+00   
   40   4.646451e+00  1.862030e+00   
   41   6.670397e+00  2.275345e+00   
   42   5.212402e+00  1.662789e+00   
   43   6.932203e+00  2.671135e+00   
   44   6.087472e+00  1.744016e+00   
   45   5.809339e+00  1.631747e+00   
   46   6.364560e+00  1.859233e+00   
   47   5.498469e+00  1.559239e+00   
   48   6.637690e+00  1.977385e+00   
   49   4.313993e+00  1.858586e+00   
   50   4.701673e+00  1.567158e+00   
   51   4.984635e+00  1.467542e+00   
   52   7.101695e+00  2.474714e+00   
   53   5.268987e+00  1.366014e+00   
   54   6.045654e+00  1.446961e+00   
   55   6.328762e+00  1.561528e+00   
   56   6.962552e+00  2.092516e+00   
   57   5.767459e+00  1.334688e+00   
   58   6.604277e+00  1.679856e+00   
   59   6.879168e+00  1.799626e+00   
   60   5.560157e+00  1.175367e+00   
   61   4.756935e+00  1.272307e+00   
   62   5.039661e+00  1.172692e+00   
   63   4.220339e+00  1.476441e+00   
   64   6.032345e+00  1.185952e+00   
   65   6.264901e+00  1.269058e+00   
   66   7.307473e+00  2.181818e+00   
   67   5.321542e+00  1.070714e+00   
   68   7.178890e+00  1.846211e+00   
   69   6.869955e+00  1.528965e+00   
   70   4.404047e+00  1.198741e+00   
   71   6.652244e+00  1.322645e+00   
   72   4.738912e+00  9.827608e-01   
   73   5.091753e+00  8.782207e-01   
   74   6.186582e+00  9.794650e-01   
   75   5.897129e+00  8.995861e-01   
   76   5.607357e+00  8.219624e-01   
   77   6.476527e+00  1.056426e+00   
   78   7.129637e+00  1.510267e+00   
   79   5.334508e+00  7.721618e-01   
   80   7.489057e+00  1.858586e+00   
   81   6.939833e+00  1.237449e+00   
   82   7.355704e+00  1.628950e+00   
   83   4.148615e+00  1.050505e+00   
   84   4.388128e+00  9.038415e-01   
   85   4.634365e+00  7.564983e-01   
   86   4.857497e+00  6.970255e-01   
   87   6.108451e+00  6.898810e-01   
   88   6.715915e+00  9.309277e-01   
   89   5.819427e+00  6.098360e-01   
   90   6.398154e+00  7.668601e-01   
   91   5.529847e+00  5.321986e-01   
   92   5.176916e+00  5.343767e-01   
   93   4.124108e+00  8.080808e-01   
   94   7.223627e+00  1.153560e+00   
   95   7.437735e+00  1.347602e+00   
   96   4.363622e+00  6.614173e-01   
   97   7.633419e+00  1.535354e+00   
   98   7.012013e+00  9.464938e-01   
   99   4.614206e+00  5.285949e-01   
   100   4.867245e+00  4.012817e-01   
   101   6.319151e+00  4.777025e-01   
   102   6.032937e+00  3.996396e-01   
   103   5.741224e+00  3.204088e-01   
   104   6.609274e+00  5.538071e-01   
   105   4.099601e+00  5.656566e-01   
   106   7.510856e+00  1.123975e+00   
   107   7.706540e+00  1.311727e+00   
   108   4.346627e+00  4.345963e-01   
   109   5.454729e+00  2.425568e-01   
   110   6.923357e+00  6.328131e-01   
   111   5.102832e+00  2.171920e-01   
   112   4.601495e+00  3.032294e-01   
   113   7.311684e+00  7.555744e-01   
   114   6.244608e+00  1.871467e-01   
   115   6.533425e+00  2.677834e-01   
   116   5.954984e+00  1.100174e-01   
   117   4.824303e+00  1.085097e-01   
   118   7.779661e+00  1.088101e+00   
   119   4.090119e+00  3.232323e-01   
   120   5.666135e+00  3.003054e-02   
   121   4.337144e+00  1.921721e-01   
   122   7.610890e+00  8.485137e-01   
   123   6.901948e+00  3.335907e-01   
   124   4.595747e+00  7.561674e-02   
   125   7.171762e+00  4.646245e-01   
   126   5.377161e+00 -4.699990e-02   
   127   5.023221e+00 -1.140836e-01   
   128   4.080636e+00  8.080808e-02   
   129   6.458387e+00 -2.253832e-02   
   130   6.165650e+00 -1.019846e-01   
   131   4.334762e+00 -3.550307e-02   
   132   6.747448e+00  5.760817e-02   
   133   5.880513e+00 -1.794292e-01   
   134   7.617567e+00  5.770807e-01   
   135   4.661288e+00 -1.515421e-01   
   136   7.855381e+00  7.272727e-01   
   137   5.590651e+00 -2.564315e-01   
   138   7.150432e+00  1.655877e-01   
   139   7.419674e+00  2.960503e-01   
   140   5.301966e+00 -3.371818e-01   
   141   4.085355e+00 -1.616162e-01   
   142   4.339481e+00 -2.779273e-01   
   143   6.379782e+00 -3.119519e-01   
   144   7.883286e+00  4.848485e-01   
   145   6.669474e+00 -2.355674e-01   
   146   6.091221e+00 -3.925001e-01   
   147   4.604938e+00 -3.778275e-01   
   148   5.802476e+00 -4.687511e-01   
   149   4.871776e+00 -4.744794e-01   
   150   7.685993e+00  2.113131e-01   
   151   5.513553e+00 -5.492039e-01   
   152   7.062601e+00 -1.746271e-01   
   153   7.399616e+00  6.661338e-16   
   154   4.090074e+00 -4.040404e-01   
   155   4.351505e+00 -5.051804e-01   
   156   7.911190e+00  2.424242e-01   
   157   4.568305e+00 -5.867955e-01   
   158   6.862012e+00 -4.205508e-01   
   159   6.589415e+00 -5.242649e-01   
   160   6.306246e+00 -6.011145e-01   
   161   6.016215e+00 -6.773262e-01   
   162   5.165928e+00 -7.434652e-01   
   163   5.727894e+00 -7.589829e-01   
   164   7.419674e+00 -2.960503e-01   
   165   7.911190e+00  8.881784e-16   
   166   4.109402e+00 -6.464646e-01   
   167   7.171762e+00 -4.646245e-01   
   168   4.370832e+00 -7.476047e-01   
   169   5.433488e+00 -8.790204e-01   
   170   7.689788e+00 -1.984415e-01   
   171   4.642476e+00 -8.288853e-01   
   172   4.915309e+00 -9.079184e-01   
   173   6.816806e+00 -7.036702e-01   
   174   6.515936e+00 -8.149715e-01   
   175   6.227535e+00 -8.900941e-01   
   176   5.938881e+00 -9.713649e-01   
   177   5.682827e+00 -1.010428e+00   
   178   7.911190e+00 -2.424242e-01   
   179   5.182199e+00 -1.042781e+00   
   180   4.128729e+00 -8.888889e-01   
   181   4.398326e+00 -9.730654e-01   
   182   4.673198e+00 -1.056466e+00   
   183   7.637696e+00 -5.547064e-01   
   184   5.448596e+00 -1.180607e+00   
   185   7.042470e+00 -8.927036e-01   
   186   6.441659e+00 -1.097385e+00   
   187   6.731907e+00 -1.022323e+00   
   188   7.367159e+00 -7.731117e-01   
   189   7.883286e+00 -4.848485e-01   
   190   4.930124e+00 -1.203641e+00   
   191   6.153888e+00 -1.180406e+00   
   192   5.865275e+00 -1.262163e+00   
   193   4.164390e+00 -1.131313e+00   
   194   4.433987e+00 -1.215490e+00   
   195   5.195923e+00 -1.342224e+00   
   196   4.650729e+00 -1.311848e+00   
   197   7.610890e+00 -8.485137e-01   
   198   7.855381e+00 -7.272727e-01   
   199   6.652290e+00 -1.310721e+00   
   200   5.462252e+00 -1.480281e+00   
   201   6.054138e+00 -1.439358e+00   
   202   6.939833e+00 -1.237449e+00   
   203   7.227354e+00 -1.155044e+00   
   204   4.200051e+00 -1.373737e+00   
   205   6.333398e+00 -1.460573e+00   
   206   7.510856e+00 -1.123975e+00   
   207   4.462590e+00 -1.509809e+00   
   208   4.753744e+00 -1.573834e+00   
   209   5.812815e+00 -1.617580e+00   
   210   5.045368e+00 -1.643723e+00   
   211   7.779661e+00 -1.088101e+00   
   212   5.337020e+00 -1.713973e+00   
   213   6.867602e+00 -1.514905e+00   
   214   6.581171e+00 -1.601332e+00   
   215   7.157131e+00 -1.442973e+00   
   216   7.437735e+00 -1.347602e+00   
   217   6.087821e+00 -1.737461e+00   
   218   5.571492e+00 -1.795803e+00   
   219   4.270535e+00 -1.696970e+00   
   220   7.706540e+00 -1.311727e+00   
   221   4.547888e+00 -1.789457e+00   
   222   4.838734e+00 -1.861052e+00   
   223   5.219237e+00 -1.925314e+00   
   224   5.846499e+00 -1.915683e+00   
   225   6.362819e+00 -1.857351e+00   
   226   6.824103e+00 -1.788122e+00   
   227   7.355704e+00 -1.628950e+00   
   228   7.633419e+00 -1.535354e+00   
   229   7.125094e+00 -1.784801e+00   
   230   6.121506e+00 -2.035560e+00   
   231   5.537180e+00 -2.096652e+00   
   232   6.637690e+00 -1.977385e+00   
   233   4.922522e+00 -2.149083e+00   
   234   4.389831e+00 -2.096940e+00   
   235   4.682632e+00 -2.146641e+00   
   236   5.214348e+00 -2.219652e+00   
   237   6.396518e+00 -2.155389e+00   
   238   5.827694e+00 -2.241170e+00   
   239   7.489057e+00 -1.858586e+00   
   240   6.908959e+00 -2.062188e+00   
   241   6.694755e+00 -2.282074e+00   
   242   6.142448e+00 -2.381763e+00   
   243   5.134049e+00 -2.445247e+00   
   244   4.841989e+00 -2.454702e+00   
   245   7.307473e+00 -2.181818e+00   
   246   5.491317e+00 -2.509677e+00   
   247   5.827217e+00 -2.507684e+00   
   248   6.433042e+00 -2.452147e+00   
   249   4.559322e+00 -2.493052e+00   
   250   6.690622e+00 -2.570619e+00   
   251   7.101695e+00 -2.474714e+00   
   252   6.230137e+00 -2.667612e+00   
   253   5.024598e+00 -2.724516e+00   
   254   5.659701e+00 -2.756515e+00   
   255   5.365518e+00 -2.780706e+00   
   256   5.958843e+00 -2.777226e+00   
   257   4.728814e+00 -2.769673e+00   
   258   6.521131e+00 -2.721635e+00   
   259   6.932203e+00 -2.671135e+00   
   260   5.186738e+00 -2.955063e+00   
   261   6.762712e+00 -2.822150e+00   
   262   6.307423e+00 -2.918980e+00   
   263   4.919072e+00 -2.989899e+00   
   264   5.791778e+00 -3.025719e+00   
   265   5.471716e+00 -3.041070e+00   
   266   6.054796e+00 -3.032482e+00   
   267   6.593220e+00 -2.973166e+00   
   268   6.300682e+00 -3.151515e+00   
   269   5.237288e+00 -3.212419e+00   
   270   5.406780e+00 -3.275178e+00   
   271   5.654211e+00 -3.281890e+00   
   272   5.915254e+00 -3.288971e+00   
  END_COORDINATES
  BOUNDARIES, ELEMENT
    1         269     270         1     
    2         270     271         2     
    3         267     261         4     
    4         261     259         5     
    5         43     33         6     
    6         33     27         7     
    7         228     220         8     
    8         220     211         9     
    9         118     107         10     
    10         107     97         11     
    11         178     165         12     
    12         165     156         13     
    13         105     119         14     
    14         119     128         15     
    15         128     141         16     
    16         141     154         17     
    17         83     93         18     
    18         93     105         19     
    19         154     166         20     
    20         166     180         21     
    21         198     189         22     
    22         189     178         23     
    23         156     144         24     
    24         144     136         25     
    25         180     193         26     
    26         193     204         27     
    27         263     269         29     
    28         7     2         31     
    29         2     1         32     
    30         259     251         33     
    31         52     43         34     
    32         271     272         35     
    33         211     198         72     
    34         136     118         74     
    35         257     263         112     
    36         1     4         120     
    37         27     17         125     
    38         17     7         127     
    39         272     268         136     
    40         268     267         137     
    41         97     80         138     
    42         80     66         140     
    43         239     228         147     
    44         63     83         153     
    45         204     219         154     
    46         219     234         156     
    47         249     257         311     
    48         234     249         324     
    49         22     37         464     
    50         4     12         467     
    51         37     49         474     
    52         12     22         475     
    53         251     245         477     
    54         66     52         478     
    55         245     239         481     
    56         49     63         483     
  END_BOUNDARIES
  MATERIALS, NUMBER= 1, DEFAULT=1
  END_MATERIALS
  SUBDOMAINS
  END_SUBDOMAINS
  CHARACTERISTICS
  END_CHARACTERISTICS
