  NODES_PER_ELEMENT
   1 4
   2 4
   3 4
   4 4
   5 4
   6 4
   7 4
   8 4
   9 4
   10 4
   11 4
   12 4
   13 4
   14 4
   15 4
   16 4
   17 4
   18 4
   19 4
   20 4
   21 4
   22 4
   23 4
   24 4
   25 4
   26 4
   27 4
   28 4
   29 4
   30 4
   31 4
   32 4
   33 4
   34 4
   35 4
   36 4
   37 4
   38 4
   39 4
   40 4
   41 4
   42 4
   43 4
   44 4
   45 4
   46 4
   47 4
   48 4
   49 4
   50 4
   51 4
   52 4
   53 4
   54 4
   55 4
   56 4
   57 4
   58 4
   59 4
   60 4
   61 4
   62 4
   63 4
   64 4
   65 4
   66 4
   67 4
   68 4
   69 4
   70 4
   71 4
   72 4
   73 4
   74 4
   75 4
   76 4
   77 4
   78 4
   79 4
   80 4
   81 4
   82 4
   83 4
   84 4
   85 4
   86 4
  END_NODES_PER_ELEMENT
  ELEMENTS
  1 65 57 55 63  
  2 57 50 46 55  
  3 50 43 38 46  
  4 43 35 31 38  
  5 72 65 63 70  
  6 80 72 70 78  
  7 35 26 24 31  
  8 90 80 78 86  
  9 96 90 86 93  
  10 100 96 93 98  
  11 26 17 16 24  
  12 17 12 10 16  
  13 12 3 5 10  
  14 3 1 2 5  
  15 1 4 6 2  
  16 4 11 9 6  
  17 11 18 15 9  
  18 18 28 22 15  
  19 28 37 33 22  
  20 37 45 39 33  
  21 45 53 47 39  
  22 53 59 54 47  
  23 59 66 62 54  
  24 66 77 71 62  
  25 77 88 79 71  
  26 88 94 87 79  
  27 94 99 92 87  
  28 99 101 95 92  
  29 102 100 98 97  
  30 101 102 97 95  
  31 92 95 89 85  
  32 98 93 91 97  
  33 95 97 91 89  
  34 87 92 85 81  
  35 93 86 84 91  
  36 86 78 75 84  
  37 78 70 68 75  
  38 70 63 60 68  
  39 63 55 51 60  
  40 55 46 42 51  
  41 46 38 34 42  
  42 38 31 27 34  
  43 79 87 81 73  
  44 71 79 73 64  
  45 62 71 64 56  
  46 54 62 56 48  
  47 47 54 48 44  
  48 39 47 44 36  
  49 33 39 36 29  
  50 22 33 29 20  
  51 15 22 20 14  
  52 9 15 14 7  
  53 6 9 7 2  
  54 5 2 7 8  
  55 10 5 8 13  
  56 8 7 14 13  
  57 16 10 13 19  
  58 24 16 19 23  
  59 31 24 23 27  
  60 13 14 20 21  
  61 89 91 84 83  
  62 85 89 83 82  
  63 81 85 82 76  
  64 73 81 76 69  
  65 84 75 74 83  
  66 83 74 76 82  
  67 75 68 67 74  
  68 68 60 58 67  
  69 60 51 49 58  
  70 51 42 40 49  
  71 42 34 32 40  
  72 34 27 25 32  
  73 27 23 19 25  
  74 19 13 21 25  
  75 64 73 69 61  
  76 76 74 67 69  
  77 69 67 58 61  
  78 56 64 61 52  
  79 61 58 49 52  
  80 48 56 52 41  
  81 52 49 40 41  
  82 44 48 41 36  
  83 20 29 30 21  
  84 29 36 41 30  
  85 41 40 32 30  
  86 30 32 25 21  
  END_ELEMENTS  
  COORDINATES  
   1   5.915254e+00 -3.288971e+00   
   2   6.008244e+00 -2.744068e+00   
   3   5.237288e+00 -3.212419e+00   
   4   6.568074e+00 -2.989899e+00   
   5   5.578743e+00 -2.641429e+00   
   6   6.377785e+00 -2.715544e+00   
   7   6.170275e+00 -2.342542e+00   
   8   5.818913e+00 -2.286526e+00   
   9   6.567962e+00 -2.430510e+00   
   10   5.250528e+00 -2.322705e+00   
   11   6.936144e+00 -2.666667e+00   
   12   4.773956e+00 -2.828283e+00   
   13   5.716803e+00 -1.887822e+00   
   14   6.285981e+00 -1.909065e+00   
   15   6.793219e+00 -2.005454e+00   
   16   4.934838e+00 -1.946616e+00   
   17   4.488417e+00 -2.343434e+00   
   18   7.307473e+00 -2.181818e+00   
   19   5.281877e+00 -1.601449e+00   
   20   6.468450e+00 -1.418279e+00   
   21   5.938299e+00 -1.318713e+00   
   22   7.014955e+00 -1.509623e+00   
   23   5.015365e+00 -1.396297e+00   
   24   4.715742e+00 -1.523237e+00   
   25   5.460502e+00 -1.175062e+00   
   26   4.270535e+00 -1.696970e+00   
   27   5.045725e+00 -1.077476e+00   
   28   7.610169e+00 -1.595424e+00   
   29   6.653974e+00 -9.437069e-01   
   30   6.129272e+00 -8.109918e-01   
   31   4.628042e+00 -1.072850e+00   
   32   5.582411e+00 -7.237006e-01   
   33   7.192410e+00 -1.028469e+00   
   34   5.078991e+00 -6.656943e-01   
   35   4.148615e+00 -1.050505e+00   
   36   6.832235e+00 -5.195053e-01   
   37   7.789260e+00 -1.050505e+00   
   38   4.602124e+00 -6.490911e-01   
   39   7.319577e+00 -6.115405e-01   
   40   5.667347e+00 -2.454721e-01   
   41   6.342405e+00 -2.578464e-01   
   42   5.108949e+00 -2.354220e-01   
   43   4.116194e+00 -6.464646e-01   
   44   7.036643e+00 -2.567407e-01   
   45   7.850225e+00 -6.464646e-01   
   46   4.591795e+00 -2.321910e-01   
   47   7.406641e+00 -2.528898e-01   
   48   6.871052e+00  2.173011e-03   
   49   5.653375e+00  2.269079e-01   
   50   4.083772e+00 -2.424242e-01   
   51   5.110246e+00  1.970671e-01   
   52   6.218590e+00  2.821466e-01   
   53   7.911190e+00 -2.424242e-01   
   54   7.365028e+00  1.096269e-01   
   55   4.592785e+00  1.786854e-01   
   56   6.757661e+00  4.227210e-01   
   57   4.091687e+00  1.616162e-01   
   58   5.629899e+00  6.692880e-01   
   59   7.895591e+00  1.616162e-01   
   60   5.122481e+00  6.209433e-01   
   61   6.141570e+00  7.477128e-01   
   62   7.296402e+00  5.321363e-01   
   63   4.614908e+00  5.911354e-01   
   64   6.646533e+00  8.865013e-01   
   65   4.099601e+00  5.656566e-01   
   66   7.879991e+00  5.656566e-01   
   67   5.614451e+00  1.083186e+00   
   68   5.145844e+00  1.041267e+00   
   69   6.067628e+00  1.174460e+00   
   70   4.654938e+00  1.006687e+00   
   71   7.170062e+00  1.045427e+00   
   72   4.149826e+00  9.696970e-01   
   73   6.516838e+00  1.330145e+00   
   74   5.617055e+00  1.476693e+00   
   75   5.191506e+00  1.454253e+00   
   76   5.997654e+00  1.536798e+00   
   77   7.743526e+00  1.212121e+00   
   78   4.722070e+00  1.436655e+00   
   79   6.980214e+00  1.557346e+00   
   80   4.200051e+00  1.373737e+00   
   81   6.345055e+00  1.719311e+00   
   82   5.933221e+00  1.795195e+00   
   83   5.664607e+00  1.832537e+00   
   84   5.281963e+00  1.875394e+00   
   85   6.128161e+00  2.015277e+00   
   86   4.841484e+00  1.924232e+00   
   87   6.737566e+00  1.995026e+00   
   88   7.489057e+00  1.858586e+00   
   89   5.806923e+00  2.186593e+00   
   90   4.363482e+00  2.020202e+00   
   91   5.406230e+00  2.286747e+00   
   92   6.418040e+00  2.362650e+00   
   93   4.991460e+00  2.354376e+00   
   94   7.197551e+00  2.343434e+00   
   95   6.016065e+00  2.606821e+00   
   96   4.565617e+00  2.505051e+00   
   97   5.538616e+00  2.726526e+00   
   98   5.149716e+00  2.690267e+00   
   99   6.770405e+00  2.828283e+00   
   100   4.919072e+00  2.989899e+00   
   101   6.300682e+00  3.151515e+00   
   102   5.576271e+00  3.307042e+00   
  END_COORDINATES
  BOUNDARIES, ELEMENT
    1         65     57         1     
    2         57     50         2     
    3         50     43         3     
    4         43     35         4     
    5         72     65         5     
    6         80     72         6     
    7         35     26         7     
    8         90     80         8     
    9         96     90         9     
    10         100     96         10     
    11         26     17         11     
    12         17     12         12     
    13         12     3         13     
    14         3     1         14     
    15         1     4         15     
    16         4     11         16     
    17         11     18         17     
    18         18     28         18     
    19         28     37         19     
    20         37     45         20     
    21         45     53         21     
    22         53     59         22     
    23         59     66         23     
    24         66     77         24     
    25         77     88         25     
    26         88     94         26     
    27         94     99         27     
    28         99     101         28     
    29         102     100         29     
    30         101     102         30     
  END_BOUNDARIES
  MATERIALS, NUMBER= 1, DEFAULT=1
  END_MATERIALS
  SUBDOMAINS
  END_SUBDOMAINS
  CHARACTERISTICS
  END_CHARACTERISTICS
