  NODES_PER_ELEMENT
   1 6
   2 6
   3 6
   4 6
   5 6
   6 6
   7 6
   8 6
   9 6
   10 6
   11 6
   12 6
   13 6
   14 6
   15 6
   16 6
   17 6
   18 6
   19 6
   20 6
   21 6
   22 6
   23 6
   24 6
   25 6
   26 6
   27 6
   28 6
   29 6
   30 6
   31 6
   32 6
   33 6
   34 6
   35 6
   36 6
   37 6
   38 6
   39 6
   40 6
   41 6
   42 6
   43 6
   44 6
   45 6
   46 6
   47 6
   48 6
   49 6
   50 6
   51 6
   52 6
   53 6
   54 6
   55 6
   56 6
   57 6
   58 6
   59 6
   60 6
   61 6
   62 6
   63 6
   64 6
   65 6
   66 6
   67 6
   68 6
   69 6
   70 6
   71 6
   72 6
   73 6
   74 6
   75 6
   76 6
   77 6
   78 6
   79 6
   80 6
   81 6
   82 6
   83 6
   84 6
   85 6
   86 6
   87 6
   88 6
   89 6
   90 6
   91 6
   92 6
   93 6
   94 6
   95 6
   96 6
   97 6
   98 6
   99 6
   100 6
   101 6
   102 6
   103 6
   104 6
   105 6
   106 6
   107 6
   108 6
   109 6
   110 6
   111 6
   112 6
   113 6
   114 6
   115 6
   116 6
   117 6
   118 6
   119 6
   120 6
   121 6
   122 6
   123 6
   124 6
   125 6
   126 6
   127 6
   128 6
   129 6
   130 6
   131 6
   132 6
   133 6
   134 6
   135 6
   136 6
   137 6
   138 6
   139 6
   140 6
   141 6
   142 6
   143 6
   144 6
   145 6
   146 6
   147 6
   148 6
   149 6
   150 6
   151 6
   152 6
   153 6
   154 6
   155 6
   156 6
   157 6
   158 6
   159 6
   160 6
   161 6
   162 6
   163 6
   164 6
   165 6
   166 6
   167 6
   168 6
   169 6
   170 6
   171 6
   172 6
   173 6
   174 6
   175 6
   176 6
   177 6
   178 6
   179 6
   180 6
   181 6
   182 6
   183 6
   184 6
   185 6
   186 6
   187 6
   188 6
   189 6
   190 6
   191 6
   192 6
   193 6
   194 6
   195 6
   196 6
   197 6
   198 6
   199 6
   200 6
   201 6
   202 6
   203 6
   204 6
   205 6
   206 6
   207 6
   208 6
   209 6
   210 6
   211 6
   212 6
   213 6
   214 6
   215 6
   216 6
   217 6
   218 6
   219 6
   220 6
   221 6
   222 6
   223 6
   224 6
   225 6
   226 6
   227 6
   228 6
   229 6
   230 6
   231 6
   232 6
   233 6
   234 6
   235 6
   236 6
   237 6
   238 6
   239 6
   240 6
   241 6
   242 6
   243 6
   244 6
   245 6
   246 6
   247 6
   248 6
   249 6
   250 6
   251 6
   252 6
   253 6
   254 6
   255 6
   256 6
   257 6
   258 6
   259 6
   260 6
   261 6
   262 6
   263 6
   264 6
   265 6
   266 6
   267 6
   268 6
   269 6
   270 6
   271 6
   272 6
   273 6
   274 6
   275 6
   276 6
   277 6
   278 6
   279 6
   280 6
   281 6
   282 6
   283 6
   284 6
   285 6
   286 6
   287 6
   288 6
   289 6
   290 6
   291 6
   292 6
   293 6
   294 6
   295 6
   296 6
   297 6
   298 6
   299 6
   300 6
   301 6
   302 6
   303 6
   304 6
   305 6
   306 6
   307 6
   308 6
   309 6
   310 6
   311 6
   312 6
   313 6
   314 6
   315 6
   316 6
   317 6
   318 6
   319 6
   320 6
   321 6
   322 6
   323 6
   324 6
   325 6
   326 6
   327 6
   328 6
   329 6
   330 6
   331 6
   332 6
   333 6
   334 6
   335 6
   336 6
   337 6
   338 6
   339 6
   340 6
   341 6
   342 6
   343 6
   344 6
   345 6
   346 6
   347 6
   348 6
   349 6
   350 6
   351 6
   352 6
   353 6
   354 6
   355 6
   356 6
   357 6
   358 6
   359 6
   360 6
   361 6
   362 6
   363 6
   364 6
   365 6
   366 6
   367 6
   368 6
   369 6
   370 6
   371 6
   372 6
   373 6
   374 6
   375 6
   376 6
   377 6
   378 6
  END_NODES_PER_ELEMENT
  ELEMENTS
  1 796 788 764 791 778 780  
  2 738 718 702 727 708 721  
  3 171 130 137 149 132 152  
  4 779 795 772 787 785 777  
  5 764 788 760 778 776 762  
  6 796 764 784 780 774 790  
  7 90 55 67 71 61 77  
  8 137 130 99 132 112 116  
  9 171 137 186 152 162 176  
  10 775 757 740 767 751 756  
  11 772 795 801 785 797 789  
  12 779 772 747 777 761 765  
  13 702 718 674 708 695 688  
  14 738 702 728 721 714 732  
  15 760 788 775 776 781 768  
  16 760 775 740 768 756 752  
  17 760 740 725 752 733 743  
  18 725 740 698 733 724 710  
  19 760 725 764 743 745 762  
  20 698 740 728 724 734 711  
  21 728 740 757 734 751 744  
  22 698 728 702 711 714 699  
  23 728 757 738 744 748 732  
  24 725 698 685 710 691 706  
  25 784 764 755 774 759 771  
  26 796 784 799 790 793 798  
  27 799 784 782 793 783 792  
  28 782 784 755 783 771 770  
  29 799 782 801 792 794 800  
  30 318 269 274 293 271 297  
  31 99 130 90 112 109 93  
  32 99 90 67 93 77 83  
  33 99 67 76 83 69 86  
  34 76 67 44 69 54 59  
  35 99 118 137 108 127 116  
  36 44 67 40 54 52 41  
  37 76 44 84 59 62 78  
  38 186 137 154 162 148 170  
  39 171 186 218 176 202 195  
  40 218 186 230 202 208 226  
  41 230 186 196 208 190 213  
  42 218 230 269 226 249 243  
  43 269 230 274 249 253 271  
  44 274 230 237 253 235 254  
  45 237 230 196 235 213 215  
  46 237 196 209 215 200 220  
  47 209 196 160 200 177 185  
  48 154 196 186 175 190 170  
  49 237 209 259 220 234 246  
  50 274 237 285 254 261 279  
  51 259 209 233 234 217 242  
  52 237 259 285 246 272 261  
  53 285 259 306 272 282 300  
  54 306 259 278 282 267 294  
  55 285 306 340 300 326 312  
  56 278 259 233 267 242 255  
  57 278 233 258 255 241 266  
  58 258 233 207 241 216 232  
  59 278 258 308 266 284 295  
  60 306 278 330 294 305 322  
  61 340 306 364 326 334 351  
  62 285 340 321 312 329 303  
  63 207 233 182 216 206 193  
  64 258 207 238 232 222 247  
  65 308 258 291 284 275 301  
  66 278 308 330 295 323 305  
  67 330 308 363 323 337 348  
  68 363 308 341 337 327 352  
  69 330 363 385 348 373 355  
  70 274 285 321 279 303 299  
  71 274 321 318 299 319 297  
  72 318 321 372 319 345 344  
  73 341 308 291 327 301 317  
  74 341 291 328 317 307 331  
  75 328 291 276 307 281 302  
  76 341 328 377 331 353 357  
  77 363 341 394 352 368 376  
  78 385 363 415 373 389 398  
  79 330 385 364 355 374 347  
  80 364 385 416 374 399 390  
  81 276 291 238 281 262 257  
  82 276 238 228 257 231 251  
  83 328 276 315 302 298 325  
  84 377 328 369 353 349 371  
  85 341 377 394 357 386 368  
  86 394 377 428 386 403 411  
  87 428 377 417 403 396 421  
  88 394 428 445 411 439 420  
  89 67 55 40 61 49 52  
  90 40 55 30 49 42 35  
  91 40 30 22 35 25 29  
  92 22 30 12 25 20 16  
  93 40 22 44 29 31 41  
  94 22 12 6 16 8 13  
  95 417 377 369 396 371 392  
  96 417 369 409 392 388 412  
  97 409 369 359 388 365 384  
  98 417 409 460 412 435 438  
  99 428 417 467 421 441 446  
  100 445 428 484 439 458 465  
  101 394 445 415 420 431 402  
  102 415 445 469 431 459 442  
  103 747 772 737 761 754 741  
  104 359 369 315 365 343 339  
  105 359 315 311 339 313 336  
  106 460 409 452 435 432 455  
  107 779 747 753 765 749 766  
  108 753 747 717 749 731 735  
  109 717 747 692 731 723 705  
  110 753 717 709 735 712 730  
  111 709 717 679 712 697 694  
  112 679 717 692 697 705 686  
  113 709 679 667 694 673 689  
  114 692 747 737 723 741 716  
  115 679 692 650 686 672 665  
  116 667 679 633 673 657 651  
  117 650 692 668 672 680 658  
  118 679 650 633 665 643 657  
  119 633 650 601 643 627 617  
  120 601 650 621 627 634 610  
  121 633 601 585 617 591 609  
  122 409 359 401 384 380 405  
  123 417 460 467 438 464 441  
  124 467 460 509 464 485 489  
  125 509 460 501 485 480 505  
  126 467 509 518 489 514 493  
  127 233 209 182 217 194 206  
  128 182 209 160 194 185 172  
  129 160 196 154 177 175 156  
  130 160 154 118 156 135 138  
  131 118 154 137 135 148 127  
  132 160 118 131 138 126 147  
  133 182 160 131 172 147 155  
  134 131 118 84 126 101 107  
  135 501 460 452 480 455 478  
  136 501 452 497 478 475 499  
  137 497 452 448 475 449 473  
  138 501 497 542 499 521 522  
  139 518 509 558 514 533 539  
  140 667 633 612 651 625 642  
  141 509 501 548 505 524 529  
  142 467 518 484 493 502 474  
  143 484 518 536 502 526 510  
  144 621 650 668 634 658 647  
  145 621 668 644 647 654 630  
  146 644 668 687 654 676 666  
  147 621 644 590 630 616 604  
  148 585 601 547 591 575 565  
  149 448 452 401 449 427 423  
  150 448 401 406 423 404 424  
  151 542 497 569 521 534 556  
  152 601 621 569 610 594 586  
  153 633 585 612 609 598 625  
  154 612 585 544 598 563 581  
  155 497 448 492 473 471 495  
  156 501 542 548 522 545 524  
  157 548 542 590 545 566 570  
  158 590 542 569 566 556 579  
  159 569 497 547 534 523 559  
  160 590 569 621 579 594 604  
  161 228 238 191 231 214 211  
  162 276 228 270 251 248 273  
  163 674 718 690 695 704 683  
  164 674 690 649 683 671 659  
  165 649 690 661 671 677 655  
  166 649 661 614 655 640 631  
  167 674 649 629 659 638 653  
  168 614 661 624 640 645 619  
  169 614 624 574 619 600 595  
  170 649 614 599 631 607 626  
  171 574 624 580 600 602 576  
  172 614 574 568 595 571 592  
  173 599 614 568 607 592 584  
  174 599 568 554 584 562 577  
  175 554 568 517 562 541 538  
  176 599 582 629 589 606 613  
  177 599 629 649 613 638 626  
  178 517 568 537 541 550 525  
  179 554 488 536 520 512 543  
  180 554 536 582 543 560 567  
  181 582 536 564 560 549 572  
  182 554 582 599 567 589 577  
  183 564 536 518 549 526 540  
  184 564 518 558 540 539 561  
  185 564 558 605 561 583 587  
  186 605 558 597 583 578 603  
  187 564 605 611 587 608 588  
  188 597 558 548 578 552 573  
  189 605 597 635 603 618 623  
  190 611 605 652 608 628 632  
  191 564 611 582 588 596 572  
  192 582 611 629 596 622 606  
  193 674 629 663 653 648 670  
  194 568 574 537 571 553 550  
  195 537 574 530 553 551 532  
  196 517 496 469 508 482 494  
  197 517 469 488 494 479 503  
  198 488 469 445 479 459 466  
  199 488 445 484 466 465 486  
  200 488 484 536 486 510 512  
  201 517 488 554 503 520 538  
  202 84 44 51 62 45 66  
  203 364 306 330 334 322 347  
  204 635 597 639 618 620 636  
  205 611 652 663 632 656 637  
  206 321 340 372 329 354 345  
  207 605 635 652 623 646 628  
  208 702 674 663 688 670 682  
  209 702 663 698 682 681 699  
  210 76 84 118 78 101 97  
  211 340 364 393 351 375 366  
  212 415 469 440 442 457 425  
  213 685 698 652 691 675 669  
  214 359 311 358 336 335 356  
  215 755 764 713 759 739 736  
  216 644 687 639 666 664 641  
  217 644 639 590 641 615 616  
  218 725 685 713 706 700 719  
  219 311 315 270 313 292 290  
  220 270 315 276 292 298 273  
  221 311 270 263 290 265 288  
  222 263 270 223 265 245 240  
  223 311 263 310 288 287 309  
  224 687 668 703 676 684 693  
  225 207 182 157 193 169 183  
  226 258 238 291 247 262 275  
  227 238 207 191 222 197 214  
  228 415 363 394 389 376 402  
  229 416 385 440 399 413 426  
  230 416 440 477 426 461 443  
  231 477 440 496 461 468 487  
  232 416 477 444 443 462 430  
  233 385 415 440 398 425 413  
  234 364 416 393 390 400 375  
  235 328 315 369 325 343 349  
  236 406 401 358 404 379 381  
  237 358 401 359 379 380 356  
  238 406 358 362 381 361 383  
  239 362 358 310 361 333 338  
  240 406 362 410 383 387 407  
  241 362 310 324 338 316 342  
  242 477 496 530 487 513 504  
  243 22 6 24 13 14 21  
  244 448 406 456 424 429 450  
  245 416 444 393 430 419 400  
  246 663 629 611 648 622 637  
  247 444 477 535 462 507 491  
  248 6 12 1 8 5 2  
  249 6 1 11 2 4 7  
  250 11 1 10 4 3 9  
  251 11 10 26 9 18 17  
  252 6 11 24 7 15 14  
  253 496 440 469 468 457 482  
  254 737 772 763 754 769 750  
  255 263 223 221 240 219 239  
  256 311 310 358 309 333 335  
  257 484 428 467 458 446 474  
  258 452 409 401 432 405 427  
  259 310 263 268 287 264 289  
  260 324 310 268 316 289 296  
  261 668 692 703 680 696 684  
  262 703 692 737 696 716 720  
  263 703 737 726 720 729 715  
  264 726 737 763 729 750 746  
  265 726 763 755 746 758 742  
  266 703 726 687 715 707 693  
  267 223 270 228 245 248 224  
  268 223 228 181 224 204 201  
  269 181 228 191 204 211 187  
  270 181 191 144 187 166 164  
  271 223 181 179 201 178 199  
  272 144 191 157 166 173 150  
  273 181 144 139 164 141 159  
  274 179 181 139 178 159 158  
  275 223 179 221 199 198 219  
  276 221 179 184 198 180 203  
  277 139 144 105 141 124 120  
  278 179 139 143 158 140 161  
  279 184 179 143 180 161 165  
  280 184 143 151 165 146 167  
  281 221 184 236 203 210 227  
  282 151 143 110 146 125 128  
  283 184 151 189 167 168 188  
  284 143 139 104 140 119 121  
  285 110 143 104 125 121 106  
  286 110 104 73 106 89 92  
  287 73 104 72 89 87 70  
  288 110 73 85 92 79 95  
  289 151 110 122 128 113 133  
  290 189 151 163 168 153 174  
  291 184 189 236 188 212 210  
  292 236 225 280 229 252 256  
  293 221 236 268 227 250 244  
  294 268 236 286 250 260 277  
  295 286 236 280 260 256 283  
  296 286 280 350 283 314 320  
  297 268 286 324 277 304 296  
  298 72 104 105 87 103 88  
  299 72 105 81 88 91 74  
  300 105 104 139 103 119 120  
  301 81 105 115 91 111 96  
  302 72 81 51 74 65 60  
  303 115 105 144 111 124 129  
  304 115 144 157 129 150 134  
  305 115 157 131 134 145 123  
  306 131 157 182 145 169 155  
  307 81 115 84 96 98 82  
  308 73 72 47 70 57 58  
  309 85 73 53 79 64 68  
  310 110 85 122 95 102 113  
  311 122 85 114 102 100 117  
  312 122 114 163 117 136 142  
  313 122 163 151 142 153 133  
  314 47 72 51 57 60 48  
  315 73 47 53 58 50 64  
  316 85 53 75 68 63 80  
  317 362 324 370 342 346 367  
  318 558 509 548 533 529 552  
  319 547 601 569 575 586 559  
  320 492 448 456 471 450 472  
  321 492 456 511 472 483 500  
  322 511 456 453 483 454 481  
  323 492 511 547 500 528 519  
  324 492 547 497 519 523 495  
  325 453 456 410 454 434 433  
  326 511 453 490 481 470 498  
  327 490 453 418 470 437 451  
  328 410 362 370 387 367 391  
  329 410 370 418 391 395 414  
  330 406 410 456 407 434 429  
  331 585 547 511 565 528 546  
  332 51 44 24 45 33 36  
  333 207 157 191 183 173 197  
  334 639 597 590 620 593 615  
  335 713 685 639 700 662 678  
  336 340 393 372 366 378 354  
  337 84 51 81 66 65 82  
  338 635 639 685 636 662 660  
  339 635 685 652 660 669 646  
  340 725 713 764 719 739 745  
  341 530 496 537 513 515 532  
  342 537 496 517 515 508 525  
  343 763 772 801 769 789 786  
  344 263 221 268 239 244 264  
  345 370 324 350 346 332 360  
  346 477 530 535 504 531 507  
  347 535 530 580 531 555 557  
  348 22 24 44 21 33 31  
  349 324 286 350 304 320 332  
  350 453 410 418 433 414 437  
  351 597 548 590 573 570 593  
  352 76 118 99 97 108 86  
  353 393 444 422 419 436 408  
  354 26 43 28 34 37 27  
  355 28 43 53 37 46 39  
  356 26 28 11 27 19 17  
  357 53 47 28 50 38 39  
  358 801 782 763 794 773 786  
  359 763 782 755 773 770 758  
  360 418 370 350 395 360 382  
  361 580 530 574 555 551 576  
  362 115 131 84 123 107 98  
  363 726 755 713 742 736 722  
  364 114 85 75 100 80 94  
  365 393 422 372 408 397 378  
  366 476 422 444 447 436 463  
  367 476 444 535 463 491 506  
  368 225 236 189 229 212 205  
  369 225 189 163 205 174 192  
  370 490 544 511 516 527 498  
  371 43 75 53 56 63 46  
  372 663 652 698 656 675 681  
  373 51 24 47 36 32 48  
  374 687 726 713 707 722 701  
  375 511 544 585 527 563 546  
  376 639 687 713 664 701 678  
  377 11 28 24 19 23 15  
  378 28 47 24 38 32 23  
  END_ELEMENTS  
  COORDINATES  
   1   5.135593e+00  3.990471e+00   
   2   5.240723e+00  3.830278e+00   
   3   4.932203e+00  3.923024e+00   
   4   5.049646e+00  3.766507e+00   
   5   5.389831e+00  3.963279e+00   
   6   5.345853e+00  3.670084e+00   
   7   5.154776e+00  3.606314e+00   
   8   5.494961e+00  3.803085e+00   
   9   4.846256e+00  3.699060e+00   
   10   4.728814e+00  3.855576e+00   
   11   4.963699e+00  3.542543e+00   
   12   5.644068e+00  3.936086e+00   
   13   5.535800e+00  3.608095e+00   
   14   5.387090e+00  3.474431e+00   
   15   5.196013e+00  3.410661e+00   
   16   5.684907e+00  3.741096e+00   
   17   4.693714e+00  3.555343e+00   
   18   4.576271e+00  3.711860e+00   
   19   4.793360e+00  3.380355e+00   
   20   5.847579e+00  3.854407e+00   
   21   5.577037e+00  3.412442e+00   
   22   5.725746e+00  3.546106e+00   
   23   5.025674e+00  3.248472e+00   
   24   5.428327e+00  3.278778e+00   
   25   5.888419e+00  3.659417e+00   
   26   4.423729e+00  3.568144e+00   
   27   4.523375e+00  3.393155e+00   
   28   4.623021e+00  3.218166e+00   
   29   5.917244e+00  3.475984e+00   
   30   6.051091e+00  3.772727e+00   
   31   5.821629e+00  3.304208e+00   
   32   5.215793e+00  3.016808e+00   
   33   5.672919e+00  3.170544e+00   
   34   4.322034e+00  3.389651e+00   
   35   6.079916e+00  3.589295e+00   
   36   5.469497e+00  3.012969e+00   
   37   4.421680e+00  3.214662e+00   
   38   4.813140e+00  2.986502e+00   
   39   4.608053e+00  2.994291e+00   
   40   6.108741e+00  3.405862e+00   
   41   6.013126e+00  3.234086e+00   
   42   6.254359e+00  3.646603e+00   
   43   4.220339e+00  3.211158e+00   
   44   5.917511e+00  3.062310e+00   
   45   5.714089e+00  2.904735e+00   
   46   4.406712e+00  2.990787e+00   
   47   5.003259e+00  2.754837e+00   
   48   5.256962e+00  2.750999e+00   
   49   6.283184e+00  3.463171e+00   
   50   4.798172e+00  2.762626e+00   
   51   5.510666e+00  2.747160e+00   
   52   6.250235e+00  3.266774e+00   
   53   4.593086e+00  2.770416e+00   
   54   6.154620e+00  3.094998e+00   
   55   6.457627e+00  3.520480e+00   
   56   4.143212e+00  2.991943e+00   
   57   5.093281e+00  2.576418e+00   
   58   4.894207e+00  2.587370e+00   
   59   6.095450e+00  2.937684e+00   
   60   5.346985e+00  2.572579e+00   
   61   6.424678e+00  3.324083e+00   
   62   5.934068e+00  2.776992e+00   
   63   4.329585e+00  2.771572e+00   
   64   4.689121e+00  2.595159e+00   
   65   5.544098e+00  2.567680e+00   
   66   5.730645e+00  2.619417e+00   
   67   6.391729e+00  3.127686e+00   
   68   4.489789e+00  2.599339e+00   
   69   6.332559e+00  2.970372e+00   
   70   4.984230e+00  2.408950e+00   
   71   6.610169e+00  3.396542e+00   
   72   5.183304e+00  2.397998e+00   
   73   4.785155e+00  2.419902e+00   
   74   5.380417e+00  2.393099e+00   
   75   4.066084e+00  2.772727e+00   
   76   6.273389e+00  2.813058e+00   
   77   6.577220e+00  3.200145e+00   
   78   6.112007e+00  2.652366e+00   
   79   4.585823e+00  2.424082e+00   
   80   4.226288e+00  2.600494e+00   
   81   5.577530e+00  2.388200e+00   
   82   5.764077e+00  2.439937e+00   
   83   6.532247e+00  3.022473e+00   
   84   5.950625e+00  2.491674e+00   
   85   4.386492e+00  2.428262e+00   
   86   6.473077e+00  2.865159e+00   
   87   5.072469e+00  2.232269e+00   
   88   5.269210e+00  2.230279e+00   
   89   4.873395e+00  2.243221e+00   
   90   6.762712e+00  3.272604e+00   
   91   5.466323e+00  2.225380e+00   
   92   4.683768e+00  2.250423e+00   
   93   6.717738e+00  3.094932e+00   
   94   4.013442e+00  2.545455e+00   
   95   4.484436e+00  2.254603e+00   
   96   5.664954e+00  2.209101e+00   
   97   6.353290e+00  2.584360e+00   
   98   5.851502e+00  2.260839e+00   
   99   6.672765e+00  2.917259e+00   
   100   4.173646e+00  2.373222e+00   
   101   6.191908e+00  2.423668e+00   
   102   4.284965e+00  2.265253e+00   
   103   5.158375e+00  2.064550e+00   
   104   4.961634e+00  2.066539e+00   
   105   5.355116e+00  2.062560e+00   
   106   4.772008e+00  2.073741e+00   
   107   6.070168e+00  2.268501e+00   
   108   6.552978e+00  2.636461e+00   
   109   6.915254e+00  3.120148e+00   
   110   4.582381e+00  2.080944e+00   
   111   5.553747e+00  2.046281e+00   
   112   6.870281e+00  2.942476e+00   
   113   4.382910e+00  2.091594e+00   
   114   3.960800e+00  2.318182e+00   
   115   5.752378e+00  2.030003e+00   
   116   6.790163e+00  2.746339e+00   
   117   4.072120e+00  2.210213e+00   
   118   6.433191e+00  2.355663e+00   
   119   5.058088e+00  1.891729e+00   
   120   5.254829e+00  1.889739e+00   
   121   4.859500e+00  1.894986e+00   
   122   4.183439e+00  2.102244e+00   
   123   5.971044e+00  2.037665e+00   
   124   5.454070e+00  1.888973e+00   
   125   4.669873e+00  1.902188e+00   
   126   6.311450e+00  2.200495e+00   
   127   6.670376e+00  2.465540e+00   
   128   4.474179e+00  1.913909e+00   
   129   5.652701e+00  1.872694e+00   
   130   7.067797e+00  2.967693e+00   
   131   6.189710e+00  2.045328e+00   
   132   6.987679e+00  2.771555e+00   
   133   4.274708e+00  1.924559e+00   
   134   5.869350e+00  1.869507e+00   
   135   6.610478e+00  2.291166e+00   
   136   3.924715e+00  2.090909e+00   
   137   6.907562e+00  2.575418e+00   
   138   6.507844e+00  2.182407e+00   
   139   5.154542e+00  1.716919e+00   
   140   4.955954e+00  1.720176e+00   
   141   5.353783e+00  1.716152e+00   
   142   4.036034e+00  1.982940e+00   
   143   4.757365e+00  1.723433e+00   
   144   5.553024e+00  1.715386e+00   
   145   6.088016e+00  1.877169e+00   
   146   4.561671e+00  1.735153e+00   
   147   6.386104e+00  2.027240e+00   
   148   6.847664e+00  2.401044e+00   
   149   7.185881e+00  2.824756e+00   
   150   5.769673e+00  1.712198e+00   
   151   4.365977e+00  1.746873e+00   
   152   7.105764e+00  2.628618e+00   
   153   4.127303e+00  1.805255e+00   
   154   6.787765e+00  2.226670e+00   
   155   6.287073e+00  1.858576e+00   
   156   6.685131e+00  2.117911e+00   
   157   5.986322e+00  1.709011e+00   
   158   5.056636e+00  1.548971e+00   
   159   5.255782e+00  1.545314e+00   
   160   6.582497e+00  2.009152e+00   
   161   4.858047e+00  1.552228e+00   
   162   7.043725e+00  2.439410e+00   
   163   3.888629e+00  1.863636e+00   
   164   5.455022e+00  1.544548e+00   
   165   4.661781e+00  1.566596e+00   
   166   5.642476e+00  1.539920e+00   
   167   4.466087e+00  1.578316e+00   
   168   4.273811e+00  1.614911e+00   
   169   6.185379e+00  1.690417e+00   
   170   6.983827e+00  2.265036e+00   
   171   7.303965e+00  2.681818e+00   
   172   6.483467e+00  1.840488e+00   
   173   5.859125e+00  1.536732e+00   
   174   4.035137e+00  1.673292e+00   
   175   6.884981e+00  2.092066e+00   
   176   7.241927e+00  2.492610e+00   
   177   6.782347e+00  1.983307e+00   
   178   5.157875e+00  1.377366e+00   
   179   4.958729e+00  1.381023e+00   
   180   4.762463e+00  1.395391e+00   
   181   5.357021e+00  1.373709e+00   
   182   6.384436e+00  1.671824e+00   
   183   6.069990e+00  1.527437e+00   
   184   4.566197e+00  1.409759e+00   
   185   6.664969e+00  1.831801e+00   
   186   7.179889e+00  2.303402e+00   
   187   5.544474e+00  1.369081e+00   
   188   4.373921e+00  1.446354e+00   
   189   4.181645e+00  1.482948e+00   
   190   7.081042e+00  2.130432e+00   
   191   5.731928e+00  1.364453e+00   
   192   3.859899e+00  1.590909e+00   
   193   6.269047e+00  1.508844e+00   
   194   6.565938e+00  1.663138e+00   
   195   7.428934e+00  2.500000e+00   
   196   6.982196e+00  1.957463e+00   
   197   5.942793e+00  1.355158e+00   
   198   4.858268e+00  1.223494e+00   
   199   5.057629e+00  1.208132e+00   
   200   6.864818e+00  1.805957e+00   
   201   5.256775e+00  1.204475e+00   
   202   7.366895e+00  2.310792e+00   
   203   4.662002e+00  1.237863e+00   
   204   5.443052e+00  1.196825e+00   
   205   4.006406e+00  1.400565e+00   
   206   6.466915e+00  1.489961e+00   
   207   6.153658e+00  1.345863e+00   
   208   7.280231e+00  2.134027e+00   
   209   6.747440e+00  1.654451e+00   
   210   4.411224e+00  1.243025e+00   
   211   5.630506e+00  1.192197e+00   
   212   4.218948e+00  1.279620e+00   
   213   7.181385e+00  1.961057e+00   
   214   5.830082e+00  1.190315e+00   
   215   7.056404e+00  1.811109e+00   
   216   6.351526e+00  1.326980e+00   
   217   6.648418e+00  1.481274e+00   
   218   7.553902e+00  2.318182e+00   
   219   4.957168e+00  1.050604e+00   
   220   6.939026e+00  1.659603e+00   
   221   4.757806e+00  1.065966e+00   
   222   6.040947e+00  1.181020e+00   
   223   5.156529e+00  1.035241e+00   
   224   5.342806e+00  1.027591e+00   
   225   3.831168e+00  1.318182e+00   
   226   7.467238e+00  2.141417e+00   
   227   4.507029e+00  1.071129e+00   
   228   5.529084e+00  1.019941e+00   
   229   4.043710e+00  1.197237e+00   
   230   7.380574e+00  1.964652e+00   
   231   5.728660e+00  1.018058e+00   
   232   6.240140e+00  1.166896e+00   
   233   6.549395e+00  1.308097e+00   
   234   6.847889e+00  1.483885e+00   
   235   7.255592e+00  1.814704e+00   
   236   4.256252e+00  1.076292e+00   
   237   7.130611e+00  1.664756e+00   
   238   5.928237e+00  1.016176e+00   
   239   4.844332e+00  8.857045e-01   
   240   5.043693e+00  8.703419e-01   
   241   6.438008e+00  1.148013e+00   
   242   6.748867e+00  1.310708e+00   
   243   7.654929e+00  2.136364e+00   
   244   4.644826e+00  8.990614e-01   
   245   5.242320e+00  8.547873e-01   
   246   7.039475e+00  1.489037e+00   
   247   6.127429e+00  1.002052e+00   
   248   5.428598e+00  8.471373e-01   
   249   7.568265e+00  1.959599e+00   
   250   4.394049e+00  9.042241e-01   
   251   5.628494e+00  8.468746e-01   
   252   3.816218e+00  1.090909e+00   
   253   7.450130e+00  1.798576e+00   
   254   7.325148e+00  1.648628e+00   
   255   6.633026e+00  1.149535e+00   
   256   4.028760e+00  9.699641e-01   
   257   5.828070e+00  8.449922e-01   
   258   6.326622e+00  9.879283e-01   
   259   6.948338e+00  1.313318e+00   
   260   4.196239e+00  8.750541e-01   
   261   7.213570e+00  1.484079e+00   
   262   6.026597e+00  8.296863e-01   
   263   4.930857e+00  7.054427e-01   
   264   4.731351e+00  7.187996e-01   
   265   5.129484e+00  6.898882e-01   
   266   6.521639e+00  9.894503e-01   
   267   6.832497e+00  1.152145e+00   
   268   4.531845e+00  7.321565e-01   
   269   7.755956e+00  1.954545e+00   
   270   5.328112e+00  6.743336e-01   
   271   7.637821e+00  1.793523e+00   
   272   7.122433e+00  1.308360e+00   
   273   5.528008e+00  6.740710e-01   
   274   7.519685e+00  1.632501e+00   
   275   6.225790e+00  8.155624e-01   
   276   5.727904e+00  6.738083e-01   
   277   4.334035e+00  7.029865e-01   
   278   6.716656e+00  9.909724e-01   
   279   7.408107e+00  1.467952e+00   
   280   3.801268e+00  8.636364e-01   
   281   5.926431e+00  6.585024e-01   
   282   7.030455e+00  1.137704e+00   
   283   3.968747e+00  7.687264e-01   
   284   6.425482e+00  8.154895e-01   
   285   7.296529e+00  1.303402e+00   
   286   4.136225e+00  6.738164e-01   
   287   4.819685e+00  5.394171e-01   
   288   5.019096e+00  5.268129e-01   
   289   4.620179e+00  5.527740e-01   
   290   5.217723e+00  5.112584e-01   
   291   6.124957e+00  6.431965e-01   
   292   5.417361e+00  5.077307e-01   
   293   7.836445e+00  1.772727e+00   
   294   6.914614e+00  9.765315e-01   
   295   6.620499e+00  8.170115e-01   
   296   4.420366e+00  5.554860e-01   
   297   7.718310e+00  1.611705e+00   
   298   5.617257e+00  5.074680e-01   
   299   7.607518e+00  1.477119e+00   
   300   7.204550e+00  1.132746e+00   
   301   6.324650e+00  6.431236e-01   
   302   5.816683e+00  4.955796e-01   
   303   7.495940e+00  1.312569e+00   
   304   4.222556e+00  5.263160e-01   
   305   6.803033e+00  8.110059e-01   
   306   7.112572e+00  9.620906e-01   
   307   6.015209e+00  4.802737e-01   
   308   6.524343e+00  6.430507e-01   
   309   4.907924e+00  3.607874e-01   
   310   4.708513e+00  3.733916e-01   
   311   5.107335e+00  3.481832e-01   
   312   7.415324e+00  1.149091e+00   
   313   5.306973e+00  3.446554e-01   
   314   3.792071e+00  5.909091e-01   
   315   5.506611e+00  3.411277e-01   
   316   4.508700e+00  3.761035e-01   
   317   6.211647e+00  4.793709e-01   
   318   7.916934e+00  1.590909e+00   
   319   7.806143e+00  1.456323e+00   
   320   3.959550e+00  4.959991e-01   
   321   7.695352e+00  1.321736e+00   
   322   7.000991e+00  7.965650e-01   
   323   6.706877e+00  6.370450e-01   
   324   4.308887e+00  3.788155e-01   
   325   5.706036e+00  3.292393e-01   
   326   7.323346e+00  9.784352e-01   
   327   6.411339e+00  4.792980e-01   
   328   5.905461e+00  3.173509e-01   
   329   7.614736e+00  1.158258e+00   
   330   6.889411e+00  6.310394e-01   
   331   6.101899e+00  3.164481e-01   
   332   4.045881e+00  3.484987e-01   
   333   4.805787e+00  1.889298e-01   
   334   7.214551e+00  7.904830e-01   
   335   5.005199e+00  1.763256e-01   
   336   5.205103e+00  1.740882e-01   
   337   6.609914e+00  4.669365e-01   
   338   4.606768e+00  2.019911e-01   
   339   5.404741e+00  1.705604e-01   
   340   7.534120e+00  9.947798e-01   
   341   6.298336e+00  3.155453e-01   
   342   4.406956e+00  2.047031e-01   
   343   5.603690e+00  1.576668e-01   
   344   7.992198e+00  1.363636e+00   
   345   7.881407e+00  1.229050e+00   
   346   4.207008e+00  2.067580e-01   
   347   7.102971e+00  6.249574e-01   
   348   6.792448e+00  4.609308e-01   
   349   5.803115e+00  1.457784e-01   
   350   3.782875e+00  3.181818e-01   
   351   7.425325e+00  8.068276e-01   
   352   6.496911e+00  3.031838e-01   
   353   6.002884e+00  1.436963e-01   
   354   7.800791e+00  1.065572e+00   
   355   6.991406e+00  4.602129e-01   
   356   5.102967e+00  2.230658e-03   
   357   6.199321e+00  1.427935e-01   
   358   4.903062e+00  4.468123e-03   
   359   5.302871e+00 -6.805587e-06   
   360   3.944002e+00  1.764411e-01   
   361   4.704043e+00  1.752939e-02   
   362   4.505024e+00  3.059065e-02   
   363   6.695485e+00  2.908222e-01   
   364   7.316531e+00  6.188754e-01   
   365   5.501821e+00 -1.290042e-02   
   366   7.625197e+00  8.104952e-01   
   367   4.305077e+00  3.264555e-02   
   368   6.386862e+00  1.364941e-01   
   369   5.700770e+00 -2.579403e-02   
   370   4.105129e+00  3.470046e-02   
   371   5.900538e+00 -2.787621e-02   
   372   8.067463e+00  1.136364e+00   
   373   6.894443e+00  2.901043e-01   
   374   7.204966e+00  4.541309e-01   
   375   7.516403e+00  6.225431e-01   
   376   6.585437e+00  1.241325e-01   
   377   6.100307e+00 -2.995839e-02   
   378   7.891869e+00  8.812872e-01   
   379   4.993678e+00 -1.650795e-01   
   380   5.193583e+00 -1.673170e-01   
   381   4.793962e+00 -1.604982e-01   
   382   3.782182e+00  4.545455e-02   
   383   4.594943e+00 -1.474369e-01   
   384   5.393151e+00 -1.777610e-01   
   385   7.093401e+00  2.893864e-01   
   386   6.287847e+00 -3.625777e-02   
   387   4.395379e+00 -1.365109e-01   
   388   5.592100e+00 -1.906546e-01   
   389   6.794339e+00  1.172593e-01   
   390   7.404163e+00  4.393829e-01   
   391   4.195432e+00 -1.344560e-01   
   392   5.789536e+00 -1.933428e-01   
   393   7.716275e+00  6.262107e-01   
   394   6.475388e+00 -4.255714e-02   
   395   3.943310e+00 -9.628613e-02   
   396   5.989304e+00 -1.954250e-01   
   397   8.116304e+00  9.090909e-01   
   398   6.993297e+00  1.165414e-01   
   399   7.292597e+00  2.746384e-01   
   400   7.604035e+00  4.430505e-01   
   401   5.084294e+00 -3.346272e-01   
   402   6.684290e+00 -4.943038e-02   
   403   6.188262e+00 -2.062155e-01   
   404   4.884577e+00 -3.300458e-01   
   405   5.283862e+00 -3.450712e-01   
   406   4.684861e+00 -3.254645e-01   
   407   4.485298e+00 -3.145384e-01   
   408   7.940710e+00  6.540144e-01   
   409   5.483431e+00 -3.555152e-01   
   410   4.285735e+00 -3.036124e-01   
   411   6.375803e+00 -2.125149e-01   
   412   5.680867e+00 -3.582034e-01   
   413   7.192896e+00  1.055108e-01   
   414   4.033613e+00 -2.654426e-01   
   415   6.893193e+00 -5.630362e-02   
   416   7.491794e+00  2.598904e-01   
   417   5.878302e+00 -3.608917e-01   
   418   3.781490e+00 -2.272727e-01   
   419   7.803807e+00  4.432292e-01   
   420   6.575037e+00 -2.150994e-01   
   421   6.077260e+00 -3.716822e-01   
   422   8.165145e+00  6.818182e-01   
   423   4.981171e+00 -5.049093e-01   
   424   4.781455e+00 -5.003279e-01   
   425   7.092792e+00 -6.733421e-02   
   426   7.392093e+00  9.076279e-02   
   427   5.180412e+00 -5.160528e-01   
   428   6.276218e+00 -3.824727e-01   
   429   4.581547e+00 -4.966456e-01   
   430   7.691567e+00  2.600691e-01   
   431   6.783939e+00 -2.219726e-01   
   432   5.379981e+00 -5.264968e-01   
   433   4.203529e+00 -4.492075e-01   
   434   4.381984e+00 -4.857195e-01   
   435   5.579791e+00 -5.300483e-01   
   436   8.028242e+00  4.710330e-01   
   437   3.951406e+00 -4.110377e-01   
   438   5.777226e+00 -5.327366e-01   
   439   6.475452e+00 -3.850572e-01   
   440   7.292391e+00 -7.836480e-02   
   441   5.968401e+00 -5.392378e-01   
   442   6.983160e+00 -2.344935e-01   
   443   7.593863e+00  5.887672e-02   
   444   7.891339e+00  2.602478e-01   
   445   6.674685e+00 -3.876417e-01   
   446   6.167359e+00 -5.500283e-01   
   447   8.189207e+00  4.545455e-01   
   448   4.878049e+00 -6.751914e-01   
   449   5.077289e+00 -6.863349e-01   
   450   4.678140e+00 -6.715090e-01   
   451   3.789224e+00 -5.000000e-01   
   452   5.276530e+00 -6.974785e-01   
   453   4.121323e+00 -5.948026e-01   
   454   4.299778e+00 -6.313146e-01   
   455   5.476340e+00 -7.010300e-01   
   456   4.478232e+00 -6.678267e-01   
   457   7.182759e+00 -2.455241e-01   
   458   6.373588e+00 -5.569554e-01   
   459   6.873906e+00 -4.001625e-01   
   460   5.676150e+00 -7.045815e-01   
   461   7.494161e+00 -1.102509e-01   
   462   7.793635e+00  5.905542e-02   
   463   8.052303e+00  2.437603e-01   
   464   5.867325e+00 -7.110827e-01   
   465   6.572822e+00 -5.595399e-01   
   466   6.725770e+00 -5.275790e-01   
   467   6.058500e+00 -7.175840e-01   
   468   7.388966e+00 -2.532424e-01   
   469   7.073127e+00 -4.126833e-01   
   470   3.959141e+00 -6.837649e-01   
   471   4.761783e+00 -8.168384e-01   
   472   4.561875e+00 -8.131561e-01   
   473   4.969405e+00 -8.526032e-01   
   474   6.264729e+00 -7.245111e-01   
   475   5.168646e+00 -8.637468e-01   
   476   8.213268e+00  2.272727e-01   
   477   7.695931e+00 -1.421369e-01   
   478   5.366808e+00 -8.677321e-01   
   479   6.924990e+00 -5.400998e-01   
   480   5.566618e+00 -8.712836e-01   
   481   4.181483e+00 -8.163350e-01   
   482   7.279334e+00 -4.204017e-01   
   483   4.359937e+00 -8.528471e-01   
   484   6.470958e+00 -7.314382e-01   
   485   5.765851e+00 -8.809371e-01   
   486   6.623906e+00 -6.994772e-01   
   487   7.590737e+00 -2.851285e-01   
   488   6.776854e+00 -6.675162e-01   
   489   5.957026e+00 -8.874384e-01   
   490   3.796959e+00 -7.727273e-01   
   491   8.049475e+00 -2.896702e-02   
   492   4.645517e+00 -9.584855e-01   
   493   6.156454e+00 -8.913421e-01   
   494   7.114210e+00 -5.888350e-01   
   495   4.853140e+00 -9.942503e-01   
   496   7.485542e+00 -4.281201e-01   
   497   5.060762e+00 -1.030015e+00   
   498   4.019301e+00 -9.052974e-01   
   499   5.258924e+00 -1.034000e+00   
   500   4.443580e+00 -9.981765e-01   
   501   5.457086e+00 -1.037986e+00   
   502   6.362683e+00 -8.982692e-01   
   503   6.966074e+00 -7.162514e-01   
   504   7.751421e+00 -3.452150e-01   
   505   5.656319e+00 -1.047639e+00   
   506   8.210440e+00 -4.545455e-02   
   507   7.951772e+00 -2.301594e-01   
   508   7.320418e+00 -5.965533e-01   
   509   5.855552e+00 -1.057293e+00   
   510   6.562109e+00 -9.091473e-01   
   511   4.241643e+00 -1.037868e+00   
   512   6.715057e+00 -8.771863e-01   
   513   7.646226e+00 -4.882066e-01   
   514   6.054980e+00 -1.061196e+00   
   515   7.518940e+00 -5.787023e-01   
   516   3.810479e+00 -1.000000e+00   
   517   7.155294e+00 -7.649866e-01   
   518   6.254408e+00 -1.065100e+00   
   519   4.607209e+00 -1.170006e+00   
   520   6.890884e+00 -8.986401e-01   
   521   5.156360e+00 -1.205178e+00   
   522   5.354523e+00 -1.209163e+00   
   523   4.814831e+00 -1.205771e+00   
   524   5.548320e+00 -1.215815e+00   
   525   7.353816e+00 -7.471356e-01   
   526   6.453834e+00 -1.075978e+00   
   527   4.032821e+00 -1.132570e+00   
   528   4.405272e+00 -1.209697e+00   
   529   5.747553e+00 -1.225468e+00   
   530   7.806911e+00 -5.482931e-01   
   531   8.007261e+00 -4.332374e-01   
   532   7.679625e+00 -6.387888e-01   
   533   5.951876e+00 -1.232417e+00   
   534   4.998069e+00 -1.294964e+00   
   535   8.207612e+00 -3.181818e-01   
   536   6.653260e+00 -1.086856e+00   
   537   7.552339e+00 -7.292846e-01   
   538   7.080104e+00 -9.473753e-01   
   539   6.151304e+00 -1.236320e+00   
   540   6.324672e+00 -1.226903e+00   
   541   7.267883e+00 -9.269834e-01   
   542   5.251959e+00 -1.380341e+00   
   543   6.829087e+00 -1.108310e+00   
   544   3.823999e+00 -1.227273e+00   
   545   5.445756e+00 -1.386992e+00   
   546   4.241151e+00 -1.323796e+00   
   547   4.568901e+00 -1.381527e+00   
   548   5.639554e+00 -1.393643e+00   
   549   6.524098e+00 -1.237781e+00   
   550   7.466405e+00 -9.091323e-01   
   551   7.781502e+00 -7.522910e-01   
   552   5.843877e+00 -1.400592e+00   
   553   7.654216e+00 -8.427867e-01   
   554   7.004914e+00 -1.129764e+00   
   555   7.978139e+00 -6.605102e-01   
   556   5.093667e+00 -1.470127e+00   
   557   8.178489e+00 -5.454545e-01   
   558   6.048201e+00 -1.407540e+00   
   559   4.752138e+00 -1.470720e+00   
   560   6.752102e+00 -1.242697e+00   
   561   6.221569e+00 -1.398123e+00   
   562   7.192693e+00 -1.109372e+00   
   563   4.032329e+00 -1.418498e+00   
   564   6.394936e+00 -1.388705e+00   
   565   4.404780e+00 -1.495625e+00   
   566   5.269312e+00 -1.556097e+00   
   567   6.927929e+00 -1.264151e+00   
   568   7.380472e+00 -1.088980e+00   
   569   4.935376e+00 -1.559913e+00   
   570   5.463109e+00 -1.562748e+00   
   571   7.568283e+00 -1.022634e+00   
   572   6.622941e+00 -1.393622e+00   
   573   5.741510e+00 -1.570606e+00   
   574   7.756094e+00 -9.562889e-01   
   575   4.585257e+00 -1.580742e+00   
   576   7.952731e+00 -8.645081e-01   
   577   7.147853e+00 -1.253235e+00   
   578   5.945833e+00 -1.577555e+00   
   579   5.111021e+00 -1.645883e+00   
   580   8.149367e+00 -7.727273e-01   
   581   3.850576e+00 -1.500000e+00   
   582   6.850945e+00 -1.398538e+00   
   583   6.144279e+00 -1.575782e+00   
   584   7.335632e+00 -1.232843e+00   
   585   4.240658e+00 -1.609724e+00   
   586   4.768495e+00 -1.669935e+00   
   587   6.317647e+00 -1.566364e+00   
   588   6.515118e+00 -1.546631e+00   
   589   7.070869e+00 -1.387622e+00   
   590   5.286665e+00 -1.731853e+00   
   591   4.421136e+00 -1.694840e+00   
   592   7.533665e+00 -1.216286e+00   
   593   5.565065e+00 -1.739711e+00   
   594   4.946821e+00 -1.759471e+00   
   595   7.721476e+00 -1.149940e+00   
   596   6.743122e+00 -1.551547e+00   
   597   5.843466e+00 -1.747569e+00   
   598   4.058906e+00 -1.691226e+00   
   599   7.290793e+00 -1.376706e+00   
   600   7.898716e+00 -1.091781e+00   
   601   4.601613e+00 -1.779957e+00   
   602   8.095353e+00 -1.000000e+00   
   603   6.041912e+00 -1.745796e+00   
   604   5.122465e+00 -1.845441e+00   
   605   6.240358e+00 -1.744023e+00   
   606   6.988705e+00 -1.551588e+00   
   607   7.488825e+00 -1.360148e+00   
   608   6.437829e+00 -1.724290e+00   
   609   4.258771e+00 -1.808442e+00   
   610   4.779939e+00 -1.869493e+00   
   611   6.635299e+00 -1.704556e+00   
   612   3.877153e+00 -1.772727e+00   
   613   7.208629e+00 -1.540672e+00   
   614   7.686858e+00 -1.343591e+00   
   615   5.465936e+00 -1.913306e+00   
   616   5.264738e+00 -1.932070e+00   
   617   4.439248e+00 -1.893558e+00   
   618   5.954712e+00 -1.883972e+00   
   619   7.864098e+00 -1.285432e+00   
   620   5.744337e+00 -1.921164e+00   
   621   4.958266e+00 -1.959029e+00   
   622   6.880883e+00 -1.704598e+00   
   623   6.153158e+00 -1.882199e+00   
   624   8.041339e+00 -1.227273e+00   
   625   4.077018e+00 -1.889944e+00   
   626   7.407787e+00 -1.537340e+00   
   627   4.612366e+00 -1.977826e+00   
   628   6.356316e+00 -1.906503e+00   
   629   7.126466e+00 -1.704639e+00   
   630   5.100538e+00 -2.045658e+00   
   631   7.605820e+00 -1.520783e+00   
   632   6.553787e+00 -1.886770e+00   
   633   4.276883e+00 -2.007160e+00   
   634   4.790692e+00 -2.067362e+00   
   635   6.065958e+00 -2.020375e+00   
   636   5.855583e+00 -2.057566e+00   
   637   6.786082e+00 -1.880471e+00   
   638   7.325624e+00 -1.701306e+00   
   639   5.645208e+00 -2.094758e+00   
   640   7.784107e+00 -1.512430e+00   
   641   5.444010e+00 -2.113523e+00   
   642   3.910647e+00 -2.000000e+00   
   643   4.450001e+00 -2.091427e+00   
   644   5.242811e+00 -2.132288e+00   
   645   7.961347e+00 -1.454271e+00   
   646   6.269116e+00 -2.044679e+00   
   647   4.971201e+00 -2.153070e+00   
   648   7.031665e+00 -1.880512e+00   
   649   7.524781e+00 -1.697974e+00   
   650   4.623119e+00 -2.175695e+00   
   651   4.110512e+00 -2.117216e+00   
   652   6.472274e+00 -2.068983e+00   
   653   7.231354e+00 -1.873971e+00   
   654   5.113473e+00 -2.239699e+00   
   655   7.703069e+00 -1.689622e+00   
   656   6.704569e+00 -2.062684e+00   
   657   4.287200e+00 -2.206372e+00   
   658   4.803627e+00 -2.261403e+00   
   659   7.430512e+00 -1.870638e+00   
   660   6.097220e+00 -2.233457e+00   
   661   7.881356e+00 -1.681269e+00   
   662   5.886845e+00 -2.270649e+00   
   663   6.936864e+00 -2.056386e+00   
   664   5.492495e+00 -2.311723e+00   
   665   4.460317e+00 -2.290639e+00   
   666   5.291297e+00 -2.330487e+00   
   667   3.944141e+00 -2.227273e+00   
   668   4.984135e+00 -2.347111e+00   
   669   6.300379e+00 -2.257761e+00   
   670   7.136553e+00 -2.049844e+00   
   671   7.617052e+00 -1.871714e+00   
   672   4.638799e+00 -2.374367e+00   
   673   4.120828e+00 -2.316428e+00   
   674   7.336243e+00 -2.043303e+00   
   675   6.547753e+00 -2.276946e+00   
   676   5.161959e+00 -2.437899e+00   
   677   7.795340e+00 -1.863362e+00   
   678   5.702498e+00 -2.433208e+00   
   679   4.297516e+00 -2.405584e+00   
   680   4.819308e+00 -2.460075e+00   
   681   6.780048e+00 -2.270647e+00   
   682   7.019198e+00 -2.211343e+00   
   683   7.522783e+00 -2.044379e+00   
   684   5.008267e+00 -2.514961e+00   
   685   6.128483e+00 -2.446539e+00   
   686   4.475998e+00 -2.489311e+00   
   687   5.339782e+00 -2.528687e+00   
   688   7.218888e+00 -2.204801e+00   
   689   3.992812e+00 -2.454545e+00   
   690   7.709324e+00 -2.045455e+00   
   691   6.375857e+00 -2.465724e+00   
   692   4.654480e+00 -2.573039e+00   
   693   5.186091e+00 -2.605749e+00   
   694   4.169500e+00 -2.543701e+00   
   695   7.416267e+00 -2.226197e+00   
   696   4.843439e+00 -2.627925e+00   
   697   4.316184e+00 -2.594308e+00   
   698   6.623232e+00 -2.484908e+00   
   699   6.862382e+00 -2.425604e+00   
   700   5.944135e+00 -2.609099e+00   
   701   5.549785e+00 -2.650173e+00   
   702   7.101532e+00 -2.366300e+00   
   703   5.032399e+00 -2.682811e+00   
   704   7.602807e+00 -2.227273e+00   
   705   4.494666e+00 -2.678036e+00   
   706   6.182934e+00 -2.638627e+00   
   707   5.320744e+00 -2.731398e+00   
   708   7.298911e+00 -2.387695e+00   
   709   4.041484e+00 -2.681818e+00   
   710   6.430309e+00 -2.657811e+00   
   711   6.771994e+00 -2.597813e+00   
   712   4.188168e+00 -2.732426e+00   
   713   5.759788e+00 -2.771659e+00   
   714   7.011144e+00 -2.538509e+00   
   715   5.167053e+00 -2.808460e+00   
   716   4.768186e+00 -2.802074e+00   
   717   4.334853e+00 -2.783033e+00   
   718   7.496291e+00 -2.409091e+00   
   719   5.998587e+00 -2.801187e+00   
   720   4.957146e+00 -2.856960e+00   
   721   7.186359e+00 -2.545801e+00   
   722   5.530747e+00 -2.852884e+00   
   723   4.573172e+00 -2.845699e+00   
   724   6.618077e+00 -2.708267e+00   
   725   6.237385e+00 -2.830715e+00   
   726   5.301706e+00 -2.934109e+00   
   727   7.383738e+00 -2.567196e+00   
   728   6.920757e+00 -2.710718e+00   
   729   5.091799e+00 -2.982609e+00   
   730   4.115202e+00 -2.909091e+00   
   731   4.413359e+00 -2.950696e+00   
   732   7.095971e+00 -2.718010e+00   
   733   6.425154e+00 -2.881170e+00   
   734   6.766839e+00 -2.821172e+00   
   735   4.261886e+00 -2.959698e+00   
   736   5.660307e+00 -3.012256e+00   
   737   4.881893e+00 -3.031108e+00   
   738   7.271186e+00 -2.725302e+00   
   739   5.896828e+00 -3.023090e+00   
   740   6.612922e+00 -2.931625e+00   
   741   4.686879e+00 -3.074734e+00   
   742   5.431266e+00 -3.093481e+00   
   743   6.306800e+00 -3.012330e+00   
   744   6.957833e+00 -2.878086e+00   
   745   6.135627e+00 -3.052619e+00   
   746   5.226800e+00 -3.130115e+00   
   747   4.491864e+00 -3.118360e+00   
   748   7.133048e+00 -2.885378e+00   
   749   4.340392e+00 -3.127362e+00   
   750   5.016894e+00 -3.178615e+00   
   751   6.803916e+00 -2.988540e+00   
   752   6.494569e+00 -3.062786e+00   
   753   4.188920e+00 -3.136364e+00   
   754   4.821217e+00 -3.243411e+00   
   755   5.560826e+00 -3.252853e+00   
   756   6.661518e+00 -3.124903e+00   
   757   6.994910e+00 -3.045455e+00   
   758   5.356360e+00 -3.289487e+00   
   759   5.797347e+00 -3.263687e+00   
   760   6.376215e+00 -3.193946e+00   
   761   4.626203e+00 -3.287037e+00   
   762   6.205042e+00 -3.234234e+00   
   763   5.151895e+00 -3.326121e+00   
   764   6.033869e+00 -3.274522e+00   
   765   4.434224e+00 -3.309180e+00   
   766   4.282751e+00 -3.318182e+00   
   767   6.852512e+00 -3.181818e+00   
   768   6.543164e+00 -3.256064e+00   
   769   4.956218e+00 -3.390917e+00   
   770   5.492633e+00 -3.432045e+00   
   771   5.627040e+00 -3.426160e+00   
   772   4.760542e+00 -3.455714e+00   
   773   5.288168e+00 -3.468679e+00   
   774   5.863562e+00 -3.436995e+00   
   775   6.710114e+00 -3.318182e+00   
   776   6.366750e+00 -3.392428e+00   
   777   4.568562e+00 -3.477857e+00   
   778   6.195576e+00 -3.432716e+00   
   779   4.376583e+00 -3.500000e+00   
   780   6.042358e+00 -3.523692e+00   
   781   6.533699e+00 -3.454545e+00   
   782   5.424441e+00 -3.611237e+00   
   783   5.558848e+00 -3.605352e+00   
   784   5.693255e+00 -3.599467e+00   
   785   4.693830e+00 -3.619505e+00   
   786   5.092897e+00 -3.650759e+00   
   787   4.501851e+00 -3.641648e+00   
   788   6.357284e+00 -3.590909e+00   
   789   4.897220e+00 -3.715555e+00   
   790   5.872051e+00 -3.686165e+00   
   791   6.204066e+00 -3.681885e+00   
   792   5.497581e+00 -3.782891e+00   
   793   5.631988e+00 -3.777006e+00   
   794   5.229170e+00 -3.793317e+00   
   795   4.627119e+00 -3.783296e+00   
   796   6.050847e+00 -3.772862e+00   
   797   4.830508e+00 -3.879346e+00   
   798   5.810784e+00 -3.863704e+00   
   799   5.570721e+00 -3.954545e+00   
   800   5.302310e+00 -3.964971e+00   
   801   5.033898e+00 -3.975397e+00   
  END_COORDINATES
  BOUNDARIES, ELEMENT
    1         796     788     791         1     
    2         738     718     727         2     
    3         171     130     149         3     
    4         779     795     787         4     
    5         90     55     71         7     
    6         775     757     767         10     
    7         795     801     797         11     
    8         788     775     781         15     
    9         757     738     748         23     
    10         799     796     798         26     
    11         801     799     800         29     
    12         318     269     293         30     
    13         130     90     109         31     
    14         218     171     195         39     
    15         269     218     243         42     
    16         372     318     344         72     
    17         55     30     42         90     
    18         30     12     20         92     
    19         753     779     766         107     
    20         709     753     730         110     
    21         667     709     689         113     
    22         612     667     642         140     
    23         544     612     581         154     
    24         718     690     704         163     
    25         690     661     677         165     
    26         661     624     645         168     
    27         624     580     602         171     
    28         12     1     5         248     
    29         1     10     3         250     
    30         10     26     18         251     
    31         225     280     252         292     
    32         280     350     314         296     
    33         114     163     136         312     
    34         418     490     451         327     
    35         580     535     557         347     
    36         26     43     34         354     
    37         350     418     382         360     
    38         75     114     94         364     
    39         422     372     397         365     
    40         476     422     447         366     
    41         535     476     506         367     
    42         163     225     192         369     
    43         490     544     516         370     
    44         43     75     56         371     
  END_BOUNDARIES
  MATERIALS, NUMBER= 1, DEFAULT=1
  END_MATERIALS
  SUBDOMAINS
  END_SUBDOMAINS
  CHARACTERISTICS
  END_CHARACTERISTICS
