  NODES_PER_ELEMENT
   1 4
   2 4
   3 4
   4 4
   5 4
   6 4
   7 4
   8 4
   9 4
   10 4
   11 4
   12 4
   13 4
   14 4
   15 4
   16 4
   17 4
   18 4
   19 4
   20 4
   21 4
   22 4
   23 4
   24 4
   25 4
   26 4
   27 4
   28 4
   29 4
   30 4
   31 4
   32 4
   33 4
   34 4
   35 4
   36 4
   37 4
   38 4
   39 4
   40 4
   41 4
   42 4
   43 4
   44 4
   45 4
   46 4
   47 4
   48 4
   49 4
   50 4
   51 4
   52 4
   53 4
   54 4
   55 4
   56 4
   57 4
   58 4
   59 4
   60 4
   61 4
   62 4
   63 4
   64 4
   65 4
   66 4
   67 4
   68 4
   69 4
   70 4
   71 4
   72 4
   73 4
   74 4
   75 4
   76 4
   77 4
   78 4
   79 4
   80 4
   81 4
   82 4
   83 4
   84 4
   85 4
   86 4
   87 4
   88 4
   89 4
   90 4
   91 4
   92 4
   93 4
   94 4
   95 4
   96 4
   97 4
   98 4
   99 4
   100 4
   101 4
   102 4
   103 4
   104 4
   105 4
   106 4
   107 4
   108 4
   109 4
   110 4
   111 4
   112 4
   113 4
   114 4
   115 4
   116 4
   117 4
   118 4
   119 4
   120 4
   121 4
   122 4
   123 4
   124 4
   125 4
   126 4
   127 4
   128 4
   129 4
   130 4
   131 4
   132 4
   133 4
   134 4
   135 4
   136 4
   137 4
   138 4
   139 4
   140 4
   141 4
   142 4
   143 4
   144 4
   145 4
   146 4
   147 4
   148 4
   149 4
   150 4
   151 4
   152 4
   153 4
   154 4
   155 4
   156 4
   157 4
   158 4
   159 4
   160 4
   161 4
   162 4
   163 4
   164 4
   165 4
   166 4
   167 4
   168 4
   169 4
   170 4
   171 4
   172 4
   173 4
   174 4
   175 4
   176 4
   177 4
   178 4
   179 4
   180 4
   181 4
   182 4
   183 4
   184 4
   185 4
   186 4
   187 4
   188 4
   189 4
   190 4
   191 4
   192 4
   193 4
   194 4
   195 4
   196 4
   197 4
   198 4
   199 4
   200 4
   201 4
   202 4
   203 4
   204 4
   205 4
   206 4
   207 4
   208 4
   209 4
   210 4
   211 4
   212 4
   213 4
   214 4
   215 4
   216 4
   217 4
   218 4
   219 4
   220 4
   221 4
   222 4
   223 4
   224 4
   225 4
   226 4
   227 4
   228 4
   229 4
   230 4
   231 4
   232 4
   233 4
   234 4
   235 4
   236 4
   237 4
   238 4
   239 4
   240 4
   241 4
   242 4
   243 4
   244 4
   245 4
   246 4
   247 4
   248 4
   249 4
   250 4
   251 4
   252 4
   253 4
   254 4
   255 4
   256 4
   257 4
   258 4
   259 4
   260 4
   261 4
   262 4
   263 4
   264 4
   265 4
   266 4
   267 4
   268 4
   269 4
   270 4
   271 4
   272 4
   273 4
   274 4
   275 4
   276 4
   277 4
   278 4
   279 4
   280 4
   281 4
   282 4
   283 4
   284 4
   285 4
   286 4
   287 4
   288 4
   289 4
   290 4
   291 4
   292 4
   293 4
   294 4
   295 4
   296 4
   297 4
   298 4
   299 4
   300 4
   301 4
   302 4
   303 4
   304 4
   305 4
   306 4
   307 4
   308 4
   309 4
   310 4
   311 4
   312 4
   313 4
   314 4
   315 4
   316 4
   317 4
   318 4
   319 4
   320 4
   321 4
   322 4
   323 4
   324 4
   325 4
   326 4
   327 4
   328 4
   329 4
   330 4
   331 4
   332 4
   333 4
   334 4
   335 4
   336 4
   337 4
   338 4
   339 4
   340 4
   341 4
   342 4
   343 4
   344 4
   345 4
   346 4
   347 4
   348 4
   349 4
   350 4
   351 4
   352 4
   353 4
   354 4
   355 4
   356 4
   357 4
   358 4
   359 4
   360 4
   361 4
   362 4
   363 4
   364 4
   365 4
   366 4
   367 4
   368 4
   369 4
   370 4
   371 4
   372 4
   373 4
   374 4
   375 4
   376 4
   377 4
   378 4
   379 4
   380 4
   381 4
   382 4
   383 4
   384 4
   385 4
   386 4
   387 4
   388 4
   389 4
   390 4
   391 4
   392 4
   393 4
   394 4
   395 4
   396 4
   397 4
   398 4
   399 4
   400 4
   401 4
   402 4
   403 4
   404 4
   405 4
   406 4
   407 4
   408 4
   409 4
   410 4
   411 4
   412 4
   413 4
   414 4
   415 4
   416 4
   417 4
   418 4
   419 4
   420 4
   421 4
   422 4
   423 4
   424 4
   425 4
   426 4
   427 4
   428 4
   429 4
   430 4
   431 4
   432 4
   433 4
   434 4
   435 4
   436 4
   437 4
   438 4
   439 4
   440 4
   441 4
   442 4
   443 4
   444 4
   445 4
   446 4
   447 4
   448 4
   449 4
   450 4
   451 4
   452 4
   453 4
   454 4
   455 4
   456 4
   457 4
   458 4
   459 4
   460 4
   461 4
   462 4
   463 4
   464 4
   465 4
   466 4
   467 4
   468 4
   469 4
   470 4
   471 4
   472 4
   473 4
   474 4
   475 4
   476 4
   477 4
   478 4
   479 4
   480 4
   481 4
   482 4
   483 4
   484 4
   485 4
   486 4
   487 4
   488 4
   489 4
   490 4
   491 4
   492 4
   493 4
   494 4
   495 4
   496 4
   497 4
   498 4
   499 4
   500 4
   501 4
   502 4
   503 4
   504 4
   505 4
   506 4
   507 4
   508 4
   509 4
   510 4
   511 4
   512 4
   513 4
   514 4
   515 4
   516 4
   517 4
   518 4
   519 4
   520 4
   521 4
   522 4
   523 4
   524 4
   525 4
   526 4
   527 4
   528 4
   529 4
   530 4
   531 4
   532 4
   533 4
   534 4
   535 4
   536 4
   537 4
   538 4
   539 4
   540 4
   541 4
   542 4
   543 4
   544 4
   545 4
   546 4
   547 4
   548 4
   549 4
   550 4
   551 4
   552 4
   553 4
   554 4
   555 4
   556 4
   557 4
   558 4
   559 4
   560 4
   561 4
   562 4
   563 4
   564 4
   565 4
   566 4
   567 4
   568 4
   569 4
   570 4
   571 4
   572 4
   573 4
   574 4
   575 4
   576 4
   577 4
   578 4
   579 4
   580 4
   581 4
   582 4
   583 4
   584 4
   585 4
   586 4
   587 4
   588 4
   589 4
   590 4
   591 4
   592 4
   593 4
   594 4
   595 4
   596 4
   597 4
   598 4
   599 4
   600 4
   601 4
   602 4
   603 4
   604 4
   605 4
   606 4
   607 4
   608 4
   609 4
   610 4
   611 4
   612 4
   613 4
   614 4
   615 4
   616 4
   617 4
   618 4
   619 4
   620 4
   621 4
   622 4
   623 4
   624 4
   625 4
   626 4
   627 4
   628 4
   629 4
   630 4
   631 4
   632 4
   633 4
   634 4
   635 4
   636 4
   637 4
   638 4
   639 4
   640 4
   641 4
   642 4
   643 4
   644 4
   645 4
   646 4
   647 4
   648 4
   649 4
   650 4
   651 4
   652 4
   653 4
   654 4
   655 4
   656 4
   657 4
   658 4
   659 4
   660 4
   661 4
   662 4
   663 4
   664 4
   665 4
   666 4
   667 4
   668 4
   669 4
   670 4
   671 4
   672 4
   673 4
   674 4
   675 4
   676 4
   677 4
   678 4
   679 4
   680 4
   681 4
   682 4
   683 4
   684 4
   685 4
   686 4
   687 4
   688 4
   689 4
   690 4
   691 4
   692 4
   693 4
   694 4
   695 4
   696 4
   697 4
   698 4
   699 4
   700 4
   701 4
   702 4
   703 4
   704 4
   705 4
   706 4
   707 4
   708 4
   709 4
   710 4
   711 4
   712 4
   713 4
   714 4
   715 4
   716 4
   717 4
   718 4
   719 4
   720 4
   721 4
   722 4
   723 4
   724 4
   725 4
   726 4
   727 4
   728 4
   729 4
   730 4
   731 4
   732 4
   733 4
   734 4
   735 4
   736 4
   737 4
   738 4
   739 4
   740 4
   741 4
   742 4
   743 4
   744 4
   745 4
   746 4
   747 4
   748 4
   749 4
   750 4
   751 4
   752 4
   753 4
   754 4
   755 4
   756 4
   757 4
   758 4
   759 4
   760 4
   761 4
   762 4
   763 4
   764 4
   765 4
   766 4
   767 4
   768 4
   769 4
   770 4
   771 4
   772 4
   773 4
   774 4
   775 4
   776 4
   777 4
   778 4
   779 4
   780 4
   781 4
   782 4
   783 4
   784 4
   785 4
   786 4
   787 4
   788 4
   789 4
   790 4
   791 4
   792 4
   793 4
   794 4
   795 4
   796 4
   797 4
   798 4
   799 4
   800 4
   801 4
   802 4
   803 4
   804 4
   805 4
   806 4
   807 4
   808 4
   809 4
   810 4
   811 4
   812 4
   813 4
   814 4
   815 4
   816 4
   817 4
   818 4
   819 4
   820 4
   821 4
   822 4
   823 4
   824 4
   825 4
   826 4
   827 4
   828 4
   829 4
   830 4
   831 4
   832 4
   833 4
   834 4
   835 4
   836 4
   837 4
   838 4
   839 4
   840 4
   841 4
   842 4
   843 4
   844 4
   845 4
   846 4
   847 4
   848 4
   849 4
   850 4
   851 4
   852 4
   853 4
   854 4
   855 4
   856 4
   857 4
   858 4
   859 4
   860 4
   861 4
   862 4
   863 4
   864 4
   865 4
   866 4
   867 4
   868 4
   869 4
   870 4
   871 4
   872 4
   873 4
   874 4
   875 4
   876 4
   877 4
   878 4
   879 4
   880 4
   881 4
   882 4
   883 4
   884 4
   885 4
   886 4
   887 4
   888 4
   889 4
   890 4
   891 4
   892 4
   893 4
   894 4
   895 4
   896 4
   897 4
   898 4
   899 4
   900 4
   901 4
   902 4
   903 4
   904 4
   905 4
   906 4
   907 4
  END_NODES_PER_ELEMENT
  ELEMENTS
  1 953 954 944 937  
  2 954 956 946 944  
  3 956 958 949 946  
  4 958 960 952 949  
  5 960 961 951 952  
  6 961 962 950 951  
  7 962 959 947 950  
  8 959 957 945 947  
  9 957 955 942 945  
  10 955 948 932 942  
  11 948 943 920 932  
  12 943 931 911 920  
  13 931 918 900 911  
  14 941 953 937 926  
  15 923 941 926 908  
  16 907 923 908 895  
  17 894 907 895 881  
  18 918 903 889 900  
  19 903 891 878 889  
  20 873 894 881 861  
  21 852 873 861 839  
  22 829 852 839 822  
  23 809 829 822 800  
  24 794 809 800 783  
  25 780 794 783 767  
  26 762 780 767 751  
  27 742 762 751 733  
  28 720 742 733 711  
  29 695 720 711 685  
  30 668 695 685 658  
  31 640 668 658 629  
  32 612 640 629 596  
  33 583 612 596 572  
  34 558 583 572 546  
  35 533 558 546 521  
  36 506 533 521 494  
  37 480 506 494 468  
  38 451 480 468 444  
  39 431 451 444 421  
  40 405 431 421 396  
  41 384 405 396 372  
  42 358 384 372 345  
  43 331 358 345 324  
  44 307 331 324 300  
  45 284 307 300 275  
  46 265 284 275 252  
  47 245 265 252 234  
  48 226 245 234 216  
  49 209 226 216 196  
  50 891 876 864 878  
  51 876 862 846 864  
  52 862 849 833 846  
  53 849 827 815 833  
  54 827 813 799 815  
  55 813 798 786 799  
  56 798 785 768 786  
  57 785 771 753 768  
  58 771 752 735 753  
  59 752 730 714 735  
  60 730 709 691 714  
  61 709 687 667 691  
  62 687 660 641 667  
  63 660 636 618 641  
  64 636 613 593 618  
  65 613 588 571 593  
  66 588 566 548 571  
  67 566 543 526 548  
  68 543 517 505 526  
  69 517 495 481 505  
  70 495 473 461 481  
  71 473 449 439 461  
  72 449 428 416 439  
  73 428 403 392 416  
  74 403 382 368 392  
  75 382 360 342 368  
  76 360 335 319 342  
  77 335 310 295 319  
  78 310 285 271 295  
  79 285 264 249 271  
  80 264 244 227 249  
  81 244 215 204 227  
  82 215 191 182 204  
  83 191 174 158 182  
  84 174 154 139 158  
  85 154 132 120 139  
  86 132 109 99 120  
  87 109 88 79 99  
  88 88 64 65 79  
  89 64 51 52 65  
  90 51 45 44 52  
  91 45 33 34 44  
  92 33 19 20 34  
  93 19 8 10 20  
  94 8 3 5 10  
  95 3 1 2 5  
  96 1 4 6 2  
  97 4 12 13 6  
  98 12 25 24 13  
  99 25 43 40 24  
  100 179 209 196 176  
  101 166 179 176 157  
  102 151 166 157 138  
  103 133 151 138 124  
  104 113 133 124 106  
  105 97 113 106 90  
  106 82 97 90 73  
  107 62 82 73 58  
  108 43 62 58 40  
  109 946 949 939 935  
  110 944 946 935 934  
  111 949 952 940 939  
  112 937 944 934 928  
  113 952 951 938 940  
  114 951 950 936 938  
  115 950 947 933 936  
  116 947 945 930 933  
  117 926 937 928 914  
  118 945 942 925 930  
  119 942 932 916 925  
  120 908 926 914 897  
  121 895 908 897 883  
  122 881 895 883 867  
  123 932 920 906 916  
  124 920 911 896 906  
  125 911 900 886 896  
  126 900 889 875 886  
  127 889 878 863 875  
  128 878 864 845 863  
  129 864 846 831 845  
  130 846 833 816 831  
  131 833 815 803 816  
  132 815 799 787 803  
  133 799 786 769 787  
  134 786 768 755 769  
  135 768 753 738 755  
  136 753 735 717 738  
  137 735 714 694 717  
  138 714 691 670 694  
  139 691 667 645 670  
  140 667 641 622 645  
  141 641 618 598 622  
  142 618 593 578 598  
  143 593 571 557 578  
  144 571 548 537 557  
  145 548 526 515 537  
  146 526 505 488 515  
  147 505 481 470 488  
  148 481 461 447 470  
  149 461 439 426 447  
  150 439 416 402 426  
  151 416 392 383 402  
  152 392 368 361 383  
  153 368 342 334 361  
  154 342 319 306 334  
  155 319 295 280 306  
  156 295 271 260 280  
  157 271 249 238 260  
  158 249 227 214 238  
  159 227 204 195 214  
  160 204 182 175 195  
  161 182 158 153 175  
  162 158 139 131 153  
  163 139 120 111 131  
  164 120 99 91 111  
  165 99 79 76 91  
  166 79 65 66 76  
  167 65 52 59 66  
  168 52 44 47 59  
  169 44 34 35 47  
  170 34 20 23 35  
  171 20 10 14 23  
  172 10 5 9 14  
  173 5 2 7 9  
  174 2 6 11 7  
  175 6 13 15 11  
  176 13 24 26 15  
  177 24 40 38 26  
  178 40 58 53 38  
  179 58 73 70 53  
  180 73 90 87 70  
  181 90 106 100 87  
  182 106 124 114 100  
  183 124 138 135 114  
  184 138 157 155 135  
  185 157 176 173 155  
  186 176 196 192 173  
  187 196 216 210 192  
  188 216 234 228 210  
  189 234 252 247 228  
  190 252 275 270 247  
  191 275 300 292 270  
  192 300 324 312 292  
  193 324 345 340 312  
  194 345 372 362 340  
  195 372 396 388 362  
  196 396 421 412 388  
  197 421 444 436 412  
  198 444 468 459 436  
  199 468 494 484 459  
  200 494 521 511 484  
  201 521 546 541 511  
  202 546 572 563 541  
  203 572 596 591 563  
  204 596 629 617 591  
  205 629 658 644 617  
  206 658 685 673 644  
  207 685 711 696 673  
  208 711 733 718 696  
  209 733 751 739 718  
  210 751 767 758 739  
  211 767 783 779 758  
  212 783 800 796 779  
  213 800 822 812 796  
  214 822 839 828 812  
  215 839 861 850 828  
  216 861 881 867 850  
  217 934 935 924 928  
  218 935 939 927 924  
  219 939 940 929 927  
  220 940 938 922 929  
  221 938 936 921 922  
  222 936 933 919 921  
  223 933 930 917 919  
  224 930 925 909 917  
  225 925 916 901 909  
  226 916 906 893 901  
  227 906 896 884 893  
  228 914 928 924 904  
  229 896 886 872 884  
  230 897 914 904 888  
  231 883 897 888 874  
  232 886 875 860 872  
  233 875 863 844 860  
  234 863 845 832 844  
  235 845 831 817 832  
  236 867 883 874 855  
  237 850 867 855 838  
  238 831 816 805 817  
  239 816 803 788 805  
  240 803 787 772 788  
  241 787 769 759 772  
  242 769 755 740 759  
  243 828 850 838 820  
  244 755 738 721 740  
  245 738 717 698 721  
  246 717 694 674 698  
  247 694 670 648 674  
  248 670 645 625 648  
  249 645 622 605 625  
  250 622 598 584 605  
  251 598 578 564 584  
  252 578 557 544 564  
  253 557 537 522 544  
  254 537 515 501 522  
  255 515 488 479 501  
  256 488 470 458 479  
  257 470 447 437 458  
  258 447 426 414 437  
  259 426 402 394 414  
  260 402 383 373 394  
  261 383 361 352 373  
  262 361 334 327 352  
  263 334 306 299 327  
  264 306 280 272 299  
  265 280 260 250 272  
  266 260 238 225 250  
  267 238 214 208 225  
  268 214 195 189 208  
  269 195 175 168 189  
  270 175 153 143 168  
  271 153 131 122 143  
  272 131 111 101 122  
  273 111 91 85 101  
  274 91 76 71 85  
  275 76 66 59 71  
  276 812 828 820 801  
  277 796 812 801 782  
  278 779 796 782 765  
  279 758 779 765 750  
  280 739 758 750 732  
  281 718 739 732 710  
  282 696 718 710 688  
  283 673 696 688 663  
  284 644 673 663 634  
  285 617 644 634 610  
  286 591 617 610 579  
  287 563 591 579 553  
  288 541 563 553 528  
  289 511 541 528 500  
  290 484 511 500 474  
  291 459 484 474 448  
  292 436 459 448 424  
  293 412 436 424 400  
  294 388 412 400 376  
  295 362 388 376 353  
  296 340 362 353 328  
  297 312 340 328 305  
  298 292 312 305 281  
  299 270 292 281 263  
  300 247 270 263 242  
  301 228 247 242 222  
  302 210 228 222 202  
  303 192 210 202 188  
  304 173 192 188 170  
  305 155 173 170 148  
  306 135 155 148 127  
  307 114 135 127 110  
  308 100 114 110 95  
  309 87 100 95 80  
  310 70 87 80 68  
  311 53 70 68 50  
  312 38 53 50 41  
  313 26 38 41 29  
  314 15 26 29 21  
  315 11 15 21 18  
  316 7 11 18 16  
  317 9 7 16 17  
  318 14 9 17 22  
  319 23 14 22 32  
  320 35 23 32 37  
  321 47 35 37 49  
  322 59 47 49 56  
  323 59 56 63 71  
  324 924 927 915 904  
  325 927 929 922 915  
  326 56 49 55 63  
  327 49 37 48 55  
  328 85 71 63 75  
  329 101 85 75 92  
  330 122 101 92 112  
  331 143 122 112 136  
  332 168 143 136 156  
  333 189 168 156 177  
  334 208 189 177 197  
  335 225 208 197 221  
  336 250 225 221 241  
  337 272 250 241 268  
  338 299 272 268 294  
  339 327 299 294 323  
  340 352 327 323 350  
  341 373 352 350 366  
  342 394 373 366 379  
  343 414 394 379 401  
  344 437 414 401 423  
  345 458 437 423 445  
  346 479 458 445 469  
  347 501 479 469 487  
  348 522 501 487 512  
  349 544 522 512 532  
  350 564 544 532 549  
  351 584 564 549 569  
  352 605 584 569 590  
  353 625 605 590 608  
  354 648 625 608 628  
  355 674 648 628 649  
  356 698 674 649 676  
  357 721 698 676 701  
  358 740 721 701 723  
  359 759 740 723 743  
  360 772 759 743 764  
  361 788 772 764 778  
  362 805 788 778 789  
  363 817 805 789 807  
  364 832 817 807 818  
  365 844 832 818 834  
  366 860 844 834 842  
  367 872 860 842 857  
  368 884 872 857 871  
  369 893 884 871 882  
  370 901 893 882 890  
  371 909 901 890 898  
  372 917 909 898 905  
  373 919 917 905 913  
  374 921 919 913 910  
  375 922 921 910 912  
  376 17 16 31 28  
  377 22 17 28 27  
  378 16 18 30 31  
  379 18 21 29 30  
  380 29 41 42 30  
  381 41 50 54 42  
  382 50 68 69 54  
  383 68 80 81 69  
  384 80 95 93 81  
  385 95 110 103 93  
  386 110 127 117 103  
  387 127 148 144 117  
  388 148 170 165 144  
  389 170 188 185 165  
  390 188 202 201 185  
  391 202 222 220 201  
  392 222 242 240 220  
  393 242 263 259 240  
  394 263 281 279 259  
  395 281 305 303 279  
  396 305 328 326 303  
  397 328 353 343 326  
  398 353 376 369 343  
  399 376 400 393 369  
  400 400 424 418 393  
  401 424 448 442 418  
  402 448 474 465 442  
  403 474 500 489 465  
  404 500 528 519 489  
  405 528 553 547 519  
  406 553 579 573 547  
  407 579 610 600 573  
  408 610 634 627 600  
  409 634 663 652 627  
  410 663 688 678 652  
  411 688 710 699 678  
  412 710 732 716 699  
  413 732 750 736 716  
  414 750 765 754 736  
  415 765 782 777 754  
  416 782 801 795 777  
  417 801 820 810 795  
  418 820 838 825 810  
  419 838 855 843 825  
  420 855 874 866 843  
  421 874 888 879 866  
  422 888 904 892 879  
  423 922 912 902 915  
  424 904 915 902 892  
  425 912 910 899 902  
  426 913 905 899 910  
  427 905 898 887 899  
  428 22 27 36 32  
  429 37 32 36 48  
  430 27 28 39 36  
  431 39 28 31 46  
  432 898 890 880 887  
  433 31 30 42 46  
  434 890 882 869 880  
  435 882 871 858 869  
  436 871 857 847 858  
  437 42 54 60 46  
  438 54 69 74 60  
  439 69 81 89 74  
  440 81 93 103 89  
  441 857 842 835 847  
  442 842 834 819 835  
  443 834 818 806 819  
  444 818 807 790 806  
  445 807 789 776 790  
  446 789 778 763 776  
  447 778 764 746 763  
  448 764 743 725 746  
  449 743 723 703 725  
  450 723 701 677 703  
  451 701 676 650 677  
  452 676 649 626 650  
  453 649 628 606 626  
  454 628 608 589 606  
  455 608 590 577 589  
  456 590 569 555 577  
  457 569 549 540 555  
  458 549 532 520 540  
  459 532 512 503 520  
  460 512 487 482 503  
  461 487 469 464 482  
  462 469 445 440 464  
  463 445 423 415 440  
  464 423 401 389 415  
  465 401 379 357 389  
  466 379 366 350 357  
  467 678 699 690 671  
  468 652 678 671 646  
  469 699 716 700 690  
  470 627 652 646 620  
  471 600 627 620 594  
  472 716 736 727 700  
  473 573 600 594 568  
  474 736 754 748 727  
  475 754 777 766 748  
  476 547 573 568 542  
  477 519 547 542 514  
  478 489 519 514 485  
  479 465 489 485 455  
  480 442 465 455 433  
  481 418 442 433 409  
  482 393 418 409 387  
  483 369 393 387 363  
  484 343 369 363 341  
  485 326 343 341 320  
  486 303 326 320 298  
  487 279 303 298 277  
  488 259 279 277 255  
  489 240 259 255 236  
  490 777 795 784 766  
  491 795 810 802 784  
  492 220 240 236 218  
  493 201 220 218 199  
  494 185 201 199 181  
  495 165 185 181 161  
  496 144 165 161 147  
  497 117 144 147 130  
  498 810 825 821 802  
  499 825 843 837 821  
  500 843 866 854 837  
  501 866 879 870 854  
  502 879 892 885 870  
  503 55 48 57 67  
  504 63 55 67 75  
  505 48 36 39 57  
  506 92 75 67 84  
  507 112 92 84 105  
  508 136 112 105 128  
  509 156 136 128 152  
  510 177 156 152 172  
  511 197 177 172 193  
  512 221 197 193 213  
  513 241 221 213 237  
  514 268 241 237 261  
  515 294 268 261 290  
  516 323 294 290 321  
  517 350 323 321 357  
  518 671 690 700 669  
  519 646 671 669 642  
  520 620 646 642 616  
  521 594 620 616 592  
  522 568 594 592 562  
  523 103 117 104 89  
  524 542 568 562 538  
  525 117 130 119 104  
  526 885 892 902 899  
  527 899 887 877 885  
  528 887 880 868 877  
  529 514 542 538 507  
  530 880 869 859 868  
  531 869 858 851 859  
  532 485 514 507 476  
  533 455 485 476 450  
  534 433 455 450 422  
  535 409 433 422 398  
  536 387 409 398 374  
  537 363 387 374 355  
  538 341 363 355 339  
  539 320 341 339 318  
  540 298 320 318 297  
  541 277 298 297 276  
  542 255 277 276 254  
  543 236 255 254 235  
  544 218 236 235 217  
  545 199 218 217 198  
  546 181 199 198 180  
  547 161 181 180 164  
  548 147 161 164 150  
  549 858 847 836 851  
  550 847 835 823 836  
  551 835 819 808 823  
  552 819 806 791 808  
  553 806 790 773 791  
  554 790 776 761 773  
  555 776 763 745 761  
  556 870 885 877 865  
  557 854 870 865 848  
  558 130 147 150 137  
  559 84 67 57 77  
  560 39 46 61 57  
  561 763 746 726 745  
  562 837 854 848 830  
  563 821 837 830 814  
  564 802 821 814 797  
  565 784 802 797 781  
  566 766 784 781 757  
  567 748 766 757 737  
  568 727 748 737 715  
  569 700 727 715 692  
  570 46 60 72 61  
  571 60 74 83 72  
  572 74 89 104 83  
  573 105 84 77 98  
  574 128 105 98 123  
  575 152 128 123 145  
  576 172 152 145 169  
  577 746 725 705 726  
  578 725 703 680 705  
  579 703 677 651 680  
  580 677 650 623 651  
  581 650 626 601 623  
  582 626 606 581 601  
  583 606 589 567 581  
  584 589 577 555 567  
  585 193 172 169 190  
  586 213 193 190 211  
  587 237 213 211 232  
  588 261 237 232 257  
  589 290 261 257 287  
  590 321 290 287 317  
  591 357 321 317 351  
  592 389 357 351 380  
  593 415 389 380 408  
  594 440 415 408 434  
  595 464 440 434 453  
  596 482 464 453 475  
  597 503 482 475 497  
  598 520 503 497 513  
  599 540 520 513 518  
  600 555 540 518 530  
  601 877 868 856 865  
  602 555 530 545 567  
  603 868 859 853 856  
  604 859 851 841 853  
  605 851 836 826 841  
  606 119 130 137 134  
  607 104 119 116 107  
  608 137 150 146 134  
  609 150 164 163 146  
  610 164 180 183 163  
  611 836 823 811 826  
  612 180 198 200 183  
  613 198 217 219 200  
  614 217 235 239 219  
  615 235 254 258 239  
  616 254 276 278 258  
  617 276 297 302 278  
  618 297 318 322 302  
  619 318 339 338 322  
  620 339 355 346 338  
  621 355 374 367 346  
  622 374 398 391 367  
  623 398 422 417 391  
  624 422 450 443 417  
  625 450 476 472 443  
  626 476 507 502 472  
  627 507 538 531 502  
  628 538 562 560 531  
  629 562 592 587 560  
  630 592 616 614 587  
  631 616 642 638 614  
  632 642 669 665 638  
  633 669 700 692 665  
  634 57 61 78 77  
  635 823 808 793 811  
  636 808 791 774 793  
  637 791 773 760 774  
  638 61 72 86 78  
  639 72 83 94 86  
  640 83 104 107 94  
  641 773 761 744 760  
  642 761 745 728 744  
  643 745 726 707 728  
  644 726 705 681 707  
  645 705 680 654 681  
  646 680 651 624 654  
  647 651 623 597 624  
  648 623 601 576 597  
  649 601 581 559 576  
  650 581 567 545 559  
  651 518 513 497 499  
  652 497 475 477 499  
  653 475 453 452 477  
  654 453 434 432 452  
  655 434 408 404 432  
  656 408 380 377 404  
  657 380 351 344 377  
  658 848 865 856 840  
  659 841 840 856 853  
  660 830 848 840 824  
  661 840 841 826 824  
  662 814 830 824 804  
  663 824 826 811 804  
  664 797 814 804 792  
  665 781 797 792 770  
  666 757 781 770 749  
  667 737 757 749 729  
  668 715 737 729 706  
  669 692 715 706 682  
  670 98 77 78 96  
  671 351 317 313 344  
  672 317 287 282 313  
  673 123 98 96 118  
  674 145 123 118 141  
  675 169 145 141 162  
  676 190 169 162 186  
  677 211 190 186 207  
  678 232 211 207 229  
  679 287 257 253 282  
  680 257 232 229 253  
  681 518 499 509 530  
  682 499 477 483 509  
  683 545 530 509 516  
  684 477 452 460 483  
  685 452 432 435 460  
  686 432 404 406 435  
  687 404 377 378 406  
  688 665 692 682 659  
  689 638 665 659 635  
  690 614 638 635 611  
  691 377 344 347 378  
  692 587 614 611 582  
  693 134 146 140 126  
  694 146 163 167 140  
  695 163 183 187 167  
  696 183 200 203 187  
  697 200 219 223 203  
  698 219 239 243 223  
  699 239 258 266 243  
  700 258 278 288 266  
  701 278 302 308 288  
  702 302 322 332 308  
  703 322 338 346 332  
  704 346 367 359 332  
  705 367 391 381 359  
  706 391 417 410 381  
  707 417 443 438 410  
  708 443 472 466 438  
  709 560 587 582 556  
  710 559 545 516 536  
  711 531 560 556 527  
  712 502 531 527 496  
  713 472 502 496 466  
  714 576 559 536 551  
  715 597 576 551 574  
  716 624 597 574 599  
  717 654 624 599 630  
  718 681 654 630 657  
  719 707 681 657 684  
  720 728 707 684 708  
  721 344 313 314 347  
  722 96 78 86 102  
  723 86 94 108 102  
  724 94 107 115 108  
  725 313 282 286 314  
  726 282 253 256 286  
  727 253 229 230 256  
  728 744 728 708 724  
  729 760 744 724 741  
  730 774 760 741 756  
  731 793 774 756 775  
  732 811 793 775 804  
  733 792 804 775 770  
  734 118 96 102 121  
  735 141 118 121 142  
  736 162 141 142 159  
  737 186 162 159 184  
  738 207 186 184 205  
  739 229 207 205 230  
  740 749 770 775 747  
  741 682 706 693 672  
  742 706 729 713 693  
  743 729 749 731 713  
  744 731 749 747 722  
  745 659 682 672 655  
  746 713 731 722 702  
  747 693 713 702 679  
  748 672 693 679 656  
  749 102 108 125 121  
  750 108 115 129 125  
  751 142 121 125 149  
  752 159 142 149 160  
  753 184 159 160 178  
  754 205 184 178 206  
  755 230 205 206 233  
  756 256 230 233 262  
  757 286 256 262 293  
  758 314 286 293 325  
  759 347 314 325 354  
  760 378 347 354 385  
  761 406 378 385 413  
  762 435 406 413 441  
  763 460 435 441 467  
  764 483 460 467 490  
  765 516 509 483 490  
  766 536 516 490 508  
  767 551 536 508 524  
  768 574 551 524 550  
  769 599 574 550 575  
  770 630 599 575 604  
  771 657 630 604 633  
  772 684 657 633 662  
  773 708 684 662 686  
  774 724 708 686 704  
  775 741 724 704 719  
  776 775 756 734 747  
  777 756 741 719 734  
  778 582 611 607 580  
  779 556 582 580 554  
  780 527 556 554 525  
  781 496 527 525 493  
  782 466 496 493 463  
  783 438 466 463 429  
  784 410 438 429 397  
  785 381 410 397 371  
  786 359 381 371 348  
  787 332 359 348 330  
  788 308 332 330 316  
  789 288 308 316 296  
  790 266 288 296 274  
  791 243 266 274 251  
  792 223 243 251 231  
  793 203 223 231 212  
  794 187 203 212 194  
  795 167 187 194 171  
  796 140 167 171 149  
  797 115 107 116 126  
  798 134 126 116 119  
  799 611 635 631 607  
  800 126 140 129 115  
  801 635 659 655 631  
  802 655 672 656 631  
  803 149 125 129 140  
  804 160 149 171 178  
  805 316 330 348 333  
  806 490 467 478 508  
  807 467 441 446 478  
  808 296 316 333 311  
  809 747 734 712 722  
  810 441 413 419 446  
  811 274 296 311 291  
  812 348 371 356 333  
  813 371 397 386 356  
  814 397 429 420 386  
  815 429 463 456 420  
  816 463 493 492 456  
  817 493 525 529 492  
  818 525 554 561 529  
  819 554 580 586 561  
  820 580 607 602 586  
  821 251 274 291 269  
  822 231 251 269 246  
  823 212 231 246 224  
  824 194 212 224 206  
  825 194 206 178 171  
  826 413 385 390 419  
  827 385 354 364 390  
  828 354 325 336 364  
  829 702 722 712 689  
  830 679 702 689 664  
  831 656 679 664 639  
  832 325 293 304 336  
  833 524 508 478 491  
  834 233 206 224 248  
  835 262 233 248 273  
  836 293 262 273 304  
  837 734 719 697 712  
  838 719 704 683 697  
  839 704 686 666 683  
  840 686 662 643 666  
  841 662 633 615 643  
  842 633 604 585 615  
  843 604 575 552 585  
  844 575 550 523 552  
  845 550 524 491 523  
  846 607 631 619 602  
  847 631 656 639 619  
  848 478 446 454 491  
  849 446 419 427 454  
  850 419 390 399 427  
  851 689 712 697 675  
  852 664 689 675 647  
  853 639 664 647 621  
  854 697 683 661 675  
  855 683 666 653 661  
  856 666 643 632 653  
  857 643 615 603 632  
  858 390 364 375 399  
  859 364 336 349 375  
  860 311 333 356 337  
  861 336 304 315 349  
  862 304 273 289 315  
  863 224 246 267 248  
  864 273 248 267 289  
  865 615 585 565 603  
  866 291 311 337 309  
  867 246 269 283 267  
  868 269 291 309 283  
  869 585 552 534 565  
  870 356 386 365 337  
  871 386 420 407 365  
  872 420 456 457 407  
  873 456 492 498 457  
  874 492 529 535 498  
  875 529 561 570 535  
  876 619 639 621 595  
  877 561 586 595 570  
  878 552 523 504 534  
  879 523 491 486 504  
  880 661 653 632 637  
  881 675 661 637 647  
  882 632 603 609 637  
  883 647 637 609 621  
  884 586 602 619 595  
  885 595 621 609 570  
  886 609 603 565 570  
  887 289 267 283 301  
  888 491 454 462 486  
  889 454 427 430 462  
  890 427 399 411 430  
  891 399 375 395 411  
  892 375 349 370 395  
  893 349 315 329 370  
  894 315 289 301 329  
  895 309 337 365 329  
  896 329 301 283 309  
  897 329 365 407 370  
  898 535 570 565 539  
  899 504 486 462 471  
  900 534 504 471 510  
  901 498 510 471 457  
  902 565 534 510 539  
  903 535 539 510 498  
  904 407 457 471 425  
  905 471 462 430 425  
  906 407 425 395 370  
  907 395 425 430 411  
  END_ELEMENTS  
  COORDINATES  
   1   5.336852e+00  4.121212e+00   
   2   5.365895e+00  3.898685e+00   
   3   5.576271e+00  4.142097e+00   
   4   5.067797e+00  4.039001e+00   
   5   5.563842e+00  3.924033e+00   
   6   5.166197e+00  3.839105e+00   
   7   5.392749e+00  3.712609e+00   
   8   5.776515e+00  4.121212e+00   
   9   5.563363e+00  3.736968e+00   
   10   5.739654e+00  3.918942e+00   
   11   5.226027e+00  3.671636e+00   
   12   4.898305e+00  3.945328e+00   
   13   5.000248e+00  3.755862e+00   
   14   5.720793e+00  3.738978e+00   
   15   5.086485e+00  3.612470e+00   
   16   5.410931e+00  3.549673e+00   
   17   5.567973e+00  3.575195e+00   
   18   5.256793e+00  3.531459e+00   
   19   5.930631e+00  4.078805e+00   
   20   5.897467e+00  3.891544e+00   
   21   5.146399e+00  3.517356e+00   
   22   5.703417e+00  3.586494e+00   
   23   5.864659e+00  3.715072e+00   
   24   4.849485e+00  3.631565e+00   
   25   4.714291e+00  3.797980e+00   
   26   4.973267e+00  3.505026e+00   
   27   5.690730e+00  3.478139e+00   
   28   5.589006e+00  3.431331e+00   
   29   5.095153e+00  3.422178e+00   
   30   5.243814e+00  3.387171e+00   
   31   5.422403e+00  3.384467e+00   
   32   5.827991e+00  3.555991e+00   
   33   6.084746e+00  4.036399e+00   
   34   6.047528e+00  3.845842e+00   
   35   6.009019e+00  3.670786e+00   
   36   5.779767e+00  3.416593e+00   
   37   5.968895e+00  3.509625e+00   
   38   4.862540e+00  3.363849e+00   
   39   5.671618e+00  3.287549e+00   
   40   4.711044e+00  3.476555e+00   
   41   5.017134e+00  3.279159e+00   
   42   5.200772e+00  3.220772e+00   
   43   4.559322e+00  3.630360e+00   
   44   6.200604e+00  3.782113e+00   
   45   6.259808e+00  3.959596e+00   
   46   5.445862e+00  3.169691e+00   
   47   6.156901e+00  3.612607e+00   
   48   5.930539e+00  3.344368e+00   
   49   6.113491e+00  3.468825e+00   
   50   4.920573e+00  3.122634e+00   
   51   6.394878e+00  3.878788e+00   
   52   6.345356e+00  3.704280e+00   
   53   4.749807e+00  3.200324e+00   
   54   5.096279e+00  3.047069e+00   
   55   6.103448e+00  3.316333e+00   
   56   6.224721e+00  3.436735e+00   
   57   5.871837e+00  3.132582e+00   
   58   4.577225e+00  3.289080e+00   
   59   6.309005e+00  3.527038e+00   
   60   5.288819e+00  2.959663e+00   
   61   5.644493e+00  2.989717e+00   
   62   4.389831e+00  3.385396e+00   
   63   6.257176e+00  3.319315e+00   
   64   6.529948e+00  3.797980e+00   
   65   6.485307e+00  3.633333e+00   
   66   6.438011e+00  3.523999e+00   
   67   6.122640e+00  3.139640e+00   
   68   4.819072e+00  2.963985e+00   
   69   4.983588e+00  2.888492e+00   
   70   4.645719e+00  3.033375e+00   
   71   6.390075e+00  3.364772e+00   
   72   5.464337e+00  2.829264e+00   
   73   4.466509e+00  3.101250e+00   
   74   5.143051e+00  2.789884e+00   
   75   6.312845e+00  3.164036e+00   
   76   6.521785e+00  3.416173e+00   
   77   5.993900e+00  2.895904e+00   
   78   5.792733e+00  2.801752e+00   
   79   6.631802e+00  3.511387e+00   
   80   4.729796e+00  2.820536e+00   
   81   4.875951e+00  2.753030e+00   
   82   4.264736e+00  3.151515e+00   
   83   5.299033e+00  2.666863e+00   
   84   6.202431e+00  2.945608e+00   
   85   6.476588e+00  3.207745e+00   
   86   5.612104e+00  2.680189e+00   
   87   4.560022e+00  2.876354e+00   
   88   6.747243e+00  3.636364e+00   
   89   4.993405e+00  2.646720e+00   
   90   4.381496e+00  2.934680e+00   
   91   6.629903e+00  3.275583e+00   
   92   6.396852e+00  2.990685e+00   
   93   4.788460e+00  2.666007e+00   
   94   5.450354e+00  2.551005e+00   
   95   4.664138e+00  2.688774e+00   
   96   5.915944e+00  2.619973e+00   
   97   4.192183e+00  2.989899e+00   
   98   6.108260e+00  2.698539e+00   
   99   6.775369e+00  3.367668e+00   
   100   4.496517e+00  2.727444e+00   
   101   6.576080e+00  3.045030e+00   
   102   5.734685e+00  2.526200e+00   
   103   4.825291e+00  2.556217e+00   
   104   5.129329e+00  2.487747e+00   
   105   6.305578e+00  2.758174e+00   
   106   4.314280e+00  2.775629e+00   
   107   5.321184e+00  2.429273e+00   
   108   5.569093e+00  2.427695e+00   
   109   6.928178e+00  3.474747e+00   
   110   4.640581e+00  2.548540e+00   
   111   6.745462e+00  3.120594e+00   
   112   6.498168e+00  2.815881e+00   
   113   4.132680e+00  2.828283e+00   
   114   4.449244e+00  2.574539e+00   
   115   5.432312e+00  2.339576e+00   
   116   5.269429e+00  2.331960e+00   
   117   4.870187e+00  2.366916e+00   
   118   6.025637e+00  2.441527e+00   
   119   5.150598e+00  2.315263e+00   
   120   6.911123e+00  3.212357e+00   
   121   5.836919e+00  2.358636e+00   
   122   6.683773e+00  2.878524e+00   
   123   6.217834e+00  2.512507e+00   
   124   4.260057e+00  2.617413e+00   
   125   5.657296e+00  2.277591e+00   
   126   5.334395e+00  2.245723e+00   
   127   4.618371e+00  2.382130e+00   
   128   6.413184e+00  2.575869e+00   
   129   5.509809e+00  2.243201e+00   
   130   5.007814e+00  2.237892e+00   
   131   6.862498e+00  2.958137e+00   
   132   7.083575e+00  3.313131e+00   
   133   4.073176e+00  2.666667e+00   
   134   5.201687e+00  2.198981e+00   
   135   4.406011e+00  2.412784e+00   
   136   6.606469e+00  2.636143e+00   
   137   5.091203e+00  2.166902e+00   
   138   4.210785e+00  2.455644e+00   
   139   7.040087e+00  3.048034e+00   
   140   5.443529e+00  2.104826e+00   
   141   6.127297e+00  2.260407e+00   
   142   5.929343e+00  2.180931e+00   
   143   6.796303e+00  2.703574e+00   
   144   4.760110e+00  2.165880e+00   
   145   6.323139e+00  2.329800e+00   
   146   5.230553e+00  2.068034e+00   
   147   4.925617e+00  2.103372e+00   
   148   4.556569e+00  2.204359e+00   
   149   5.713362e+00  2.080831e+00   
   150   5.071237e+00  2.063292e+00   
   151   4.023749e+00  2.505051e+00   
   152   6.520003e+00  2.395347e+00   
   153   6.980668e+00  2.785396e+00   
   154   7.220752e+00  3.151515e+00   
   155   4.355918e+00  2.242138e+00   
   156   6.715061e+00  2.458116e+00   
   157   4.163964e+00  2.287269e+00   
   158   7.163732e+00  2.878856e+00   
   159   6.038135e+00  2.019445e+00   
   160   5.880679e+00  1.968882e+00   
   161   4.866594e+00  1.946517e+00   
   162   6.229268e+00  2.082792e+00   
   163   5.220428e+00  1.898414e+00   
   164   5.037576e+00  1.914862e+00   
   165   4.690262e+00  1.988315e+00   
   166   3.982254e+00  2.343434e+00   
   167   5.429525e+00  1.886339e+00   
   168   6.909520e+00  2.525381e+00   
   169   6.426837e+00  2.148757e+00   
   170   4.500509e+00  2.024477e+00   
   171   5.663944e+00  1.853023e+00   
   172   6.625794e+00  2.215404e+00   
   173   4.311141e+00  2.060567e+00   
   174   7.344781e+00  2.989899e+00   
   175   7.098367e+00  2.606345e+00   
   176   4.120544e+00  2.105085e+00   
   177   6.822857e+00  2.279487e+00   
   178   5.892184e+00  1.802666e+00   
   179   3.940760e+00  2.181818e+00   
   180   5.000864e+00  1.747231e+00   
   181   4.820590e+00  1.778984e+00   
   182   7.282701e+00  2.703308e+00   
   183   5.190018e+00  1.715925e+00   
   184   6.111394e+00  1.838533e+00   
   185   4.639973e+00  1.812288e+00   
   186   6.324215e+00  1.900376e+00   
   187   5.396094e+00  1.680520e+00   
   188   4.455120e+00  1.843569e+00   
   189   7.020031e+00  2.345493e+00   
   190   6.527176e+00  1.965257e+00   
   191   7.459252e+00  2.828283e+00   
   192   4.267593e+00  1.870570e+00   
   193   6.729006e+00  2.032644e+00   
   194   5.628926e+00  1.625799e+00   
   195   7.215363e+00  2.418746e+00   
   196   4.077814e+00  1.891098e+00   
   197   6.928276e+00  2.098870e+00   
   198   4.957212e+00  1.575889e+00   
   199   4.776429e+00  1.608825e+00   
   200   5.142689e+00  1.537535e+00   
   201   4.595766e+00  1.638124e+00   
   202   4.414185e+00  1.665906e+00   
   203   5.337847e+00  1.490754e+00   
   204   7.409453e+00  2.499749e+00   
   205   6.190830e+00  1.628276e+00   
   206   5.914197e+00  1.540928e+00   
   207   6.419919e+00  1.707169e+00   
   208   7.127184e+00  2.164332e+00   
   209   3.881356e+00  1.894751e+00   
   210   4.230045e+00  1.686848e+00   
   211   6.628648e+00  1.779249e+00   
   212   5.543855e+00  1.423225e+00   
   213   6.829114e+00  1.850343e+00   
   214   7.325657e+00  2.231938e+00   
   215   7.610169e+00  2.584427e+00   
   216   4.040689e+00  1.699742e+00   
   217   4.907886e+00  1.405094e+00   
   218   4.729919e+00  1.437760e+00   
   219   5.087620e+00  1.364311e+00   
   220   4.552378e+00  1.465869e+00   
   221   7.029110e+00  1.919399e+00   
   222   4.374865e+00  1.490715e+00   
   223   5.270992e+00  1.312774e+00   
   224   5.757032e+00  1.317441e+00   
   225   7.221550e+00  1.989905e+00   
   226   3.847030e+00  1.696970e+00   
   227   7.522490e+00  2.298896e+00   
   228   4.194391e+00  1.510747e+00   
   229   6.529122e+00  1.514195e+00   
   230   6.317808e+00  1.426476e+00   
   231   5.455363e+00  1.236270e+00   
   232   6.732718e+00  1.593526e+00   
   233   6.104363e+00  1.319574e+00   
   234   4.009055e+00  1.526255e+00   
   235   4.855008e+00  1.239641e+00   
   236   4.680585e+00  1.273425e+00   
   237   6.929691e+00  1.670081e+00   
   238   7.417428e+00  2.057697e+00   
   239   5.028770e+00  1.198375e+00   
   240   4.506685e+00  1.300468e+00   
   241   7.120792e+00  1.745547e+00   
   242   4.332934e+00  1.323534e+00   
   243   5.201131e+00  1.141614e+00   
   244   7.737690e+00  2.343434e+00   
   245   3.824164e+00  1.535354e+00   
   246   5.636362e+00  1.130101e+00   
   247   4.157740e+00  1.343113e+00   
   248   5.933947e+00  1.162733e+00   
   249   7.614171e+00  2.122653e+00   
   250   7.312479e+00  1.818193e+00   
   251   5.370886e+00  1.062705e+00   
   252   3.979628e+00  1.360180e+00   
   253   6.640162e+00  1.329197e+00   
   254   4.799967e+00  1.083968e+00   
   255   4.632950e+00  1.117479e+00   
   256   6.444050e+00  1.239615e+00   
   257   6.836818e+00  1.412996e+00   
   258   4.967130e+00  1.040181e+00   
   259   4.463503e+00  1.143449e+00   
   260   7.502730e+00  1.888609e+00   
   261   7.025679e+00  1.494722e+00   
   262   6.250045e+00  1.129642e+00   
   263   4.294871e+00  1.164857e+00   
   264   7.814840e+00  2.181818e+00   
   265   3.801297e+00  1.373737e+00   
   266   5.129879e+00  9.799794e-01   
   267   5.796081e+00  1.000724e+00   
   268   7.209569e+00  1.575159e+00   
   269   5.535775e+00  9.616041e-01   
   270   4.125904e+00  1.182770e+00   
   271   7.692546e+00  1.956306e+00   
   272   7.392704e+00  1.652292e+00   
   273   6.077340e+00  9.943682e-01   
   274   5.288035e+00  8.994798e-01   
   275   3.954886e+00  1.198469e+00   
   276   4.749271e+00  9.364598e-01   
   277   4.587744e+00  9.690762e-01   
   278   4.905406e+00  8.932951e-01   
   279   4.426016e+00  9.930267e-01   
   280   7.577136e+00  1.725114e+00   
   281   4.263178e+00  1.011455e+00   
   282   6.750659e+00  1.149981e+00   
   283   5.687948e+00  8.492298e-01   
   284   3.783989e+00  1.212121e+00   
   285   7.881996e+00  2.021077e+00   
   286   6.558537e+00  1.055866e+00   
   287   6.940093e+00  1.235448e+00   
   288   5.057271e+00  8.304825e-01   
   289   5.926068e+00  8.608313e-01   
   290   7.124319e+00  1.321299e+00   
   291   5.442674e+00  7.948854e-01   
   292   4.098341e+00  1.026419e+00   
   293   6.373440e+00  9.513683e-01   
   294   7.299103e+00  1.408074e+00   
   295   7.761571e+00  1.794378e+00   
   296   5.199839e+00  7.501095e-01   
   297   4.703967e+00  7.995004e-01   
   298   4.552216e+00  8.285624e-01   
   299   7.469311e+00  1.491349e+00   
   300   3.932395e+00  1.039451e+00   
   301   5.806540e+00  7.568638e-01   
   302   4.848474e+00  7.549637e-01   
   303   4.397948e+00  8.475154e-01   
   304   6.197258e+00  8.225262e-01   
   305   4.237776e+00  8.619058e-01   
   306   7.643423e+00  1.565157e+00   
   307   3.766680e+00  1.050505e+00   
   308   4.985329e+00  6.891480e-01   
   309   5.604167e+00  6.770889e-01   
   310   7.949153e+00  1.860336e+00   
   311   5.333643e+00  6.443278e-01   
   312   4.077572e+00  8.725296e-01   
   313   6.854510e+00  9.755705e-01   
   314   6.665999e+00  8.824972e-01   
   315   6.020430e+00  6.874034e-01   
   316   5.116678e+00  6.257795e-01   
   317   7.043366e+00  1.060426e+00   
   318   4.668794e+00  6.740203e-01   
   319   7.821409e+00  1.633984e+00   
   320   4.527623e+00  6.932675e-01   
   321   7.229660e+00  1.148274e+00   
   322   4.796661e+00  6.346883e-01   
   323   7.388793e+00  1.248835e+00   
   324   3.916568e+00  8.812404e-01   
   325   6.485173e+00  7.746797e-01   
   326   4.375782e+00  7.065668e-01   
   327   7.544907e+00  1.334371e+00   
   328   4.221597e+00  7.139899e-01   
   329   5.805605e+00  5.605301e-01   
   330   5.046382e+00  5.350928e-01   
   331   3.754382e+00  8.888889e-01   
   332   4.918892e+00  5.453662e-01   
   333   5.220120e+00  5.214316e-01   
   334   7.706361e+00  1.407229e+00   
   335   8.004346e+00  1.696970e+00   
   336   6.312552e+00  6.496220e-01   
   337   5.471939e+00  5.108846e-01   
   338   4.743838e+00  5.563667e-01   
   339   4.646847e+00  5.605455e-01   
   340   4.063283e+00  7.195038e-01   
   341   4.513700e+00  5.639206e-01   
   342   7.875832e+00  1.474166e+00   
   343   4.365295e+00  5.660678e-01   
   344   6.948410e+00  8.053843e-01   
   345   3.904180e+00  7.231253e-01   
   346   4.788007e+00  4.738665e-01   
   347   6.763444e+00  7.140279e-01   
   348   5.103576e+00  4.341326e-01   
   349   6.143028e+00  5.104522e-01   
   350   7.483706e+00  1.107932e+00   
   351   7.139966e+00  8.852293e-01   
   352   7.615162e+00  1.190070e+00   
   353   4.209546e+00  5.679833e-01   
   354   6.586860e+00  6.082182e-01   
   355   4.658080e+00  4.458130e-01   
   356   5.322852e+00  3.811180e-01   
   357   7.360091e+00  9.642631e-01   
   358   3.742084e+00  7.272727e-01   
   359   4.966695e+00  3.892622e-01   
   360   8.053290e+00  1.535354e+00   
   361   7.763430e+00  1.255394e+00   
   362   4.054084e+00  5.665044e-01   
   363   4.514239e+00  4.327242e-01   
   364   6.421430e+00  4.929449e-01   
   365   5.623362e+00  3.406351e-01   
   366   7.568179e+00  1.030882e+00   
   367   4.821410e+00  3.423022e-01   
   368   7.928251e+00  1.315580e+00   
   369   4.362029e+00  4.243135e-01   
   370   5.968457e+00  3.454502e-01   
   371   5.169462e+00  2.925670e-01   
   372   3.894980e+00  5.676662e-01   
   373   7.672566e+00  1.063987e+00   
   374   4.675206e+00  3.114227e-01   
   375   6.268290e+00  3.637250e-01   
   376   4.206782e+00  4.183949e-01   
   377   7.023413e+00  6.361005e-01   
   378   6.849801e+00  5.515814e-01   
   379   7.548680e+00  9.250886e-01   
   380   7.204046e+00  7.075340e-01   
   381   5.012091e+00  2.368123e-01   
   382   8.102234e+00  1.373737e+00   
   383   7.812613e+00  1.109093e+00   
   384   3.734425e+00  5.656566e-01   
   385   6.677394e+00  4.512205e-01   
   386   5.421099e+00  2.071327e-01   
   387   4.522017e+00  2.914490e-01   
   388   4.049247e+00  4.147301e-01   
   389   7.391393e+00  7.586997e-01   
   390   6.514194e+00  3.446939e-01   
   391   4.855734e+00  1.946575e-01   
   392   7.971509e+00  1.159022e+00   
   393   4.364875e+00  2.773872e-01   
   394   7.699353e+00  9.345923e-01   
   395   6.138890e+00  2.196512e-01   
   396   3.889134e+00  4.101284e-01   
   397   5.231915e+00  1.263254e-01   
   398   4.696343e+00  1.652428e-01   
   399   6.366054e+00  2.401180e-01   
   400   4.206305e+00  2.665527e-01   
   401   7.563805e+00  7.725753e-01   
   402   7.849819e+00  9.634748e-01   
   403   8.141739e+00  1.212121e+00   
   404   7.091394e+00  4.799023e-01   
   405   3.726766e+00  4.040404e-01   
   406   6.926892e+00  3.947655e-01   
   407   5.786303e+00  9.116726e-02   
   408   7.257890e+00  5.457198e-01   
   409   4.534315e+00  1.418581e-01   
   410   5.056475e+00  7.076244e-02   
   411   6.254552e+00  1.593806e-01   
   412   4.047807e+00  2.587962e-01   
   413   6.760134e+00  2.948819e-01   
   414   7.724949e+00  7.889494e-01   
   415   7.423944e+00  5.898318e-01   
   416   8.008587e+00  1.002862e+00   
   417   4.885286e+00  3.430772e-02   
   418   4.370834e+00  1.242693e-01   
   419   6.594732e+00  1.903424e-01   
   420   5.501497e+00 -3.451491e-03   
   421   3.886513e+00  2.511013e-01   
   422   4.716921e+00  7.772242e-03   
   423   7.590197e+00  6.175634e-01   
   424   4.209550e+00  1.104496e-01   
   425   6.061880e+00  1.444074e-02   
   426   7.881599e+00  8.149707e-01   
   427   6.427178e+00  9.267245e-02   
   428   8.173004e+00  1.050505e+00   
   429   5.280624e+00 -6.516072e-02   
   430   6.258276e+00  2.452396e-02   
   431   3.723522e+00  2.424242e-01   
   432   7.146338e+00  3.273566e-01   
   433   4.548067e+00 -1.352890e-02   
   434   7.299164e+00  3.901335e-01   
   435   6.992989e+00  2.408675e-01   
   436   4.047339e+00  9.932196e-02   
   437   7.748384e+00  6.415107e-01   
   438   5.087219e+00 -1.062569e-01   
   439   8.041309e+00  8.495090e-01   
   440   7.456298e+00  4.373441e-01   
   441   6.839280e+00  1.413874e-01   
   442   4.380693e+00 -3.218760e-02   
   443   4.908459e+00 -1.361297e-01   
   444   3.884172e+00  9.022752e-02   
   445   7.614256e+00  4.686683e-01   
   446   6.670910e+00  2.795724e-02   
   447   7.907451e+00  6.661396e-01   
   448   4.216236e+00 -4.718576e-02   
   449   8.204270e+00  8.888889e-01   
   450   4.734409e+00 -1.575748e-01   
   451   3.720279e+00  8.080808e-02   
   452   7.196618e+00  1.838234e-01   
   453   7.336129e+00  2.501136e-01   
   454   6.490652e+00 -8.294864e-02   
   455   4.562124e+00 -1.751212e-01   
   456   5.516739e+00 -2.414112e-01   
   457   5.770886e+00 -2.248138e-01   
   458   7.770938e+00  4.933904e-01   
   459   4.050860e+00 -6.015520e-02   
   460   7.059446e+00  9.996042e-02   
   461   8.066620e+00  6.968495e-01   
   462   6.295166e+00 -1.525785e-01   
   463   5.297355e+00 -2.654558e-01   
   464   7.480886e+00  2.924852e-01   
   465   4.392217e+00 -1.915017e-01   
   466   5.101070e+00 -2.909527e-01   
   467   6.915523e+00 -9.638289e-03   
   468   3.886207e+00 -7.061785e-02   
   469   7.630864e+00  3.241716e-01   
   470   7.928002e+00  5.172512e-01   
   471   6.063489e+00 -2.605649e-01   
   472   4.920225e+00 -3.114190e-01   
   473   8.226489e+00  7.272727e-01   
   474   4.223843e+00 -2.068499e-01   
   475   7.366929e+00  1.195399e-01   
   476   4.743740e+00 -3.271094e-01   
   477   7.244558e+00  5.786313e-02   
   478   6.758977e+00 -1.369522e-01   
   479   7.784667e+00  3.478099e-01   
   480   3.721357e+00 -8.080808e-02   
   481   8.085924e+00  5.429849e-01   
   482   7.500255e+00  1.583113e-01   
   483   7.126472e+00 -3.002745e-02   
   484   4.057862e+00 -2.196945e-01   
   485   4.572218e+00 -3.412390e-01   
   486   6.368245e+00 -2.913245e-01   
   487   7.643084e+00  1.835602e-01   
   488   7.942376e+00  3.688838e-01   
   489   4.401623e+00 -3.547314e-01   
   490   7.004388e+00 -1.429487e-01   
   491   6.560752e+00 -2.924506e-01   
   492   5.497450e+00 -4.611429e-01   
   493   5.290988e+00 -4.642985e-01   
   494   3.890047e+00 -2.314491e-01   
   495   8.248707e+00  5.656566e-01   
   496   5.099026e+00 -4.731267e-01   
   497   7.400839e+00  5.577210e-03   
   498   5.720062e+00 -4.708660e-01   
   499   7.305447e+00 -5.729161e-02   
   500   4.233262e+00 -3.665729e-01   
   501   7.793303e+00  2.035636e-01   
   502   4.919602e+00 -4.856193e-01   
   503   7.513627e+00  3.145199e-02   
   504   6.250172e+00 -4.248112e-01   
   505   8.099562e+00  3.881235e-01   
   506   3.722436e+00 -2.424242e-01   
   507   4.745281e+00 -4.965515e-01   
   508   6.873661e+00 -2.768638e-01   
   509   7.207351e+00 -1.510731e-01   
   510   5.941638e+00 -5.063872e-01   
   511   4.066698e+00 -3.803237e-01   
   512   7.647915e+00  4.819420e-02   
   513   7.426695e+00 -7.459817e-02   
   514   4.575164e+00 -5.076183e-01   
   515   7.949429e+00  2.195981e-01   
   516   7.096379e+00 -2.627472e-01   
   517   8.261260e+00  4.040404e-01   
   518   7.377395e+00 -1.460352e-01   
   519   4.408797e+00 -5.196119e-01   
   520   7.515982e+00 -8.349919e-02   
   521   3.897317e+00 -3.923626e-01   
   522   7.795881e+00  5.958450e-02   
   523   6.439425e+00 -5.130184e-01   
   524   6.733749e+00 -4.356419e-01   
   525   5.269664e+00 -6.499164e-01   
   526   8.109199e+00  2.330271e-01   
   527   5.085808e+00 -6.492430e-01   
   528   4.240900e+00 -5.303220e-01   
   529   5.468908e+00 -6.571767e-01   
   530   7.301104e+00 -2.542262e-01   
   531   4.910545e+00 -6.567589e-01   
   532   7.643445e+00 -8.499493e-02   
   533   3.727868e+00 -4.040404e-01   
   534   6.120918e+00 -6.206099e-01   
   535   5.677445e+00 -6.758991e-01   
   536   6.988117e+00 -4.001992e-01   
   537   7.952096e+00  6.989763e-02   
   538   4.740956e+00 -6.650750e-01   
   539   5.862081e+00 -6.735079e-01   
   540   7.490640e+00 -1.998531e-01   
   541   4.072641e+00 -5.422837e-01   
   542   4.574362e+00 -6.730710e-01   
   543   8.273813e+00  2.424242e-01   
   544   7.790209e+00 -8.331748e-02   
   545   7.207270e+00 -3.749939e-01   
   546   3.904488e+00 -5.545058e-01   
   547   4.409034e+00 -6.822777e-01   
   548   8.112337e+00  7.705614e-02   
   549   7.628846e+00 -2.179622e-01   
   550   6.617382e+00 -6.200836e-01   
   551   6.877605e+00 -5.546188e-01   
   552   6.324702e+00 -7.130036e-01   
   553   4.243842e+00 -6.925264e-01   
   554   5.241738e+00 -8.205463e-01   
   555   7.440337e+00 -3.519156e-01   
   556   5.063996e+00 -8.171701e-01   
   557   7.947693e+00 -8.165388e-02   
   558   3.733300e+00 -5.656566e-01   
   559   7.111885e+00 -5.116340e-01   
   560   4.894232e+00 -8.222662e-01   
   561   5.431074e+00 -8.417485e-01   
   562   4.730098e+00 -8.256748e-01   
   563   4.078479e+00 -7.039832e-01   
   564   7.779539e+00 -2.269900e-01   
   565   5.968104e+00 -8.336964e-01   
   566   8.276342e+00  8.080808e-02   
   567   7.324753e+00 -4.743270e-01   
   568   4.568175e+00 -8.336589e-01   
   569   7.606723e+00 -3.586320e-01   
   570   5.665387e+00 -9.014615e-01   
   571   8.111974e+00 -8.081955e-02   
   572   3.910102e+00 -7.153810e-01   
   573   4.406944e+00 -8.419080e-01   
   574   6.773852e+00 -7.245852e-01   
   575   6.512637e+00 -8.066570e-01   
   576   7.013663e+00 -6.621231e-01   
   577   7.490465e+00 -4.696797e-01   
   578   7.938829e+00 -2.340063e-01   
   579   4.244938e+00 -8.519443e-01   
   580   5.202218e+00 -9.733502e-01   
   581   7.238491e+00 -6.092199e-01   
   582   5.038267e+00 -9.736720e-01   
   583   3.743242e+00 -7.272727e-01   
   584   7.763155e+00 -3.714197e-01   
   585   6.220675e+00 -9.078266e-01   
   586   5.354044e+00 -9.912825e-01   
   587   4.877988e+00 -9.750927e-01   
   588   8.278871e+00 -8.080808e-02   
   589   7.433621e+00 -5.651475e-01   
   590   7.597436e+00 -4.919761e-01   
   591   4.082872e+00 -8.637122e-01   
   592   4.717027e+00 -9.816991e-01   
   593   8.104020e+00 -2.384630e-01   
   594   4.560951e+00 -9.852437e-01   
   595   5.491177e+00 -1.062906e+00   
   596   3.918976e+00 -8.771972e-01   
   597   6.924640e+00 -8.267858e-01   
   598   7.924734e+00 -3.852723e-01   
   599   6.680152e+00 -9.016480e-01   
   600   4.403305e+00 -9.947666e-01   
   601   7.152922e+00 -7.595045e-01   
   602   5.294899e+00 -1.089050e+00   
   603   5.965570e+00 -1.060144e+00   
   604   6.420826e+00 -9.886966e-01   
   605   7.743402e+00 -5.152252e-01   
   606   7.369445e+00 -6.943732e-01   
   607   5.177518e+00 -1.107340e+00   
   608   7.562033e+00 -6.197840e-01   
   609   5.759689e+00 -1.099706e+00   
   610   4.247093e+00 -1.004788e+00   
   611   5.022959e+00 -1.114680e+00   
   612   3.753183e+00 -8.888889e-01   
   613   8.271302e+00 -2.424242e-01   
   614   4.862427e+00 -1.122733e+00   
   615   6.164309e+00 -1.094529e+00   
   616   4.709193e+00 -1.125123e+00   
   617   4.089825e+00 -1.019352e+00   
   618   8.091412e+00 -3.953058e-01   
   619   5.355343e+00 -1.170562e+00   
   620   4.555296e+00 -1.130850e+00   
   621   5.589936e+00 -1.188320e+00   
   622   7.903916e+00 -5.370239e-01   
   623   7.074909e+00 -9.216581e-01   
   624   6.842047e+00 -9.973571e-01   
   625   7.709101e+00 -6.604812e-01   
   626   7.298723e+00 -8.446375e-01   
   627   4.404796e+00 -1.139142e+00   
   628   7.511807e+00 -7.601159e-01   
   629   3.929655e+00 -1.036087e+00   
   630   6.597441e+00 -1.076298e+00   
   631   5.192894e+00 -1.251307e+00   
   632   5.967641e+00 -1.219422e+00   
   633   6.347310e+00 -1.160884e+00   
   634   4.253884e+00 -1.151114e+00   
   635   5.016035e+00 -1.252961e+00   
   636   8.263734e+00 -4.040404e-01   
   637   5.817864e+00 -1.248897e+00   
   638   4.859108e+00 -1.258435e+00   
   639   5.442697e+00 -1.281882e+00   
   640   3.767930e+00 -1.050505e+00   
   641   8.073162e+00 -5.534474e-01   
   642   4.702020e+00 -1.265208e+00   
   643   6.118020e+00 -1.249536e+00   
   644   4.100675e+00 -1.170045e+00   
   645   7.873159e+00 -6.907657e-01   
   646   4.557346e+00 -1.266147e+00   
   647   5.669637e+00 -1.321254e+00   
   648   7.666914e+00 -8.111146e-01   
   649   7.453217e+00 -9.149134e-01   
   650   7.228566e+00 -1.006990e+00   
   651   7.000940e+00 -1.089047e+00   
   652   4.413148e+00 -1.276862e+00   
   653   5.969112e+00 -1.319112e+00   
   654   6.763995e+00 -1.167493e+00   
   655   5.126553e+00 -1.357130e+00   
   656   5.299133e+00 -1.365486e+00   
   657   6.518600e+00 -1.243616e+00   
   658   3.943269e+00 -1.192577e+00   
   659   5.008781e+00 -1.374931e+00   
   660   8.246287e+00 -5.656566e-01   
   661   5.875591e+00 -1.369449e+00   
   662   6.276027e+00 -1.315727e+00   
   663   4.266825e+00 -1.294104e+00   
   664   5.526198e+00 -1.404777e+00   
   665   4.861898e+00 -1.392340e+00   
   666   6.063271e+00 -1.371400e+00   
   667   8.047829e+00 -7.115250e-01   
   668   3.782677e+00 -1.212121e+00   
   669   4.698438e+00 -1.403102e+00   
   670   7.835517e+00 -8.494676e-01   
   671   4.558920e+00 -1.391667e+00   
   672   5.177986e+00 -1.445152e+00   
   673   4.117226e+00 -1.318648e+00   
   674   7.615065e+00 -9.729783e-01   
   675   5.748760e+00 -1.447789e+00   
   676   7.391108e+00 -1.080506e+00   
   677   7.162448e+00 -1.174104e+00   
   678   4.428303e+00 -1.406976e+00   
   679   5.384295e+00 -1.485561e+00   
   680   6.926991e+00 -1.257171e+00   
   681   6.684567e+00 -1.333633e+00   
   682   5.043991e+00 -1.495232e+00   
   683   5.966993e+00 -1.472108e+00   
   684   6.435323e+00 -1.400829e+00   
   685   3.961893e+00 -1.346466e+00   
   686   6.193076e+00 -1.453545e+00   
   687   8.228839e+00 -7.272727e-01   
   688   4.289442e+00 -1.433289e+00   
   689   5.609501e+00 -1.532371e+00   
   690   4.567457e+00 -1.492957e+00   
   691   8.016156e+00 -8.746143e-01   
   692   4.881264e+00 -1.532893e+00   
   693   5.250147e+00 -1.560098e+00   
   694   7.791207e+00 -1.016088e+00   
   695   3.802683e+00 -1.373737e+00   
   696   4.141311e+00 -1.464161e+00   
   697   5.841985e+00 -1.571660e+00   
   698   7.560108e+00 -1.144237e+00   
   699   4.461812e+00 -1.529732e+00   
   700   4.688357e+00 -1.563121e+00   
   701   7.329774e+00 -1.250627e+00   
   702   5.468894e+00 -1.611831e+00   
   703   7.092785e+00 -1.343385e+00   
   704   6.087897e+00 -1.577868e+00   
   705   6.850165e+00 -1.425157e+00   
   706   5.111075e+00 -1.627118e+00   
   707   6.596386e+00 -1.493289e+00   
   708   6.341094e+00 -1.549123e+00   
   709   8.202005e+00 -8.888889e-01   
   710   4.324148e+00 -1.569812e+00   
   711   3.984394e+00 -1.500903e+00   
   712   5.697291e+00 -1.666149e+00   
   713   5.335806e+00 -1.682664e+00   
   714   7.977694e+00 -1.047631e+00   
   715   4.948246e+00 -1.685193e+00   
   716   4.527339e+00 -1.649182e+00   
   717   7.738303e+00 -1.198230e+00   
   718   4.174733e+00 -1.611965e+00   
   719   5.954897e+00 -1.700594e+00   
   720   3.822690e+00 -1.535354e+00   
   721   7.502229e+00 -1.320905e+00   
   722   5.545326e+00 -1.744657e+00   
   723   7.263310e+00 -1.426993e+00   
   724   6.229746e+00 -1.691686e+00   
   725   7.018390e+00 -1.515274e+00   
   726   6.764537e+00 -1.588975e+00   
   727   4.767285e+00 -1.737472e+00   
   728   6.501118e+00 -1.649718e+00   
   729   5.208884e+00 -1.770091e+00   
   730   8.175171e+00 -1.050505e+00   
   731   5.412980e+00 -1.786132e+00   
   732   4.373679e+00 -1.712056e+00   
   733   4.013666e+00 -1.655947e+00   
   734   5.796334e+00 -1.816707e+00   
   735   7.925672e+00 -1.249949e+00   
   736   4.595758e+00 -1.804102e+00   
   737   5.033359e+00 -1.843290e+00   
   738   7.681720e+00 -1.384267e+00   
   739   4.215186e+00 -1.764790e+00   
   740   7.439360e+00 -1.499230e+00   
   741   6.094035e+00 -1.833407e+00   
   742   3.848608e+00 -1.696970e+00   
   743   7.190702e+00 -1.600731e+00   
   744   6.388131e+00 -1.802948e+00   
   745   6.665618e+00 -1.749807e+00   
   746   6.935872e+00 -1.684746e+00   
   747   5.602139e+00 -1.914515e+00   
   748   4.848477e+00 -1.906846e+00   
   749   5.357079e+00 -1.929368e+00   
   750   4.428814e+00 -1.867100e+00   
   751   4.046928e+00 -1.813950e+00   
   752   8.118644e+00 -1.311184e+00   
   753   7.868828e+00 -1.449522e+00   
   754   4.667601e+00 -1.971197e+00   
   755   7.622969e+00 -1.568869e+00   
   756   5.930568e+00 -1.983187e+00   
   757   5.131219e+00 -2.013188e+00   
   758   4.260567e+00 -1.925636e+00   
   759   7.368934e+00 -1.680154e+00   
   760   6.260927e+00 -1.958160e+00   
   761   6.558931e+00 -1.911060e+00   
   762   3.874526e+00 -1.858586e+00   
   763   6.837885e+00 -1.849473e+00   
   764   7.109090e+00 -1.775945e+00   
   765   4.490167e+00 -2.034535e+00   
   766   4.931854e+00 -2.081163e+00   
   767   4.087312e+00 -1.976258e+00   
   768   7.811370e+00 -1.632248e+00   
   769   7.553980e+00 -1.749072e+00   
   770   5.427882e+00 -2.153419e+00   
   771   8.055274e+00 -1.535354e+00   
   772   7.286098e+00 -1.858288e+00   
   773   6.438860e+00 -2.072781e+00   
   774   6.122009e+00 -2.120966e+00   
   775   5.709220e+00 -2.159131e+00   
   776   6.730284e+00 -2.014586e+00   
   777   4.739796e+00 -2.143849e+00   
   778   7.012252e+00 -1.946266e+00   
   779   4.312196e+00 -2.094888e+00   
   780   3.905709e+00 -2.020202e+00   
   781   5.209735e+00 -2.201452e+00   
   782   4.555663e+00 -2.209431e+00   
   783   4.130347e+00 -2.145930e+00   
   784   5.007923e+00 -2.260771e+00   
   785   8.002531e+00 -1.696970e+00   
   786   7.746989e+00 -1.808370e+00   
   787   7.472217e+00 -1.931439e+00   
   788   7.189381e+00 -2.034745e+00   
   789   6.905832e+00 -2.115880e+00   
   790   6.618486e+00 -2.181931e+00   
   791   6.315295e+00 -2.238805e+00   
   792   5.435496e+00 -2.323726e+00   
   793   5.976365e+00 -2.297827e+00   
   794   3.942837e+00 -2.181818e+00   
   795   4.815666e+00 -2.325711e+00   
   796   4.372270e+00 -2.274610e+00   
   797   5.272541e+00 -2.375767e+00   
   798   7.949788e+00 -1.858586e+00   
   799   7.670213e+00 -1.990968e+00   
   800   4.182569e+00 -2.326335e+00   
   801   4.628396e+00 -2.395024e+00   
   802   5.081483e+00 -2.437815e+00   
   803   7.375537e+00 -2.118260e+00   
   804   5.606691e+00 -2.439328e+00   
   805   7.084436e+00 -2.212617e+00   
   806   6.499604e+00 -2.348643e+00   
   807   6.793779e+00 -2.288965e+00   
   808   6.194448e+00 -2.409622e+00   
   809   3.979964e+00 -2.343434e+00   
   810   4.891373e+00 -2.506625e+00   
   811   5.879784e+00 -2.501590e+00   
   812   4.442486e+00 -2.466589e+00   
   813   7.883907e+00 -2.020202e+00   
   814   5.371444e+00 -2.536417e+00   
   815   7.570985e+00 -2.194916e+00   
   816   7.269344e+00 -2.304436e+00   
   817   6.972717e+00 -2.388160e+00   
   818   6.678823e+00 -2.458817e+00   
   819   6.385811e+00 -2.515018e+00   
   820   4.706409e+00 -2.583871e+00   
   821   5.168127e+00 -2.612417e+00   
   822   4.251171e+00 -2.534986e+00   
   823   6.094493e+00 -2.583426e+00   
   824   5.637217e+00 -2.668822e+00   
   825   4.975918e+00 -2.688626e+00   
   826   5.836753e+00 -2.685775e+00   
   827   7.779661e+00 -2.260328e+00   
   828   4.520466e+00 -2.665738e+00   
   829   4.050847e+00 -2.595611e+00   
   830   5.438416e+00 -2.718156e+00   
   831   7.157210e+00 -2.487499e+00   
   832   6.855444e+00 -2.563557e+00   
   833   7.461111e+00 -2.396631e+00   
   834   6.563089e+00 -2.624028e+00   
   835   6.278918e+00 -2.677521e+00   
   836   6.016580e+00 -2.743022e+00   
   837   5.249981e+00 -2.788720e+00   
   838   4.793250e+00 -2.773132e+00   
   839   4.330343e+00 -2.747850e+00   
   840   5.664079e+00 -2.837643e+00   
   841   5.813433e+00 -2.829667e+00   
   842   6.448134e+00 -2.784040e+00   
   843   5.064284e+00 -2.868172e+00   
   844   6.734085e+00 -2.734663e+00   
   845   7.037139e+00 -2.666698e+00   
   846   7.351059e+00 -2.582122e+00   
   847   6.178808e+00 -2.828057e+00   
   848   5.500889e+00 -2.884869e+00   
   849   7.653055e+00 -2.505051e+00   
   850   4.608787e+00 -2.863043e+00   
   851   5.949275e+00 -2.880269e+00   
   852   4.129268e+00 -2.828283e+00   
   853   5.799780e+00 -2.924654e+00   
   854   5.329099e+00 -2.956136e+00   
   855   4.885436e+00 -2.958406e+00   
   856   5.704777e+00 -2.967214e+00   
   857   6.332294e+00 -2.929985e+00   
   858   6.084768e+00 -2.962382e+00   
   859   5.880146e+00 -2.989502e+00   
   860   6.610504e+00 -2.897257e+00   
   861   4.421371e+00 -2.958857e+00   
   862   7.559966e+00 -2.666667e+00   
   863   6.907325e+00 -2.847051e+00   
   864   7.228576e+00 -2.768683e+00   
   865   5.571688e+00 -3.032655e+00   
   866   5.157336e+00 -3.041935e+00   
   867   4.705801e+00 -3.056639e+00   
   868   5.782824e+00 -3.077188e+00   
   869   5.990059e+00 -3.082633e+00   
   870   5.419637e+00 -3.114882e+00   
   871   6.221594e+00 -3.066381e+00   
   872   6.485558e+00 -3.048370e+00   
   873   4.220339e+00 -3.055520e+00   
   874   4.984434e+00 -3.137636e+00   
   875   6.772648e+00 -3.018277e+00   
   876   7.440678e+00 -2.857346e+00   
   877   5.661009e+00 -3.167240e+00   
   878   7.085861e+00 -2.965310e+00   
   879   5.258180e+00 -3.208001e+00   
   880   5.884921e+00 -3.188381e+00   
   881   4.525589e+00 -3.168936e+00   
   882   6.110401e+00 -3.190266e+00   
   883   4.806391e+00 -3.237189e+00   
   884   6.360839e+00 -3.186221e+00   
   885   5.522878e+00 -3.265315e+00   
   886   6.635207e+00 -3.174240e+00   
   887   5.770228e+00 -3.294523e+00   
   888   5.088571e+00 -3.313015e+00   
   889   6.936658e+00 -3.148649e+00   
   890   5.998840e+00 -3.301854e+00   
   891   7.271186e+00 -3.090817e+00   
   892   5.368624e+00 -3.363757e+00   
   893   6.235504e+00 -3.311640e+00   
   894   4.348283e+00 -3.313131e+00   
   895   4.629105e+00 -3.347613e+00   
   896   6.497733e+00 -3.314967e+00   
   897   4.910043e+00 -3.408329e+00   
   898   5.888213e+00 -3.401448e+00   
   899   5.643819e+00 -3.416612e+00   
   900   6.784786e+00 -3.313011e+00   
   901   6.113648e+00 -3.421769e+00   
   902   5.485248e+00 -3.483923e+00   
   903   7.101695e+00 -3.294210e+00   
   904   5.208277e+00 -3.500301e+00   
   905   5.790104e+00 -3.493711e+00   
   906   6.359810e+00 -3.441372e+00   
   907   4.446935e+00 -3.474747e+00   
   908   4.740856e+00 -3.515931e+00   
   909   5.993682e+00 -3.515703e+00   
   910   5.647477e+00 -3.551585e+00   
   911   6.631522e+00 -3.458809e+00   
   912   5.547288e+00 -3.568391e+00   
   913   5.737830e+00 -3.563821e+00   
   914   5.014928e+00 -3.573288e+00   
   915   5.381259e+00 -3.586933e+00   
   916   6.222988e+00 -3.552390e+00   
   917   5.882014e+00 -3.592538e+00   
   918   6.932203e+00 -3.471118e+00   
   919   5.775910e+00 -3.646166e+00   
   920   6.477783e+00 -3.588975e+00   
   921   5.654363e+00 -3.667123e+00   
   922   5.509227e+00 -3.672175e+00   
   923   4.564307e+00 -3.636364e+00   
   924   5.199350e+00 -3.675916e+00   
   925   6.088664e+00 -3.644463e+00   
   926   4.866137e+00 -3.675714e+00   
   927   5.325415e+00 -3.703595e+00   
   928   5.077943e+00 -3.712575e+00   
   929   5.417083e+00 -3.732654e+00   
   930   5.956340e+00 -3.716004e+00   
   931   6.762712e+00 -3.624394e+00   
   932   6.324943e+00 -3.700561e+00   
   933   5.823773e+00 -3.767136e+00   
   934   5.114324e+00 -3.796149e+00   
   935   5.194832e+00 -3.799124e+00   
   936   5.684837e+00 -3.798568e+00   
   937   4.983169e+00 -3.804946e+00   
   938   5.543404e+00 -3.813282e+00   
   939   5.303967e+00 -3.818876e+00   
   940   5.419650e+00 -3.831945e+00   
   941   4.728814e+00 -3.811952e+00   
   942   6.175272e+00 -3.792261e+00   
   943   6.593220e+00 -3.756300e+00   
   944   5.072886e+00 -3.880514e+00   
   945   6.023321e+00 -3.862154e+00   
   946   5.170245e+00 -3.920896e+00   
   947   5.870562e+00 -3.916110e+00   
   948   6.423729e+00 -3.868619e+00   
   949   5.281128e+00 -3.950171e+00   
   950   5.716016e+00 -3.950588e+00   
   951   5.563135e+00 -3.965913e+00   
   952   5.416847e+00 -3.968824e+00   
   953   4.921828e+00 -3.959596e+00   
   954   5.026981e+00 -4.006686e+00   
   955   6.254237e+00 -3.962727e+00   
   956   5.132135e+00 -4.053775e+00   
   957   6.084746e+00 -4.027364e+00   
   958   5.237288e+00 -4.100865e+00   
   959   5.915254e+00 -4.092001e+00   
   960   5.406780e+00 -4.134105e+00   
   961   5.576271e+00 -4.130958e+00   
   962   5.745763e+00 -4.127811e+00   
  END_COORDINATES
  BOUNDARIES, ELEMENT
    1         953     954         1     
    2         954     956         2     
    3         956     958         3     
    4         958     960         4     
    5         960     961         5     
    6         961     962         6     
    7         962     959         7     
    8         959     957         8     
    9         957     955         9     
    10         955     948         10     
    11         948     943         11     
    12         943     931         12     
    13         931     918         13     
    14         941     953         14     
    15         923     941         15     
    16         907     923         16     
    17         894     907         17     
    18         918     903         18     
    19         903     891         19     
    20         873     894         20     
    21         852     873         21     
    22         829     852         22     
    23         809     829         23     
    24         794     809         24     
    25         780     794         25     
    26         762     780         26     
    27         742     762         27     
    28         720     742         28     
    29         695     720         29     
    30         668     695         30     
    31         640     668         31     
    32         612     640         32     
    33         583     612         33     
    34         558     583         34     
    35         533     558         35     
    36         506     533         36     
    37         480     506         37     
    38         451     480         38     
    39         431     451         39     
    40         405     431         40     
    41         384     405         41     
    42         358     384         42     
    43         331     358         43     
    44         307     331         44     
    45         284     307         45     
    46         265     284         46     
    47         245     265         47     
    48         226     245         48     
    49         209     226         49     
    50         891     876         50     
    51         876     862         51     
    52         862     849         52     
    53         849     827         53     
    54         827     813         54     
    55         813     798         55     
    56         798     785         56     
    57         785     771         57     
    58         771     752         58     
    59         752     730         59     
    60         730     709         60     
    61         709     687         61     
    62         687     660         62     
    63         660     636         63     
    64         636     613         64     
    65         613     588         65     
    66         588     566         66     
    67         566     543         67     
    68         543     517         68     
    69         517     495         69     
    70         495     473         70     
    71         473     449         71     
    72         449     428         72     
    73         428     403         73     
    74         403     382         74     
    75         382     360         75     
    76         360     335         76     
    77         335     310         77     
    78         310     285         78     
    79         285     264         79     
    80         264     244         80     
    81         244     215         81     
    82         215     191         82     
    83         191     174         83     
    84         174     154         84     
    85         154     132         85     
    86         132     109         86     
    87         109     88         87     
    88         88     64         88     
    89         64     51         89     
    90         51     45         90     
    91         45     33         91     
    92         33     19         92     
    93         19     8         93     
    94         8     3         94     
    95         3     1         95     
    96         1     4         96     
    97         4     12         97     
    98         12     25         98     
    99         25     43         99     
    100         179     209         100     
    101         166     179         101     
    102         151     166         102     
    103         133     151         103     
    104         113     133         104     
    105         97     113         105     
    106         82     97         106     
    107         62     82         107     
    108         43     62         108     
  END_BOUNDARIES
  MATERIALS, NUMBER= 1, DEFAULT=1
  END_MATERIALS
  SUBDOMAINS
  END_SUBDOMAINS
  CHARACTERISTICS
  END_CHARACTERISTICS
