  NODES_PER_ELEMENT 
  1 10
  2 10
  3 10
  4 10
  5 10
  6 10
  7 10
  8 10
  9 10
  10 10
  11 10
  12 10
  13 10
  14 10
  15 10
  16 10
  17 10
  18 10
  19 10
  20 10
  21 10
  22 10
  23 10
  24 10
  25 10
  26 10
  27 10
  28 10
  29 10
  30 10
  31 10
  32 10
  33 10
  34 10
  35 10
  36 10
  37 10
  38 10
  39 10
  40 10
  41 10
  42 10
  43 10
  44 10
  45 10
  46 10
  47 10
  48 10
  49 10
  50 10
  51 10
  52 10
  53 10
  54 10
  55 10
  56 10
  57 10
  58 10
  59 10
  60 10
  61 10
  62 10
  63 10
  64 10
  65 10
  66 10
  67 10
  68 10
  69 10
  70 10
  71 10
  72 10
  73 10
  74 10
  75 10
  76 10
  77 10
  78 10
  79 10
  80 10
  81 10
  82 10
  83 10
  84 10
  85 10
  86 10
  87 10
  88 10
  89 10
  90 10
  91 10
  92 10
  93 10
  94 10
  95 10
  96 10
  97 10
  98 10
  99 10
  100 10
  101 10
  102 10
  103 10
  104 10
  105 10
  106 10
  107 10
  108 10
  109 10
  110 10
  111 10
  112 10
  113 10
  114 10
  115 10
  116 10
  117 10
  118 10
  119 10
  120 10
  END_NODES_PER_ELEMENT 
  ELEMENTS 
  1 1 2 3 78 79 80 81 83 82 470  
  2 2 4 3 84 85 87 86 81 80 471  
  3 5 6 1 88 89 90 91 93 92 472  
  4 6 2 1 94 95 79 78 91 90 473  
  5 7 8 5 96 97 98 99 101 100 474  
  6 8 6 5 102 103 89 88 99 98 475  
  7 9 10 7 104 105 106 107 109 108 476  
  8 10 8 7 110 111 97 96 107 106 477  
  9 11 12 9 112 113 114 115 117 116 478  
  10 12 10 9 118 119 105 104 115 114 479  
  11 13 14 11 120 121 123 122 125 124 480  
  12 14 12 11 126 127 113 112 122 123 481  
  13 2 15 4 128 129 130 131 85 84 482  
  14 15 16 4 132 133 135 134 131 130 483  
  15 6 17 2 136 137 138 139 95 94 484  
  16 17 15 2 140 141 129 128 139 138 485  
  17 8 18 6 142 143 144 145 103 102 486  
  18 18 17 6 146 147 137 136 145 144 487  
  19 10 19 8 148 149 150 151 111 110 488  
  20 19 18 8 152 153 143 142 151 150 489  
  21 12 20 10 154 155 157 156 119 118 490  
  22 20 19 10 158 159 149 148 156 157 491  
  23 14 21 12 160 161 163 162 127 126 492  
  24 21 20 12 164 165 155 154 162 163 493  
  25 15 22 16 166 167 168 169 133 132 494  
  26 22 23 16 170 171 173 172 169 168 495  
  27 17 24 15 174 175 176 177 141 140 496  
  28 24 22 15 178 179 167 166 177 176 497  
  29 18 25 17 180 181 182 183 147 146 498  
  30 25 24 17 184 185 175 174 183 182 499  
  31 19 26 18 186 187 189 188 153 152 500  
  32 26 25 18 190 191 181 180 188 189 501  
  33 20 27 19 192 193 195 194 159 158 502  
  34 27 26 19 196 197 187 186 194 195 503  
  35 21 28 20 198 199 201 200 165 164 504  
  36 28 27 20 202 203 193 192 200 201 505  
  37 22 29 23 204 205 206 207 171 170 506  
  38 29 30 23 208 209 211 210 207 206 507  
  39 24 31 22 212 213 214 215 179 178 508  
  40 31 29 22 216 217 205 204 215 214 509  
  41 25 32 24 218 219 221 220 185 184 510  
  42 32 31 24 222 223 213 212 220 221 511  
  43 26 33 25 224 225 227 226 191 190 512  
  44 33 32 25 228 229 219 218 226 227 513  
  45 27 34 26 230 231 233 232 197 196 514  
  46 34 33 26 234 235 225 224 232 233 515  
  47 28 35 27 236 237 239 238 203 202 516  
  48 35 34 27 240 241 231 230 238 239 517  
  49 29 36 30 242 243 244 245 209 208 518  
  50 36 37 30 246 247 249 248 245 244 519  
  51 31 38 29 250 251 253 252 217 216 520  
  52 38 36 29 254 255 243 242 252 253 521  
  53 32 39 31 256 257 259 258 223 222 522  
  54 39 38 31 260 261 251 250 258 259 523  
  55 33 40 32 262 263 265 264 229 228 524  
  56 40 39 32 266 267 257 256 264 265 525  
  57 34 41 33 268 269 271 270 235 234 526  
  58 41 40 33 272 273 263 262 270 271 527  
  59 35 42 34 274 275 277 276 241 240 528  
  60 42 41 34 278 279 269 268 276 277 529  
  61 36 43 37 280 281 283 282 247 246 530  
  62 43 44 37 284 285 287 286 282 283 531  
  63 38 45 36 288 289 291 290 255 254 532  
  64 45 43 36 292 293 281 280 290 291 533  
  65 39 46 38 294 295 297 296 261 260 534  
  66 46 45 38 298 299 289 288 296 297 535  
  67 40 47 39 300 301 303 302 267 266 536  
  68 47 46 39 304 305 295 294 302 303 537  
  69 41 48 40 306 307 309 308 273 272 538  
  70 48 47 40 310 311 301 300 308 309 539  
  71 42 49 41 312 313 315 314 279 278 540  
  72 49 48 41 316 317 307 306 314 315 541  
  73 43 50 44 318 319 321 320 285 284 542  
  74 50 51 44 322 323 325 324 320 321 543  
  75 45 52 43 326 327 329 328 293 292 544  
  76 52 50 43 330 331 319 318 328 329 545  
  77 46 53 45 332 333 335 334 299 298 546  
  78 53 52 45 336 337 327 326 334 335 547  
  79 47 54 46 338 339 341 340 305 304 548  
  80 54 53 46 342 343 333 332 340 341 549  
  81 48 55 47 344 345 347 346 311 310 550  
  82 55 54 47 348 349 339 338 346 347 551  
  83 49 56 48 350 351 353 352 317 316 552  
  84 56 55 48 354 355 345 344 352 353 553  
  85 50 57 51 356 357 359 358 323 322 554  
  86 57 58 51 360 361 363 362 358 359 555  
  87 52 59 50 364 365 367 366 331 330 556  
  88 59 57 50 368 369 357 356 366 367 557  
  89 53 60 52 370 371 373 372 337 336 558  
  90 60 59 52 374 375 365 364 372 373 559  
  91 54 61 53 376 377 379 378 343 342 560  
  92 61 60 53 380 381 371 370 378 379 561  
  93 55 62 54 382 383 385 384 349 348 562  
  94 62 61 54 386 387 377 376 384 385 563  
  95 56 63 55 388 389 391 390 355 354 564  
  96 63 62 55 392 393 383 382 390 391 565  
  97 57 64 58 394 395 397 396 361 360 566  
  98 64 65 58 398 399 401 400 396 397 567  
  99 59 66 57 402 403 405 404 369 368 568  
  100 66 64 57 406 407 395 394 404 405 569  
  101 60 67 59 408 409 411 410 375 374 570  
  102 67 66 59 412 413 403 402 410 411 571  
  103 61 68 60 414 415 417 416 381 380 572  
  104 68 67 60 418 419 409 408 416 417 573  
  105 62 69 61 420 421 423 422 387 386 574  
  106 69 68 61 424 425 415 414 422 423 575  
  107 63 70 62 426 427 429 428 393 392 576  
  108 70 69 62 430 431 421 420 428 429 577  
  109 64 71 65 432 433 435 434 399 398 578  
  110 71 72 65 436 437 439 438 434 435 579  
  111 66 73 64 440 441 443 442 407 406 580  
  112 73 71 64 444 445 433 432 442 443 581  
  113 67 74 66 446 447 449 448 413 412 582  
  114 74 73 66 450 451 441 440 448 449 583  
  115 68 75 67 452 453 455 454 419 418 584  
  116 75 74 67 456 457 447 446 454 455 585  
  117 69 76 68 458 459 461 460 425 424 586  
  118 76 75 68 462 463 453 452 460 461 587  
  119 70 77 69 464 465 467 466 431 430 588  
  120 77 76 69 468 469 459 458 466 467 589  
  END_ELEMENTS 
  COORDINATES 
   1   4.416667e+00  -5.000000e+00   
   2   4.416667e+00  -4.000000e+00   
   3   3.500000e+00  -5.000000e+00   
   4   3.500000e+00  -4.000000e+00   
   5   5.333333e+00  -5.000000e+00   
   6   5.333333e+00  -4.000000e+00   
   7   6.250000e+00  -5.000000e+00   
   8   6.250000e+00  -4.000000e+00   
   9   7.166667e+00  -5.000000e+00   
   10   7.166667e+00  -4.000000e+00   
   11   8.083333e+00  -5.000000e+00   
   12   8.083333e+00  -4.000000e+00   
   13   9.000000e+00  -5.000000e+00   
   14   9.000000e+00  -4.000000e+00   
   15   4.416667e+00  -3.000000e+00   
   16   3.500000e+00  -3.000000e+00   
   17   5.333333e+00  -3.000000e+00   
   18   6.250000e+00  -3.000000e+00   
   19   7.166667e+00  -3.000000e+00   
   20   8.083333e+00  -3.000000e+00   
   21   9.000000e+00  -3.000000e+00   
   22   4.416667e+00  -2.000000e+00   
   23   3.500000e+00  -2.000000e+00   
   24   5.333333e+00  -2.000000e+00   
   25   6.250000e+00  -2.000000e+00   
   26   7.166667e+00  -2.000000e+00   
   27   8.083333e+00  -2.000000e+00   
   28   9.000000e+00  -2.000000e+00   
   29   4.416667e+00  -1.000000e+00   
   30   3.500000e+00  -1.000000e+00   
   31   5.333333e+00  -1.000000e+00   
   32   6.250000e+00  -1.000000e+00   
   33   7.166667e+00  -1.000000e+00   
   34   8.083333e+00  -1.000000e+00   
   35   9.000000e+00  -1.000000e+00   
   36   4.416667e+00  0.000000e+00   
   37   3.500000e+00  0.000000e+00   
   38   5.333333e+00  0.000000e+00   
   39   6.250000e+00  0.000000e+00   
   40   7.166667e+00  0.000000e+00   
   41   8.083333e+00  0.000000e+00   
   42   9.000000e+00  0.000000e+00   
   43   4.416667e+00  1.000000e+00   
   44   3.500000e+00  1.000000e+00   
   45   5.333333e+00  1.000000e+00   
   46   6.250000e+00  1.000000e+00   
   47   7.166667e+00  1.000000e+00   
   48   8.083333e+00  1.000000e+00   
   49   9.000000e+00  1.000000e+00   
   50   4.416667e+00  2.000000e+00   
   51   3.500000e+00  2.000000e+00   
   52   5.333333e+00  2.000000e+00   
   53   6.250000e+00  2.000000e+00   
   54   7.166667e+00  2.000000e+00   
   55   8.083333e+00  2.000000e+00   
   56   9.000000e+00  2.000000e+00   
   57   4.416667e+00  3.000000e+00   
   58   3.500000e+00  3.000000e+00   
   59   5.333333e+00  3.000000e+00   
   60   6.250000e+00  3.000000e+00   
   61   7.166667e+00  3.000000e+00   
   62   8.083333e+00  3.000000e+00   
   63   9.000000e+00  3.000000e+00   
   64   4.416667e+00  4.000000e+00   
   65   3.500000e+00  4.000000e+00   
   66   5.333333e+00  4.000000e+00   
   67   6.250000e+00  4.000000e+00   
   68   7.166667e+00  4.000000e+00   
   69   8.083333e+00  4.000000e+00   
   70   9.000000e+00  4.000000e+00   
   71   4.416667e+00  5.000000e+00   
   72   3.500000e+00  5.000000e+00   
   73   5.333333e+00  5.000000e+00   
   74   6.250000e+00  5.000000e+00   
   75   7.166667e+00  5.000000e+00   
   76   8.083333e+00  5.000000e+00   
   77   9.000000e+00  5.000000e+00   
   78   4.416667e+00  -4.666667e+00   
   79   4.416667e+00  -4.333333e+00   
   80   4.111111e+00  -4.333333e+00   
   81   3.805555e+00  -4.666667e+00   
   82   4.111111e+00  -5.000000e+00   
   83   3.805555e+00  -5.000000e+00   
   84   4.111111e+00  -4.000000e+00   
   85   3.805555e+00  -4.000000e+00   
   86   3.500000e+00  -4.666667e+00   
   87   3.500000e+00  -4.333333e+00   
   88   5.333333e+00  -4.666667e+00   
   89   5.333333e+00  -4.333333e+00   
   90   5.027778e+00  -4.333333e+00   
   91   4.722222e+00  -4.666667e+00   
   92   5.027778e+00  -5.000000e+00   
   93   4.722222e+00  -5.000000e+00   
   94   5.027778e+00  -4.000000e+00   
   95   4.722222e+00  -4.000000e+00   
   96   6.250000e+00  -4.666667e+00   
   97   6.250000e+00  -4.333333e+00   
   98   5.944445e+00  -4.333333e+00   
   99   5.638889e+00  -4.666667e+00   
   100   5.944445e+00  -5.000000e+00   
   101   5.638889e+00  -5.000000e+00   
   102   5.944445e+00  -4.000000e+00   
   103   5.638889e+00  -4.000000e+00   
   104   7.166667e+00  -4.666667e+00   
   105   7.166667e+00  -4.333333e+00   
   106   6.861111e+00  -4.333333e+00   
   107   6.555555e+00  -4.666667e+00   
   108   6.861111e+00  -5.000000e+00   
   109   6.555555e+00  -5.000000e+00   
   110   6.861111e+00  -4.000000e+00   
   111   6.555555e+00  -4.000000e+00   
   112   8.083333e+00  -4.666667e+00   
   113   8.083333e+00  -4.333333e+00   
   114   7.777778e+00  -4.333333e+00   
   115   7.472222e+00  -4.666667e+00   
   116   7.777778e+00  -5.000000e+00   
   117   7.472222e+00  -5.000000e+00   
   118   7.777778e+00  -4.000000e+00   
   119   7.472222e+00  -4.000000e+00   
   120   9.000000e+00  -4.666667e+00   
   121   9.000000e+00  -4.333333e+00   
   122   8.388889e+00  -4.666667e+00   
   123   8.694445e+00  -4.333333e+00   
   124   8.694445e+00  -5.000000e+00   
   125   8.388889e+00  -5.000000e+00   
   126   8.694445e+00  -4.000000e+00   
   127   8.388889e+00  -4.000000e+00   
   128   4.416667e+00  -3.666667e+00   
   129   4.416667e+00  -3.333333e+00   
   130   4.111111e+00  -3.333333e+00   
   131   3.805555e+00  -3.666667e+00   
   132   4.111111e+00  -3.000000e+00   
   133   3.805555e+00  -3.000000e+00   
   134   3.500000e+00  -3.666667e+00   
   135   3.500000e+00  -3.333333e+00   
   136   5.333333e+00  -3.666667e+00   
   137   5.333333e+00  -3.333333e+00   
   138   5.027778e+00  -3.333333e+00   
   139   4.722222e+00  -3.666667e+00   
   140   5.027778e+00  -3.000000e+00   
   141   4.722222e+00  -3.000000e+00   
   142   6.250000e+00  -3.666667e+00   
   143   6.250000e+00  -3.333333e+00   
   144   5.944445e+00  -3.333333e+00   
   145   5.638889e+00  -3.666667e+00   
   146   5.944445e+00  -3.000000e+00   
   147   5.638889e+00  -3.000000e+00   
   148   7.166667e+00  -3.666667e+00   
   149   7.166667e+00  -3.333333e+00   
   150   6.861111e+00  -3.333333e+00   
   151   6.555555e+00  -3.666667e+00   
   152   6.861111e+00  -3.000000e+00   
   153   6.555555e+00  -3.000000e+00   
   154   8.083333e+00  -3.666667e+00   
   155   8.083333e+00  -3.333333e+00   
   156   7.472222e+00  -3.666667e+00   
   157   7.777778e+00  -3.333333e+00   
   158   7.777778e+00  -3.000000e+00   
   159   7.472222e+00  -3.000000e+00   
   160   9.000000e+00  -3.666667e+00   
   161   9.000000e+00  -3.333333e+00   
   162   8.388889e+00  -3.666667e+00   
   163   8.694445e+00  -3.333333e+00   
   164   8.694445e+00  -3.000000e+00   
   165   8.388889e+00  -3.000000e+00   
   166   4.416667e+00  -2.666667e+00   
   167   4.416667e+00  -2.333333e+00   
   168   4.111111e+00  -2.333333e+00   
   169   3.805555e+00  -2.666667e+00   
   170   4.111111e+00  -2.000000e+00   
   171   3.805555e+00  -2.000000e+00   
   172   3.500000e+00  -2.666667e+00   
   173   3.500000e+00  -2.333333e+00   
   174   5.333333e+00  -2.666667e+00   
   175   5.333333e+00  -2.333333e+00   
   176   5.027778e+00  -2.333333e+00   
   177   4.722222e+00  -2.666667e+00   
   178   5.027778e+00  -2.000000e+00   
   179   4.722222e+00  -2.000000e+00   
   180   6.250000e+00  -2.666667e+00   
   181   6.250000e+00  -2.333333e+00   
   182   5.944445e+00  -2.333333e+00   
   183   5.638889e+00  -2.666667e+00   
   184   5.944445e+00  -2.000000e+00   
   185   5.638889e+00  -2.000000e+00   
   186   7.166667e+00  -2.666667e+00   
   187   7.166667e+00  -2.333333e+00   
   188   6.555555e+00  -2.666667e+00   
   189   6.861111e+00  -2.333333e+00   
   190   6.861111e+00  -2.000000e+00   
   191   6.555555e+00  -2.000000e+00   
   192   8.083333e+00  -2.666667e+00   
   193   8.083333e+00  -2.333333e+00   
   194   7.472222e+00  -2.666667e+00   
   195   7.777778e+00  -2.333333e+00   
   196   7.777778e+00  -2.000000e+00   
   197   7.472222e+00  -2.000000e+00   
   198   9.000000e+00  -2.666667e+00   
   199   9.000000e+00  -2.333333e+00   
   200   8.388889e+00  -2.666667e+00   
   201   8.694445e+00  -2.333333e+00   
   202   8.694445e+00  -2.000000e+00   
   203   8.388889e+00  -2.000000e+00   
   204   4.416667e+00  -1.666667e+00   
   205   4.416667e+00  -1.333333e+00   
   206   4.111111e+00  -1.333333e+00   
   207   3.805555e+00  -1.666667e+00   
   208   4.111111e+00  -1.000000e+00   
   209   3.805555e+00  -1.000000e+00   
   210   3.500000e+00  -1.666667e+00   
   211   3.500000e+00  -1.333333e+00   
   212   5.333333e+00  -1.666667e+00   
   213   5.333333e+00  -1.333333e+00   
   214   5.027778e+00  -1.333333e+00   
   215   4.722222e+00  -1.666667e+00   
   216   5.027778e+00  -1.000000e+00   
   217   4.722222e+00  -1.000000e+00   
   218   6.250000e+00  -1.666667e+00   
   219   6.250000e+00  -1.333333e+00   
   220   5.638889e+00  -1.666667e+00   
   221   5.944445e+00  -1.333333e+00   
   222   5.944445e+00  -1.000000e+00   
   223   5.638889e+00  -1.000000e+00   
   224   7.166667e+00  -1.666667e+00   
   225   7.166667e+00  -1.333333e+00   
   226   6.555555e+00  -1.666667e+00   
   227   6.861111e+00  -1.333333e+00   
   228   6.861111e+00  -1.000000e+00   
   229   6.555555e+00  -1.000000e+00   
   230   8.083333e+00  -1.666667e+00   
   231   8.083333e+00  -1.333333e+00   
   232   7.472222e+00  -1.666667e+00   
   233   7.777778e+00  -1.333333e+00   
   234   7.777778e+00  -1.000000e+00   
   235   7.472222e+00  -1.000000e+00   
   236   9.000000e+00  -1.666667e+00   
   237   9.000000e+00  -1.333333e+00   
   238   8.388889e+00  -1.666667e+00   
   239   8.694445e+00  -1.333333e+00   
   240   8.694445e+00  -1.000000e+00   
   241   8.388889e+00  -1.000000e+00   
   242   4.416667e+00  -6.666667e-01   
   243   4.416667e+00  -3.333333e-01   
   244   4.111111e+00  -3.333333e-01   
   245   3.805555e+00  -6.666667e-01   
   246   4.111111e+00  0.000000e+00   
   247   3.805555e+00  0.000000e+00   
   248   3.500000e+00  -6.666667e-01   
   249   3.500000e+00  -3.333333e-01   
   250   5.333333e+00  -6.666667e-01   
   251   5.333333e+00  -3.333333e-01   
   252   4.722222e+00  -6.666667e-01   
   253   5.027778e+00  -3.333333e-01   
   254   5.027778e+00  0.000000e+00   
   255   4.722222e+00  0.000000e+00   
   256   6.250000e+00  -6.666667e-01   
   257   6.250000e+00  -3.333333e-01   
   258   5.638889e+00  -6.666667e-01   
   259   5.944445e+00  -3.333333e-01   
   260   5.944445e+00  0.000000e+00   
   261   5.638889e+00  0.000000e+00   
   262   7.166667e+00  -6.666667e-01   
   263   7.166667e+00  -3.333333e-01   
   264   6.555555e+00  -6.666667e-01   
   265   6.861111e+00  -3.333333e-01   
   266   6.861111e+00  0.000000e+00   
   267   6.555555e+00  0.000000e+00   
   268   8.083333e+00  -6.666667e-01   
   269   8.083333e+00  -3.333333e-01   
   270   7.472222e+00  -6.666667e-01   
   271   7.777778e+00  -3.333333e-01   
   272   7.777778e+00  0.000000e+00   
   273   7.472222e+00  0.000000e+00   
   274   9.000000e+00  -6.666667e-01   
   275   9.000000e+00  -3.333333e-01   
   276   8.388889e+00  -6.666667e-01   
   277   8.694445e+00  -3.333333e-01   
   278   8.694445e+00  0.000000e+00   
   279   8.388889e+00  0.000000e+00   
   280   4.416667e+00  3.333333e-01   
   281   4.416667e+00  6.666667e-01   
   282   3.805555e+00  3.333333e-01   
   283   4.111111e+00  6.666667e-01   
   284   4.111111e+00  1.000000e+00   
   285   3.805555e+00  1.000000e+00   
   286   3.500000e+00  3.333333e-01   
   287   3.500000e+00  6.666667e-01   
   288   5.333333e+00  3.333333e-01   
   289   5.333333e+00  6.666667e-01   
   290   4.722222e+00  3.333333e-01   
   291   5.027778e+00  6.666667e-01   
   292   5.027778e+00  1.000000e+00   
   293   4.722222e+00  1.000000e+00   
   294   6.250000e+00  3.333333e-01   
   295   6.250000e+00  6.666667e-01   
   296   5.638889e+00  3.333333e-01   
   297   5.944445e+00  6.666667e-01   
   298   5.944445e+00  1.000000e+00   
   299   5.638889e+00  1.000000e+00   
   300   7.166667e+00  3.333333e-01   
   301   7.166667e+00  6.666667e-01   
   302   6.555555e+00  3.333333e-01   
   303   6.861111e+00  6.666667e-01   
   304   6.861111e+00  1.000000e+00   
   305   6.555555e+00  1.000000e+00   
   306   8.083333e+00  3.333333e-01   
   307   8.083333e+00  6.666667e-01   
   308   7.472222e+00  3.333333e-01   
   309   7.777778e+00  6.666667e-01   
   310   7.777778e+00  1.000000e+00   
   311   7.472222e+00  1.000000e+00   
   312   9.000000e+00  3.333333e-01   
   313   9.000000e+00  6.666667e-01   
   314   8.388889e+00  3.333333e-01   
   315   8.694445e+00  6.666667e-01   
   316   8.694445e+00  1.000000e+00   
   317   8.388889e+00  1.000000e+00   
   318   4.416667e+00  1.333333e+00   
   319   4.416667e+00  1.666667e+00   
   320   3.805555e+00  1.333333e+00   
   321   4.111111e+00  1.666667e+00   
   322   4.111111e+00  2.000000e+00   
   323   3.805555e+00  2.000000e+00   
   324   3.500000e+00  1.333333e+00   
   325   3.500000e+00  1.666667e+00   
   326   5.333333e+00  1.333333e+00   
   327   5.333333e+00  1.666667e+00   
   328   4.722222e+00  1.333333e+00   
   329   5.027778e+00  1.666667e+00   
   330   5.027778e+00  2.000000e+00   
   331   4.722222e+00  2.000000e+00   
   332   6.250000e+00  1.333333e+00   
   333   6.250000e+00  1.666667e+00   
   334   5.638889e+00  1.333333e+00   
   335   5.944445e+00  1.666667e+00   
   336   5.944445e+00  2.000000e+00   
   337   5.638889e+00  2.000000e+00   
   338   7.166667e+00  1.333333e+00   
   339   7.166667e+00  1.666667e+00   
   340   6.555555e+00  1.333333e+00   
   341   6.861111e+00  1.666667e+00   
   342   6.861111e+00  2.000000e+00   
   343   6.555555e+00  2.000000e+00   
   344   8.083333e+00  1.333333e+00   
   345   8.083333e+00  1.666667e+00   
   346   7.472222e+00  1.333333e+00   
   347   7.777778e+00  1.666667e+00   
   348   7.777778e+00  2.000000e+00   
   349   7.472222e+00  2.000000e+00   
   350   9.000000e+00  1.333333e+00   
   351   9.000000e+00  1.666667e+00   
   352   8.388889e+00  1.333333e+00   
   353   8.694445e+00  1.666667e+00   
   354   8.694445e+00  2.000000e+00   
   355   8.388889e+00  2.000000e+00   
   356   4.416667e+00  2.333333e+00   
   357   4.416667e+00  2.666667e+00   
   358   3.805555e+00  2.333333e+00   
   359   4.111111e+00  2.666667e+00   
   360   4.111111e+00  3.000000e+00   
   361   3.805555e+00  3.000000e+00   
   362   3.500000e+00  2.333333e+00   
   363   3.500000e+00  2.666667e+00   
   364   5.333333e+00  2.333333e+00   
   365   5.333333e+00  2.666667e+00   
   366   4.722222e+00  2.333333e+00   
   367   5.027778e+00  2.666667e+00   
   368   5.027778e+00  3.000000e+00   
   369   4.722222e+00  3.000000e+00   
   370   6.250000e+00  2.333333e+00   
   371   6.250000e+00  2.666667e+00   
   372   5.638889e+00  2.333333e+00   
   373   5.944445e+00  2.666667e+00   
   374   5.944445e+00  3.000000e+00   
   375   5.638889e+00  3.000000e+00   
   376   7.166667e+00  2.333333e+00   
   377   7.166667e+00  2.666667e+00   
   378   6.555555e+00  2.333333e+00   
   379   6.861111e+00  2.666667e+00   
   380   6.861111e+00  3.000000e+00   
   381   6.555555e+00  3.000000e+00   
   382   8.083333e+00  2.333333e+00   
   383   8.083333e+00  2.666667e+00   
   384   7.472222e+00  2.333333e+00   
   385   7.777778e+00  2.666667e+00   
   386   7.777778e+00  3.000000e+00   
   387   7.472222e+00  3.000000e+00   
   388   9.000000e+00  2.333333e+00   
   389   9.000000e+00  2.666667e+00   
   390   8.388889e+00  2.333333e+00   
   391   8.694445e+00  2.666667e+00   
   392   8.694445e+00  3.000000e+00   
   393   8.388889e+00  3.000000e+00   
   394   4.416667e+00  3.333333e+00   
   395   4.416667e+00  3.666667e+00   
   396   3.805555e+00  3.333333e+00   
   397   4.111111e+00  3.666667e+00   
   398   4.111111e+00  4.000000e+00   
   399   3.805555e+00  4.000000e+00   
   400   3.500000e+00  3.333333e+00   
   401   3.500000e+00  3.666667e+00   
   402   5.333333e+00  3.333333e+00   
   403   5.333333e+00  3.666667e+00   
   404   4.722222e+00  3.333333e+00   
   405   5.027778e+00  3.666667e+00   
   406   5.027778e+00  4.000000e+00   
   407   4.722222e+00  4.000000e+00   
   408   6.250000e+00  3.333333e+00   
   409   6.250000e+00  3.666667e+00   
   410   5.638889e+00  3.333333e+00   
   411   5.944445e+00  3.666667e+00   
   412   5.944445e+00  4.000000e+00   
   413   5.638889e+00  4.000000e+00   
   414   7.166667e+00  3.333333e+00   
   415   7.166667e+00  3.666667e+00   
   416   6.555555e+00  3.333333e+00   
   417   6.861111e+00  3.666667e+00   
   418   6.861111e+00  4.000000e+00   
   419   6.555555e+00  4.000000e+00   
   420   8.083333e+00  3.333333e+00   
   421   8.083333e+00  3.666667e+00   
   422   7.472222e+00  3.333333e+00   
   423   7.777778e+00  3.666667e+00   
   424   7.777778e+00  4.000000e+00   
   425   7.472222e+00  4.000000e+00   
   426   9.000000e+00  3.333333e+00   
   427   9.000000e+00  3.666667e+00   
   428   8.388889e+00  3.333333e+00   
   429   8.694445e+00  3.666667e+00   
   430   8.694445e+00  4.000000e+00   
   431   8.388889e+00  4.000000e+00   
   432   4.416667e+00  4.333333e+00   
   433   4.416667e+00  4.666667e+00   
   434   3.805555e+00  4.333333e+00   
   435   4.111111e+00  4.666667e+00   
   436   4.111111e+00  5.000000e+00   
   437   3.805555e+00  5.000000e+00   
   438   3.500000e+00  4.333333e+00   
   439   3.500000e+00  4.666667e+00   
   440   5.333333e+00  4.333333e+00   
   441   5.333333e+00  4.666667e+00   
   442   4.722222e+00  4.333333e+00   
   443   5.027778e+00  4.666667e+00   
   444   5.027778e+00  5.000000e+00   
   445   4.722222e+00  5.000000e+00   
   446   6.250000e+00  4.333333e+00   
   447   6.250000e+00  4.666667e+00   
   448   5.638889e+00  4.333333e+00   
   449   5.944445e+00  4.666667e+00   
   450   5.944445e+00  5.000000e+00   
   451   5.638889e+00  5.000000e+00   
   452   7.166667e+00  4.333333e+00   
   453   7.166667e+00  4.666667e+00   
   454   6.555555e+00  4.333333e+00   
   455   6.861111e+00  4.666667e+00   
   456   6.861111e+00  5.000000e+00   
   457   6.555555e+00  5.000000e+00   
   458   8.083333e+00  4.333333e+00   
   459   8.083333e+00  4.666667e+00   
   460   7.472222e+00  4.333333e+00   
   461   7.777778e+00  4.666667e+00   
   462   7.777778e+00  5.000000e+00   
   463   7.472222e+00  5.000000e+00   
   464   9.000000e+00  4.333333e+00   
   465   9.000000e+00  4.666667e+00   
   466   8.388889e+00  4.333333e+00   
   467   8.694445e+00  4.666667e+00   
   468   8.694445e+00  5.000000e+00   
   469   8.388889e+00  5.000000e+00   
   470   4.111111e+00  -4.666667e+00   
   471   3.805555e+00  -4.333333e+00   
   472   5.027778e+00  -4.666667e+00   
   473   4.722222e+00  -4.333333e+00   
   474   5.944445e+00  -4.666667e+00   
   475   5.638889e+00  -4.333333e+00   
   476   6.861111e+00  -4.666667e+00   
   477   6.555555e+00  -4.333333e+00   
   478   7.777778e+00  -4.666667e+00   
   479   7.472222e+00  -4.333333e+00   
   480   8.694445e+00  -4.666667e+00   
   481   8.388889e+00  -4.333333e+00   
   482   4.111111e+00  -3.666667e+00   
   483   3.805555e+00  -3.333333e+00   
   484   5.027778e+00  -3.666667e+00   
   485   4.722222e+00  -3.333333e+00   
   486   5.944445e+00  -3.666667e+00   
   487   5.638889e+00  -3.333333e+00   
   488   6.861111e+00  -3.666667e+00   
   489   6.555555e+00  -3.333333e+00   
   490   7.777778e+00  -3.666667e+00   
   491   7.472222e+00  -3.333333e+00   
   492   8.694445e+00  -3.666667e+00   
   493   8.388889e+00  -3.333333e+00   
   494   4.111111e+00  -2.666667e+00   
   495   3.805555e+00  -2.333333e+00   
   496   5.027778e+00  -2.666667e+00   
   497   4.722222e+00  -2.333333e+00   
   498   5.944445e+00  -2.666667e+00   
   499   5.638889e+00  -2.333333e+00   
   500   6.861111e+00  -2.666667e+00   
   501   6.555555e+00  -2.333333e+00   
   502   7.777778e+00  -2.666667e+00   
   503   7.472222e+00  -2.333333e+00   
   504   8.694445e+00  -2.666667e+00   
   505   8.388889e+00  -2.333333e+00   
   506   4.111111e+00  -1.666667e+00   
   507   3.805555e+00  -1.333333e+00   
   508   5.027778e+00  -1.666667e+00   
   509   4.722222e+00  -1.333333e+00   
   510   5.944445e+00  -1.666667e+00   
   511   5.638889e+00  -1.333333e+00   
   512   6.861111e+00  -1.666667e+00   
   513   6.555555e+00  -1.333333e+00   
   514   7.777778e+00  -1.666667e+00   
   515   7.472222e+00  -1.333333e+00   
   516   8.694445e+00  -1.666667e+00   
   517   8.388889e+00  -1.333333e+00   
   518   4.111111e+00  -6.666667e-01   
   519   3.805555e+00  -3.333333e-01   
   520   5.027778e+00  -6.666667e-01   
   521   4.722222e+00  -3.333333e-01   
   522   5.944445e+00  -6.666667e-01   
   523   5.638889e+00  -3.333333e-01   
   524   6.861111e+00  -6.666667e-01   
   525   6.555555e+00  -3.333333e-01   
   526   7.777778e+00  -6.666667e-01   
   527   7.472222e+00  -3.333333e-01   
   528   8.694445e+00  -6.666667e-01   
   529   8.388889e+00  -3.333333e-01   
   530   4.111111e+00  3.333333e-01   
   531   3.805555e+00  6.666667e-01   
   532   5.027778e+00  3.333333e-01   
   533   4.722222e+00  6.666667e-01   
   534   5.944445e+00  3.333333e-01   
   535   5.638889e+00  6.666667e-01   
   536   6.861111e+00  3.333333e-01   
   537   6.555555e+00  6.666667e-01   
   538   7.777778e+00  3.333333e-01   
   539   7.472222e+00  6.666667e-01   
   540   8.694445e+00  3.333333e-01   
   541   8.388889e+00  6.666667e-01   
   542   4.111111e+00  1.333333e+00   
   543   3.805555e+00  1.666667e+00   
   544   5.027778e+00  1.333333e+00   
   545   4.722222e+00  1.666667e+00   
   546   5.944445e+00  1.333333e+00   
   547   5.638889e+00  1.666667e+00   
   548   6.861111e+00  1.333333e+00   
   549   6.555555e+00  1.666667e+00   
   550   7.777778e+00  1.333333e+00   
   551   7.472222e+00  1.666667e+00   
   552   8.694445e+00  1.333333e+00   
   553   8.388889e+00  1.666667e+00   
   554   4.111111e+00  2.333333e+00   
   555   3.805555e+00  2.666667e+00   
   556   5.027778e+00  2.333333e+00   
   557   4.722222e+00  2.666667e+00   
   558   5.944445e+00  2.333333e+00   
   559   5.638889e+00  2.666667e+00   
   560   6.861111e+00  2.333333e+00   
   561   6.555555e+00  2.666667e+00   
   562   7.777778e+00  2.333333e+00   
   563   7.472222e+00  2.666667e+00   
   564   8.694445e+00  2.333333e+00   
   565   8.388889e+00  2.666667e+00   
   566   4.111111e+00  3.333333e+00   
   567   3.805555e+00  3.666667e+00   
   568   5.027778e+00  3.333333e+00   
   569   4.722222e+00  3.666667e+00   
   570   5.944445e+00  3.333333e+00   
   571   5.638889e+00  3.666667e+00   
   572   6.861111e+00  3.333333e+00   
   573   6.555555e+00  3.666667e+00   
   574   7.777778e+00  3.333333e+00   
   575   7.472222e+00  3.666667e+00   
   576   8.694445e+00  3.333333e+00   
   577   8.388889e+00  3.666667e+00   
   578   4.111111e+00  4.333333e+00   
   579   3.805555e+00  4.666667e+00   
   580   5.027778e+00  4.333333e+00   
   581   4.722222e+00  4.666667e+00   
   582   5.944445e+00  4.333333e+00   
   583   5.638889e+00  4.666667e+00   
   584   6.861111e+00  4.333333e+00   
   585   6.555555e+00  4.666667e+00   
   586   7.777778e+00  4.333333e+00   
   587   7.472222e+00  4.666667e+00   
   588   8.694445e+00  4.333333e+00   
   589   8.388889e+00  4.666667e+00   
  END_COORDINATES 
  BOUNDARIES, ELEMENT 
    1         3 1 83 82         1     
    2         4 3 87 86         2     
    3         1 5 93 92         3     
    4         5 7 101 100         5     
    5         7 9 109 108         7     
    6         9 11 117 116         9     
    7         11 13 125 124         11     
    8         13 14 120 121         11     
    9         16 4 135 134         14     
    10         14 21 160 161         23     
    11         23 16 173 172         26     
    12         21 28 198 199         35     
    13         30 23 211 210         38     
    14         28 35 236 237         47     
    15         37 30 249 248         50     
    16         35 42 274 275         59     
    17         44 37 287 286         62     
    18         42 49 312 313         71     
    19         51 44 325 324         74     
    20         49 56 350 351         83     
    21         58 51 363 362         86     
    22         56 63 388 389         95     
    23         65 58 401 400         98     
    24         63 70 426 427         107     
    25         71 72 436 437         110     
    26         72 65 439 438         110     
    27         73 71 444 445         112     
    28         74 73 450 451         114     
    29         75 74 456 457         116     
    30         76 75 462 463         118     
    31         70 77 464 465         119     
    32         77 76 468 469         120     
  END_BOUNDARIES 
  MATERIALS, NUMBER= 1, DEFAULT=1 
  END_MATERIALS 
  SUBDOMAINS 
  END_SUBDOMAINS 
  CHARACTERISTICS 
  END_CHARACTERISTICS 
