  NODES_PER_ELEMENT 
  1 10
  2 10
  3 10
  4 10
  5 10
  6 10
  7 10
  8 10
  9 10
  10 10
  11 10
  12 10
  13 10
  14 10
  15 10
  16 10
  17 10
  18 10
  19 10
  20 10
  21 10
  22 10
  23 10
  24 10
  25 10
  26 10
  27 10
  28 10
  29 10
  30 10
  31 10
  32 10
  33 10
  34 10
  35 10
  36 10
  37 10
  38 10
  39 10
  40 10
  41 10
  42 10
  43 10
  44 10
  45 10
  46 10
  47 10
  48 10
  49 10
  50 10
  51 10
  52 10
  53 10
  54 10
  55 10
  56 10
  57 10
  58 10
  59 10
  60 10
  61 10
  62 10
  63 10
  64 10
  65 10
  66 10
  67 10
  68 10
  69 10
  70 10
  71 10
  72 10
  73 10
  74 10
  75 10
  76 10
  77 10
  78 10
  79 10
  80 10
  81 10
  82 10
  83 10
  84 10
  85 10
  86 10
  87 10
  88 10
  89 10
  90 10
  91 10
  92 10
  93 10
  94 10
  95 10
  96 10
  97 10
  98 10
  99 10
  100 10
  101 10
  102 10
  103 10
  104 10
  105 10
  106 10
  107 10
  108 10
  109 10
  110 10
  111 10
  112 10
  113 10
  114 10
  115 10
  116 10
  117 10
  118 10
  119 10
  120 10
  121 10
  122 10
  123 10
  124 10
  125 10
  126 10
  127 10
  128 10
  129 10
  130 10
  131 10
  132 10
  133 10
  134 10
  135 10
  136 10
  137 10
  138 10
  139 10
  140 10
  141 10
  142 10
  143 10
  144 10
  145 10
  146 10
  147 10
  148 10
  149 10
  150 10
  151 10
  152 10
  153 10
  154 10
  155 10
  156 10
  157 10
  158 10
  159 10
  160 10
  161 10
  162 10
  163 10
  164 10
  165 10
  166 10
  167 10
  168 10
  169 10
  170 10
  171 10
  172 10
  173 10
  174 10
  175 10
  176 10
  177 10
  178 10
  179 10
  180 10
  181 10
  182 10
  183 10
  184 10
  185 10
  186 10
  187 10
  188 10
  189 10
  190 10
  191 10
  192 10
  193 10
  194 10
  195 10
  196 10
  197 10
  198 10
  199 10
  200 10
  201 10
  202 10
  203 10
  204 10
  205 10
  206 10
  207 10
  208 10
  209 10
  210 10
  211 10
  212 10
  213 10
  214 10
  215 10
  216 10
  217 10
  218 10
  219 10
  220 10
  221 10
  222 10
  223 10
  224 10
  225 10
  226 10
  227 10
  228 10
  229 10
  230 10
  231 10
  232 10
  233 10
  234 10
  235 10
  236 10
  237 10
  238 10
  239 10
  240 10
  241 10
  242 10
  243 10
  244 10
  245 10
  246 10
  247 10
  248 10
  249 10
  250 10
  251 10
  252 10
  253 10
  254 10
  255 10
  256 10
  257 10
  258 10
  259 10
  260 10
  261 10
  262 10
  263 10
  264 10
  END_NODES_PER_ELEMENT 
  ELEMENTS 
  1 1 2 3 4 5 6 7 8 9 10
  2 2 11 12 13 14 15 16 17 18 19
  3 20 21 22 23 24 25 26 27 28 29
  4 21 30 31 32 33 34 35 36 37 38
  5 39 40 41 42 43 44 45 46 47 48
  6 40 49 50 51 52 53 54 55 56 57
  7 58 59 60 61 62 63 64 65 66 67
  8 59 39 68 69 70 71 72 73 74 75
  9 30 76 31 77 78 79 80 35 34 81
  10 76 82 83 84 85 86 87 88 89 90
  11 49 91 92 93 94 95 96 97 98 99
  12 91 100 101 102 103 104 105 106 107 108
  13 109 110 111 112 113 114 115 116 117 118
  14 110 119 120 121 122 123 124 125 126 127
  15 3 2 12 7 6 18 17 128 129 130
  16 3 12 131 129 128 132 133 134 135 136
  17 1 3 137 9 8 138 139 140 141 142
  18 12 11 143 16 15 144 145 146 147 148
  19 41 40 50 45 44 56 55 149 150 151
  20 41 50 152 150 149 153 154 155 156 157
  21 39 41 68 47 46 158 159 72 71 160
  22 68 41 161 159 158 162 163 164 165 166
  23 50 49 92 54 53 98 97 167 168 169
  24 50 92 170 168 167 171 172 173 174 175
  25 22 21 31 26 25 37 36 176 177 178
  26 22 31 179 177 176 180 181 182 183 184
  27 20 22 185 28 27 186 187 188 189 190
  28 60 59 68 64 63 74 73 191 192 193
  29 60 68 194 192 191 195 196 197 198 199
  30 58 60 200 66 65 201 202 203 204 205
  31 92 91 101 96 95 107 106 206 207 208
  32 92 101 209 207 206 210 211 212 213 214
  33 101 100 215 105 104 216 217 218 219 220
  34 83 82 221 87 86 222 223 224 225 226
  35 76 83 31 89 88 227 228 80 79 229
  36 161 41 152 163 162 156 155 230 231 232
  37 161 152 233 231 230 234 235 236 237 238
  38 233 152 239 235 234 240 241 242 243 244
  39 161 233 245 237 236 246 247 248 249 250
  40 68 161 194 165 164 251 252 196 195 253
  41 194 161 245 252 251 249 248 254 255 256
  42 194 245 257 255 254 258 259 260 261 262
  43 170 92 209 172 171 213 212 263 264 265
  44 170 209 239 264 263 266 267 268 269 270
  45 170 239 152 269 268 241 240 271 272 273
  46 170 152 50 272 271 154 153 174 173 274
  47 257 245 275 259 258 276 277 278 279 280
  48 194 257 60 261 260 281 282 198 197 283
  49 131 12 284 133 132 285 286 287 288 289
  50 3 131 290 135 134 291 292 293 294 295
  51 179 31 296 181 180 297 298 299 300 301
  52 22 179 302 183 182 303 304 305 306 307
  53 209 101 308 211 210 309 310 311 312 313
  54 111 110 120 115 114 126 125 314 315 316
  55 111 120 317 315 314 318 319 320 321 322
  56 109 111 323 117 116 324 325 326 327 328
  57 120 119 329 124 123 330 331 332 333 334
  58 317 120 335 319 318 336 337 338 339 340
  59 111 317 341 321 320 342 343 344 345 346
  60 185 22 302 187 186 306 305 347 348 349
  61 185 302 350 348 347 351 352 353 354 355
  62 20 185 356 189 188 357 358 359 360 361
  63 356 185 350 358 357 354 353 362 363 364
  64 200 60 257 202 201 282 281 365 366 367
  65 58 200 368 204 203 369 370 371 372 373
  66 215 100 374 217 216 375 376 377 378 379
  67 215 374 380 378 377 381 382 383 384 385
  68 101 215 308 219 218 386 387 310 309 388
  69 308 215 380 387 386 384 383 389 390 391
  70 350 302 392 352 351 393 394 395 396 397
  71 221 82 398 223 222 399 400 401 402 403
  72 221 398 404 402 401 405 406 407 408 409
  73 404 398 410 406 405 411 412 413 414 415
  74 221 404 416 408 407 417 418 419 420 421
  75 83 221 416 225 224 420 419 422 423 424
  76 233 239 425 243 242 426 427 428 429 430
  77 245 233 431 247 246 432 433 434 435 436
  78 275 245 431 277 276 435 434 437 438 439
  79 257 275 440 279 278 441 442 443 444 445
  80 380 374 446 382 381 447 448 449 450 451
  81 284 12 143 286 285 147 146 452 453 454
  82 131 284 455 288 287 456 457 458 459 460
  83 290 131 461 292 291 462 463 464 465 466
  84 3 290 137 294 293 467 468 139 138 469
  85 296 31 83 298 297 228 227 470 471 472
  86 179 296 473 300 299 474 475 476 477 478
  87 302 179 479 304 303 480 481 482 483 484
  88 209 308 485 312 311 486 487 488 489 490
  89 335 120 329 337 336 333 332 491 492 493
  90 317 335 494 339 338 495 496 497 498 499
  91 341 317 500 343 342 501 502 503 504 505
  92 111 341 323 345 344 506 507 325 324 508
  93 509 510 511 512 513 514 515 516 517 518
  94 416 404 519 418 417 520 521 522 523 524
  95 143 525 284 526 527 528 529 453 452 530
  96 392 302 479 394 393 483 482 531 532 533
  97 392 479 534 532 531 535 536 537 538 539
  98 534 479 540 536 535 541 542 543 544 545
  99 392 534 546 538 537 547 548 549 550 551
  100 350 392 552 396 395 553 554 555 556 557
  101 425 239 558 427 426 559 560 561 562 563
  102 233 425 431 429 428 564 565 433 432 566
  103 440 275 567 442 441 568 569 570 571 572
  104 257 440 573 444 443 574 575 576 577 578
  105 455 284 579 457 456 580 581 582 583 584
  106 131 455 461 459 458 585 586 463 462 587
  107 290 461 588 465 464 589 590 591 592 593
  108 473 296 594 475 474 595 596 597 598 599
  109 479 179 473 481 480 477 476 600 601 602
  110 485 308 603 487 486 604 605 606 607 608
  111 209 485 239 489 488 609 610 267 266 611
  112 494 335 612 496 495 613 614 615 616 617
  113 317 494 500 498 497 618 619 502 501 620
  114 341 500 621 504 503 622 623 624 625 626
  115 540 479 473 542 541 601 600 627 628 629
  116 534 540 630 544 543 631 632 633 634 635
  117 546 534 636 548 547 637 638 639 640 641
  118 392 546 552 550 549 642 643 554 553 644
  119 552 546 645 643 642 646 647 648 649 650
  120 645 546 651 647 646 652 653 654 655 656
  121 552 645 657 649 648 658 659 660 661 662
  122 511 510 663 515 514 664 665 666 667 668
  123 509 511 669 517 516 670 671 672 673 674
  124 519 404 669 521 520 675 676 677 678 679
  125 416 519 680 523 522 681 682 683 684 685
  126 350 552 686 556 555 687 688 689 690 691
  127 645 651 692 655 654 693 694 695 696 697
  128 552 657 686 661 660 698 699 688 687 700
  129 686 657 701 699 698 702 703 704 705 706
  130 651 546 636 653 652 640 639 707 708 709
  131 651 636 710 708 707 711 712 713 714 715
  132 710 636 716 712 711 717 718 719 720 721
  133 651 710 722 714 713 723 724 725 726 727
  134 657 645 728 659 658 729 730 731 732 733
  135 558 239 485 560 559 610 609 734 735 736
  136 558 485 737 735 734 738 739 740 741 742
  137 737 485 603 739 738 607 606 743 744 745
  138 558 737 716 741 740 746 747 748 749 750
  139 567 275 751 569 568 752 753 754 755 756
  140 573 440 757 575 574 758 759 760 761 762
  141 425 558 716 562 561 749 748 763 764 765
  142 440 567 766 571 570 767 768 769 770 771
  143 257 573 200 577 576 772 773 366 365 774
  144 579 284 525 581 580 529 528 775 776 777
  145 594 296 83 596 595 471 470 778 779 780
  146 716 636 630 718 717 781 782 783 784 785
  147 588 461 786 590 589 787 788 789 790 791
  148 603 308 380 605 604 390 389 792 793 794
  149 722 710 737 724 723 795 796 797 798 799
  150 737 710 716 796 795 720 719 747 746 800
  151 455 579 801 583 582 802 803 804 805 806
  152 473 594 807 598 597 808 809 810 811 812
  153 290 588 813 592 591 814 815 816 817 818
  154 651 722 692 726 725 819 820 694 693 821
  155 692 722 822 820 819 823 824 825 826 827
  156 822 722 828 824 823 829 830 831 832 833
  157 692 822 834 826 825 835 836 837 838 839
  158 612 335 840 614 613 841 842 843 844 845
  159 621 500 846 623 622 847 848 849 850 851
  160 828 722 737 830 829 798 797 852 853 854
  161 834 822 494 836 835 855 856 857 858 859
  162 834 494 612 858 857 616 615 860 861 862
  163 834 612 728 861 860 863 864 865 866 867
  164 341 621 868 625 624 869 870 871 872 873
  165 822 846 500 874 875 848 847 876 877 878
  166 692 834 728 838 837 866 865 879 880 881
  167 630 540 882 632 631 883 884 885 886 887
  168 663 510 888 665 664 889 890 891 892 893
  169 663 888 813 892 891 894 895 896 897 898
  170 680 519 899 682 681 900 901 902 903 904
  171 636 534 630 638 637 634 633 782 781 905
  172 669 511 906 671 670 907 908 909 910 911
  173 511 663 912 667 666 913 914 915 916 917
  174 416 680 594 684 683 918 919 920 921 922
  175 509 669 410 673 672 923 924 925 926 927
  176 350 686 356 690 689 928 929 363 362 930
  177 573 757 931 761 760 932 933 934 935 936
  178 473 807 540 811 810 937 938 628 627 939
  179 882 540 807 884 883 938 937 940 941 942
  180 657 728 943 732 731 944 945 946 947 948
  181 588 786 912 790 789 949 950 951 952 953
  182 912 786 954 950 949 955 956 957 958 959
  183 954 786 960 956 955 961 962 963 964 965
  184 912 954 906 958 957 966 967 968 969 970
  185 906 954 899 967 966 971 972 973 974 975
  186 899 954 976 972 971 977 978 979 980 981
  187 960 786 982 962 961 983 984 985 986 987
  188 954 960 976 964 963 988 989 978 977 990
  189 976 960 766 989 988 991 992 993 994 995
  190 899 976 996 980 979 997 998 999 1000 1001
  191 982 786 461 984 983 788 787 1002 1003 1004
  192 982 461 455 1003 1002 586 585 1005 1006 1007
  193 982 455 801 1006 1005 805 804 1008 1009 1010
  194 960 982 766 986 985 1011 1012 992 991 1013
  195 996 976 567 998 997 1014 1015 1016 1017 1018
  196 899 996 680 1000 999 1019 1020 903 902 1021
  197 680 996 1022 1020 1019 1023 1024 1025 1026 1027
  198 1022 996 1028 1024 1023 1029 1030 1031 1032 1033
  199 680 1022 594 1026 1025 1034 1035 919 918 1036
  200 1028 996 567 1030 1029 1017 1016 1037 1038 1039
  201 1022 1028 1040 1032 1031 1041 1042 1043 1044 1045
  202 1040 1028 751 1042 1041 1046 1047 1048 1049 1050
  203 751 1028 567 1047 1046 1038 1037 755 754 1051
  204 1022 1040 807 1044 1043 1052 1053 1054 1055 1056
  205 807 1040 882 1053 1052 1057 1058 941 940 1059
  206 882 1040 1060 1058 1057 1061 1062 1063 1064 1065
  207 1060 1040 751 1062 1061 1049 1048 1066 1067 1068
  208 1060 751 431 1067 1066 1069 1070 1071 1072 1073
  209 882 1060 1074 1064 1063 1075 1076 1077 1078 1079
  210 1074 1060 431 1076 1075 1072 1071 1080 1081 1082
  211 882 1074 630 1078 1077 1083 1084 886 885 1085
  212 846 822 828 875 874 832 831 1086 1087 1088
  213 846 828 603 1087 1086 1089 1090 1091 1092 1093
  214 912 663 588 914 913 1094 1095 952 951 1096
  215 588 663 813 1095 1094 897 896 815 814 1097
  216 645 692 728 696 695 880 879 730 729 1098
  217 440 766 757 770 769 1099 1100 759 758 1101
  218 290 813 137 817 816 1102 1103 468 467 1104
  219 137 813 888 1103 1102 895 894 1105 1106 1107
  220 906 511 912 908 907 916 915 969 968 1108
  221 868 621 1109 870 869 1110 1111 1112 1113 1114
  222 766 567 976 768 767 1015 1014 994 993 1115
  223 840 335 329 842 841 492 491 1116 1117 1118
  224 840 329 1119 1117 1116 1120 1121 1122 1123 1124
  225 840 1119 1125 1123 1122 1126 1127 1128 1129 1130
  226 1125 1119 1131 1127 1126 1132 1133 1134 1135 1136
  227 1125 1131 943 1135 1134 1137 1138 1139 1140 1141
  228 840 1125 612 1129 1128 1142 1143 844 843 1144
  229 751 275 431 753 752 438 437 1070 1069 1145
  230 801 579 931 803 802 1146 1147 1148 1149 1150
  231 621 846 1151 850 849 1152 1153 1154 1155 1156
  232 669 906 519 910 909 1157 1158 678 677 1159
  233 807 594 1022 809 808 1035 1034 1055 1054 1160
  234 341 868 323 872 871 1161 1162 507 506 1163
  235 899 519 906 901 900 1158 1157 974 973 1164
  236 943 728 612 945 944 864 863 1165 1166 1167
  237 621 1151 1109 1155 1154 1168 1169 1111 1110 1170
  238 931 757 801 933 932 1171 1172 1149 1148 1173
  239 801 757 766 1172 1171 1100 1099 1174 1175 1176
  240 868 1109 1177 1113 1112 1178 1179 1180 1181 1182
  241 868 1177 323 1181 1180 1183 1184 1162 1161 1185
  242 1177 1109 446 1179 1178 1186 1187 1188 1189 1190
  243 446 1109 380 1187 1186 1191 1192 450 449 1193
  244 573 931 200 935 934 1194 1195 773 772 1196
  245 657 943 701 947 946 1197 1198 703 702 1199
  246 1151 846 603 1153 1152 1092 1091 1200 1201 1202
  247 1109 1151 380 1169 1168 1203 1204 1192 1191 1205
  248 380 1151 603 1204 1203 1201 1200 793 792 1206
  249 716 630 1074 784 783 1084 1083 1207 1208 1209
  250 500 494 822 619 618 856 855 877 876 1210
  251 410 669 404 924 923 676 675 414 413 1211
  252 368 200 931 370 369 1195 1194 1212 1213 1214
  253 612 1125 943 1143 1142 1140 1139 1166 1165 1215
  254 716 1074 425 1208 1207 1216 1217 764 763 1218
  255 425 1074 431 1217 1216 1081 1080 565 564 1219
  256 701 1220 686 1221 1222 1223 1224 705 704 1225
  257 686 1220 356 1224 1223 1226 1227 929 928 1228
  258 603 828 737 1090 1089 853 852 744 743 1229
  259 801 766 982 1175 1174 1012 1011 1009 1008 1230
  260 525 1231 579 1232 1233 1234 1235 776 775 1236
  261 701 943 1131 1198 1197 1138 1137 1237 1238 1239
  262 1231 368 931 1240 1241 1213 1212 1242 1243 1244
  263 416 594 83 921 920 779 778 423 422 1245
  264 931 579 1231 1147 1146 1235 1234 1243 1242 1246
  END_ELEMENTS 
  COORDINATES 
   1  5.745763  3.310832
   2  5.437002  3.231173
   3  5.67411  2.950343
   4  5.642842666666667  3.284279
   5  5.539922333333333  3.257726
   6  5.516038  3.137563
   7  5.595073999999999  3.043953
   8  5.697994333333333  3.070506
   9  5.721878666666667  3.190669
   10  5.618958333333333  3.164116
   11  5.128241  3.151515
   12  5.36535  2.870685
   13  5.334081666666666  3.204620333333333
   14  5.2311613333333336  3.1780676666666667
   15  5.207277333333334  3.057905
   16  5.286313666666667  2.964295
   17  5.389234  2.990847666666667
   18  5.413118  3.111010333333333
   19  5.310197666666666  3.0844576666666668
   20  7.879991  -0.5656566
   21  7.89874  -0.2424242
   22  7.553677  -0.3845685
   23  7.886240666666667  -0.45791246666666663
   24  7.892490333333334  -0.3501683333333333
   25  7.7837190000000005  -0.2898056333333333
   26  7.668698  -0.33718706666666665
   27  7.662448333333334  -0.44493119999999997
   28  7.771219666666667  -0.5052939
   29  7.777469333333333  -0.3975497666666666
   30  7.91749  0.08080808
   31  7.610766  0.0540075
   32  7.90499  -0.13468010666666666
   33  7.91124  -0.026936013333333314
   34  7.815248666666666  0.07187455333333334
   35  7.7130073333333335  0.06294102666666666
   36  7.706757333333333  -0.04480306666666667
   37  7.802748666666667  -0.14361363333333332
   38  7.8089986666666675  -0.03586954
   39  4.083772  0.2424242
   40  4.086923  -0.08080808
   41  4.421037  0.08408048
   42  4.084822333333333  0.13468010666666666
   43  4.085872666666666  0.026936013333333314
   44  4.198294333333333  -0.025845226666666665
   45  4.309665666666667  0.029117626666666674
   46  4.308615333333333  0.13686172000000002
   47  4.196193666666667  0.18964296000000003
   48  4.1972439999999995  0.08189886666666667
   49  4.090074  -0.4040404
   50  4.424188  -0.2391518
   51  4.087973333333333  -0.18855218666666668
   52  4.089023666666667  -0.29629629333333335
   53  4.201445333333334  -0.34907753333333336
   54  4.3128166666666665  -0.2941146666666667
   55  4.311766333333333  -0.18637056
   56  4.199344666666667  -0.13358932
   57  4.200395  -0.24133342666666668
   58  4.128729  0.8888889
   59  4.106251  0.5656566
   60  4.453179  0.7039282
   61  4.121236333333333  0.7811448
   62  4.113743666666667  0.6734007
   63  4.221893666666667  0.6117471333333333
   64  4.337536333333333  0.6578376666666667
   65  4.345029  0.7655817666666667
   66  4.236879  0.8272353333333333
   67  4.229386333333333  0.7194912333333333
   68  4.4307  0.3806959
   69  4.098758  0.45791246666666663
   70  4.091265  0.3501683333333333
   71  4.199414666666667  0.28851476666666664
   72  4.315057333333333  0.3346053333333333
   73  4.322550333333333  0.44234946666666664
   74  4.214400666666667  0.5040030333333333
   75  4.206907666666667  0.3962589
   76  7.886435  0.4040404
   77  7.907138333333333  0.18855218666666668
   78  7.896786666666666  0.29629629333333335
   79  7.794545333333333  0.28736276666666666
   80  7.702655666666667  0.17068513333333332
   81  7.8048969999999995  0.17961866
   82  7.855381  0.7272727
   83  7.457789  0.5288318
   84  7.876083666666666  0.5117845
   85  7.865732333333334  0.6195286
   86  7.722850333333334  0.6611257333333334
   87  7.590319666666667  0.5949787666666666
   88  7.600671  0.48723466666666665
   89  7.7435529999999995  0.44563753333333334
   90  7.733201666666666  0.5533816333333333
   91  4.119345  -0.7272727
   92  4.440398  -0.535258
   93  4.099831  -0.5117845
   94  4.1095880000000005  -0.6195286
   95  4.226362666666667  -0.6632678
   96  4.333380333333333  -0.5992629
   97  4.323623333333334  -0.49151880000000003
   98  4.206848666666667  -0.4477796
   99  4.216605666666667  -0.5555237000000001
   100  4.148615  -1.050505
   101  4.469669  -0.8584904
   102  4.129101666666667  -0.8350168
   103  4.138858333333333  -0.9427609
   104  4.255633  -0.9865001333333333
   105  4.362651  -0.9224952666666667
   106  4.352894333333333  -0.8147511666666667
   107  4.236119666666666  -0.7710119333333333
   108  4.245876333333333  -0.8787560333333334
   109  5.237288  -3.212419
   110  5.576271  -3.250695
   111  5.445648  -2.887334
   112  5.350282333333333  -3.2251776666666667
   113  5.463276666666667  -3.2379363333333333
   114  5.53273  -3.1295746666666666
   115  5.4891890000000005  -3.0084543333333333
   116  5.376194666666667  -2.9956956666666668
   117  5.306741333333334  -3.1040573333333334
   118  5.419735666666668  -3.116816
   119  5.915254  -3.288971
   120  5.784631  -2.925611
   121  5.689265333333333  -3.2634536666666665
   122  5.802259666666667  -3.2762123333333335
   123  5.871713  -3.167851
   124  5.828172  -3.046731
   125  5.7151776666666665  -3.0339723333333333
   126  5.645724333333334  -3.1423336666666666
   127  5.758718666666667  -3.1550923333333336
   128  5.46827  2.897237666666667
   129  5.57119  2.9237903333333333
   130  5.492153999999999  3.0174003333333332
   131  5.606268  2.575087
   132  5.4456560000000005  2.772152333333333
   133  5.525962  2.6736196666666667
   134  5.628882  2.700172333333333
   135  5.651496  2.825257666666667
   136  5.548576  2.798705
   137  6.300682  3.151515
   138  5.882967333333333  3.0174003333333332
   139  6.091824666666667  3.0844576666666668
   140  6.115709  3.2046206666666666
   141  5.9307360000000005  3.2577263333333333
   142  5.9068516666666655  3.137563333333333
   143  4.773956  2.828283
   144  5.010146  3.043771
   145  4.892051  2.9360269999999997
   146  4.971087333333333  2.8424169999999997
   147  5.168218666666667  2.856551
   148  5.0891823333333335  2.950161
   149  4.423137666666666  -0.13140770666666668
   150  4.422087333333334  -0.023663613333333333
   151  4.310716  -0.07862646666666667
   152  4.769006  -0.07415892
   153  4.539127333333333  -0.18415417333333334
   154  4.654066666666667  -0.12915654666666665
   155  4.653016333333333  -0.021412453333333338
   156  4.537026666666667  0.03133401333333333
   157  4.538077  -0.07641008
   158  4.424258  0.18295228666666666
   159  4.427479  0.2818240933333333
   160  4.311836333333333  0.23573352666666667
   161  4.772095  0.2211083
   162  4.5380563333333335  0.12975642
   163  4.655075666666667  0.17543236
   164  4.658296666666667  0.2743041666666667
   165  4.544498333333333  0.32750003333333333
   166  4.541277333333333  0.22862822666666668
   167  4.434994666666666  -0.43655593333333337
   168  4.429591333333334  -0.3378538666666667
   169  4.31822  -0.3928167333333333
   170  4.778185  -0.3682686
   171  4.552993666666667  -0.4795948666666667
   172  4.665589333333333  -0.42393173333333334
   173  4.6601859999999995  -0.32522966666666664
   174  4.542187  -0.28219073333333333
   175  4.547590333333333  -0.38089280000000003
   176  7.591736333333333  -0.09218449999999999
   177  7.572706666666667  -0.2383765
   178  7.687727666666667  -0.19099506666666666
   179  7.217222  -0.2028923
   180  7.479584666666667  -0.031625766666666666
   181  7.348403333333333  -0.11725903333333333
   182  7.329373666666666  -0.2634510333333333
   183  7.441525333333334  -0.32400976666666664
   184  7.460554999999999  -0.17781776666666668
   185  7.548742  -0.7780074
   186  7.5520320000000005  -0.5157148
   187  7.550387  -0.6468611
   188  7.659158333333333  -0.7072238
   189  7.769574666666667  -0.6364402
   190  7.660803333333334  -0.5760774999999999
   191  4.438193  0.48844
   192  4.445686  0.5961841
   193  4.330043333333333  0.5500935666666668
   194  4.787515  0.5182801
   195  4.549638333333333  0.4265573
   196  4.668576666666667  0.4724187
   197  4.676069666666667  0.5801628
   198  4.564624333333334  0.6420455
   199  4.557131333333333  0.5343014
   200  4.462514  1.097352
   201  4.456290666666667  0.8350694666666667
   202  4.459402333333333  0.9662107333333334
   203  4.351252333333333  1.0278643
   204  4.2399906666666665  0.9583766
   205  4.348140666666667  0.8967230333333335
   206  4.459912  -0.7507462666666667
   207  4.450155  -0.6430021333333333
   208  4.343137333333334  -0.7070070333333334
   209  4.800032  -0.6656327
   210  4.57979  -0.7942045
   211  4.6899109999999995  -0.7299186
   212  4.680154  -0.6221744666666666
   213  4.560276  -0.5787162333333333
   214  4.570033  -0.6864603666666667
   215  4.455572  -1.226099
   216  4.250934  -1.1090363333333333
   217  4.3532530000000005  -1.1675676666666668
   218  4.460271  -1.1035628
   219  4.46497  -0.9810266
   220  4.357952  -1.0450314666666667
   221  7.515871  0.9266584
   222  7.742211  0.7937346
   223  7.629041  0.8601965
   224  7.496510333333333  0.7940495333333333
   225  7.477149666666667  0.6614406666666666
   226  7.609680333333333  0.7275876333333334
   227  7.508781333333333  0.37055703333333334
   228  7.559773666666667  0.21228226666666666
   229  7.651663333333334  0.3289599
   230  4.770035666666667  0.024263486666666667
   231  4.7710653333333335  0.12268589333333334
   232  4.654046  0.07700995333333333
   233  5.116942  0.06985073
   234  4.884984666666667  -0.026155703333333342
   235  5.000963333333333  0.021847513333333318
   236  5.001993  0.12026992
   237  4.887044  0.17068911
   238  4.886014333333334  0.07226670333333333
   239  5.075453  -0.3222311
   240  4.871155  -0.15684964666666668
   241  4.973304000000001  -0.23954037333333333
   242  5.089282666666667  -0.19153715666666668
   243  5.103112333333334  -0.06084321333333337
   244  4.987133666666666  -0.10884643
   245  5.083665  0.4627148
   246  5.105849666666667  0.20080542
   247  5.094757333333333  0.33176011000000005
   248  4.979808333333334  0.3821793
   249  4.8759516666666665  0.3016438
   250  4.990900666666667  0.25122461
   251  4.777235  0.3201655666666667
   252  4.782375  0.4192228333333333
   253  4.663436666666667  0.3733614333333333
   254  4.9849483333333335  0.48123656666666664
   255  4.886231666666666  0.49975833333333336
   256  4.881091666666666  0.40070106666666666
   257  4.906775  0.8335468
   258  5.024701666666666  0.5863254666666666
   259  4.965738333333333  0.7099361333333334
   260  4.867021666666666  0.7284579
   261  4.8272683333333335  0.6233690000000001
   262  4.925985  0.6048472333333333
   263  4.7927496666666665  -0.5665113333333334
   264  4.785467333333333  -0.46738996666666666
   265  4.6728716666666665  -0.5230530999999999
   266  4.891839  -0.5511655
   267  4.983646  -0.4366983
   268  4.976363666666667  -0.33757693333333333
   269  4.877274333333333  -0.35292276666666667
   270  4.884556666666666  -0.4520441333333333
   271  4.772065666666666  -0.17219548
   272  4.775125333333333  -0.27023204
   273  4.874214666666667  -0.25488620666666667
   274  4.657126333333333  -0.22719310666666667
   275  5.379264  0.724049
   276  5.182198  0.5498262
   277  5.280731  0.6369376
   278  5.221767666666667  0.7605482666666668
   279  5.064271333333333  0.7970475333333333
   280  5.123234666666666  0.6734368666666667
   281  4.755576333333333  0.7903406000000001
   282  4.604377666666667  0.7471344
   283  4.715822999999999  0.6852516999999999
   284  5.122872  2.512187
   285  5.284524  2.7511856666666668
   286  5.203698  2.631686333333333
   287  5.284004  2.5331536666666667
   288  5.445136  2.554120333333333
   289  5.36483  2.652653
   290  6.028087  2.690667
   291  5.746874333333333  2.6136136666666667
   292  5.887480666666667  2.652140333333333
   293  5.910094666666667  2.777225666666667
   294  5.792102333333333  2.8637843333333333
   295  5.769488333333332  2.738699
   296  7.266581  0.1896834
   297  7.496037666666667  0.09923280000000001
   298  7.381309333333333  0.1444581
   299  7.250128  0.058824833333333354
   300  7.233675  -0.0720337333333333
   301  7.364856333333333  0.013599533333333339
   302  7.220859  -0.598542
   303  7.218434333333333  -0.3347755333333333
   304  7.219646666666667  -0.4666587666666666
   305  7.331798333333333  -0.5272175
   306  7.442737666666667  -0.455893
   307  7.330586  -0.39533426666666666
   308  4.809495  -1.061226
   309  4.582944333333333  -0.9260689333333333
   310  4.696219666666667  -0.9936474666666667
   311  4.806340666666666  -0.9293615666666667
   312  4.803186333333334  -0.7974971333333334
   313  4.693065333333333  -0.8617830333333334
   314  5.671636666666667  -2.912852
   315  5.558642333333333  -2.900093
   316  5.6021833333333335  -3.0212133333333333
   317  5.654007  -2.56225
   318  5.741089666666666  -2.8044906666666667
   319  5.697548333333334  -2.6833703333333334
   320  5.584554  -2.6706113333333334
   321  5.5151010000000005  -2.7789726666666668
   322  5.6280953333333334  -2.7917316666666667
   323  4.898305  -2.970389
   324  5.263200333333334  -2.915019
   325  5.080752666666666  -2.942704
   326  5.0112993333333335  -3.0510656666666667
   327  5.1242936666666665  -3.1317423333333334
   328  5.193747000000001  -3.0233806666666667
   329  6.423729  -3.085763
   330  6.084745666666667  -3.221235
   331  6.254237333333333  -3.153499
   332  6.210696333333333  -3.032379
   333  5.997663666666667  -2.978995
   334  6.041204666666666  -3.100115
   335  6.084706  -2.639806
   336  5.884656  -2.8303426666666667
   337  5.984681  -2.7350743333333334
   338  5.9411396666666665  -2.613954
   339  5.797573333333333  -2.588102
   340  5.841114666666667  -2.7092223333333334
   341  5.258181  -2.537864
   342  5.5220650000000004  -2.5541213333333332
   343  5.390123  -2.545992666666667
   344  5.320670000000001  -2.654354
   345  5.383159  -2.770844
   346  5.452611999999999  -2.6624826666666666
   347  7.3301533333333335  -0.6583638
   348  7.439447666666666  -0.7181856
   349  7.441092666666667  -0.5870392999999999
   350  7.218479  -0.9921447
   351  7.220065666666667  -0.7297429
   352  7.2192723333333335  -0.8609438
   353  7.328566666666667  -0.9207656
   354  7.438654333333333  -0.8493865
   355  7.32936  -0.7895647
   356  7.779661  -1.088101
   357  7.625715  -0.8813719333333333
   358  7.702688  -0.9847364666666667
   359  7.813104333333333  -0.9139528666666666
   360  7.846547666666667  -0.7398047333333333
   361  7.736131333333334  -0.8105883333333334
   362  7.405539666666667  -1.0241301333333332
   363  7.592600333333333  -1.0561155666666666
   364  7.515627333333334  -0.9527510333333332
   365  4.758687999999999  0.9214818666666668
   366  4.610601  1.0094169333333334
   367  4.6074893333333335  0.8782756666666667
   368  4.220339  1.476441
   369  4.3817889999999995  1.223715
   370  4.301064  1.350078
   371  4.189802333333334  1.2805902999999998
   372  4.159265666666666  1.0847396
   373  4.270527333333333  1.1542272999999998
   374  4.232516  -1.535354
   375  4.176582000000001  -1.2121213333333334
   376  4.204549  -1.3737376666666667
   377  4.306868000000001  -1.432269
   378  4.38122  -1.3291840000000001
   379  4.278901  -1.2706526666666667
   380  4.617565  -1.624922
   381  4.360865666666667  -1.56521
   382  4.489215333333333  -1.595066
   383  4.563567333333333  -1.491981
   384  4.509569666666667  -1.35904
   385  4.4352176666666665  -1.4621250000000001
   386  4.573546333333334  -1.1711413333333334
   387  4.6915206666666665  -1.1161836666666667
   388  4.578245333333333  -1.0486051333333333
   389  4.681541666666667  -1.4370233333333333
   390  4.745518333333333  -1.2491246666666667
   391  4.627544  -1.3040823333333333
   392  6.873265  -0.7932482
   393  7.104994333333333  -0.6634440666666667
   394  6.989129666666667  -0.7283461333333333
   395  6.988336333333334  -0.8595470333333333
   396  7.103407666666667  -0.9258458666666667
   397  7.104201  -0.7946449666666666
   398  7.743526  1.212121
   399  7.818096000000001  0.8888888
   400  7.780811  1.0505049
   401  7.667641  1.1169668
   402  7.591756  1.0218126
   403  7.704926  0.9553507
   404  7.358867  1.285377
   405  7.615306333333334  1.2365396666666666
   406  7.4870866666666664  1.2609583333333334
   407  7.411201666666667  1.1658041333333333
   408  7.463536333333333  1.0462312666666667
   409  7.539421333333333  1.1413854666666665
   410  7.56524  1.69697
   411  7.684097333333334  1.3737373333333334
   412  7.6246686666666665  1.5353536666666667
   413  7.496449  1.5597723333333333
   414  7.427658  1.4225746666666668
   415  7.5558776666666665  1.3981560000000002
   416  7.120024  0.9671216
   417  7.279252666666666  1.1792918666666667
   418  7.199638333333334  1.0732067333333333
   419  7.251973  0.9536338666666667
   420  7.383922  0.9401461333333333
   421  7.331587333333334  1.059719
   422  7.232612333333333  0.821025
   423  7.345200666666667  0.6749284
   424  7.3645613333333335  0.8075372666666666
   425  5.440684  -0.1626427
   426  5.197196666666667  -0.26903496666666665
   427  5.318940333333334  -0.2158388333333333
   428  5.33277  -0.08514489
   429  5.224856  -0.0076470800000000005
   430  5.211026333333334  -0.13834102333333334
   431  5.445477  0.29552
   432  5.226453666666667  0.14507382000000002
   433  5.335965333333333  0.22029691
   434  5.324873  0.3512516
   435  5.204269  0.4069832
   436  5.215361333333333  0.27602851
   437  5.423406  0.43836300000000006
   438  5.401335  0.5812060000000001
   439  5.302802  0.4940946
   440  5.283238  1.110957
   441  5.347255333333333  0.8530183333333333
   442  5.315246666666667  0.9819876666666667
   443  5.157750333333333  1.0184869333333333
   444  5.032262666666666  0.9260168666666667
   445  5.189759  0.8895176
   446  4.389831  -2.09694
   447  4.284954333333333  -1.7225493333333335
   448  4.337392666666667  -1.9097446666666666
   449  4.465742333333333  -1.9396006666666668
   450  4.541653666666667  -1.7822613333333333
   451  4.413304  -1.7524053333333331
   452  4.890261333333333  2.7229176666666666
   453  5.006566666666667  2.6175523333333333
   454  5.087392666666667  2.7370516666666664
   455  5.474023  2.198789
   456  5.239922333333333  2.407721
   457  5.356972666666667  2.303255
   458  5.518104666666667  2.324221666666667
   459  5.562186333333333  2.449654333333333
   460  5.401054333333334  2.428687666666667
   461  5.904054  2.309734
   462  5.70553  2.486636
   463  5.804792  2.3981850000000002
   464  5.945398333333333  2.4367116666666666
   465  5.986742666666667  2.5636893333333335
   466  5.846136333333334  2.5251626666666667
   467  6.118952  2.844283
   468  6.209817  2.997899
   469  6.000959666666667  2.9308416666666663
   470  7.394053  0.4157823333333333
   471  7.330317  0.30273286666666666
   472  7.445045333333333  0.25750756666666663
   473  6.898198  0.03660952
   474  7.143786666666667  0.13865877333333335
   475  7.020992333333333  0.08763414666666668
   476  7.004539333333333  -0.043224420000000006
   477  7.110880666666667  -0.12305836
   478  7.127333666666666  0.007800206666666668
   479  6.872645  -0.4039014
   480  7.1023629999999995  -0.2698953333333333
   481  6.987504  -0.33689836666666667
   482  6.9887163333333335  -0.4687816
   483  7.104787666666667  -0.5336618
   484  7.1035753333333345  -0.40177856666666667
   485  5.151075  -0.8551452
   486  4.923355  -0.9925324
   487  5.037215  -0.9238388000000001
   488  5.034060666666666  -0.7919743666666667
   489  4.917046333333333  -0.7288035333333334
   490  4.920200666666666  -0.8606679666666667
   491  6.310721333333333  -2.937110666666667
   492  6.197713666666666  -2.7884583333333333
   493  6.0976886666666665  -2.8837266666666665
   494  5.905991  -2.252697
   495  6.025134333333333  -2.5107696666666666
   496  5.965562666666667  -2.3817333333333335
   497  5.821996333333334  -2.3558813333333335
   498  5.7380016666666664  -2.4590656666666666
   499  5.881568000000001  -2.4849176666666666
   500  5.477395  -2.204302
   501  5.5951363333333335  -2.442934
   502  5.536265666666666  -2.323618
   503  5.4043236666666665  -2.3154893333333333
   504  5.3312523333333335  -2.426676666666667
   505  5.463194333333334  -2.4348053333333333
   506  5.138222333333333  -2.682039
   507  5.018263666666667  -2.826214
   508  5.2007113333333335  -2.798529
   509  7.307473  2.181818
   510  7.075911  2.505051
   511  6.910088  2.141694
   512  7.230285666666666  2.289562333333333
   513  7.153098333333333  2.3973066666666667
   514  7.020636666666666  2.383932
   515  6.965362333333333  2.262813
   516  7.042549666666667  2.1550686666666667
   517  7.175011333333333  2.1684433333333333
   518  7.097824  2.2761876666666665
   519  6.962381  1.33418
   520  7.226705  1.3016446666666666
   521  7.094543  1.3179123333333334
   522  7.014928666666666  1.2118271999999999
   523  7.0674763333333335  1.0894744
   524  7.147090666666667  1.1955595333333333
   525  4.559322  2.493052
   526  4.702411333333333  2.7165393333333334
   527  4.630866666666667  2.6047956666666665
   528  4.747172  2.499430333333333
   529  4.935022  2.505808666666667
   530  4.818716666666667  2.6111739999999997
   531  6.872851666666667  -0.5336836666666667
   532  6.873058333333334  -0.6634659333333333
   533  6.988923  -0.5985638666666667
   534  6.526546  -0.5991264
   535  6.757278666666667  -0.4689764
   536  6.641912333333333  -0.5340514
   537  6.642119  -0.6638336666666667
   538  6.757692  -0.7285409333333333
   539  6.7574853333333325  -0.5987586666666666
   540  6.529404  -0.1997941
   541  6.758231333333334  -0.33586563333333336
   542  6.643817666666667  -0.26782986666666664
   543  6.528451333333334  -0.33290486666666663
   544  6.527498666666666  -0.4660156333333333
   545  6.6428650000000005  -0.40094063333333335
   546  6.530676  -0.9984476
   547  6.527922666666666  -0.7322334666666667
   548  6.529299333333333  -0.8653405333333333
   549  6.644872333333333  -0.9300478
   550  6.759068666666667  -0.861648
   551  6.6434956666666665  -0.7969407333333333
   552  6.872936  -1.192852
   553  6.873155333333333  -0.9264494666666666
   554  6.873045666666667  -1.0596507333333334
   555  6.988117  -1.1259495666666668
   556  7.103298000000001  -1.0590471333333333
   557  6.988226666666667  -0.9927483
   558  5.39677  -0.559867
   559  5.182558666666667  -0.4014430666666667
   560  5.2896643333333335  -0.48065503333333337
   561  5.411408  -0.4274589
   562  5.426046  -0.2950508
   563  5.304302333333333  -0.34824693333333334
   564  5.442281666666667  -0.00992179999999998
   565  5.443879333333333  0.14279910000000004
   566  5.334367666666666  0.06757601
   567  5.787291  1.002029
   568  5.515273  0.816709
   569  5.651282  0.9093690000000001
   570  5.619273333333333  1.0383383333333334
   571  5.4512556666666665  1.0746476666666667
   572  5.4832643333333335  0.9456783333333334
   573  4.898052  1.217546
   574  5.154842666666666  1.1464866666666667
   575  5.0264473333333335  1.1820163333333333
   576  4.900959666666666  1.0895462666666667
   577  4.903867333333333  0.9615465333333333
   578  5.029355  1.0540166
   579  4.958314  2.107228
   580  5.068019333333333  2.3772006666666665
   581  5.013166666666667  2.2422143333333335
   582  5.130217  2.1377483333333336
   583  5.3021199999999995  2.1682686666666666
   584  5.185069666666666  2.272734666666667
   585  5.617366666666666  2.235770666666667
   586  5.760710333333334  2.2727523333333335
   587  5.6614483333333325  2.3612033333333335
   588  6.282454  2.438519
   589  6.030187333333334  2.3526623333333334
   590  6.156320666666667  2.3955906666666666
   591  6.197665000000001  2.522568333333333
   592  6.112876  2.6066176666666667
   593  6.071531666666668  2.47964
   594  6.933028  0.5297903
   595  7.155396666666667  0.3030523666666667
   596  7.044212333333333  0.41642133333333337
   597  6.921418  0.3653967066666667
   598  6.909808  0.20100311333333337
   599  7.032602333333333  0.25202774
   600  6.889680333333334  -0.11022745333333334
   601  6.8811626666666665  -0.2570644266666667
   602  6.996021666666667  -0.19006139333333336
   603  5.115082  -1.410018
   604  4.911357333333333  -1.17749
   605  5.013219666666667  -1.293754
   606  5.127079666666667  -1.2250604
   607  5.139077333333333  -1.0401028
   608  5.025217333333334  -1.1087964
   609  5.125867666666666  -0.6775071666666667
   610  5.100660333333334  -0.4998691333333333
   611  5.008853333333334  -0.6143363333333334
   612  6.300273  -2.318812
   613  6.156561666666667  -2.532808
   614  6.228417333333333  -2.42581
   615  6.168845666666667  -2.2967736666666667
   616  6.037418333333333  -2.274735333333333
   617  6.096990000000001  -2.403771666666666
   618  5.763125666666666  -2.2365653333333335
   619  5.620260333333333  -2.2204336666666666
   620  5.679131000000001  -2.3397496666666666
   621  5.078298  -2.180832
   622  5.344362666666666  -2.1964786666666667
   623  5.211330333333334  -2.1886553333333336
   624  5.138259000000001  -2.2998426666666667
   625  5.19822  -2.4188533333333333
   626  5.271291333333333  -2.3076659999999998
   627  6.775266666666667  -0.042191686666666665
   628  6.652335333333333  -0.12099289333333332
   629  6.766749000000001  -0.18902866000000004
   630  6.181574  -0.3969807
   631  6.413460666666667  -0.2655229666666667
   632  6.297517333333333  -0.33125183333333336
   633  6.296564666666667  -0.4643626
   634  6.411555333333333  -0.5317445
   635  6.412508  -0.39863373333333335
   636  6.182219  -0.8023695
   637  6.411770333333333  -0.6668740999999999
   638  6.2969946666666665  -0.7346218
   639  6.298371333333333  -0.8677288666666666
   640  6.414523666666667  -0.9330882333333334
   641  6.4131469999999995  -0.7999811666666666
   642  6.644762666666667  -1.0632490666666667
   643  6.758849333333333  -1.1280505333333333
   644  6.758959  -0.9948492666666665
   645  6.530717  -1.396862
   646  6.5306896666666665  -1.1312524
   647  6.530703333333333  -1.2640572
   648  6.64479  -1.3288586666666666
   649  6.758863  -1.2608553333333334
   650  6.644776333333333  -1.1960538666666667
   651  6.184286  -1.197691
   652  6.415212666666666  -1.0648620666666666
   653  6.299749333333334  -1.1312765333333334
   654  6.2997630000000004  -1.2640813333333334
   655  6.41524  -1.3304716666666667
   656  6.415226333333333  -1.1976668666666666
   657  6.879208  -1.592407
   658  6.646880666666667  -1.4620436666666667
   659  6.763044333333333  -1.5272253333333332
   660  6.8771173333333335  -1.459222
   661  6.875026666666667  -1.326037
   662  6.7609536666666665  -1.394040333333333
   663  6.677856  2.467193
   664  6.943226  2.4924316666666666
   665  6.810541  2.4798123333333333
   666  6.7552666666666665  2.3586933333333335
   667  6.832677333333334  2.2501936666666666
   668  6.887951666666666  2.371312666666667
   669  7.14358  1.817099
   670  6.987918666666666  2.033495666666667
   671  7.065749333333334  1.9252973333333334
   672  7.198211  1.938672
   673  7.252842  2.060245
   674  7.120380333333333  2.046870333333333
   675  7.287104666666667  1.4626176666666666
   676  7.215342333333333  1.6398583333333334
   677  7.083180333333333  1.656126
   678  7.022780666666667  1.495153
   679  7.154942666666667  1.4788853333333334
   680  6.722905  1.01395
   681  6.882555666666667  1.2274366666666665
   682  6.802730333333333  1.1206933333333333
   683  6.855278  0.9983405333333333
   684  6.987651  0.9827310666666667
   685  6.935103333333333  1.1050838666666667
   686  7.294063  -1.413522
   687  7.013311666666667  -1.2664086666666667
   688  7.153687333333334  -1.3399653333333332
   689  7.268868333333334  -1.2730629
   690  7.243673666666667  -1.1326038
   691  7.128492666666667  -1.1995062333333333
   692  6.184844  -1.597592
   693  6.184472  -1.3309913333333334
   694  6.184658  -1.4642916666666665
   695  6.300135  -1.5306819999999999
   696  6.415426  -1.463772
   697  6.299949000000001  -1.3973816666666667
   698  7.017493  -1.5327786666666665
   699  7.155778000000001  -1.4731503333333333
   700  7.015402333333334  -1.3995936666666668
   701  7.403926  -2.020202
   702  7.054114  -1.7350053333333333
   703  7.22902  -1.8776036666666664
   704  7.367305  -1.8179753333333333
   705  7.330684000000001  -1.6157486666666665
   706  7.192398999999999  -1.675377
   707  6.182908  -0.9341433333333333
   708  6.183597  -1.0659171666666667
   709  6.299060333333333  -0.9995027000000002
   710  5.916691  -0.9865607
   711  6.093709666666666  -0.8637665666666666
   712  6.005200333333334  -0.9251636333333333
   713  6.005889333333333  -1.0569374666666667
   714  6.095087666666667  -1.1273142333333332
   715  6.094398666666667  -0.9955404
   716  5.836281  -0.6021326
   717  6.066906333333333  -0.7356238666666667
   718  5.951593666666667  -0.6688782333333333
   719  5.863084333333333  -0.7302753
   720  5.889887666666667  -0.8584179999999999
   721  5.978397  -0.7970209333333332
   722  5.840462  -1.401535
   723  5.891281333333334  -1.1248854666666666
   724  5.865871666666666  -1.2632102333333333
   725  5.95507  -1.333587
   726  6.069678  -1.265639
   727  5.980479666666667  -1.1952622333333334
   728  6.535448  -1.796735
   729  6.532294  -1.530153
   730  6.5338709999999995  -1.663444
   731  6.6500346666666665  -1.7286256666666666
   732  6.764621333333333  -1.6605163333333333
   733  6.648457666666666  -1.5953346666666668
   734  5.232973333333333  -0.7567191333333334
   735  5.314871666666667  -0.6582930666666666
   736  5.2077659999999995  -0.5790811
   737  5.535918  -1.056966
   738  5.279356  -0.9224188000000001
   739  5.407636999999999  -0.9896924
   740  5.489535333333333  -0.8912663333333334
   741  5.443152666666666  -0.7255666666666667
   742  5.361254333333332  -0.8239927333333333
   743  5.255360666666666  -1.292334
   744  5.3956393333333335  -1.17465
   745  5.267358333333333  -1.1073764
   746  5.636038999999999  -0.9053548666666668
   747  5.73616  -0.7537437333333334
   748  5.689777333333333  -0.5880440666666666
   749  5.543273666666667  -0.5739555333333334
   750  5.589656333333333  -0.7396552000000001
   751  5.763366  0.6127004
   752  5.5072980000000005  0.6869328
   753  5.635332  0.6498166000000001
   754  5.7713410000000005  0.7424766
   755  5.779316  0.8722528
   756  5.643307  0.7795928000000001
   757  5.183033  1.498115
   758  5.2498363333333335  1.2400096666666667
   759  5.216434666666666  1.3690623333333334
   760  5.088039333333334  1.404592
   761  4.993045666666666  1.311069
   762  5.121441  1.2755393333333334
   763  5.704415333333333  -0.4556359666666667
   764  5.572549666666666  -0.3091393333333334
   765  5.557911666666667  -0.44154743333333335
   766  5.646354  1.503757
   767  5.740311999999999  1.1692716666666667
   768  5.693333  1.3365143333333334
   769  5.525315333333333  1.3728236666666667
   770  5.404276666666666  1.2418903333333333
   771  5.572294333333333  1.2055810000000002
   772  4.752872666666667  1.1774813333333334
   773  4.607693333333333  1.1374166666666667
   774  4.755780333333333  1.0494816
   775  4.692319333333333  2.364444
   776  4.825316666666667  2.235836
   777  4.880169333333333  2.3708223333333334
   778  7.282868666666666  0.5291513
   779  7.107948333333334  0.5294708
   780  7.219132666666667  0.4161018333333333
   781  6.182004  -0.6672399
   782  6.181789  -0.5321103
   783  6.066476333333333  -0.4653646666666667
   784  5.951378666666667  -0.5337486333333333
   785  6.066691333333334  -0.6004942666666667
   786  6.204865  2.046189
   787  6.004324333333334  2.2218856666666666
   788  6.104594666666666  2.1340373333333336
   789  6.230728  2.176965666666667
   790  6.256591  2.307742333333333
   791  6.1304576666666675  2.264814
   792  4.783404  -1.5532873333333332
   793  4.949243  -1.4816526666666667
   794  4.847380666666666  -1.3653886666666668
   795  5.789766666666667  -1.0100291333333333
   796  5.662842333333333  -1.0334975666666666
   797  5.637432666666666  -1.1718223333333333
   798  5.738947333333333  -1.2866786666666667
   799  5.7643569999999995  -1.1483539
   800  5.7629633333333325  -0.8818864333333334
   801  5.338257  1.82261
   802  5.084961666666667  2.0123553333333333
   803  5.211609333333333  1.9174826666666667
   804  5.383512333333333  1.9480030000000002
   805  5.428767666666666  2.0733960000000002
   806  5.256864666666666  2.0428756666666668
   807  6.580282  0.2792529
   808  6.815446000000001  0.4462778333333334
   809  6.697864  0.3627653666666667
   810  6.686254  0.19837177333333333
   811  6.792226  0.11749064666666667
   812  6.803836  0.28188424
   813  6.400955  2.718802
   814  6.321954333333333  2.531946666666667
   815  6.361454666666667  2.6253743333333333
   816  6.276665666666666  2.709423666666667
   817  6.152376333333334  2.700045333333333
   818  6.2371653333333335  2.615996
   819  5.955255999999999  -1.4668873333333332
   820  6.07005  -1.5322396666666667
   821  6.069864  -1.398939333333333
   822  5.770087  -1.843141
   823  5.8170036666666665  -1.548737
   824  5.793545333333333  -1.6959389999999999
   825  5.908339333333333  -1.7612913333333333
   826  6.046591666666667  -1.6794416666666665
   827  5.931797666666667  -1.6140893333333333
   828  5.494456  -1.601771
   829  5.725126666666666  -1.4682803333333334
   830  5.609791333333333  -1.5350256666666666
   831  5.586333  -1.6822276666666667
   832  5.67821  -1.7626843333333333
   833  5.701668333333333  -1.6154823333333335
   834  6.139329  -1.961795
   835  5.893167666666667  -1.8826923333333332
   836  6.016248333333333  -1.9222436666666667
   837  6.154500666666666  -1.8403939999999999
   838  6.169672333333334  -1.718993
   839  6.03142  -1.8008426666666668
   840  6.439607  -2.693703
   841  6.203006333333333  -2.6577716666666666
   842  6.321306666666667  -2.6757373333333336
   843  6.393162333333333  -2.5687393333333333
   844  6.346717666666667  -2.443775666666667
   845  6.274862  -2.5507736666666667
   846  5.298183  -1.846754
   847  5.417657666666666  -2.0851193333333335
   848  5.357920333333333  -1.9659366666666667
   849  5.224888  -1.9581133333333334
   850  5.151593  -2.069472666666667
   851  5.2846253333333335  -2.077296
   852  5.522097333333333  -1.2385676666666667
   853  5.508276666666666  -1.4201693333333334
   854  5.623611999999999  -1.3534240000000002
   855  5.815388333333334  -1.9796596666666666
   856  5.860689666666667  -2.116178333333333
   857  5.983770333333333  -2.1557296666666668
   858  6.061549666666667  -2.058762333333333
   859  5.938469  -2.019211
   860  6.246625  -2.199806333333333
   861  6.192977  -2.0808006666666667
   862  6.115197666666667  -2.177768
   863  6.378664666666666  -2.1447863333333332
   864  6.457056333333333  -1.9707606666666666
   865  6.403408333333333  -1.851755
   866  6.271368666666667  -1.9067749999999999
   867  6.3250166666666665  -2.0257806666666665
   868  4.858876  -2.515214
   869  5.005157333333334  -2.2922926666666665
   870  4.932016666666667  -2.4037533333333334
   871  4.991977666666667  -2.522764
   872  5.125079333333334  -2.5303139999999997
   873  5.065118333333333  -2.411303333333333
   874  5.6127856666666665  -1.8443453333333333
   875  5.455484333333334  -1.8455496666666666
   876  5.574959  -2.083915
   877  5.672523  -1.963528
   878  5.515221666666666  -1.9647323333333333
   879  6.4185799999999995  -1.730354
   880  6.301712  -1.663973
   881  6.286540333333334  -1.785374
   882  6.18465  0.002966363
   883  6.414486  -0.132207279
   884  6.299568000000001  -0.06462045799999999
   885  6.183624666666667  -0.13034932466666668
   886  6.182599333333334  -0.26366501233333334
   887  6.298542666666667  -0.1979361456666667
   888  6.762712  2.835698
   889  6.971511333333333  2.6152666666666664
   890  6.867111666666666  2.7254823333333333
   891  6.734426666666667  2.712863
   892  6.706141333333333  2.5900279999999998
   893  6.8388263333333335  2.602647333333333
   894  6.642126333333333  2.7967326666666668
   895  6.521540666666667  2.7577673333333332
   896  6.493255333333333  2.6349323333333334
   897  6.585555666666667  2.5510626666666667
   898  6.613841  2.6738976666666665
   899  6.565225  1.381524
   900  6.829995666666666  1.3499613333333333
   901  6.697610333333333  1.3657426666666665
   902  6.617785  1.2589993333333334
   903  6.670345  1.1364746666666665
   904  6.750170333333333  1.243218
   905  6.296779666666667  -0.5994922
   906  6.745621  1.777111
   907  6.855265666666667  2.0201663333333335
   908  6.800443333333333  1.8986386666666668
   909  6.878274  1.7904403333333334
   910  7.010927  1.8037696666666667
   911  6.933096333333334  1.911968
   912  6.511977  2.10325
   913  6.622563  2.3458786666666667
   914  6.56727  2.2245643333333334
   915  6.644680666666667  2.116064666666667
   916  6.777384333333333  2.1288793333333333
   917  6.699973666666668  2.2373790000000002
   918  6.792946  0.8525634333333333
   919  6.862987  0.6911768666666667
   920  6.99536  0.6755674
   921  7.057692  0.8213445
   922  6.925318999999999  0.8369539666666667
   923  7.284133333333333  1.777056
   924  7.424686666666667  1.7370130000000001
   925  7.479317666666667  1.858586
   926  7.393395333333333  2.020202
   927  7.338764333333334  1.898629
   928  7.455929  -1.3050483333333334
   929  7.617795  -1.1965746666666666
   930  7.4307343333333336  -1.1645892333333332
   931  4.797512  1.604683
   932  5.054526  1.5336376666666667
   933  4.926019  1.5691603333333335
   934  4.831025333333334  1.4756373333333335
   935  4.864538666666666  1.3465916666666666
   936  4.959532333333333  1.4401146666666669
   937  6.563322666666667  0.11957056666666668
   938  6.546363333333334  -0.04011176666666666
   939  6.669294666666667  0.03868944000000001
   940  6.448404666666667  0.18715738766666667
   941  6.316527333333334  0.09506187533333335
   942  6.4314453333333335  0.027475054333333342
   943  6.884325  -1.992349
   944  6.651740333333333  -1.8619396666666665
   945  6.768032666666667  -1.9271443333333333
   946  6.882619333333333  -1.859035
   947  6.880913666666666  -1.7257209999999998
   948  6.766327  -1.7938303333333332
   949  6.307235666666666  2.0652093333333332
   950  6.4096063333333335  2.084229666666667
   951  6.435469333333334  2.215006333333333
   952  6.358961666666667  2.3267626666666668
   953  6.333098666666667  2.195986
   954  6.421701  1.734138
   955  6.2771436666666665  1.942172
   956  6.349422333333333  1.838155
   957  6.4517929999999994  1.8571753333333334
   958  6.481885  1.9802126666666666
   959  6.379514333333333  1.9611923333333332
   960  6.028809  1.69249
   961  6.146179666666667  1.9282893333333333
   962  6.087494333333333  1.8103896666666668
   963  6.1597729999999995  1.7063726666666668
   964  6.290737  1.7202553333333332
   965  6.218458333333333  1.8242723333333333
   966  6.529674333333333  1.7484623333333333
   967  6.637647666666666  1.7627866666666667
   968  6.667739666666667  1.8858240000000002
   969  6.589858333333333  1.994537
   970  6.559766333333333  1.8714996666666668
   971  6.469542333333333  1.6166
   972  6.5173836666666665  1.499062
   973  6.625357  1.5133863333333333
   974  6.685489  1.6452486666666668
   975  6.577515666666666  1.6309243333333334
   976  6.097126  1.376395
   977  6.313509333333333  1.6148903333333333
   978  6.205317666666667  1.4956426666666667
   979  6.253159  1.3781046666666668
   980  6.409192  1.3798143333333333
   981  6.361350666666667  1.4973523333333334
   982  5.80672  2.023701
   983  6.07215  2.038693
   984  5.9394350000000005  2.031197
   985  5.8807496666666665  1.9132973333333334
   986  5.954779333333334  1.8028936666666666
   987  6.013464666666667  1.9207933333333334
   988  6.051581333333333  1.5871250000000001
   989  6.074353666666667  1.48176
   990  6.182545333333334  1.6010076666666666
   991  5.901324  1.629579
   992  5.773839  1.566668
   993  5.796611333333333  1.461303
   994  5.946868666666667  1.418849
   995  5.924096333333334  1.524214
   996  6.328857  1.060294
   997  6.174369666666667  1.271028
   998  6.251613333333333  1.165661
   999  6.407646333333333  1.1673706666666668
   1000  6.486435666666667  1.2744473333333333
   1001  6.330402666666667  1.2727376666666668
   1002  5.871609333333334  2.214389666666667
   1003  5.839164666666667  2.1190453333333332
   1004  5.971879666666666  2.1265413333333334
   1005  5.584922  2.1404263333333335
   1006  5.6958210000000005  2.0820636666666665
   1007  5.728265666666666  2.177408
   1008  5.494411333333333  1.8896403333333334
   1009  5.650565666666667  1.9566706666666667
   1010  5.539666666666666  2.0150333333333337
   1011  5.7532646666666665  1.8503863333333332
   1012  5.6998093333333335  1.6770716666666667
   1013  5.827294333333334  1.739982666666667
   1014  5.9938476666666665  1.2516063333333334
   1015  5.8905693333333335  1.1268176666666667
   1016  5.967813  1.0214506666666667
   1017  6.148335  1.0408723333333334
   1018  6.0710913333333325  1.1462393333333336
   1019  6.460206333333334  1.044846
   1020  6.591555666666666  1.029398
   1021  6.5389956666666675  1.1519226666666667
   1022  6.488793  0.667423
   1023  6.382169  0.9293370000000001
   1024  6.435481  0.7983800000000001
   1025  6.566830333333334  0.782932
   1026  6.644867666666666  0.8984409999999999
   1027  6.513518333333334  0.9138890000000001
   1028  6.122102  0.7482263
   1029  6.259938666666667  0.9562714333333334
   1030  6.191020333333333  0.8522488666666667
   1031  6.244332333333333  0.7212918666666667
   1032  6.366562666666667  0.6943574333333333
   1033  6.313250666666666  0.8253144333333333
   1034  6.636871333333334  0.6215454333333333
   1035  6.784949666666667  0.5756678666666667
   1036  6.714908666666666  0.7370544333333333
   1037  5.898894666666666  0.9174281000000001
   1038  6.0104983333333335  0.8328272
   1039  6.079416666666667  0.9368497666666666
   1040  6.24558  0.3730247
   1041  6.163261333333334  0.6231591
   1042  6.204420666666667  0.4980919
   1043  6.326651  0.47115746666666664
   1044  6.407722000000001  0.5692902333333333
   1045  6.285491666666666  0.5962246666666667
   1046  6.002523333333333  0.703051
   1047  5.882944666666667  0.6578757000000001
   1048  5.924104000000001  0.5328085
   1049  6.084842  0.4529166
   1050  6.043682666666666  0.5779838
   1051  5.890919666666666  0.7876519000000001
   1052  6.357147333333334  0.3417674333333333
   1053  6.468714666666667  0.3105101666666667
   1054  6.549785666666667  0.40864293333333335
   1055  6.519289333333334  0.5380329666666667
   1056  6.438218333333334  0.4399002
   1057  6.22527  0.24967192100000002
   1058  6.204960000000001  0.12631914200000002
   1059  6.336837333333334  0.21841465433333332
   1060  5.873307  0.2442743
   1061  6.121489  0.3301079
   1062  5.997398  0.2871911
   1063  5.977088  0.163838321
   1064  6.080869  0.08340234199999999
   1065  6.101179000000001  0.20675512100000001
   1066  5.800013  0.48989170000000004
   1067  5.83666  0.36708300000000005
   1068  5.960751000000001  0.4099998
   1069  5.657403  0.5069736
   1070  5.55144  0.4012468
   1071  5.588087  0.2784381
   1072  5.730697  0.2613562
   1073  5.69405  0.38416490000000003
   1074  5.816768  -0.1501802
   1075  5.854460666666666  0.11278946666666664
   1076  5.835614333333333  -0.018695366666666713
   1077  5.939395333333334  -0.09913134566666668
   1078  6.062022666666667  -0.04808249133333334
   1079  5.958241666666666  0.03235348766666666
   1080  5.5692406666666665  0.14695326666666667
   1081  5.6930043333333336  -0.0016134666666666742
   1082  5.711850666666667  0.12987136666666665
   1083  5.93837  -0.23244703333333333
   1084  6.059972  -0.3147138666666667
   1085  6.060997333333334  -0.18139817900000002
   1086  5.429031666666666  -1.683432
   1087  5.363607333333333  -1.765093
   1088  5.520908666666666  -1.7638886666666667
   1089  5.367998  -1.5378533333333333
   1090  5.24154  -1.4739356666666668
   1091  5.176115666666667  -1.5555966666666667
   1092  5.237149333333333  -1.7011753333333333
   1093  5.3025736666666665  -1.6195143333333333
   1094  6.546055333333333  2.457635
   1095  6.414254666666667  2.448077
   1096  6.4907623333333335  2.336320666666667
   1097  6.453755  2.5415046666666665
   1098  6.417003  -1.5970630000000001
   1099  5.491913666666666  1.5018763333333334
   1100  5.3374733333333335  1.4999956666666667
   1101  5.370875000000001  1.3709430000000002
   1102  6.367530666666666  2.863039666666667
   1103  6.334106333333334  3.007277333333333
   1104  6.243241333333333  2.853661333333333
   1105  6.608702  2.940970333333333
   1106  6.454692  3.0462426666666667
   1107  6.488116333333333  2.9020050000000004
   1108  6.722562  2.0073516666666666
   1109  4.678965  -2.157973
   1110  4.945187  -2.1732123333333333
   1111  4.812076  -2.165592666666667
   1112  4.738935333333333  -2.2770533333333334
   1113  4.798905666666667  -2.3961336666666666
   1114  4.8720463333333335  -2.284673
   1115  5.843590333333332  1.2940603333333334
   1116  6.429021666666666  -2.9550763333333334
   1117  6.434314333333333  -2.824389666666667
   1118  6.316014  -2.806424
   1119  6.770405  -2.828283
   1120  6.539287666666667  -2.9999363333333333
   1121  6.654846333333333  -2.9141096666666666
   1122  6.660139  -2.783423
   1123  6.549873  -2.738563
   1124  6.544580333333333  -2.8692496666666667
   1125  6.735547  -2.440121
   1126  6.758785666666667  -2.6988956666666666
   1127  6.747166333333333  -2.5695083333333333
   1128  6.636900333333333  -2.5246483333333334
   1129  6.538253666666667  -2.609175666666667
   1130  6.648519666666666  -2.6540356666666667
   1131  7.101695  -2.474714
   1132  6.880835  -2.7104266666666668
   1133  6.991265  -2.592570333333333
   1134  6.979645666666667  -2.463183
   1135  6.857596333333333  -2.451652
   1136  6.869215666666666  -2.5810393333333335
   1137  7.029238333333334  -2.3139256666666665
   1138  6.956781666666666  -2.1531373333333335
   1139  6.834732333333333  -2.1416063333333333
   1140  6.785139666666667  -2.2908636666666666
   1141  6.907189  -2.302394666666667
   1142  6.590455666666667  -2.3996846666666665
   1143  6.445364333333333  -2.3592483333333334
   1144  6.491809  -2.484212
   1145  5.529369  0.5440898
   1146  4.9047133333333335  1.939713
   1147  4.851112666666666  1.7721980000000002
   1148  4.977760333333333  1.6773253333333333
   1149  5.1580086666666665  1.7499676666666668
   1150  5.031361  1.8448403333333332
   1151  4.898882  -1.823342
   1152  5.165082666666667  -1.83895
   1153  5.031982333333334  -1.831146
   1154  4.958687333333334  -1.9425053333333333
   1155  5.018492666666667  -2.061668666666667
   1156  5.091787666666667  -1.9503093333333335
   1157  6.817874333333333  1.6294673333333334
   1158  6.890127666666666  1.4818236666666667
   1159  6.9505273333333335  1.6427966666666667
   1160  6.667367666666667  0.49215539999999997
   1161  4.872019  -2.6669389999999997
   1162  4.885162  -2.818664
   1163  5.0051206666666666  -2.674489
   1164  6.757742333333333  1.497605
   1165  6.494956999999999  -2.209991
   1166  6.689641  -2.1011699999999998
   1167  6.573348666666667  -2.0359653333333334
   1168  4.825576333333333  -1.9348856666666667
   1169  4.752270666666667  -2.046429333333333
   1170  4.8853816666666665  -2.054049
   1171  5.234774333333333  1.6062800000000002
   1172  5.286515666666666  1.714445
   1173  5.106267333333332  1.6418026666666667
   1174  5.543654999999999  1.6100413333333334
   1175  5.440956  1.7163256666666666
   1176  5.389214666666667  1.6081606666666668
   1177  4.565617  -2.505051
   1178  4.641182333333333  -2.2736656666666666
   1179  4.603399666666666  -2.3893583333333335
   1180  4.66337  -2.5084386666666667
   1181  4.761123  -2.511826333333333
   1182  4.701152666666666  -2.3927460000000003
   1183  4.676513  -2.6601636666666666
   1184  4.787408999999999  -2.8152763333333333
   1185  4.774266  -2.6635513333333334
   1186  4.582587  -2.1376286666666666
   1187  4.486209  -2.1172843333333335
   1188  4.448426333333333  -2.232977
   1189  4.507021666666667  -2.369014
   1190  4.544804333333333  -2.2533213333333335
   1191  4.658498333333333  -1.9802893333333333
   1192  4.6380316666666666  -1.8026056666666668
   1193  4.562120333333333  -1.959945
   1194  4.685846  1.4355726666666668
   1195  4.57418  1.2664623333333334
   1196  4.719359333333333  1.306527
   1197  7.057525333333333  -2.0016333333333334
   1198  7.230725666666666  -2.0109176666666664
   1199  7.055819666666667  -1.8683193333333332
   1200  5.043015333333334  -1.5477926666666666
   1201  4.970948666666667  -1.6855673333333334
   1202  5.104049  -1.6933713333333333
   1203  4.805109666666667  -1.757202
   1204  4.711337333333334  -1.691062
   1205  4.731804  -1.8687456666666666
   1206  4.877176333333334  -1.6194273333333333
   1207  5.823272333333333  -0.300831
   1208  5.829776666666667  -0.45148180000000004
   1209  5.944874333333334  -0.3830978333333334
   1210  5.717824333333333  -2.1000466666666666
   1211  7.355895666666666  1.5998153333333331
   1212  4.6051210000000005  1.5619356666666666
   1213  4.41273  1.5191883333333334
   1214  4.493455  1.3928253333333334
   1215  6.6400483333333336  -2.250427333333333
   1216  5.6914066666666665  -0.15433436666666667
   1217  5.566045333333333  -0.15848853333333335
   1218  5.697911  -0.3049851666666667
   1219  5.567643  -0.005767633333333337
   1220  7.610169  -1.595424
   1221  7.472673666666667  -1.8786093333333331
   1222  7.541421333333333  -1.7370166666666667
   1223  7.504800333333334  -1.5347899999999999
   1224  7.399431666666667  -1.474156
   1225  7.436052666666668  -1.6763826666666664
   1226  7.666666333333334  -1.4263163333333333
   1227  7.723163666666666  -1.2572086666666666
   1228  7.561297666666667  -1.3656823333333332
   1229  5.381818666666667  -1.3562516666666669
   1230  5.597110333333333  1.7833560000000002
   1231  4.363482  2.020202
   1232  4.494042  2.3354353333333333
   1233  4.428762  2.1778186666666666
   1234  4.561759333333334  2.0492106666666667
   1235  4.760036666666666  2.078219333333333
   1236  4.627039333333333  2.2068273333333335
   1237  7.202438666666667  -2.32321
   1238  7.303182333333334  -2.171706
   1239  7.129981999999999  -2.162421666666667
   1240  4.315767666666667  1.8389483333333332
   1241  4.2680533333333335  1.6576946666666665
   1242  4.652835333333334  1.7431893333333333
   1243  4.508158666666667  1.8816956666666667
   1244  4.460444333333334  1.700442
   1245  7.170280333333333  0.6752479
   1246  4.706436  1.9107043333333333
  END_COORDINATES 
  BOUNDARIES, ELEMENT 
    1 1 2 4 5 1
    2 2 11 13 14 2
    3 20 21 23 24 3
    4 21 30 32 33 4
    5 39 40 42 43 5
    6 40 49 51 52 6
    7 58 59 61 62 7
    8 59 39 69 70 8
    9 30 76 77 78 9
    10 76 82 84 85 10
    11 49 91 93 94 11
    12 91 100 102 103 12
    13 109 110 112 113 13
    14 110 119 121 122 14
    15 137 1 140 141 17
    16 11 143 144 145 18
    17 323 109 326 327 56
    18 119 329 330 331 57
    19 356 20 359 360 62
    20 368 58 371 372 65
    21 100 374 375 376 66
    22 82 398 399 400 71
    23 398 410 411 412 73
    24 374 446 447 448 80
    25 509 510 512 513 93
    26 143 525 526 527 95
    27 510 888 889 890 168
    28 410 509 925 926 175
    29 888 137 1105 1106 219
    30 329 1119 1120 1121 224
    31 1119 1131 1132 1133 226
    32 1177 323 1183 1184 241
    33 446 1177 1188 1189 242
    34 701 1220 1221 1222 256
    35 1220 356 1226 1227 257
    36 525 1231 1232 1233 260
    37 1131 701 1237 1238 261
    38 1231 368 1240 1241 262
  END_BOUNDARIES 
  MATERIALS, NUMBER= 1, DEFAULT=1 
  END_MATERIALS 
  SUBDOMAINS 
  END_SUBDOMAINS 
  CHARACTERISTICS 
  END_CHARACTERISTICS 
