  NODES_PER_ELEMENT 
  1 16
  2 16
  3 16
  4 16
  5 16
  6 16
  7 16
  8 16
  9 16
  10 16
  11 16
  12 16
  13 16
  14 16
  15 16
  16 16
  17 16
  18 16
  19 16
  20 16
  21 16
  22 16
  23 16
  24 16
  25 16
  26 16
  27 16
  28 16
  29 16
  30 16
  31 16
  32 16
  33 16
  34 16
  35 16
  36 16
  37 16
  38 16
  39 16
  40 16
  41 16
  42 16
  43 16
  44 16
  45 16
  46 16
  47 16
  48 16
  49 16
  50 16
  51 16
  END_NODES_PER_ELEMENT 
  ELEMENTS 
  1 1 2 3 4 66 67 69 68 71 70 72 73 296 297 298 299  
  2 5 1 4 6 74 75 73 72 77 76 78 79 300 301 302 303  
  3 2 7 8 3 80 81 83 82 85 84 68 69 304 305 306 307  
  4 9 5 6 10 86 87 79 78 89 88 90 91 308 309 310 311  
  5 11 9 10 12 92 93 91 90 95 94 96 97 312 313 314 315  
  6 7 13 14 8 98 99 101 100 102 103 82 83 316 317 318 319  
  7 13 15 16 14 105 104 107 106 108 109 100 101 320 321 322 323  
  8 15 17 18 16 111 110 113 112 114 115 106 107 324 325 326 327  
  9 17 19 20 18 117 116 119 118 120 121 112 113 328 329 330 331  
  10 19 21 22 20 123 122 125 124 126 127 118 119 332 333 334 335  
  11 21 23 24 22 129 128 131 130 132 133 124 125 336 337 338 339  
  12 25 11 12 26 134 135 97 96 137 136 138 139 340 341 342 343  
  13 27 25 26 28 140 141 139 138 143 142 144 145 344 345 346 347  
  14 29 27 28 30 146 147 145 144 149 148 150 151 348 349 350 351  
  15 31 29 30 32 152 153 151 150 155 154 156 157 352 353 354 355  
  16 33 31 32 34 158 159 157 156 161 160 162 163 356 357 358 359  
  17 35 33 34 36 164 165 163 162 167 166 169 168 360 361 362 363  
  18 37 35 36 38 170 171 168 169 173 172 175 174 364 365 366 367  
  19 39 37 38 40 177 176 174 175 178 179 181 180 368 369 370 371  
  20 41 39 40 42 183 182 180 181 184 185 186 187 372 373 374 375  
  21 43 41 42 44 189 188 187 186 190 191 192 193 376 377 378 379  
  22 45 43 44 46 195 194 193 192 196 197 198 199 380 381 382 383  
  23 47 45 46 48 201 200 199 198 202 203 204 205 384 385 386 387  
  24 49 47 48 50 207 206 205 204 208 209 210 211 388 389 390 391  
  25 51 49 50 52 213 212 211 210 214 215 216 217 392 393 394 395  
  26 23 51 52 24 219 218 217 216 220 221 130 131 396 397 398 399  
  27 6 4 3 53 76 77 70 71 223 222 225 224 400 401 402 403  
  28 10 6 53 54 88 89 224 225 227 226 228 229 404 405 406 407  
  29 12 10 54 55 94 95 229 228 231 230 232 233 408 409 410 411  
  30 26 12 55 56 136 137 233 232 235 234 236 237 412 413 414 415  
  31 28 26 56 57 142 143 237 236 239 238 240 241 416 417 418 419  
  32 30 28 57 58 148 149 241 240 243 242 244 245 420 421 422 423  
  33 32 30 58 59 154 155 245 244 247 246 248 249 424 425 426 427  
  34 34 32 59 36 160 161 249 248 251 250 166 167 428 429 430 431  
  35 42 40 38 60 185 184 179 178 252 253 254 255 432 433 434 435  
  36 59 60 38 36 257 256 253 252 172 173 250 251 436 437 438 439  
  37 44 42 60 61 191 190 255 254 258 259 260 261 440 441 442 443  
  38 61 60 59 58 259 258 256 257 246 247 263 262 444 445 446 447  
  39 46 44 61 58 197 196 261 260 262 263 264 265 448 449 450 451  
  40 48 46 58 57 203 202 265 264 242 243 266 267 452 453 454 455  
  41 48 57 56 50 267 266 238 239 269 268 209 208 456 457 458 459  
  42 52 50 56 62 215 214 268 269 270 271 272 273 460 461 462 463  
  43 56 55 63 62 234 235 274 275 277 276 271 270 464 465 466 467  
  44 24 52 62 63 221 220 273 272 276 277 278 279 468 469 470 471  
  45 22 24 63 64 133 132 279 278 280 281 282 283 472 473 474 475  
  46 63 55 54 64 275 274 230 231 284 285 281 280 476 477 478 479  
  47 20 22 64 65 127 126 283 282 286 287 288 289 480 481 482 483  
  48 64 54 53 65 285 284 226 227 291 290 287 286 484 485 486 487  
  49 18 20 65 16 121 120 289 288 292 293 115 114 488 489 490 491  
  50 16 65 53 14 293 292 290 291 294 295 109 108 492 493 494 495  
  51 14 53 3 8 295 294 222 223 84 85 103 102 496 497 498 499  
  END_ELEMENTS 
  COORDINATES 
   1   4.631187e+00  -2.585859e+00   
   2   4.773956e+00  -2.828283e+00   
   3   5.177707e+00  -2.562165e+00   
   4   4.933262e+00  -2.413942e+00   
   5   4.488417e+00  -2.343434e+00   
   6   4.996666e+00  -2.130816e+00   
   7   5.237288e+00  -3.212419e+00   
   8   5.410824e+00  -2.825217e+00   
   9   4.270535e+00  -1.696970e+00   
   10   4.976254e+00  -1.570683e+00   
   11   4.148615e+00  -1.050505e+00   
   12   4.980345e+00  -9.384640e-01   
   13   5.915254e+00  -3.288971e+00   
   14   5.814078e+00  -2.714791e+00   
   15   6.568074e+00  -2.989899e+00   
   16   6.341503e+00  -2.549769e+00   
   17   6.936144e+00  -2.666667e+00   
   18   6.697347e+00  -2.425969e+00   
   19   7.307473e+00  -2.181818e+00   
   20   6.814395e+00  -2.061470e+00   
   21   7.610169e+00  -1.595424e+00   
   22   6.969646e+00  -1.555954e+00   
   23   7.789260e+00  -1.050505e+00   
   24   7.085913e+00  -1.003478e+00   
   25   4.083772e+00  -2.424242e-01   
   26   5.032792e+00  -1.884227e-01   
   27   4.099601e+00  5.656566e-01   
   28   5.019986e+00  6.028459e-01   
   29   4.200051e+00  1.373737e+00   
   30   5.014001e+00  1.354132e+00   
   31   4.363482e+00  2.020202e+00   
   32   4.965215e+00  1.920443e+00   
   33   4.565617e+00  2.505051e+00   
   34   4.939691e+00  2.307688e+00   
   35   4.919072e+00  2.989899e+00   
   36   5.288240e+00  2.497571e+00   
   37   5.576271e+00  3.307042e+00   
   38   5.744061e+00  2.705002e+00   
   39   6.300682e+00  3.151515e+00   
   40   6.141912e+00  2.772852e+00   
   41   6.770405e+00  2.828283e+00   
   42   6.369846e+00  2.487234e+00   
   43   7.197551e+00  2.343434e+00   
   44   6.608783e+00  2.081154e+00   
   45   7.489057e+00  1.858586e+00   
   46   6.700979e+00  1.595795e+00   
   47   7.743526e+00  1.212121e+00   
   48   6.835324e+00  9.239381e-01   
   49   7.879991e+00  5.656566e-01   
   50   6.975617e+00  2.307265e-01   
   51   7.911190e+00  -2.424242e-01   
   52   7.133123e+00  -3.987097e-01   
   53   5.587791e+00  -2.211206e+00   
   54   5.674412e+00  -1.562074e+00   
   55   5.790103e+00  -9.193145e-01   
   56   6.060920e+00  -1.415664e-01   
   57   5.946813e+00  7.130353e-01   
   58   5.870751e+00  1.519502e+00   
   59   5.520623e+00  2.051041e+00   
   60   5.946612e+00  2.295451e+00   
   61   6.142049e+00  1.965369e+00   
   62   6.548556e+00  -5.163392e-01   
   63   6.443306e+00  -9.967896e-01   
   64   6.340864e+00  -1.550251e+00   
   65   6.271138e+00  -2.093174e+00   
   66   4.678776e+00  -2.666667e+00   
   67   4.726366e+00  -2.747475e+00   
   68   5.043123e+00  -2.650871e+00   
   69   4.908539e+00  -2.739577e+00   
   70   5.014743e+00  -2.463350e+00   
   71   5.096225e+00  -2.512758e+00   
   72   4.832570e+00  -2.471248e+00   
   73   4.731878e+00  -2.528554e+00   
   74   4.536007e+00  -2.424242e+00   
   75   4.583597e+00  -2.505050e+00   
   76   4.975531e+00  -2.225191e+00   
   77   4.954397e+00  -2.319567e+00   
   78   4.827250e+00  -2.201689e+00   
   79   4.657834e+00  -2.272561e+00   
   80   4.928400e+00  -2.956328e+00   
   81   5.082844e+00  -3.084374e+00   
   82   5.352979e+00  -2.954284e+00   
   83   5.295133e+00  -3.083352e+00   
   84   5.255412e+00  -2.649849e+00   
   85   5.333118e+00  -2.737533e+00   
   86   4.343162e+00  -1.912458e+00   
   87   4.415790e+00  -2.127946e+00   
   88   4.983058e+00  -1.757394e+00   
   89   4.989862e+00  -1.944105e+00   
   90   4.741015e+00  -1.612778e+00   
   91   4.505775e+00  -1.654874e+00   
   92   4.189255e+00  -1.265993e+00   
   93   4.229895e+00  -1.481481e+00   
   94   4.978982e+00  -1.149204e+00   
   95   4.977618e+00  -1.359944e+00   
   96   4.703102e+00  -9.758110e-01   
   97   4.425858e+00  -1.013158e+00   
   98   5.463277e+00  -3.237936e+00   
   99   5.689265e+00  -3.263454e+00   
   100   5.847803e+00  -2.906184e+00   
   101   5.881529e+00  -3.097578e+00   
   102   5.679660e+00  -2.751600e+00   
   103   5.545242e+00  -2.788408e+00   
   104   6.350467e+00  -3.089590e+00   
   105   6.132861e+00  -3.189280e+00   
   106   6.417027e+00  -2.696479e+00   
   107   6.492551e+00  -2.843189e+00   
   108   6.165695e+00  -2.604776e+00   
   109   5.989887e+00  -2.659784e+00   
   110   6.813454e+00  -2.774411e+00   
   111   6.690764e+00  -2.882155e+00   
   112   6.776946e+00  -2.506202e+00   
   113   6.856545e+00  -2.586434e+00   
   114   6.578732e+00  -2.467236e+00   
   115   6.460118e+00  -2.508502e+00   
   116   7.183696e+00  -2.343434e+00   
   117   7.059920e+00  -2.505050e+00   
   118   6.978754e+00  -2.101586e+00   
   119   7.143114e+00  -2.141702e+00   
   120   6.775379e+00  -2.182969e+00   
   121   6.736363e+00  -2.304469e+00   
   122   7.509270e+00  -1.790889e+00   
   123   7.408372e+00  -1.986353e+00   
   124   7.183154e+00  -1.569111e+00   
   125   7.396662e+00  -1.582267e+00   
   126   6.917895e+00  -1.724459e+00   
   127   6.866145e+00  -1.892965e+00   
   128   7.729563e+00  -1.232145e+00   
   129   7.669866e+00  -1.413785e+00   
   130   7.320362e+00  -1.019153e+00   
   131   7.554811e+00  -1.034829e+00   
   132   7.047158e+00  -1.187637e+00   
   133   7.008402e+00  -1.371795e+00   
   134   4.105387e+00  -5.117845e-01   
   135   4.127001e+00  -7.811447e-01   
   136   5.015310e+00  -4.384365e-01   
   137   4.997828e+00  -6.884503e-01   
   138   4.716452e+00  -2.064232e-01   
   139   4.400112e+00  -2.244237e-01   
   140   4.094325e+00  2.962963e-01   
   141   4.089049e+00  2.693607e-02   
   142   5.024255e+00  3.390897e-01   
   143   5.028523e+00  7.533350e-02   
   144   4.713191e+00  5.904495e-01   
   145   4.406396e+00  5.780531e-01   
   146   4.166568e+00  1.104377e+00   
   147   4.133084e+00  8.350169e-01   
   148   5.015996e+00  1.103703e+00   
   149   5.017991e+00  8.532746e-01   
   150   4.742684e+00  1.360667e+00   
   151   4.471368e+00  1.367202e+00   
   152   4.309005e+00  1.804714e+00   
   153   4.254528e+00  1.589226e+00   
   154   4.981477e+00  1.731673e+00   
   155   4.997739e+00  1.542903e+00   
   156   4.764637e+00  1.953696e+00   
   157   4.564059e+00  1.986949e+00   
   158   4.498238e+00  2.343434e+00   
   159   4.430860e+00  2.181818e+00   
   160   4.948199e+00  2.178607e+00   
   161   4.956707e+00  2.049525e+00   
   162   4.815000e+00  2.373475e+00   
   163   4.690308e+00  2.439263e+00   
   164   4.801254e+00  2.828283e+00   
   165   4.683436e+00  2.666667e+00   
   166   5.172057e+00  2.434276e+00   
   167   5.055874e+00  2.370982e+00   
   168   5.042128e+00  2.825790e+00   
   169   5.165184e+00  2.661680e+00   
   170   5.357205e+00  3.201327e+00   
   171   5.138139e+00  3.095613e+00   
   172   5.592121e+00  2.635858e+00   
   173   5.440181e+00  2.566714e+00   
   174   5.632201e+00  3.106362e+00   
   175   5.688131e+00  2.905682e+00   
   176   5.817741e+00  3.255199e+00   
   177   6.059211e+00  3.203357e+00   
   178   5.876678e+00  2.727619e+00   
   179   6.009295e+00  2.750235e+00   
   180   6.247759e+00  3.025294e+00   
   181   6.194835e+00  2.899073e+00   
   182   6.457256e+00  3.043771e+00   
   183   6.613830e+00  2.936027e+00   
   184   6.217890e+00  2.677646e+00   
   185   6.293868e+00  2.582440e+00   
   186   6.503366e+00  2.600917e+00   
   187   6.636886e+00  2.714600e+00   
   188   6.912787e+00  2.666667e+00   
   189   7.055169e+00  2.505051e+00   
   190   6.449492e+00  2.351874e+00   
   191   6.529138e+00  2.216514e+00   
   192   6.805039e+00  2.168581e+00   
   193   7.001295e+00  2.256007e+00   
   194   7.294720e+00  2.181818e+00   
   195   7.391888e+00  2.020202e+00   
   196   6.639515e+00  1.919368e+00   
   197   6.670247e+00  1.757582e+00   
   198   6.963672e+00  1.683392e+00   
   199   7.226364e+00  1.770989e+00   
   200   7.573880e+00  1.643098e+00   
   201   7.658703e+00  1.427610e+00   
   202   6.745760e+00  1.371843e+00   
   203   6.790542e+00  1.147891e+00   
   204   7.138058e+00  1.019999e+00   
   205   7.440792e+00  1.116060e+00   
   206   7.789014e+00  9.966330e-01   
   207   7.834502e+00  7.811448e-01   
   208   6.882089e+00  6.928676e-01   
   209   6.928853e+00  4.617970e-01   
   210   7.277075e+00  3.423698e-01   
   211   7.578533e+00  4.540132e-01   
   212   7.890391e+00  2.962963e-01   
   213   7.900791e+00  2.693607e-02   
   214   7.028119e+00  2.091445e-02   
   215   7.080621e+00  -1.888976e-01   
   216   7.392478e+00  -3.466145e-01   
   217   7.651834e+00  -2.945193e-01   
   218   7.870547e+00  -5.117845e-01   
   219   7.829903e+00  -7.811447e-01   
   220   7.117386e+00  -6.002989e-01   
   221   7.101650e+00  -8.018883e-01   
   222   5.451096e+00  -2.328193e+00   
   223   5.314402e+00  -2.445179e+00   
   224   5.193708e+00  -2.157613e+00   
   225   5.390750e+00  -2.184409e+00   
   226   5.645539e+00  -1.778451e+00   
   227   5.616665e+00  -1.994829e+00   
   228   5.441693e+00  -1.564943e+00   
   229   5.208973e+00  -1.567813e+00   
   230   5.751540e+00  -1.133567e+00   
   231   5.712976e+00  -1.347821e+00   
   232   5.520184e+00  -9.256977e-01   
   233   5.250264e+00  -9.320809e-01   
   234   5.970648e+00  -4.008158e-01   
   235   5.880376e+00  -6.600652e-01   
   236   5.718211e+00  -1.571851e-01   
   237   5.375501e+00  -1.728039e-01   
   238   5.984848e+00  4.281681e-01   
   239   6.022884e+00  1.433009e-01   
   240   5.637870e+00  6.763055e-01   
   241   5.328928e+00  6.395757e-01   
   242   5.896105e+00  1.250680e+00   
   243   5.921459e+00  9.818578e-01   
   244   5.585168e+00  1.464379e+00   
   245   5.299584e+00  1.409255e+00   
   246   5.637332e+00  1.873861e+00   
   247   5.754042e+00  1.696681e+00   
   248   5.335487e+00  2.007508e+00   
   249   5.150351e+00  1.963976e+00   
   250   5.365701e+00  2.348728e+00   
   251   5.443162e+00  2.199884e+00   
   252   5.811578e+00  2.568485e+00   
   253   5.879095e+00  2.431968e+00   
   254   6.087690e+00  2.359378e+00   
   255   6.228768e+00  2.423306e+00   
   256   5.804615e+00  2.213981e+00   
   257   5.662619e+00  2.132511e+00   
   258   6.011757e+00  2.185424e+00   
   259   6.076903e+00  2.075396e+00   
   260   6.297627e+00  2.003964e+00   
   261   6.453205e+00  2.042559e+00   
   262   6.051616e+00  1.816746e+00   
   263   5.961184e+00  1.668124e+00   
   264   6.147494e+00  1.544933e+00   
   265   6.424236e+00  1.570364e+00   
   266   6.242983e+00  7.833362e-01   
   267   6.539153e+00  8.536372e-01   
   268   6.670718e+00  1.066289e-01   
   269   6.365819e+00  -1.746876e-02   
   270   6.223465e+00  -2.664907e-01   
   271   6.386011e+00  -3.914149e-01   
   272   6.743411e+00  -4.771293e-01   
   273   6.938267e+00  -4.379195e-01   
   274   6.007838e+00  -9.451396e-01   
   275   6.225572e+00  -9.709646e-01   
   276   6.513473e+00  -6.764893e-01   
   277   6.478389e+00  -8.366395e-01   
   278   6.657508e+00  -9.990192e-01   
   279   6.871710e+00  -1.001249e+00   
   280   6.409159e+00  -1.181276e+00   
   281   6.375011e+00  -1.365764e+00   
   282   6.550458e+00  -1.552152e+00   
   283   6.760052e+00  -1.554053e+00   
   284   5.896563e+00  -1.558133e+00   
   285   6.118713e+00  -1.554192e+00   
   286   6.317622e+00  -1.731225e+00   
   287   6.294380e+00  -1.912199e+00   
   288   6.452224e+00  -2.082606e+00   
   289   6.633310e+00  -2.072038e+00   
   290   6.043356e+00  -2.132518e+00   
   291   5.815574e+00  -2.171862e+00   
   292   6.294593e+00  -2.245372e+00   
   293   6.318048e+00  -2.397570e+00   
   294   5.663220e+00  -2.379067e+00   
   295   5.738649e+00  -2.546929e+00   
   296   4.790766e+00  -2.598894e+00   
   297   4.849653e+00  -2.669235e+00   
   298   4.972939e+00  -2.590996e+00   
   299   4.902755e+00  -2.531122e+00   
   300   4.682515e+00  -2.357892e+00   
   301   4.707197e+00  -2.443223e+00   
   302   4.830797e+00  -2.381395e+00   
   303   4.829023e+00  -2.291542e+00   
   304   5.037404e+00  -2.854169e+00   
   305   5.166269e+00  -2.968760e+00   
   306   5.249694e+00  -2.853147e+00   
   307   5.146408e+00  -2.752009e+00   
   308   4.556461e+00  -1.860770e+00   
   309   4.607147e+00  -2.066666e+00   
   310   4.798505e+00  -2.005386e+00   
   311   4.769759e+00  -1.809082e+00   
   312   4.452497e+00  -1.227064e+00   
   313   4.479136e+00  -1.440969e+00   
   314   4.728377e+00  -1.400457e+00   
   315   4.715739e+00  -1.188134e+00   
   316   5.490598e+00  -3.088093e+00   
   317   5.686064e+00  -3.092835e+00   
   318   5.682862e+00  -2.922217e+00   
   319   5.517920e+00  -2.938251e+00   
   320   6.085203e+00  -3.012781e+00   
   321   6.288877e+00  -2.927985e+00   
   322   6.227286e+00  -2.766380e+00   
   323   6.037545e+00  -2.836282e+00   
   324   6.613882e+00  -2.757604e+00   
   325   6.735213e+00  -2.672019e+00   
   326   6.656973e+00  -2.569627e+00   
   327   6.537000e+00  -2.633053e+00   
   328   6.952068e+00  -2.438190e+00   
   329   7.047591e+00  -2.289946e+00   
   330   6.911485e+00  -2.236458e+00   
   331   6.844216e+00  -2.371330e+00   
   332   7.227630e+00  -1.955224e+00   
   333   7.312146e+00  -1.768746e+00   
   334   7.115021e+00  -1.746603e+00   
   335   7.046887e+00  -1.924095e+00   
   336   7.449378e+00  -1.399788e+00   
   337   7.502095e+00  -1.217308e+00   
   338   7.274626e+00  -1.202472e+00   
   339   7.228890e+00  -1.385791e+00   
   340   4.408694e+00  -4.873352e-01   
   341   4.417276e+00  -7.502466e-01   
   342   4.707552e+00  -7.193484e-01   
   343   4.712002e+00  -4.628858e-01   
   344   4.404302e+00  3.105608e-01   
   345   4.402207e+00  4.306853e-02   
   346   4.715365e+00  5.920101e-02   
   347   4.714278e+00  3.248253e-01   
   348   4.449711e+00  1.104153e+00   
   349   4.428053e+00  8.411028e-01   
   350   4.723023e+00  8.471887e-01   
   351   4.732853e+00  1.103928e+00   
   352   4.533162e+00  1.780367e+00   
   353   4.502265e+00  1.573785e+00   
   354   4.750002e+00  1.558344e+00   
   355   4.757319e+00  1.756020e+00   
   356   4.648225e+00  2.288492e+00   
   357   4.606142e+00  2.137720e+00   
   358   4.781425e+00  2.093623e+00   
   359   4.798212e+00  2.233549e+00   
   360   4.924855e+00  2.696947e+00   
   361   4.807582e+00  2.568105e+00   
   362   4.931728e+00  2.469543e+00   
   363   5.048456e+00  2.565612e+00   
   364   5.435510e+00  3.012837e+00   
   365   5.238819e+00  2.919313e+00   
   366   5.339500e+00  2.743014e+00   
   367   5.513815e+00  2.824348e+00   
   368   6.042572e+00  3.052317e+00   
   369   5.837386e+00  3.079339e+00   
   370   5.857032e+00  2.903479e+00   
   371   6.025934e+00  2.901276e+00   
   372   6.507176e+00  2.818165e+00   
   373   6.377467e+00  2.921729e+00   
   374   6.297679e+00  2.799688e+00   
   375   6.400522e+00  2.700302e+00   
   376   6.879826e+00  2.408872e+00   
   377   6.758356e+00  2.561736e+00   
   378   6.603924e+00  2.456805e+00   
   379   6.704482e+00  2.312693e+00   
   380   7.151341e+00  1.932661e+00   
   381   7.076318e+00  2.094334e+00   
   382   6.857916e+00  2.006851e+00   
   383   6.910794e+00  1.845121e+00   
   384   7.369316e+00  1.334370e+00   
   385   7.297840e+00  1.552679e+00   
   386   7.021800e+00  1.462261e+00   
   387   7.079929e+00  1.241130e+00   
   388   7.532619e+00  6.746955e-01   
   389   7.486705e+00  8.953779e-01   
   390   7.184397e+00  7.941228e-01   
   391   7.230736e+00  5.682462e-01   
   392   7.627400e+00  -4.500850e-02   
   393   7.602967e+00  2.045023e-01   
   394   7.315543e+00  1.127084e-01   
   395   7.354010e+00  -1.169531e-01   
   396   7.587153e+00  -7.880592e-01   
   397   7.619493e+00  -5.412893e-01   
   398   7.368440e+00  -5.707941e-01   
   399   7.344401e+00  -7.949737e-01   
   400   5.134054e+00  -2.259525e+00   
   401   5.074399e+00  -2.361438e+00   
   402   5.194400e+00  -2.403309e+00   
   403   5.292575e+00  -2.293859e+00   
   404   5.203885e+00  -1.764413e+00   
   405   5.198796e+00  -1.961013e+00   
   406   5.407731e+00  -1.977921e+00   
   407   5.424712e+00  -1.771432e+00   
   408   5.236501e+00  -1.143992e+00   
   409   5.222737e+00  -1.355903e+00   
   410   5.467857e+00  -1.351862e+00   
   411   5.494020e+00  -1.138780e+00   
   412   5.333756e+00  -4.258962e-01   
   413   5.292010e+00  -6.789886e-01   
   414   5.586193e+00  -6.695269e-01   
   415   5.652202e+00  -4.133560e-01   
   416   5.344453e+00  3.687825e-01   
   417   5.359977e+00  9.798934e-02   
   418   5.691431e+00  1.206451e-01   
   419   5.664651e+00  3.984753e-01   
   420   5.309366e+00  1.152696e+00   
   421   5.319147e+00  8.961357e-01   
   422   5.620303e+00  9.389968e-01   
   423   5.602736e+00  1.201688e+00   
   424   5.200095e+00  1.779069e+00   
   425   5.249839e+00  1.594163e+00   
   426   5.501940e+00  1.645422e+00   
   427   5.418713e+00  1.826465e+00   
   428   5.087366e+00  2.235314e+00   
   429   5.118858e+00  2.099645e+00   
   430   5.281010e+00  2.149765e+00   
   431   5.226533e+00  2.292021e+00   
   432   6.155610e+00  2.532283e+00   
   433   6.082453e+00  2.641259e+00   
   434   5.947016e+00  2.604872e+00   
   435   6.017353e+00  2.482125e+00   
   436   5.588473e+00  2.277245e+00   
   437   5.733784e+00  2.354607e+00   
   438   5.662953e+00  2.495232e+00   
   439   5.514327e+00  2.421980e+00   
   440   6.378393e+00  2.169475e+00   
   441   6.303581e+00  2.296390e+00   
   442   6.157669e+00  2.240907e+00   
   443   6.227648e+00  2.122436e+00   
   444   5.969283e+00  1.949158e+00   
   445   5.886949e+00  2.081570e+00   
   446   5.762141e+00  1.977716e+00   
   447   5.861663e+00  1.822920e+00   
   448   6.433892e+00  1.727762e+00   
   449   6.443548e+00  1.885161e+00   
   450   6.247582e+00  1.850954e+00   
   451   6.197538e+00  1.697943e+00   
   452   6.500847e+00  1.092547e+00   
   453   6.462541e+00  1.331455e+00   
   454   6.179323e+00  1.291068e+00   
   455   6.211153e+00  1.037202e+00   
   456   6.583008e+00  6.046344e-01   
   457   6.283928e+00  5.164013e-01   
   458   6.324873e+00  2.494663e-01   
   459   6.626863e+00  3.556317e-01   
   460   6.849084e+00  -2.564034e-01   
   461   6.759901e+00  -7.488727e-02   
   462   6.491683e+00  -1.706890e-01   
   463   6.617547e+00  -3.239092e-01   
   464   6.151589e+00  -4.927069e-01   
   465   6.079713e+00  -7.189232e-01   
   466   6.279051e+00  -7.777813e-01   
   467   6.332531e+00  -5.845981e-01   
   468   6.893896e+00  -8.134721e-01   
   469   6.916081e+00  -6.256957e-01   
   470   6.714777e+00  -6.510925e-01   
   471   6.686142e+00  -8.250558e-01   
   472   6.797272e+00  -1.369785e+00   
   473   6.834491e+00  -1.185517e+00   
   474   6.621825e+00  -1.183397e+00   
   475   6.586141e+00  -1.367774e+00   
   476   6.189952e+00  -1.165374e+00   
   477   5.970746e+00  -1.149471e+00   
   478   5.933654e+00  -1.353802e+00   
   479   6.154332e+00  -1.359782e+00   
   480   6.675557e+00  -1.899376e+00   
   481   6.717804e+00  -1.726714e+00   
   482   6.517713e+00  -1.728970e+00   
   483   6.484969e+00  -1.905788e+00   
   484   6.093594e+00  -1.746967e+00   
   485   5.869566e+00  -1.762709e+00   
   486   5.842570e+00  -1.967286e+00   
   487   6.068475e+00  -1.939742e+00   
   488   6.596925e+00  -2.335503e+00   
   489   6.615117e+00  -2.203770e+00   
   490   6.454855e+00  -2.224571e+00   
   491   6.457487e+00  -2.366536e+00   
   492   6.124915e+00  -2.447357e+00   
   493   6.084136e+00  -2.289937e+00   
   494   5.873678e+00  -2.334503e+00   
   495   5.931782e+00  -2.497143e+00   
   496   5.603472e+00  -2.610464e+00   
   497   5.527284e+00  -2.469328e+00   
   498   5.391348e+00  -2.559589e+00   
   499   5.468295e+00  -2.673999e+00   
  END_COORDINATES 
  BOUNDARIES, ELEMENT 
    1         1 2 66 67         1     
    2         5 1 74 75         2     
    3         2 7 80 81         3     
    4         9 5 86 87         4     
    5         11 9 92 93         5     
    6         7 13 98 99         6     
    7         13 15 105 104         7     
    8         15 17 111 110         8     
    9         17 19 117 116         9     
    10         19 21 123 122         10     
    11         21 23 129 128         11     
    12         25 11 134 135         12     
    13         27 25 140 141         13     
    14         29 27 146 147         14     
    15         31 29 152 153         15     
    16         33 31 158 159         16     
    17         35 33 164 165         17     
    18         37 35 170 171         18     
    19         39 37 177 176         19     
    20         41 39 183 182         20     
    21         43 41 189 188         21     
    22         45 43 195 194         22     
    23         47 45 201 200         23     
    24         49 47 207 206         24     
    25         51 49 213 212         25     
    26         23 51 219 218         26     
  END_BOUNDARIES 
  MATERIALS, NUMBER= 1, DEFAULT=1 
  END_MATERIALS 
  SUBDOMAINS 
  END_SUBDOMAINS 
  CHARACTERISTICS 
  END_CHARACTERISTICS 
