  NODES_PER_ELEMENT
   1 9
   2 9
   3 9
   4 9
   5 9
   6 9
   7 9
   8 9
   9 9
   10 9
   11 9
   12 9
   13 9
   14 9
   15 9
   16 9
   17 9
   18 9
   19 9
   20 9
   21 9
   22 9
   23 9
   24 9
   25 9
   26 9
   27 9
   28 9
   29 9
   30 9
   31 9
   32 9
   33 9
   34 9
   35 9
   36 9
   37 9
   38 9
   39 9
   40 9
   41 9
   42 9
   43 9
   44 9
   45 9
   46 9
   47 9
   48 9
   49 9
   50 9
   51 9
   52 9
   53 9
   54 9
   55 9
   56 9
   57 9
   58 9
   59 9
   60 9
   61 9
   62 9
   63 9
   64 9
   65 9
   66 9
   67 9
   68 9
   69 9
   70 9
   71 9
   72 9
   73 9
   74 9
   75 9
   76 9
   77 9
   78 9
   79 9
   80 9
   81 9
   82 9
   83 9
  END_NODES_PER_ELEMENT
  ELEMENTS
  1 342 356 344 329 351 352 338 336 343  
  2 327 342 329 304 332 336 316 315 323  
  3 356 363 348 344 361 357 346 352 354  
  4 292 327 304 276 309 315 291 285 300  
  5 262 292 276 243 278 285 261 254 269  
  6 232 262 243 215 247 254 228 223 237  
  7 204 232 215 186 217 223 200 196 210  
  8 176 204 186 161 190 196 173 168 182  
  9 147 176 161 132 163 168 146 136 154  
  10 118 147 132 102 133 136 115 110 124  
  11 91 118 102 76 103 110 89 84 98  
  12 63 91 76 52 77 84 65 58 71  
  13 40 63 52 33 51 58 44 34 48  
  14 12 40 33 16 23 34 24 13 21  
  15 1 12 16 7 4 13 11 2 6  
  16 8 1 7 14 3 2 9 10 5  
  17 43 8 14 39 22 10 25 38 20  
  18 72 43 39 66 57 38 54 67 53  
  19 94 72 66 93 83 67 80 92 79  
  20 121 94 93 116 108 92 106 117 104  
  21 145 121 116 141 134 117 127 143 129  
  22 169 145 141 162 157 143 152 165 153  
  23 195 169 162 185 183 165 172 189 178  
  24 222 195 185 209 208 189 197 213 199  
  25 246 222 209 230 231 213 220 238 225  
  26 272 246 230 256 260 238 242 263 250  
  27 293 272 256 275 283 263 264 286 274  
  28 328 293 275 295 310 286 287 311 297  
  29 350 328 295 318 339 311 305 333 321  
  30 360 350 318 330 355 333 324 349 341  
  31 365 360 330 345 362 349 340 359 353  
  32 363 365 345 348 364 359 347 357 358  
  33 329 344 348 322 338 346 335 326 337  
  34 304 329 322 294 316 326 307 302 314  
  35 348 345 320 322 347 331 319 335 334  
  36 345 330 303 320 340 317 312 331 325  
  37 330 318 298 303 324 306 301 317 313  
  38 318 295 279 298 305 289 290 306 296  
  39 295 275 257 279 287 265 268 289 277  
  40 275 256 244 257 264 248 253 265 258  
  41 256 230 226 244 242 227 236 248 239  
  42 276 304 294 267 291 302 280 271 284  
  43 230 209 202 226 220 206 212 227 216  
  44 243 276 267 235 261 271 251 240 255  
  45 209 185 179 202 197 181 192 206 194  
  46 185 162 156 179 172 158 167 181 171  
  47 162 141 140 156 152 139 149 158 150  
  48 141 116 122 140 127 120 131 139 128  
  49 116 93 99 122 106 95 112 120 107  
  50 93 66 74 99 80 69 87 95 82  
  51 66 39 47 74 54 42 61 69 56  
  52 39 14 29 47 25 19 35 42 30  
  53 14 7 28 29 9 15 27 19 17  
  54 7 16 36 28 11 26 31 15 18  
  55 16 33 52 36 24 44 45 26 32  
  56 52 76 64 36 65 70 50 45 59  
  57 76 102 90 64 89 97 78 70 85  
  58 102 132 119 90 115 125 105 97 111  
  59 132 161 151 119 146 155 135 125 138  
  60 161 186 180 151 173 184 166 155 170  
  61 215 243 235 207 228 240 221 211 224  
  62 186 215 207 180 200 211 193 184 198  
  63 47 29 28 55 35 27 41 49 37  
  64 28 36 64 55 31 50 60 41 46  
  65 294 322 320 303 307 319 312 299 308  
  66 267 294 303 270 280 299 282 266 281  
  67 303 298 279 270 301 290 273 282 288  
  68 279 257 234 270 268 245 252 273 259  
  69 267 270 234 235 266 252 233 251 249  
  70 244 226 234 257 236 229 245 253 241  
  71 226 202 203 234 212 201 218 229 214  
  72 235 234 203 207 233 218 205 221 219  
  73 151 180 174 142 166 177 159 144 160  
  74 74 47 55 81 61 49 68 75 62  
  75 55 64 90 81 60 78 86 68 73  
  76 99 74 81 109 87 75 96 101 88  
  77 81 90 119 109 86 105 113 96 100  
  78 119 151 142 109 135 144 123 113 126  
  79 99 109 142 122 101 123 130 112 114  
  80 140 122 142 156 131 130 148 149 137  
  81 179 156 142 174 167 148 159 175 164  
  82 180 207 203 174 193 205 187 177 191  
  83 179 174 203 202 175 187 201 192 188  
  END_ELEMENTS  
  COORDINATES  
   1   5.745763e+00  3.310832e+00   
   2   5.728275e+00  3.045083e+00   
   3   6.023222e+00  3.231173e+00   
   4   5.437002e+00  3.231173e+00   
   5   5.965196e+00  2.985496e+00   
   6   5.469945e+00  2.991125e+00   
   7   5.710786e+00  2.779334e+00   
   8   6.300682e+00  3.151515e+00   
   9   5.907169e+00  2.739819e+00   
   10   6.202117e+00  2.925910e+00   
   11   5.502888e+00  2.751076e+00   
   12   5.128241e+00  3.151515e+00   
   13   5.211616e+00  2.937167e+00   
   14   6.103551e+00  2.700304e+00   
   15   5.695698e+00  2.584936e+00   
   16   5.294990e+00  2.722818e+00   
   17   5.867895e+00  2.571842e+00   
   18   5.498394e+00  2.559904e+00   
   19   6.040092e+00  2.558747e+00   
   20   6.395070e+00  2.786507e+00   
   21   5.049495e+00  2.833787e+00   
   22   6.531697e+00  2.993607e+00   
   23   4.951099e+00  2.989899e+00   
   24   5.147892e+00  2.677674e+00   
   25   6.258443e+00  2.579407e+00   
   26   5.301090e+00  2.534872e+00   
   27   5.828621e+00  2.403864e+00   
   28   5.680610e+00  2.390538e+00   
   29   5.976633e+00  2.417190e+00   
   30   6.146037e+00  2.438539e+00   
   31   5.493899e+00  2.368733e+00   
   32   5.134102e+00  2.512192e+00   
   33   5.000794e+00  2.632531e+00   
   34   4.887375e+00  2.730407e+00   
   35   6.033632e+00  2.297672e+00   
   36   5.307189e+00  2.346927e+00   
   37   5.868926e+00  2.251146e+00   
   38   6.588023e+00  2.647104e+00   
   39   6.413334e+00  2.458510e+00   
   40   4.773956e+00  2.828283e+00   
   41   5.704221e+00  2.204620e+00   
   42   6.251982e+00  2.318332e+00   
   43   6.762712e+00  2.835698e+00   
   44   4.967114e+00  2.489512e+00   
   45   5.120312e+00  2.346710e+00   
   46   5.504280e+00  2.172795e+00   
   47   6.090631e+00  2.178153e+00   
   48   4.816877e+00  2.575090e+00   
   49   5.909231e+00  2.098427e+00   
   50   5.304340e+00  2.140970e+00   
   51   4.666639e+00  2.660668e+00   
   52   4.933434e+00  2.346492e+00   
   53   6.725246e+00  2.483382e+00   
   54   6.531180e+00  2.296389e+00   
   55   5.727831e+00  2.018701e+00   
   56   6.349429e+00  2.147285e+00   
   57   6.919312e+00  2.670374e+00   
   58   4.746378e+00  2.419772e+00   
   59   5.097092e+00  2.138898e+00   
   60   5.514661e+00  1.976858e+00   
   61   6.167678e+00  1.998182e+00   
   62   5.964145e+00  1.904062e+00   
   63   4.559322e+00  2.493052e+00   
   64   5.301491e+00  1.935014e+00   
   65   4.889843e+00  2.136826e+00   
   66   6.649026e+00  2.134268e+00   
   67   6.862468e+00  2.319659e+00   
   68   5.760612e+00  1.809942e+00   
   69   6.446875e+00  1.976239e+00   
   70   5.073872e+00  1.931087e+00   
   71   4.675623e+00  2.196727e+00   
   72   7.075911e+00  2.505051e+00   
   73   5.529445e+00  1.758687e+00   
   74   6.244725e+00  1.818210e+00   
   75   6.019059e+00  1.709697e+00   
   76   4.846252e+00  1.927160e+00   
   77   4.461402e+00  2.256627e+00   
   78   5.298278e+00  1.707432e+00   
   79   6.973636e+00  2.144110e+00   
   80   6.755579e+00  1.944785e+00   
   81   5.793393e+00  1.601183e+00   
   82   6.540848e+00  1.779469e+00   
   83   7.191692e+00  2.343434e+00   
   84   4.604867e+00  1.973681e+00   
   85   5.052571e+00  1.694266e+00   
   86   5.544229e+00  1.540517e+00   
   87   6.326117e+00  1.614152e+00   
   88   6.090638e+00  1.489267e+00   
   89   4.806863e+00  1.681100e+00   
   90   5.295066e+00  1.479850e+00   
   91   4.363482e+00  2.020202e+00   
   92   7.084803e+00  1.968560e+00   
   93   6.862133e+00  1.755302e+00   
   94   7.307473e+00  2.181818e+00   
   95   6.634821e+00  1.582698e+00   
   96   5.855160e+00  1.364382e+00   
   97   5.031270e+00  1.457445e+00   
   98   4.549387e+00  1.714711e+00   
   99   6.407510e+00  1.410094e+00   
   100   5.580822e+00  1.289194e+00   
   101   6.162218e+00  1.268838e+00   
   102   4.767474e+00  1.435040e+00   
   103   4.291910e+00  1.748322e+00   
   104   7.201892e+00  1.743347e+00   
   105   5.306485e+00  1.214006e+00   
   106   6.967428e+00  1.547300e+00   
   107   6.741400e+00  1.375489e+00   
   108   7.436357e+00  1.939394e+00   
   109   5.916927e+00  1.127582e+00   
   110   4.493906e+00  1.455741e+00   
   111   5.026413e+00  1.186403e+00   
   112   6.515373e+00  1.203678e+00   
   113   5.617416e+00  1.037872e+00   
   114   6.274143e+00  1.021457e+00   
   115   4.746342e+00  1.158800e+00   
   116   7.072722e+00  1.339298e+00   
   117   7.318981e+00  1.518134e+00   
   118   4.220339e+00  1.476441e+00   
   119   5.317905e+00  9.481623e-01   
   120   6.847979e+00  1.168280e+00   
   121   7.565240e+00  1.696970e+00   
   122   6.623236e+00  9.972629e-01   
   123   6.032913e+00  8.392351e-01   
   124   4.460438e+00  1.170732e+00   
   125   5.021557e+00  9.153605e-01   
   126   5.692137e+00  7.510098e-01   
   127   7.159140e+00  1.149628e+00   
   128   6.954313e+00  1.016888e+00   
   129   7.406761e+00  1.302087e+00   
   130   6.386067e+00  7.740756e-01   
   131   6.749486e+00  8.841484e-01   
   132   4.725209e+00  8.825587e-01   
   133   4.174534e+00  1.182665e+00   
   134   7.654383e+00  1.454545e+00   
   135   5.351362e+00  6.627846e-01   
   136   4.426969e+00  8.857238e-01   
   137   6.600630e+00  6.843533e-01   
   138   5.040230e+00  6.263373e-01   
   139   7.060646e+00  8.654958e-01   
   140   6.875736e+00  7.710340e-01   
   141   7.245557e+00  9.599576e-01   
   142   6.148899e+00  5.508883e-01   
   143   7.494541e+00  1.086039e+00   
   144   5.766858e+00  4.641476e-01   
   145   7.743526e+00  1.212121e+00   
   146   4.729099e+00  5.898900e-01   
   147   4.128729e+00  8.888889e-01   
   148   6.451775e+00  4.845581e-01   
   149   6.815194e+00  5.946309e-01   
   150   7.041547e+00  6.666492e-01   
   151   5.384818e+00  3.774068e-01   
   152   7.267899e+00  7.386674e-01   
   153   7.533677e+00  8.541822e-01   
   154   4.417675e+00  5.777733e-01   
   155   5.058903e+00  3.373140e-01   
   156   6.754651e+00  4.182279e-01   
   157   7.799454e+00  9.696970e-01   
   158   7.022447e+00  4.678025e-01   
   159   6.110996e+00  2.050248e-01   
   160   5.753029e+00  1.419382e-01   
   161   4.732988e+00  2.972213e-01   
   162   7.290242e+00  5.173772e-01   
   163   4.106251e+00  5.656566e-01   
   164   6.421288e+00  1.842104e-01   
   165   7.572812e+00  6.223250e-01   
   166   5.395062e+00  7.885162e-02   
   167   6.731581e+00  1.633961e-01   
   168   4.408380e+00  2.698228e-01   
   169   7.855381e+00  7.272727e-01   
   170   5.069365e+00  3.727725e-02   
   171   7.013827e+00  2.069344e-01   
   172   7.296073e+00  2.504726e-01   
   173   4.743668e+00 -4.297129e-03   
   174   6.073092e+00 -1.408388e-01   
   175   6.390801e+00 -1.161372e-01   
   176   4.083772e+00  2.424242e-01   
   177   5.739199e+00 -1.802712e-01   
   178   7.591254e+00  3.272565e-01   
   179   6.708511e+00 -9.143562e-02   
   180   5.405306e+00 -2.197036e-01   
   181   7.005207e+00 -5.393383e-02   
   182   4.415296e+00 -4.255261e-02   
   183   7.886435e+00  4.040404e-01   
   184   5.079827e+00 -2.627596e-01   
   185   7.301904e+00 -1.643205e-02   
   186   4.754349e+00 -3.058155e-01   
   187   6.079606e+00 -4.323478e-01   
   188   6.392366e+00 -3.943061e-01   
   189   7.609697e+00  3.218802e-02   
   190   4.086923e+00 -8.080808e-02   
   191   5.747419e+00 -4.715692e-01   
   192   6.705125e+00 -3.562643e-01   
   193   5.415233e+00 -5.107906e-01   
   194   6.997936e+00 -3.247263e-01   
   195   7.917490e+00  8.080808e-02   
   196   4.422212e+00 -3.549280e-01   
   197   7.290746e+00 -2.931883e-01   
   198   5.093460e+00 -5.560341e-01   
   199   7.594743e+00 -2.678063e-01   
   200   4.771688e+00 -6.012775e-01   
   201   6.393930e+00 -6.724750e-01   
   202   6.701740e+00 -6.210930e-01   
   203   6.086119e+00 -7.238569e-01   
   204   4.090074e+00 -4.040404e-01   
   205   5.755640e+00 -7.628673e-01   
   206   6.990664e+00 -5.955188e-01   
   207   5.425160e+00 -8.018777e-01   
   208   7.898740e+00 -2.424242e-01   
   209   7.279587e+00 -5.699446e-01   
   210   4.445516e+00 -6.642751e-01   
   211   5.107094e+00 -8.493086e-01   
   212   6.719842e+00 -8.611031e-01   
   213   7.579789e+00 -5.678006e-01   
   214   6.424131e+00 -9.441076e-01   
   215   4.789027e+00 -8.967395e-01   
   216   6.990629e+00 -8.367852e-01   
   217   4.119345e+00 -7.272727e-01   
   218   6.128419e+00 -1.027112e+00   
   219   5.786410e+00 -1.051515e+00   
   220   7.261415e+00 -8.124674e-01   
   221   5.444400e+00 -1.075917e+00   
   222   7.879991e+00 -5.656566e-01   
   223   4.468821e+00 -9.736223e-01   
   224   5.130502e+00 -1.117411e+00   
   225   7.545621e+00 -8.196730e-01   
   226   6.737943e+00 -1.101113e+00   
   227   6.990593e+00 -1.078052e+00   
   228   4.816603e+00 -1.158905e+00   
   229   6.454331e+00 -1.215740e+00   
   230   7.243243e+00 -1.054990e+00   
   231   7.829826e+00 -8.268787e-01   
   232   4.148615e+00 -1.050505e+00   
   233   5.817180e+00 -1.340162e+00   
   234   6.170719e+00 -1.330367e+00   
   235   5.463641e+00 -1.349957e+00   
   236   6.787007e+00 -1.249558e+00   
   237   4.503584e+00 -1.225917e+00   
   238   7.511452e+00 -1.071545e+00   
   239   6.996505e+00 -1.254274e+00   
   240   5.153910e+00 -1.385514e+00   
   241   6.584805e+00 -1.365394e+00   
   242   7.206004e+00 -1.258991e+00   
   243   4.844179e+00 -1.421071e+00   
   244   6.836070e+00 -1.398002e+00   
   245   6.382603e+00 -1.481230e+00   
   246   7.779661e+00 -1.088101e+00   
   247   4.190566e+00 -1.292929e+00   
   248   7.002417e+00 -1.430497e+00   
   249   5.762417e+00 -1.599489e+00   
   250   7.450460e+00 -1.300377e+00   
   251   5.453448e+00 -1.600085e+00   
   252   6.071386e+00 -1.598893e+00   
   253   6.715278e+00 -1.515048e+00   
   254   4.538348e+00 -1.478212e+00   
   255   5.166063e+00 -1.634130e+00   
   256   7.168764e+00 -1.462991e+00   
   257   6.594486e+00 -1.632093e+00   
   258   6.893757e+00 -1.579996e+00   
   259   6.281399e+00 -1.704933e+00   
   260   7.694915e+00 -1.341763e+00   
   261   4.878678e+00 -1.668174e+00   
   262   4.232516e+00 -1.535354e+00   
   263   7.389467e+00 -1.529208e+00   
   264   7.072237e+00 -1.644945e+00   
   265   6.785097e+00 -1.729495e+00   
   266   5.707654e+00 -1.858816e+00   
   267   5.443255e+00 -1.850214e+00   
   268   6.491412e+00 -1.810973e+00   
   269   4.594926e+00 -1.742161e+00   
   270   5.972053e+00 -1.867418e+00   
   271   5.178216e+00 -1.882746e+00   
   272   7.610169e+00 -1.595424e+00   
   273   6.180195e+00 -1.928636e+00   
   274   7.289642e+00 -1.726379e+00   
   275   6.975709e+00 -1.826898e+00   
   276   4.913177e+00 -1.915278e+00   
   277   6.673548e+00 -1.910288e+00   
   278   4.311173e+00 -1.816147e+00   
   279   6.388338e+00 -1.989853e+00   
   280   5.433703e+00 -2.059207e+00   
   281   5.682692e+00 -2.078812e+00   
   282   5.931682e+00 -2.098417e+00   
   283   7.507048e+00 -1.807813e+00   
   284   5.191818e+00 -2.088959e+00   
   285   4.651504e+00 -2.006109e+00   
   286   7.189818e+00 -1.923550e+00   
   287   6.855684e+00 -2.009603e+00   
   288   6.125713e+00 -2.113570e+00   
   289   6.561999e+00 -2.091080e+00   
   290   6.319745e+00 -2.128724e+00   
   291   4.949934e+00 -2.118712e+00   
   292   4.389831e+00 -2.096940e+00   
   293   7.403926e+00 -2.020202e+00   
   294   5.424151e+00 -2.268201e+00   
   295   6.735660e+00 -2.192308e+00   
   296   6.462213e+00 -2.234690e+00   
   297   7.054248e+00 -2.128530e+00   
   298   6.251152e+00 -2.267595e+00   
   299   5.657731e+00 -2.298808e+00   
   300   4.713829e+00 -2.209853e+00   
   301   6.071231e+00 -2.298505e+00   
   302   5.205421e+00 -2.295173e+00   
   303   5.891311e+00 -2.329415e+00   
   304   4.986691e+00 -2.322145e+00   
   305   6.604682e+00 -2.340657e+00   
   306   6.362428e+00 -2.378300e+00   
   307   5.401008e+00 -2.422092e+00   
   308   5.593535e+00 -2.439702e+00   
   309   4.477724e+00 -2.300995e+00   
   310   7.252811e+00 -2.247458e+00   
   311   6.918677e+00 -2.333511e+00   
   312   5.786061e+00 -2.457311e+00   
   313   6.189402e+00 -2.443969e+00   
   314   5.209738e+00 -2.444585e+00   
   315   4.776154e+00 -2.413598e+00   
   316   5.018468e+00 -2.467077e+00   
   317   6.016377e+00 -2.509638e+00   
   318   6.473704e+00 -2.489006e+00   
   319   5.529338e+00 -2.580595e+00   
   320   5.680812e+00 -2.585206e+00   
   321   6.770366e+00 -2.496078e+00   
   322   5.377865e+00 -2.575983e+00   
   323   4.833629e+00 -2.544231e+00   
   324   6.307574e+00 -2.589433e+00   
   325   5.872649e+00 -2.614935e+00   
   326   5.214055e+00 -2.593997e+00   
   327   4.565617e+00 -2.505051e+00   
   328   7.101695e+00 -2.474714e+00   
   329   5.050245e+00 -2.612010e+00   
   330   6.141444e+00 -2.689861e+00   
   331   5.728922e+00 -2.720233e+00   
   332   4.648789e+00 -2.621385e+00   
   333   6.622055e+00 -2.658644e+00   
   334   5.552232e+00 -2.719788e+00   
   335   5.375542e+00 -2.719343e+00   
   336   4.891103e+00 -2.674865e+00   
   337   5.226448e+00 -2.715722e+00   
   338   5.077354e+00 -2.712100e+00   
   339   6.936050e+00 -2.651498e+00   
   340   5.959237e+00 -2.772560e+00   
   341   6.452320e+00 -2.773228e+00   
   342   4.731961e+00 -2.737720e+00   
   343   4.946244e+00 -2.783077e+00   
   344   5.104463e+00 -2.812190e+00   
   345   5.777031e+00 -2.855259e+00   
   346   5.238841e+00 -2.837447e+00   
   347   5.575125e+00 -2.858981e+00   
   348   5.373219e+00 -2.862703e+00   
   349   6.282586e+00 -2.887812e+00   
   350   6.770405e+00 -2.828283e+00   
   351   4.815133e+00 -2.854054e+00   
   352   5.001384e+00 -2.891289e+00   
   353   6.064364e+00 -2.979964e+00   
   354   5.153319e+00 -2.964425e+00   
   355   6.597067e+00 -2.957023e+00   
   356   4.898305e+00 -2.970389e+00   
   357   5.305254e+00 -3.037561e+00   
   358   5.575698e+00 -3.054838e+00   
   359   5.846143e+00 -3.072115e+00   
   360   6.423729e+00 -3.085763e+00   
   361   5.067797e+00 -3.091404e+00   
   362   6.169492e+00 -3.187367e+00   
   363   5.237288e+00 -3.212419e+00   
   364   5.576271e+00 -3.250695e+00   
   365   5.915254e+00 -3.288971e+00   
  END_COORDINATES
  BOUNDARIES, ELEMENT
    1         342     356     351         1     
    2         327     342     332         2     
    3         356     363     361         3     
    4         292     327     309         4     
    5         262     292     278         5     
    6         232     262     247         6     
    7         204     232     217         7     
    8         176     204     190         8     
    9         147     176     163         9     
    10         118     147     133         10     
    11         91     118     103         11     
    12         63     91     77         12     
    13         40     63     51         13     
    14         12     40     23         14     
    15         1     12     4         15     
    16         8     1     3         16     
    17         43     8     22         17     
    18         72     43     57         18     
    19         94     72     83         19     
    20         121     94     108         20     
    21         145     121     134         21     
    22         169     145     157         22     
    23         195     169     183         23     
    24         222     195     208         24     
    25         246     222     231         25     
    26         272     246     260         26     
    27         293     272     283         27     
    28         328     293     310         28     
    29         350     328     339         29     
    30         360     350     355         30     
    31         365     360     362         31     
    32         363     365     364         32     
  END_BOUNDARIES
  MATERIALS, NUMBER= 1, DEFAULT=1
  END_MATERIALS
  SUBDOMAINS
  END_SUBDOMAINS
  CHARACTERISTICS
  END_CHARACTERISTICS
