  NODES_PER_ELEMENT
   1 9
   2 9
   3 9
   4 9
   5 9
   6 9
   7 9
   8 9
   9 9
   10 9
   11 9
   12 9
   13 9
   14 9
   15 9
   16 9
   17 9
   18 9
   19 9
   20 9
   21 9
   22 9
   23 9
   24 9
   25 9
   26 9
   27 9
   28 9
   29 9
   30 9
   31 9
   32 9
   33 9
   34 9
   35 9
   36 9
   37 9
   38 9
   39 9
   40 9
   41 9
   42 9
   43 9
   44 9
   45 9
   46 9
   47 9
   48 9
   49 9
   50 9
   51 9
   52 9
   53 9
   54 9
   55 9
   56 9
   57 9
   58 9
   59 9
   60 9
   61 9
   62 9
   63 9
   64 9
   65 9
   66 9
   67 9
   68 9
   69 9
   70 9
   71 9
   72 9
   73 9
   74 9
   75 9
   76 9
   77 9
   78 9
   79 9
   80 9
   81 9
   82 9
   83 9
   84 9
   85 9
   86 9
   87 9
   88 9
   89 9
   90 9
   91 9
   92 9
   93 9
   94 9
   95 9
   96 9
   97 9
   98 9
   99 9
   100 9
   101 9
   102 9
   103 9
   104 9
   105 9
   106 9
   107 9
   108 9
   109 9
   110 9
   111 9
   112 9
   113 9
   114 9
   115 9
   116 9
   117 9
   118 9
   119 9
   120 9
   121 9
   122 9
   123 9
   124 9
   125 9
   126 9
   127 9
   128 9
   129 9
   130 9
   131 9
   132 9
   133 9
   134 9
   135 9
   136 9
   137 9
   138 9
   139 9
   140 9
   141 9
   142 9
   143 9
   144 9
   145 9
   146 9
   147 9
   148 9
   149 9
   150 9
   151 9
   152 9
   153 9
   154 9
   155 9
   156 9
   157 9
   158 9
   159 9
   160 9
   161 9
   162 9
   163 9
   164 9
   165 9
   166 9
   167 9
   168 9
   169 9
   170 9
   171 9
   172 9
   173 9
   174 9
   175 9
   176 9
   177 9
   178 9
   179 9
   180 9
   181 9
   182 9
   183 9
   184 9
  END_NODES_PER_ELEMENT
  ELEMENTS
  1 789 791 761 702 790 780 729 759 771  
  2 471 482 487 464 477 486 474 467 476  
  3 761 750 694 702 758 721 696 729 726  
  4 750 745 703 694 749 722 698 721 720  
  5 745 748 711 703 747 730 705 722 728  
  6 748 757 719 711 753 740 716 730 735  
  7 757 768 737 719 763 754 731 740 743  
  8 768 779 760 737 773 770 746 754 764  
  9 779 787 778 760 782 781 769 770 777  
  10 643 653 591 609 647 619 600 626 622  
  11 634 643 609 598 639 626 603 615 621  
  12 787 797 792 778 793 796 785 781 788  
  13 638 634 598 595 637 615 597 613 614  
  14 650 638 595 611 644 613 602 631 623  
  15 664 650 611 633 656 631 624 652 640  
  16 687 664 633 668 676 652 654 679 663  
  17 714 687 668 704 701 679 684 708 691  
  18 752 714 704 736 734 708 717 742 725  
  19 776 752 736 772 766 742 756 774 762  
  20 795 776 772 792 786 774 783 794 784  
  21 450 471 464 441 462 467 452 445 457  
  22 805 795 792 803 800 794 798 804 799  
  23 792 797 807 803 796 802 806 798 801  
  24 805 803 807 811 804 806 810 809 808  
  25 628 702 694 649 666 696 673 636 669  
  26 599 628 649 604 612 636 625 601 618  
  27 578 599 604 573 589 601 588 576 587  
  28 555 578 573 551 568 576 562 553 565  
  29 534 555 551 530 545 553 542 533 543  
  30 519 534 530 510 525 533 522 516 524  
  31 505 519 510 489 514 516 502 499 508  
  32 496 505 489 470 501 499 481 485 491  
  33 487 496 470 464 490 485 466 474 480  
  34 417 450 441 415 433 445 427 416 429  
  35 382 417 415 385 400 416 402 384 401  
  36 347 382 385 350 363 384 370 348 366  
  37 307 347 350 309 326 348 329 308 327  
  38 268 307 309 267 287 308 288 266 286  
  39 225 268 267 220 248 266 242 223 243  
  40 188 225 220 179 207 223 200 183 203  
  41 148 188 179 139 166 183 158 144 162  
  42 119 148 139 111 134 144 124 114 126  
  43 100 119 111 88 110 114 99 92 103  
  44 80 100 88 66 89 92 79 72 82  
  45 56 80 66 46 68 72 55 51 62  
  46 39 56 46 29 48 51 38 35 43  
  47 24 39 29 17 31 35 23 20 28  
  48 1 24 17 6 5 20 12 2 7  
  49 10 1 6 11 3 2 8 9 4  
  50 30 10 11 25 19 9 16 27 15  
  51 54 30 25 45 41 27 36 47 37  
  52 77 54 45 71 65 47 57 74 61  
  53 102 77 71 95 91 74 83 98 86  
  54 125 102 95 117 113 98 105 122 109  
  55 151 125 117 143 136 122 130 147 132  
  56 186 151 143 173 168 147 156 176 161  
  57 213 186 173 204 198 176 189 209 193  
  58 247 213 204 234 230 209 217 238 222  
  59 280 247 234 264 262 238 249 274 257  
  60 315 280 264 295 297 274 279 304 289  
  61 343 315 295 320 328 304 306 332 318  
  62 373 343 320 345 359 332 333 360 346  
  63 394 373 345 368 383 360 357 381 371  
  64 414 394 368 389 404 381 378 403 391  
  65 439 414 389 410 426 403 398 425 412  
  66 492 439 410 436 459 425 420 456 437  
  67 523 492 436 469 506 456 448 498 473  
  68 559 523 469 520 538 498 497 536 517  
  69 591 559 520 563 574 536 541 579 558  
  70 778 792 772 751 785 783 765 767 775  
  71 464 470 446 441 466 458 444 452 454  
  72 470 489 463 446 481 478 455 458 465  
  73 489 510 500 463 502 504 483 478 493  
  74 510 530 526 500 522 528 515 504 518  
  75 530 551 547 526 542 549 537 528 540  
  76 551 573 567 547 562 569 557 549 560  
  77 573 604 607 567 588 605 584 569 586  
  78 760 778 751 724 769 767 738 741 755  
  79 737 760 724 706 746 741 715 718 732  
  80 719 737 706 690 731 718 697 707 713  
  81 711 719 690 675 716 707 683 692 699  
  82 703 711 675 657 705 692 667 681 686  
  83 694 703 657 649 698 681 655 673 677  
  84 604 649 657 607 625 655 632 605 629  
  85 772 736 727 751 756 733 739 765 744  
  86 609 591 563 598 600 579 580 603 590  
  87 736 704 693 727 717 695 710 733 712  
  88 704 668 651 693 684 660 672 695 680  
  89 668 633 608 651 654 620 630 660 641  
  90 633 611 581 608 624 593 592 620 606  
  91 25 11 6 22 16 8 14 21 13  
  92 6 17 29 22 12 23 26 14 18  
  93 29 46 40 22 38 44 33 26 34  
  94 415 441 446 423 427 444 434 418 430  
  95 46 66 60 40 55 64 50 44 53  
  96 66 88 81 60 79 84 70 64 75  
  97 88 111 106 81 99 108 93 84 96  
  98 111 139 138 106 124 135 121 108 120  
  99 139 179 182 138 158 180 160 135 157  
  100 179 220 226 182 200 224 205 180 201  
  101 220 267 273 226 242 269 251 224 245  
  102 267 309 316 273 288 313 294 269 291  
  103 385 415 423 395 402 418 408 392 406  
  104 350 385 395 361 370 392 380 355 372  
  105 309 350 361 316 329 355 339 313 335  
  106 204 173 169 194 189 171 181 197 185  
  107 234 204 194 221 217 197 210 228 212  
  108 173 143 142 169 156 141 152 171 153  
  109 143 117 118 142 130 116 129 141 127  
  110 117 95 97 118 105 94 107 116 104  
  111 95 71 76 97 83 73 87 94 85  
  112 71 45 59 76 57 52 67 73 63  
  113 59 60 81 76 58 70 78 67 69  
  114 25 22 40 45 21 33 42 36 32  
  115 76 81 106 97 78 93 101 87 90  
  116 264 234 221 252 249 228 236 258 241  
  117 295 264 252 275 279 258 261 283 271  
  118 320 295 275 299 306 283 285 310 296  
  119 345 320 299 321 333 310 311 334 322  
  120 368 345 321 341 357 334 331 353 342  
  121 389 368 341 362 378 353 352 376 365  
  122 410 389 362 387 398 376 375 396 386  
  123 436 410 387 411 420 396 397 421 409  
  124 469 436 411 438 448 421 424 451 435  
  125 520 469 438 495 497 451 460 507 475  
  126 563 520 495 548 541 507 521 556 529  
  127 611 595 548 581 602 571 566 593 582  
  128 548 595 598 563 571 597 580 556 577  
  129 724 751 727 693 738 739 710 709 723  
  130 706 724 693 678 715 709 685 689 700  
  131 690 706 678 671 697 689 674 682 688  
  132 675 690 671 646 683 682 661 662 670  
  133 657 675 646 607 667 662 627 632 648  
  134 446 463 443 423 455 453 432 434 442  
  135 463 500 488 443 483 494 461 453 468  
  136 500 526 535 488 515 531 512 494 513  
  137 526 547 567 535 537 557 550 531 544  
  138 693 651 635 678 672 645 658 685 665  
  139 651 608 585 635 630 596 610 645 617  
  140 194 169 170 191 181 167 177 192 178  
  141 221 194 191 214 210 192 202 219 206  
  142 169 142 149 170 152 145 159 167 155  
  143 142 118 128 149 129 123 137 145 133  
  144 118 97 106 128 107 101 115 123 112  
  145 40 60 59 45 50 58 52 42 49  
  146 608 581 564 585 592 570 575 596 583  
  147 252 221 214 240 236 219 229 244 233  
  148 275 252 240 254 261 244 246 263 255  
  149 299 275 254 278 285 263 265 290 276  
  150 321 299 278 301 311 290 292 312 300  
  151 341 321 301 305 331 312 302 324 317  
  152 362 341 305 340 352 324 323 351 338  
  153 387 362 340 369 375 351 354 377 364  
  154 411 387 369 390 397 377 379 399 388  
  155 438 411 390 422 424 399 405 428 413  
  156 495 438 422 472 460 428 440 484 447  
  157 106 138 154 128 121 146 140 115 131  
  158 138 182 195 154 160 190 174 146 165  
  159 182 226 239 195 205 232 216 190 211  
  160 226 273 282 239 251 277 260 232 256  
  161 273 316 325 282 294 319 303 277 298  
  162 316 361 349 325 339 356 336 319 337  
  163 349 369 340 325 358 354 330 336 344  
  164 325 340 305 282 330 323 293 303 314  
  165 395 423 443 422 408 432 431 407 419  
  166 422 443 488 472 431 461 479 440 449  
  167 395 422 390 361 407 405 374 380 393  
  168 678 635 646 671 658 642 661 674 659  
  169 535 567 607 585 550 584 594 561 572  
  170 585 607 646 635 594 627 642 610 616  
  171 488 535 527 472 512 532 503 479 509  
  172 581 548 527 564 566 539 546 570 554  
  173 495 472 527 548 484 503 539 521 511  
  174 128 154 175 149 140 164 163 137 150  
  175 301 278 259 305 292 270 281 302 284  
  176 282 305 259 239 293 281 250 260 272  
  177 214 191 175 218 202 184 196 215 199  
  178 170 149 175 191 159 163 184 177 172  
  179 390 369 349 361 379 358 356 374 367  
  180 195 239 259 218 216 250 237 208 227  
  181 259 278 254 218 270 265 235 237 253  
  182 195 218 175 154 208 196 164 174 187  
  183 585 564 527 535 575 546 532 561 552  
  184 218 254 240 214 235 246 229 215 231  
  END_ELEMENTS  
  COORDINATES  
   1   4.935400e+00  4.719600e+00   
   2   4.949072e+00  4.527464e+00   
   3   5.139900e+00  4.673300e+00   
   4   5.121691e+00  4.516046e+00   
   5   4.630000e+00  4.528350e+00   
   6   4.962743e+00  4.335328e+00   
   7   4.715677e+00  4.399377e+00   
   8   5.103482e+00  4.358792e+00   
   9   5.294310e+00  4.504628e+00   
   10   5.344400e+00  4.627000e+00   
   11   5.244220e+00  4.382256e+00   
   12   4.801353e+00  4.270404e+00   
   13   5.165253e+00  4.234717e+00   
   14   4.997067e+00  4.184653e+00   
   15   5.441169e+00  4.432740e+00   
   16   5.333438e+00  4.284780e+00   
   17   4.639963e+00  4.205479e+00   
   18   4.815945e+00  4.130414e+00   
   19   5.548900e+00  4.580700e+00   
   20   4.482281e+00  4.271289e+00   
   21   5.227024e+00  4.110641e+00   
   22   5.031391e+00  4.033978e+00   
   23   4.634823e+00  4.076175e+00   
   24   4.324600e+00  4.337100e+00   
   25   5.422656e+00  4.187304e+00   
   26   4.830538e+00  3.990424e+00   
   27   5.588028e+00  4.360852e+00   
   28   4.454799e+00  4.112650e+00   
   29   4.629684e+00  3.946871e+00   
   30   5.753400e+00  4.534400e+00   
   31   4.274775e+00  4.149125e+00   
   32   5.303019e+00  3.925714e+00   
   33   5.068112e+00  3.854456e+00   
   34   4.846330e+00  3.811514e+00   
   35   4.427317e+00  3.954011e+00   
   36   5.537925e+00  3.996971e+00   
   37   5.745538e+00  4.189586e+00   
   38   4.624548e+00  3.768572e+00   
   39   4.224950e+00  3.961150e+00   
   40   5.104833e+00  3.674934e+00   
   41   5.953150e+00  4.382200e+00   
   42   5.379014e+00  3.740786e+00   
   43   4.399837e+00  3.770874e+00   
   44   4.862123e+00  3.632604e+00   
   45   5.653194e+00  3.806639e+00   
   46   4.619412e+00  3.590273e+00   
   47   5.903047e+00  4.018319e+00   
   48   4.175125e+00  3.773175e+00   
   49   5.343206e+00  3.541450e+00   
   50   5.111505e+00  3.475838e+00   
   51   4.372356e+00  3.587737e+00   
   52   5.574906e+00  3.607061e+00   
   53   4.868077e+00  3.425896e+00   
   54   6.152900e+00  4.230000e+00   
   55   4.624650e+00  3.375954e+00   
   56   4.125300e+00  3.585200e+00   
   57   5.878297e+00  3.659740e+00   
   58   5.307398e+00  3.342113e+00   
   59   5.496618e+00  3.407484e+00   
   60   5.118178e+00  3.276742e+00   
   61   6.115474e+00  3.868770e+00   
   62   4.372475e+00  3.353914e+00   
   63   5.742924e+00  3.466508e+00   
   64   4.874032e+00  3.219188e+00   
   65   6.352650e+00  4.077800e+00   
   66   4.629887e+00  3.161635e+00   
   67   5.607550e+00  3.273277e+00   
   68   4.120300e+00  3.331875e+00   
   69   5.396432e+00  3.169318e+00   
   70   5.185313e+00  3.065358e+00   
   71   6.103401e+00  3.512842e+00   
   72   4.372593e+00  3.120092e+00   
   73   5.910941e+00  3.325956e+00   
   74   6.327900e+00  3.719221e+00   
   75   4.920306e+00  2.996808e+00   
   76   5.718482e+00  3.139070e+00   
   77   6.552400e+00  3.925600e+00   
   78   5.485465e+00  2.996522e+00   
   79   4.655299e+00  2.928258e+00   
   80   4.115300e+00  3.078550e+00   
   81   5.252449e+00  2.853975e+00   
   82   4.382800e+00  2.876742e+00   
   83   6.302405e+00  3.340952e+00   
   84   4.966580e+00  2.774428e+00   
   85   6.088957e+00  3.148503e+00   
   86   6.533540e+00  3.540026e+00   
   87   5.875508e+00  2.956054e+00   
   88   4.680712e+00  2.694882e+00   
   89   4.110300e+00  2.825225e+00   
   90   5.623973e+00  2.767822e+00   
   91   6.764675e+00  3.739100e+00   
   92   4.393006e+00  2.633391e+00   
   93   5.372437e+00  2.579590e+00   
   94   6.266973e+00  2.971050e+00   
   95   6.501410e+00  3.169063e+00   
   96   5.043732e+00  2.506631e+00   
   97   6.032535e+00  2.773037e+00   
   98   6.739180e+00  3.360831e+00   
   99   4.715027e+00  2.433672e+00   
   100   4.105300e+00  2.571900e+00   
   101   5.762480e+00  2.539121e+00   
   102   6.976950e+00  3.552600e+00   
   103   4.410163e+00  2.375874e+00   
   104   6.472425e+00  2.805535e+00   
   105   6.697416e+00  2.996666e+00   
   106   5.492425e+00  2.305205e+00   
   107   6.247435e+00  2.614404e+00   
   108   5.120883e+00  2.238833e+00   
   109   6.943321e+00  3.181383e+00   
   110   4.105300e+00  2.318075e+00   
   111   4.749341e+00  2.172462e+00   
   112   6.027414e+00  2.391788e+00   
   113   7.189225e+00  3.366100e+00   
   114   4.427321e+00  2.118356e+00   
   115   5.807393e+00  2.169173e+00   
   116   6.677878e+00  2.640020e+00   
   117   6.893421e+00  2.824270e+00   
   118   6.462334e+00  2.455770e+00   
   119   4.105300e+00  2.064250e+00   
   120   5.084381e+00  1.928439e+00   
   121   5.429036e+00  1.967445e+00   
   122   7.147461e+00  3.001935e+00   
   123   6.292348e+00  2.244456e+00   
   124   4.739727e+00  1.889434e+00   
   125   7.401500e+00  3.179600e+00   
   126   4.422514e+00  1.849929e+00   
   127   6.845579e+00  2.491761e+00   
   128   6.122361e+00  2.033142e+00   
   129   6.640766e+00  2.320046e+00   
   130   7.050392e+00  2.663476e+00   
   131   5.738130e+00  1.871620e+00   
   132   7.289034e+00  2.832176e+00   
   133   6.491622e+00  2.131595e+00   
   134   4.105300e+00  1.810425e+00   
   135   5.047880e+00  1.618045e+00   
   136   7.527675e+00  3.000875e+00   
   137   6.342479e+00  1.943144e+00   
   138   5.365647e+00  1.629685e+00   
   139   4.730113e+00  1.606405e+00   
   140   6.047224e+00  1.775795e+00   
   141   7.013281e+00  2.343502e+00   
   142   6.819198e+00  2.184323e+00   
   143   7.207363e+00  2.502682e+00   
   144   4.417706e+00  1.581503e+00   
   145   6.690897e+00  2.018735e+00   
   146   5.668867e+00  1.574066e+00   
   147   7.430607e+00  2.662416e+00   
   148   4.105300e+00  1.556600e+00   
   149   6.562596e+00  1.853147e+00   
   150   6.291335e+00  1.710527e+00   
   151   7.653850e+00  2.822150e+00   
   152   6.955981e+00  2.060029e+00   
   153   7.145577e+00  2.200681e+00   
   154   5.972088e+00  1.518448e+00   
   155   6.827317e+00  1.931458e+00   
   156   7.335173e+00  2.341333e+00   
   157   5.031288e+00  1.331175e+00   
   158   4.720158e+00  1.329428e+00   
   159   6.698652e+00  1.802886e+00   
   160   5.342417e+00  1.332923e+00   
   161   7.557599e+00  2.492379e+00   
   162   4.412729e+00  1.315964e+00   
   163   6.535445e+00  1.645258e+00   
   164   6.240191e+00  1.477909e+00   
   165   5.648701e+00  1.287963e+00   
   166   4.105300e+00  1.302500e+00   
   167   6.963736e+00  1.844180e+00   
   168   7.780025e+00  2.643425e+00   
   169   7.092764e+00  1.935734e+00   
   170   6.834707e+00  1.752626e+00   
   171   7.277874e+00  2.057859e+00   
   172   6.701314e+00  1.631735e+00   
   173   7.462984e+00  2.179984e+00   
   174   5.954986e+00  1.243003e+00   
   175   6.508295e+00  1.437369e+00   
   176   7.684592e+00  2.322342e+00   
   177   6.867183e+00  1.618212e+00   
   178   7.020324e+00  1.699540e+00   
   179   4.710204e+00  1.052450e+00   
   180   5.014695e+00  1.044306e+00   
   181   7.173466e+00  1.780869e+00   
   182   5.319187e+00  1.036161e+00   
   183   4.407752e+00  1.050425e+00   
   184   6.703976e+00  1.460583e+00   
   185   7.366198e+00  1.892582e+00   
   186   7.906200e+00  2.464700e+00   
   187   6.255816e+00  1.206691e+00   
   188   4.105300e+00  1.048400e+00   
   189   7.558930e+00  2.004296e+00   
   190   5.628535e+00  1.001860e+00   
   191   6.899658e+00  1.483797e+00   
   192   7.076913e+00  1.554901e+00   
   193   7.778002e+00  2.136998e+00   
   194   7.254168e+00  1.626004e+00   
   195   5.937884e+00  9.675581e-01   
   196   6.556647e+00  1.170380e+00   
   197   7.454522e+00  1.727306e+00   
   198   7.997075e+00  2.269700e+00   
   199   6.758278e+00  1.240865e+00   
   200   4.702404e+00  7.813382e-01   
   201   5.002816e+00  7.668692e-01   
   202   6.959910e+00  1.311350e+00   
   203   4.403852e+00  7.878191e-01   
   204   7.654876e+00  1.828607e+00   
   205   5.303228e+00  7.524002e-01   
   206   7.141017e+00  1.383320e+00   
   207   4.105300e+00  7.943000e-01   
   208   6.271441e+00  9.354742e-01   
   209   7.871413e+00  1.951653e+00   
   210   7.322124e+00  1.455291e+00   
   211   5.608618e+00  7.180631e-01   
   212   7.525162e+00  1.547855e+00   
   213   8.087950e+00  2.074700e+00   
   214   7.020162e+00  1.138903e+00   
   215   6.812580e+00  1.021147e+00   
   216   5.914007e+00  6.837261e-01   
   217   7.728199e+00  1.640420e+00   
   218   6.604999e+00  9.033903e-01   
   219   7.205121e+00  1.211740e+00   
   220   4.694605e+00  5.102261e-01   
   221   7.390081e+00  1.284577e+00   
   222   7.953512e+00  1.760060e+00   
   223   4.399952e+00  5.252130e-01   
   224   4.990937e+00  4.894326e-01   
   225   4.105300e+00  5.402000e-01   
   226   5.287270e+00  4.686391e-01   
   227   6.233273e+00  6.474358e-01   
   228   7.595801e+00  1.368405e+00   
   229   7.104399e+00  1.024589e+00   
   230   8.178825e+00  1.879700e+00   
   231   6.968092e+00  9.016973e-01   
   232   5.588700e+00  4.342665e-01   
   233   7.271513e+00  1.067865e+00   
   234   7.801522e+00  1.452233e+00   
   235   6.831785e+00  7.788055e-01   
   236   7.438627e+00  1.111140e+00   
   237   6.552539e+00  6.111456e-01   
   238   8.035611e+00  1.568466e+00   
   239   5.890130e+00  3.998940e-01   
   240   7.188636e+00  9.102754e-01   
   241   7.641649e+00  1.174770e+00   
   242   4.685125e+00  2.449205e-01   
   243   4.395213e+00  2.655228e-01   
   244   7.337904e+00  9.239891e-01   
   245   4.980668e+00  2.186201e-01   
   246   7.123604e+00  7.822480e-01   
   247   8.269700e+00  1.684700e+00   
   248   4.105300e+00  2.861250e-01   
   249   7.844672e+00  1.238400e+00   
   250   6.195105e+00  3.593975e-01   
   251   5.276211e+00  1.923198e-01   
   252   7.487172e+00  9.377028e-01   
   253   6.784923e+00  5.350998e-01   
   254   7.058572e+00  6.542206e-01   
   255   7.299793e+00  7.714882e-01   
   256   5.576335e+00  1.582550e-01   
   257   8.072699e+00  1.330387e+00   
   258   7.687498e+00  9.811345e-01   
   259   6.500079e+00  3.189009e-01   
   260   5.876460e+00  1.241903e-01   
   261   7.475983e+00  7.607284e-01   
   262   8.300725e+00  1.422375e+00   
   263   7.261683e+00  6.189873e-01   
   264   7.887823e+00  1.024566e+00   
   265   7.017306e+00  4.590541e-01   
   266   4.390473e+00  5.832475e-03   
   267   4.675646e+00 -2.038505e-02   
   268   4.105300e+00  3.205000e-02   
   269   4.970399e+00 -5.219228e-02   
   270   6.738060e+00  2.913942e-01   
   271   7.686155e+00  7.831597e-01   
   272   6.196385e+00  7.985286e-02   
   273   5.265152e+00 -8.399952e-02   
   274   8.109786e+00  1.092308e+00   
   275   7.464793e+00  5.837540e-01   
   276   7.224280e+00  4.243352e-01   
   277   5.563971e+00 -1.177564e-01   
   278   6.976041e+00  2.638875e-01   
   279   7.896327e+00  8.055910e-01   
   280   8.331750e+00  1.160050e+00   
   281   6.516309e+00  3.551543e-02   
   282   5.862791e+00 -1.515134e-01   
   283   7.684812e+00  5.851849e-01   
   284   6.735816e+00  6.660552e-02   
   285   7.431253e+00  3.896164e-01   
   286   4.385942e+00 -2.541316e-01   
   287   4.105300e+00 -2.220250e-01   
   288   4.666584e+00 -2.862381e-01   
   289   8.129551e+00  8.516580e-01   
   290   7.186877e+00  2.296832e-01   
   291   4.958305e+00 -3.223036e-01   
   292   6.955323e+00  9.769560e-02   
   293   6.197664e+00 -1.996917e-01   
   294   5.250026e+00 -3.583691e-01   
   295   7.904831e+00  5.866158e-01   
   296   7.655586e+00  3.763080e-01   
   297   8.362775e+00  8.977250e-01   
   298   5.534392e+00 -3.823997e-01   
   299   7.397713e+00  1.954788e-01   
   300   7.148876e+00  5.186725e-02   
   301   6.934605e+00 -6.849630e-02   
   302   6.733572e+00 -1.581832e-01   
   303   5.818757e+00 -4.064302e-01   
   304   8.149315e+00  6.110079e-01   
   305   6.532538e+00 -2.478701e-01   
   306   7.879919e+00  3.629996e-01   
   307   4.105300e+00 -4.761000e-01   
   308   4.381411e+00 -5.140956e-01   
   309   4.657521e+00 -5.520912e-01   
   310   7.626360e+00  1.674311e-01   
   311   7.342428e+00  6.038894e-03   
   312   7.110874e+00 -1.259487e-01   
   313   4.946211e+00 -5.924150e-01   
   314   6.119615e+00 -4.622958e-01   
   315   8.393800e+00  6.354000e-01   
   316   5.234901e+00 -6.327387e-01   
   317   6.952774e+00 -2.623891e-01   
   318   8.125847e+00  3.672748e-01   
   319   5.504812e+00 -6.470429e-01   
   320   7.855007e+00  1.393834e-01   
   321   7.287143e+00 -1.834010e-01   
   322   7.573383e+00 -3.665062e-02   
   323   6.420473e+00 -5.181614e-01   
   324   6.794674e+00 -3.988296e-01   
   325   5.774723e+00 -6.613471e-01   
   326   4.105300e+00 -7.299250e-01   
   327   4.376082e+00 -7.748920e-01   
   328   8.371775e+00  3.715500e-01   
   329   4.646864e+00 -8.198589e-01   
   330   6.041566e+00 -7.248998e-01   
   331   7.171976e+00 -3.665950e-01   
   332   8.102379e+00  1.235417e-01   
   333   7.804338e+00 -7.934013e-02   
   334   7.520406e+00 -2.407323e-01   
   335   4.948742e+00 -8.744678e-01   
   336   5.743022e+00 -8.487005e-01   
   337   5.496821e+00 -8.888886e-01   
   338   6.680686e+00 -6.433373e-01   
   339   5.250620e+00 -9.290767e-01   
   340   6.308408e+00 -7.884526e-01   
   341   7.056809e+00 -5.497891e-01   
   342   7.416112e+00 -4.398727e-01   
   343   8.349750e+00  1.077000e-01   
   344   5.971837e+00 -9.268135e-01   
   345   7.753669e+00 -2.980637e-01   
   346   8.066032e+00 -1.177451e-01   
   347   4.105300e+00 -9.837500e-01   
   348   4.370754e+00 -1.035688e+00   
   349   5.711320e+00 -1.036054e+00   
   350   4.636207e+00 -1.087627e+00   
   351   6.566698e+00 -8.878450e-01   
   352   6.940899e+00 -7.685132e-01   
   353   7.311818e+00 -6.390131e-01   
   354   6.200653e+00 -1.004926e+00   
   355   4.951274e+00 -1.156521e+00   
   356   5.488830e+00 -1.130734e+00   
   357   7.660248e+00 -5.131504e-01   
   358   5.902109e+00 -1.128727e+00   
   359   8.327725e+00 -1.561500e-01   
   360   8.029685e+00 -3.590318e-01   
   361   5.266340e+00 -1.225415e+00   
   362   6.824989e+00 -9.872373e-01   
   363   4.105300e+00 -1.237575e+00   
   364   6.450904e+00 -1.102586e+00   
   365   7.197763e+00 -8.570630e-01   
   366   4.345460e+00 -1.288752e+00   
   367   5.712187e+00 -1.267934e+00   
   368   7.566827e+00 -7.282371e-01   
   369   6.092897e+00 -1.221400e+00   
   370   4.585620e+00 -1.339930e+00   
   371   7.932287e+00 -5.812252e-01   
   372   4.858374e+00 -1.416165e+00   
   373   8.305700e+00 -4.200000e-01   
   374   5.522265e+00 -1.407140e+00   
   375   6.701156e+00 -1.200245e+00   
   376   7.083709e+00 -1.075113e+00   
   377   6.335111e+00 -1.317326e+00   
   378   7.454628e+00 -9.456128e-01   
   379   5.935544e+00 -1.405133e+00   
   380   5.131128e+00 -1.492401e+00   
   381   7.834888e+00 -8.034186e-01   
   382   4.105300e+00 -1.491400e+00   
   383   8.204325e+00 -6.493000e-01   
   384   4.320166e+00 -1.541817e+00   
   385   4.535032e+00 -1.592233e+00   
   386   6.955610e+00 -1.290689e+00   
   387   6.577324e+00 -1.413252e+00   
   388   6.186767e+00 -1.509955e+00   
   389   7.342429e+00 -1.162988e+00   
   390   5.778191e+00 -1.588866e+00   
   391   7.728101e+00 -1.026756e+00   
   392   4.765474e+00 -1.675810e+00   
   393   5.373830e+00 -1.666504e+00   
   394   8.102950e+00 -8.786000e-01   
   395   4.995917e+00 -1.759388e+00   
   396   6.827512e+00 -1.506266e+00   
   397   6.437990e+00 -1.614777e+00   
   398   7.210064e+00 -1.381134e+00   
   399   6.038424e+00 -1.702584e+00   
   400   4.105300e+00 -1.751157e+00   
   401   4.293003e+00 -1.776946e+00   
   402   4.480707e+00 -1.802735e+00   
   403   7.621314e+00 -1.250094e+00   
   404   8.001575e+00 -1.107900e+00   
   405   5.616531e+00 -1.840607e+00   
   406   4.673775e+00 -1.872206e+00   
   407   5.225394e+00 -1.925868e+00   
   408   4.866842e+00 -1.941677e+00   
   409   6.686938e+00 -1.710784e+00   
   410   7.077700e+00 -1.599279e+00   
   411   6.298657e+00 -1.816302e+00   
   412   7.477907e+00 -1.473817e+00   
   413   5.892938e+00 -1.928043e+00   
   414   7.900200e+00 -1.337200e+00   
   415   4.426382e+00 -2.013237e+00   
   416   4.265841e+00 -2.012076e+00   
   417   4.105300e+00 -2.010915e+00   
   418   4.582075e+00 -2.068602e+00   
   419   5.045476e+00 -2.079534e+00   
   420   6.935886e+00 -1.806791e+00   
   421   6.546365e+00 -1.915303e+00   
   422   5.454871e+00 -2.092348e+00   
   423   4.737767e+00 -2.123966e+00   
   424   6.169345e+00 -2.015478e+00   
   425   7.334500e+00 -1.697540e+00   
   426   7.745750e+00 -1.566500e+00   
   427   4.380312e+00 -2.161523e+00   
   428   5.747452e+00 -2.153501e+00   
   429   4.242806e+00 -2.175480e+00   
   430   4.509979e+00 -2.205405e+00   
   431   5.224109e+00 -2.217392e+00   
   432   4.865558e+00 -2.233201e+00   
   433   4.105300e+00 -2.189436e+00   
   434   4.639645e+00 -2.249286e+00   
   435   6.410011e+00 -2.102732e+00   
   436   6.794073e+00 -2.014303e+00   
   437   7.186368e+00 -1.915946e+00   
   438   6.040032e+00 -2.214654e+00   
   439   7.591300e+00 -1.795800e+00   
   440   5.465570e+00 -2.312662e+00   
   441   4.334242e+00 -2.309809e+00   
   442   4.744726e+00 -2.337932e+00   
   443   4.993348e+00 -2.342436e+00   
   444   4.437883e+00 -2.342208e+00   
   445   4.219771e+00 -2.338883e+00   
   446   4.541523e+00 -2.374606e+00   
   447   5.717624e+00 -2.356070e+00   
   448   6.650677e+00 -2.189986e+00   
   449   5.254264e+00 -2.394881e+00   
   450   4.105300e+00 -2.367957e+00   
   451   6.273657e+00 -2.290161e+00   
   452   4.299004e+00 -2.396621e+00   
   453   4.849807e+00 -2.426577e+00   
   454   4.386092e+00 -2.424504e+00   
   455   4.623895e+00 -2.442662e+00   
   456   7.038236e+00 -2.134351e+00   
   457   4.202152e+00 -2.416225e+00   
   458   4.473180e+00 -2.452386e+00   
   459   7.436850e+00 -2.025100e+00   
   460   5.969677e+00 -2.399477e+00   
   461   5.042957e+00 -2.477099e+00   
   462   4.105300e+00 -2.435829e+00   
   463   4.706267e+00 -2.510718e+00   
   464   4.263765e+00 -2.483434e+00   
   465   4.542644e+00 -2.509102e+00   
   466   4.334301e+00 -2.506800e+00   
   467   4.184532e+00 -2.493567e+00   
   468   4.898282e+00 -2.535957e+00   
   469   6.507281e+00 -2.365668e+00   
   470   4.404838e+00 -2.530167e+00   
   471   4.105300e+00 -2.503700e+00   
   472   5.476270e+00 -2.532977e+00   
   473   6.875038e+00 -2.293229e+00   
   474   4.238932e+00 -2.530417e+00   
   475   6.178621e+00 -2.460046e+00   
   476   4.174441e+00 -2.527684e+00   
   477   4.109950e+00 -2.524950e+00   
   478   4.612108e+00 -2.565818e+00   
   479   5.284418e+00 -2.572369e+00   
   480   4.297001e+00 -2.554725e+00   
   481   4.461394e+00 -2.575543e+00   
   482   4.114600e+00 -2.546200e+00   
   483   4.753606e+00 -2.594815e+00   
   484   5.687796e+00 -2.558638e+00   
   485   4.355069e+00 -2.579033e+00   
   486   4.164350e+00 -2.561800e+00   
   487   4.214100e+00 -2.577400e+00   
   488   5.092567e+00 -2.611762e+00   
   489   4.517950e+00 -2.620919e+00   
   490   4.259700e+00 -2.602650e+00   
   491   4.403122e+00 -2.618696e+00   
   492   7.282400e+00 -2.254400e+00   
   493   4.654720e+00 -2.636887e+00   
   494   4.946756e+00 -2.645337e+00   
   495   5.899321e+00 -2.584299e+00   
   496   4.305300e+00 -2.627900e+00   
   497   6.387565e+00 -2.520616e+00   
   498   6.711840e+00 -2.452106e+00   
   499   4.451175e+00 -2.658359e+00   
   500   4.800945e+00 -2.678912e+00   
   501   4.344850e+00 -2.661850e+00   
   502   4.555835e+00 -2.678960e+00   
   503   5.468269e+00 -2.682254e+00   
   504   4.697333e+00 -2.707957e+00   
   505   4.384400e+00 -2.695800e+00   
   506   7.099399e+00 -2.396472e+00   
   507   6.083585e+00 -2.629931e+00   
   508   4.486092e+00 -2.707955e+00   
   509   5.282642e+00 -2.715835e+00   
   510   4.593720e+00 -2.737002e+00   
   511   5.661343e+00 -2.713847e+00   
   512   5.097014e+00 -2.749415e+00   
   513   4.956259e+00 -2.754803e+00   
   514   4.416350e+00 -2.736950e+00   
   515   4.815504e+00 -2.760191e+00   
   516   4.521010e+00 -2.757551e+00   
   517   6.561012e+00 -2.600204e+00   
   518   4.715973e+00 -2.777863e+00   
   519   4.448300e+00 -2.778100e+00   
   520   6.267849e+00 -2.675564e+00   
   521   5.854418e+00 -2.745440e+00   
   522   4.616442e+00 -2.795535e+00   
   523   6.916398e+00 -2.538544e+00   
   524   4.543871e+00 -2.810193e+00   
   525   4.471300e+00 -2.824850e+00   
   526   4.830063e+00 -2.841471e+00   
   527   5.460268e+00 -2.831532e+00   
   528   4.734614e+00 -2.847770e+00   
   529   6.022239e+00 -2.774423e+00   
   530   4.639164e+00 -2.854069e+00   
   531   4.965763e+00 -2.864270e+00   
   532   5.280865e+00 -2.859300e+00   
   533   4.566732e+00 -2.862834e+00   
   534   4.494300e+00 -2.871600e+00   
   535   5.101462e+00 -2.887069e+00   
   536   6.410184e+00 -2.748301e+00   
   537   4.805874e+00 -2.893567e+00   
   538   6.734459e+00 -2.679791e+00   
   539   5.634891e+00 -2.869056e+00   
   540   4.725232e+00 -2.901028e+00   
   541   6.190061e+00 -2.803406e+00   
   542   4.644589e+00 -2.908488e+00   
   543   4.575995e+00 -2.915269e+00   
   544   4.898600e+00 -2.925946e+00   
   545   4.507400e+00 -2.922050e+00   
   546   5.454766e+00 -2.920246e+00   
   547   4.781685e+00 -2.945664e+00   
   548   5.809514e+00 -2.906581e+00   
   549   4.715850e+00 -2.954286e+00   
   550   4.991326e+00 -2.958326e+00   
   551   4.650014e+00 -2.962907e+00   
   552   5.315162e+00 -2.962812e+00   
   553   4.585257e+00 -2.967704e+00   
   554   5.589228e+00 -2.954683e+00   
   555   4.520500e+00 -2.972500e+00   
   556   5.960893e+00 -2.918915e+00   
   557   4.831438e+00 -2.987623e+00   
   558   6.299685e+00 -2.867813e+00   
   559   6.552520e+00 -2.821039e+00   
   560   4.750552e+00 -3.001489e+00   
   561   5.175559e+00 -3.005378e+00   
   562   4.669666e+00 -3.015354e+00   
   563   6.112273e+00 -2.931249e+00   
   564   5.449264e+00 -3.008959e+00   
   565   4.596458e+00 -3.019952e+00   
   566   5.723690e+00 -2.989120e+00   
   567   4.881190e+00 -3.029582e+00   
   568   4.523250e+00 -3.024550e+00   
   569   4.785254e+00 -3.048692e+00   
   570   5.543565e+00 -3.040309e+00   
   571   5.870875e+00 -3.008585e+00   
   572   5.046151e+00 -3.064533e+00   
   573   4.689318e+00 -3.067801e+00   
   574   6.409310e+00 -2.932220e+00   
   575   5.349460e+00 -3.066323e+00   
   576   4.607659e+00 -3.072201e+00   
   577   5.989102e+00 -3.011631e+00   
   578   4.526000e+00 -3.076600e+00   
   579   6.189186e+00 -2.987324e+00   
   580   6.107329e+00 -3.014677e+00   
   581   5.637867e+00 -3.071659e+00   
   582   5.791634e+00 -3.068826e+00   
   583   5.458307e+00 -3.101052e+00   
   584   4.916742e+00 -3.123689e+00   
   585   5.249656e+00 -3.123687e+00   
   586   4.806910e+00 -3.129390e+00   
   587   4.607639e+00 -3.131595e+00   
   588   4.697078e+00 -3.135091e+00   
   589   4.518200e+00 -3.128100e+00   
   590   6.172988e+00 -3.049030e+00   
   591   6.266100e+00 -3.043400e+00   
   592   5.567155e+00 -3.135782e+00   
   593   5.712393e+00 -3.129068e+00   
   594   5.100975e+00 -3.170741e+00   
   595   5.932236e+00 -3.110588e+00   
   596   5.373050e+00 -3.161795e+00   
   597   6.017310e+00 -3.104346e+00   
   598   6.102385e+00 -3.098104e+00   
   599   4.510400e+00 -3.179600e+00   
   600   6.238647e+00 -3.083384e+00   
   601   4.607619e+00 -3.190990e+00   
   602   5.859578e+00 -3.148532e+00   
   603   6.156790e+00 -3.110736e+00   
   604   4.704838e+00 -3.202380e+00   
   605   4.828566e+00 -3.210088e+00   
   606   5.646506e+00 -3.185394e+00   
   607   4.952295e+00 -3.217796e+00   
   608   5.496444e+00 -3.199904e+00   
   609   6.211195e+00 -3.123368e+00   
   610   5.245735e+00 -3.220633e+00   
   611   5.786919e+00 -3.186476e+00   
   612   4.492450e+00 -3.228550e+00   
   613   5.980018e+00 -3.182094e+00   
   614   6.054330e+00 -3.172973e+00   
   615   6.128642e+00 -3.163852e+00   
   616   5.129176e+00 -3.253086e+00   
   617   5.352206e+00 -3.248393e+00   
   618   4.589298e+00 -3.253179e+00   
   619   6.314650e+00 -3.144000e+00   
   620   5.580619e+00 -3.241720e+00   
   621   6.183395e+00 -3.169918e+00   
   622   6.276399e+00 -3.159992e+00   
   623   5.913639e+00 -3.213341e+00   
   624   5.725857e+00 -3.235006e+00   
   625   4.686145e+00 -3.277808e+00   
   626   6.238147e+00 -3.175984e+00   
   627   5.012618e+00 -3.285538e+00   
   628   4.474500e+00 -3.277500e+00   
   629   4.794117e+00 -3.291888e+00   
   630   5.458677e+00 -3.276153e+00   
   631   5.847260e+00 -3.244588e+00   
   632   4.902090e+00 -3.305968e+00   
   633   5.664794e+00 -3.283536e+00   
   634   6.154900e+00 -3.229600e+00   
   635   5.241814e+00 -3.317580e+00   
   636   4.570976e+00 -3.315369e+00   
   637   6.091350e+00 -3.241600e+00   
   638   6.027800e+00 -3.253600e+00   
   639   6.210000e+00 -3.229100e+00   
   640   5.789703e+00 -3.286878e+00   
   641   5.540375e+00 -3.310371e+00   
   642   5.157378e+00 -3.335430e+00   
   643   6.265100e+00 -3.228600e+00   
   644   5.967700e+00 -3.278150e+00   
   645   5.331362e+00 -3.334991e+00   
   646   5.072941e+00 -3.353280e+00   
   647   6.314150e+00 -3.236600e+00   
   648   4.963988e+00 -3.356327e+00   
   649   4.667453e+00 -3.353237e+00   
   650   5.907600e+00 -3.302700e+00   
   651   5.420910e+00 -3.352402e+00   
   652   5.732147e+00 -3.329168e+00   
   653   6.363200e+00 -3.244600e+00   
   654   5.622072e+00 -3.344589e+00   
   655   4.759669e+00 -3.373689e+00   
   656   5.853550e+00 -3.338750e+00   
   657   4.851884e+00 -3.394141e+00   
   658   5.231325e+00 -3.389745e+00   
   659   5.163951e+00 -3.394720e+00   
   660   5.500131e+00 -3.379022e+00   
   661   5.096578e+00 -3.399695e+00   
   662   5.025886e+00 -3.406686e+00   
   663   5.688011e+00 -3.382720e+00   
   664   5.799500e+00 -3.374800e+00   
   665   5.311416e+00 -3.412744e+00   
   666   4.413480e+00 -3.406468e+00   
   667   4.915358e+00 -3.427117e+00   
   668   5.579351e+00 -3.405642e+00   
   669   4.533250e+00 -3.426276e+00   
   670   5.059713e+00 -3.445656e+00   
   671   5.120214e+00 -3.446110e+00   
   672   5.391506e+00 -3.435744e+00   
   673   4.653021e+00 -3.446084e+00   
   674   5.170525e+00 -3.454009e+00   
   675   4.978831e+00 -3.460093e+00   
   676   5.753950e+00 -3.420850e+00   
   677   4.741230e+00 -3.460443e+00   
   678   5.220836e+00 -3.461909e+00   
   679   5.643875e+00 -3.436271e+00   
   680   5.469533e+00 -3.454133e+00   
   681   4.829440e+00 -3.474802e+00   
   682   5.093539e+00 -3.484625e+00   
   683   5.022848e+00 -3.491617e+00   
   684   5.547559e+00 -3.472521e+00   
   685   5.291469e+00 -3.490498e+00   
   686   4.890919e+00 -3.499770e+00   
   687   5.708400e+00 -3.466900e+00   
   688   5.142903e+00 -3.500725e+00   
   689   5.192267e+00 -3.516825e+00   
   690   5.066865e+00 -3.523140e+00   
   691   5.610204e+00 -3.496761e+00   
   692   4.952399e+00 -3.524738e+00   
   693   5.362102e+00 -3.519086e+00   
   694   4.638589e+00 -3.538930e+00   
   695   5.438935e+00 -3.529243e+00   
   696   4.495524e+00 -3.537183e+00   
   697   5.115281e+00 -3.547441e+00   
   698   4.722792e+00 -3.547196e+00   
   699   4.997326e+00 -3.550647e+00   
   700   5.252445e+00 -3.546411e+00   
   701   5.672850e+00 -3.521000e+00   
   702   4.352459e+00 -3.535436e+00   
   703   4.806995e+00 -3.555462e+00   
   704   5.515767e+00 -3.539401e+00   
   705   4.866481e+00 -3.572422e+00   
   706   5.163698e+00 -3.571741e+00   
   707   5.042252e+00 -3.576557e+00   
   708   5.576534e+00 -3.557250e+00   
   709   5.312623e+00 -3.575997e+00   
   710   5.378413e+00 -3.573722e+00   
   711   4.925967e+00 -3.589382e+00   
   712   5.439779e+00 -3.586367e+00   
   713   5.089466e+00 -3.600420e+00   
   714   5.637300e+00 -3.575100e+00   
   715   5.213420e+00 -3.602324e+00   
   716   4.971803e+00 -3.609678e+00   
   717   5.501146e+00 -3.599012e+00   
   718   5.136679e+00 -3.624284e+00   
   719   5.017640e+00 -3.629973e+00   
   720   4.746846e+00 -3.629423e+00   
   721   4.683244e+00 -3.627915e+00   
   722   4.810448e+00 -3.630931e+00   
   723   5.341502e+00 -3.622857e+00   
   724   5.263143e+00 -3.632907e+00   
   725   5.557198e+00 -3.617331e+00   
   726   4.591062e+00 -3.633616e+00   
   727   5.394724e+00 -3.628359e+00   
   728   4.861815e+00 -3.640811e+00   
   729   4.498879e+00 -3.639318e+00   
   730   4.913183e+00 -3.650691e+00   
   731   5.063650e+00 -3.653399e+00   
   732   5.182750e+00 -3.654216e+00   
   733   5.440624e+00 -3.643491e+00   
   734   5.613250e+00 -3.635650e+00   
   735   4.957077e+00 -3.666214e+00   
   736   5.486524e+00 -3.658623e+00   
   737   5.109660e+00 -3.676826e+00   
   738   5.304590e+00 -3.671992e+00   
   739   5.370381e+00 -3.669718e+00   
   740   5.000970e+00 -3.681737e+00   
   741   5.228822e+00 -3.684148e+00   
   742   5.537862e+00 -3.677411e+00   
   743   5.043600e+00 -3.702625e+00   
   744   5.418423e+00 -3.692148e+00   
   745   4.813900e+00 -3.706400e+00   
   746   5.152081e+00 -3.706107e+00   
   747   4.857150e+00 -3.709200e+00   
   748   4.900400e+00 -3.712000e+00   
   749   4.770900e+00 -3.711650e+00   
   750   4.727900e+00 -3.716900e+00   
   751   5.346038e+00 -3.711077e+00   
   752   5.589200e+00 -3.696200e+00   
   753   4.942350e+00 -3.722750e+00   
   754   5.086230e+00 -3.723513e+00   
   755   5.270890e+00 -3.722971e+00   
   756   5.466465e+00 -3.714577e+00   
   757   4.984300e+00 -3.733500e+00   
   758   4.686600e+00 -3.730050e+00   
   759   4.270330e+00 -3.709018e+00   
   760   5.194502e+00 -3.735388e+00   
   761   4.645300e+00 -3.743200e+00   
   762   5.522833e+00 -3.729664e+00   
   763   5.023550e+00 -3.751850e+00   
   764   5.125040e+00 -3.750829e+00   
   765   5.396222e+00 -3.740805e+00   
   766   5.579200e+00 -3.744750e+00   
   767   5.312958e+00 -3.761794e+00   
   768   5.062800e+00 -3.770200e+00   
   769   5.237190e+00 -3.773950e+00   
   770   5.163851e+00 -3.778144e+00   
   771   4.419365e+00 -3.766934e+00   
   772   5.446406e+00 -3.770532e+00   
   773   5.098000e+00 -3.795550e+00   
   774   5.507803e+00 -3.781916e+00   
   775   5.365260e+00 -3.803732e+00   
   776   5.569200e+00 -3.793300e+00   
   777   5.200120e+00 -3.813100e+00   
   778   5.279878e+00 -3.812511e+00   
   779   5.133200e+00 -3.820900e+00   
   780   4.568400e+00 -3.824850e+00   
   781   5.236389e+00 -3.848055e+00   
   782   5.163050e+00 -3.852250e+00   
   783   5.417563e+00 -3.845671e+00   
   784   5.492131e+00 -3.852035e+00   
   785   5.334299e+00 -3.866660e+00   
   786   5.566700e+00 -3.858400e+00   
   787   5.192900e+00 -3.883600e+00   
   788   5.278525e+00 -3.899830e+00   
   789   4.188200e+00 -3.882600e+00   
   790   4.339850e+00 -3.894550e+00   
   791   4.491500e+00 -3.906500e+00   
   792   5.388720e+00 -3.920810e+00   
   793   5.222750e+00 -3.933000e+00   
   794   5.476460e+00 -3.922155e+00   
   795   5.564200e+00 -3.923500e+00   
   796   5.320660e+00 -3.951605e+00   
   797   5.252600e+00 -3.982400e+00   
   798   5.397754e+00 -4.019537e+00   
   799   5.480214e+00 -4.033916e+00   
   800   5.562674e+00 -4.048296e+00   
   801   5.330102e+00 -4.070568e+00   
   802   5.262450e+00 -4.121600e+00   
   803   5.406789e+00 -4.118263e+00   
   804   5.483968e+00 -4.145678e+00   
   805   5.561148e+00 -4.173093e+00   
   806   5.339544e+00 -4.189532e+00   
   807   5.272300e+00 -4.260800e+00   
   808   5.449209e+00 -4.274289e+00   
   809   5.558874e+00 -4.359046e+00   
   810   5.414450e+00 -4.402900e+00   
   811   5.556600e+00 -4.545000e+00   
  END_COORDINATES
  BOUNDARIES, ELEMENT
    1         789     791     790         1     
    2         791     761     780         1     
    3         702     789     759         1     
    4         482     487     486         2     
    5         471     482     477         2     
    6         761     750     758         3     
    7         750     745     749         4     
    8         745     748     747         5     
    9         748     757     753         6     
    10         757     768     763         7     
    11         768     779     773         8     
    12         779     787     782         9     
    13         643     653     647         10     
    14         653     591     619         10     
    15         634     643     639         11     
    16         787     797     793         12     
    17         638     634     637         13     
    18         650     638     644         14     
    19         664     650     656         15     
    20         687     664     676         16     
    21         714     687     701         17     
    22         752     714     734         18     
    23         776     752     766         19     
    24         795     776     786         20     
    25         450     471     462         21     
    26         805     795     800         22     
    27         797     807     802         23     
    28         807     811     810         24     
    29         811     805     809         24     
    30         628     702     666         25     
    31         599     628     612         26     
    32         578     599     589         27     
    33         555     578     568         28     
    34         534     555     545         29     
    35         519     534     525         30     
    36         505     519     514         31     
    37         496     505     501         32     
    38         487     496     490         33     
    39         417     450     433         34     
    40         382     417     400         35     
    41         347     382     363         36     
    42         307     347     326         37     
    43         268     307     287         38     
    44         225     268     248         39     
    45         188     225     207         40     
    46         148     188     166         41     
    47         119     148     134         42     
    48         100     119     110         43     
    49         80     100     89         44     
    50         56     80     68         45     
    51         39     56     48         46     
    52         24     39     31         47     
    53         1     24     5         48     
    54         10     1     3         49     
    55         30     10     19         50     
    56         54     30     41         51     
    57         77     54     65         52     
    58         102     77     91         53     
    59         125     102     113         54     
    60         151     125     136         55     
    61         186     151     168         56     
    62         213     186     198         57     
    63         247     213     230         58     
    64         280     247     262         59     
    65         315     280     297         60     
    66         343     315     328         61     
    67         373     343     359         62     
    68         394     373     383         63     
    69         414     394     404         64     
    70         439     414     426         65     
    71         492     439     459         66     
    72         523     492     506         67     
    73         559     523     538         68     
    74         591     559     574         69     
  END_BOUNDARIES
  MATERIALS, NUMBER= 1, DEFAULT=1
  END_MATERIALS
  SUBDOMAINS
  END_SUBDOMAINS
  CHARACTERISTICS
  END_CHARACTERISTICS
