  NODES_PER_ELEMENT
   1 6
   2 6
   3 6
   4 6
   5 6
   6 6
   7 6
   8 6
   9 6
   10 6
   11 6
   12 6
   13 6
   14 6
   15 6
   16 6
   17 6
   18 6
   19 6
   20 6
   21 6
   22 6
   23 6
   24 6
   25 6
   26 6
   27 6
   28 6
   29 6
   30 6
   31 6
   32 6
   33 6
   34 6
   35 6
   36 6
   37 6
   38 6
   39 6
   40 6
   41 6
   42 6
   43 6
   44 6
   45 6
   46 6
   47 6
   48 6
   49 6
   50 6
   51 6
   52 6
   53 6
   54 6
   55 6
   56 6
   57 6
   58 6
   59 6
   60 6
   61 6
   62 6
   63 6
   64 6
   65 6
   66 6
   67 6
   68 6
   69 6
   70 6
   71 6
   72 6
   73 6
   74 6
   75 6
   76 6
   77 6
   78 6
   79 6
   80 6
   81 6
   82 6
   83 6
   84 6
   85 6
   86 6
   87 6
   88 6
   89 6
   90 6
   91 6
   92 6
   93 6
   94 6
   95 6
   96 6
   97 6
   98 6
   99 6
   100 6
   101 6
   102 6
   103 6
   104 6
   105 6
   106 6
   107 6
   108 6
   109 6
   110 6
   111 6
   112 6
   113 6
   114 6
   115 6
   116 6
   117 6
   118 6
   119 6
   120 6
   121 6
   122 6
   123 6
   124 6
   125 6
   126 6
   127 6
   128 6
   129 6
   130 6
   131 6
   132 6
   133 6
   134 6
   135 6
   136 6
   137 6
   138 6
   139 6
   140 6
   141 6
   142 6
   143 6
   144 6
   145 6
   146 6
   147 6
   148 6
   149 6
   150 6
   151 6
   152 6
   153 6
   154 6
   155 6
   156 6
   157 6
   158 6
   159 6
   160 6
   161 6
   162 6
   163 6
   164 6
   165 6
   166 6
   167 6
   168 6
   169 6
   170 6
   171 6
   172 6
   173 6
   174 6
   175 6
   176 6
   177 6
   178 6
   179 6
   180 6
   181 6
   182 6
   183 6
   184 6
   185 6
   186 6
   187 6
   188 6
   189 6
   190 6
   191 6
   192 6
   193 6
   194 6
   195 6
   196 6
   197 6
   198 6
   199 6
   200 6
   201 6
   202 6
   203 6
   204 6
   205 6
   206 6
   207 6
   208 6
   209 6
   210 6
   211 6
   212 6
   213 6
   214 6
   215 6
   216 6
   217 6
   218 6
   219 6
   220 6
   221 6
   222 6
   223 6
   224 6
   225 6
   226 6
   227 6
   228 6
   229 6
   230 6
   231 6
   232 6
   233 6
   234 6
   235 6
   236 6
   237 6
   238 6
   239 6
   240 6
   241 6
   242 6
   243 6
   244 6
   245 6
   246 6
   247 6
   248 6
   249 6
   250 6
   251 6
   252 6
   253 6
   254 6
   255 6
   256 6
   257 6
   258 6
   259 6
   260 6
   261 6
   262 6
   263 6
   264 6
  END_NODES_PER_ELEMENT
  ELEMENTS
  1 1 6 8 2 5 3  
  2 6 18 16 11 17 9  
  3 392 360 352 375 355 372  
  4 360 324 307 341 318 336  
  5 276 309 275 290 289 273  
  6 309 347 312 327 329 310  
  7 204 236 203 220 219 202  
  8 236 276 239 255 256 237  
  9 324 287 307 306 297 318  
  10 287 253 249 271 250 265  
  11 347 384 346 365 363 345  
  12 384 416 385 399 400 383  
  13 563 565 547 564 557 556  
  14 565 567 550 566 559 558  
  15 8 6 16 5 9 10  
  16 8 16 23 10 19 13  
  17 1 8 15 3 7 4  
  18 16 18 45 17 31 26  
  19 275 309 312 289 310 291  
  20 275 312 280 291 294 278  
  21 276 275 239 273 257 256  
  22 239 275 242 257 258 240  
  23 312 347 346 329 345 328  
  24 312 346 315 328 331 313  
  25 352 360 307 355 336 332  
  26 352 307 316 332 308 337  
  27 392 352 396 372 376 393  
  28 203 236 239 219 237 222  
  29 203 239 210 222 225 206  
  30 204 203 165 202 182 183  
  31 346 384 385 363 383 366  
  32 346 385 350 366 369 349  
  33 385 416 424 400 420 405  
  34 249 253 211 250 233 230  
  35 287 249 307 265 279 297  
  36 242 275 280 258 278 261  
  37 242 280 251 261 264 247  
  38 251 280 301 264 286 277  
  39 242 251 205 247 228 226  
  40 239 242 210 240 227 225  
  41 210 242 205 227 226 208  
  42 210 205 172 208 189 191  
  43 315 346 350 331 349 334  
  44 315 350 301 334 323 305  
  45 315 301 280 305 286 296  
  46 315 280 312 296 294 313  
  47 172 205 171 189 188 170  
  48 210 172 203 191 186 206  
  49 23 16 38 19 25 30  
  50 8 23 20 13 21 12  
  51 316 307 272 308 288 293  
  52 352 316 361 337 339 358  
  53 350 385 397 369 390 373  
  54 547 565 550 557 558 548  
  55 547 550 524 548 539 537  
  56 563 547 555 556 552 561  
  57 550 567 560 559 562 554  
  58 524 550 533 539 541 529  
  59 547 524 523 537 522 536  
  60 396 352 361 376 358 379  
  61 396 361 407 379 386 401  
  62 392 396 435 393 419 414  
  63 435 396 407 419 401 421  
  64 165 203 172 182 186 166  
  65 204 165 147 183 159 175  
  66 424 416 459 420 437 439  
  67 424 459 457 439 458 438  
  68 385 424 397 405 411 390  
  69 397 424 457 411 438 428  
  70 407 361 371 386 367 389  
  71 211 253 201 233 229 207  
  72 211 201 167 207 184 190  
  73 167 201 153 184 178 161  
  74 211 167 181 190 176 195  
  75 249 211 181 230 195 214  
  76 251 301 274 277 283 262  
  77 205 251 217 228 235 212  
  78 171 205 217 188 212 193  
  79 172 171 137 170 152 151  
  80 457 459 502 458 480 479  
  81 38 16 45 25 26 40  
  82 23 38 48 30 42 35  
  83 20 23 39 21 32 27  
  84 8 20 15 12 14 7  
  85 272 307 249 288 279 259  
  86 316 272 270 293 268 292  
  87 361 316 321 339 319 342  
  88 350 397 364 373 382 359  
  89 533 550 560 541 554 546  
  90 524 533 499 529 518 512  
  91 523 524 493 522 509 508  
  92 547 523 555 536 542 552  
  93 112 81 86 97 83 99  
  94 181 167 145 176 156 163  
  95 45 72 38 58 54 40  
  96 371 361 321 367 342 348  
  97 371 321 338 348 330 353  
  98 338 321 285 330 304 314  
  99 371 338 388 353 362 378  
  100 407 371 415 389 394 410  
  101 274 301 322 283 311 299  
  102 251 274 217 262 246 235  
  103 137 171 143 152 157 140  
  104 172 137 139 151 136 154  
  105 48 38 71 42 55 59  
  106 23 48 39 35 43 32  
  107 20 39 41 27 37 29  
  108 270 272 216 268 245 244  
  109 321 316 270 319 292 298  
  110 364 397 427 382 412 398  
  111 350 364 301 359 335 323  
  112 499 533 506 518 519 504  
  113 524 499 493 512 497 509  
  114 523 493 496 508 494 510  
  115 285 321 270 304 298 281  
  116 338 285 303 314 295 320  
  117 388 338 356 362 344 370  
  118 371 388 415 378 403 394  
  119 415 388 429 403 409 422  
  120 429 388 404 409 395 418  
  121 415 429 451 422 440 434  
  122 86 81 57 83 68 73  
  123 112 86 120 99 105 117  
  124 145 167 120 156 144 131  
  125 181 145 160 163 148 169  
  126 407 415 448 410 430 426  
  127 429 404 444 418 425 436  
  128 415 451 448 434 450 430  
  129 448 451 503 450 477 474  
  130 404 388 356 395 370 381  
  131 404 356 377 381 368 391  
  132 377 356 326 368 340 351  
  133 404 377 423 391 402 413  
  134 451 429 466 440 447 460  
  135 322 301 364 311 335 343  
  136 322 364 387 343 374 354  
  137 387 364 427 374 398 408  
  138 322 387 326 354 357 325  
  139 143 171 180 157 177 162  
  140 139 137 108 136 122 124  
  141 274 322 326 299 325 302  
  142 137 143 101 140 121 119  
  143 172 139 165 154 149 166  
  144 71 38 72 55 54 69  
  145 216 272 249 245 259 231  
  146 326 356 303 340 333 317  
  147 41 39 65 37 50 52  
  148 427 397 457 412 428 442  
  149 423 377 387 402 380 406  
  150 387 377 326 380 351 357  
  151 48 71 79 59 75 64  
  152 270 216 232 244 224 252  
  153 20 41 33 29 34 24  
  154 404 423 444 413 432 425  
  155 444 423 464 432 445 453  
  156 464 423 443 445 431 452  
  157 444 464 475 453 470 461  
  158 506 533 538 519 534 521  
  159 496 493 467 494 482 483  
  160 443 423 387 431 406 417  
  161 475 464 499 470 484 490  
  162 475 499 506 490 504 491  
  163 475 506 466 491 487 471  
  164 523 496 527 510 511 525  
  165 464 467 493 465 482 481  
  166 444 475 466 461 471 455  
  167 303 285 254 295 267 282  
  168 57 81 46 68 63 51  
  169 57 46 33 51 36 44  
  170 160 145 125 148 133 141  
  171 356 338 303 344 320 333  
  172 120 86 103 105 95 113  
  173 86 57 70 73 62 78  
  174 181 160 216 169 187 198  
  175 112 120 153 117 135 132  
  176 407 448 435 426 441 421  
  177 139 108 114 124 111 126  
  178 270 232 285 252 260 281  
  179 254 285 232 267 260 241  
  180 451 466 489 460 476 472  
  181 41 65 70 52 66 56  
  182 70 65 93 66 77 82  
  183 93 65 85 77 76 90  
  184 70 93 103 82 98 84  
  185 103 93 125 98 110 115  
  186 125 93 116 110 102 118  
  187 85 65 60 76 61 74  
  188 93 85 116 90 100 102  
  189 116 85 101 100 92 106  
  190 125 116 146 118 129 134  
  191 60 65 39 61 50 49  
  192 60 39 48 49 43 53  
  193 60 48 79 53 64 67  
  194 85 60 101 74 80 92  
  195 146 116 143 129 127 142  
  196 125 146 160 134 150 141  
  197 160 146 185 150 164 173  
  198 185 146 168 164 158 179  
  199 160 185 216 173 199 187  
  200 168 146 143 158 142 155  
  201 185 168 213 179 192 196  
  202 213 168 180 192 174 194  
  203 180 168 143 174 155 162  
  204 185 213 232 196 221 209  
  205 232 213 254 221 234 241  
  206 254 213 223 234 215 238  
  207 223 213 180 215 194 200  
  208 223 180 217 200 197 218  
  209 254 223 266 238 248 263  
  210 266 223 217 248 218 243  
  211 254 266 303 263 284 282  
  212 467 464 443 465 452 456  
  213 467 443 427 456 433 446  
  214 70 57 41 62 47 56  
  215 41 57 33 47 44 34  
  216 429 444 466 436 455 447  
  217 137 101 108 119 104 122  
  218 20 33 15 24 22 14  
  219 15 33 46 22 36 28  
  220 103 86 70 95 78 84  
  221 527 496 501 511 498 513  
  222 101 143 116 121 127 106  
  223 538 533 560 534 546 551  
  224 538 560 549 551 553 544  
  225 538 549 520 544 535 531  
  226 520 549 532 535 540 526  
  227 520 532 489 526 507 505  
  228 538 520 506 531 514 521  
  229 180 171 217 177 193 197  
  230 79 71 114 75 91 96  
  231 496 467 469 483 468 485  
  232 120 103 145 113 123 131  
  233 232 216 185 224 199 209  
  234 523 527 555 525 543 542  
  235 125 145 103 133 123 115  
  236 489 466 506 476 487 495  
  237 496 469 501 485 486 498  
  238 114 108 79 111 94 96  
  239 79 108 101 94 104 89  
  240 527 501 530 513 515 528  
  241 527 530 555 528 545 543  
  242 530 501 502 515 500 516  
  243 502 501 457 500 478 479  
  244 139 114 165 126 138 149  
  245 451 489 503 472 492 477  
  246 469 467 427 468 446 449  
  247 501 469 457 486 463 478  
  248 457 469 427 463 449 442  
  249 326 303 266 317 284 300  
  250 493 499 464 497 484 481  
  251 153 120 167 135 144 161  
  252 147 165 114 159 138 130  
  253 506 520 489 514 505 495  
  254 326 266 274 300 269 302  
  255 274 266 217 269 243 246  
  256 503 473 448 488 462 474  
  257 448 473 435 462 454 441  
  258 427 443 387 433 417 408  
  259 79 101 60 89 80 67  
  260 72 107 71 88 87 69  
  261 503 489 532 492 507 517  
  262 107 147 114 128 130 109  
  263 181 216 249 198 231 214  
  264 114 71 107 91 87 109  
  END_ELEMENTS  
  COORDINATES  
   1   5.745763e+00  3.310832e+00   
   2   5.591382e+00  3.271002e+00   
   3   5.709937e+00  3.130587e+00   
   4   6.023222e+00  3.231173e+00   
   5   5.555556e+00  3.090758e+00   
   6   5.437002e+00  3.231173e+00   
   7   5.987396e+00  3.050929e+00   
   8   5.674110e+00  2.950343e+00   
   9   5.401176e+00  3.050929e+00   
   10   5.519730e+00  2.910514e+00   
   11   5.282622e+00  3.191344e+00   
   12   5.851099e+00  2.820505e+00   
   13   5.640189e+00  2.762715e+00   
   14   6.164384e+00  2.921091e+00   
   15   6.300682e+00  3.151515e+00   
   16   5.365350e+00  2.870685e+00   
   17   5.246795e+00  3.011100e+00   
   18   5.128241e+00  3.151515e+00   
   19   5.485809e+00  2.722886e+00   
   20   6.028087e+00  2.690667e+00   
   21   5.817178e+00  2.632877e+00   
   22   6.350818e+00  2.935159e+00   
   23   5.606268e+00  2.575087e+00   
   24   6.214521e+00  2.704735e+00   
   25   5.244111e+00  2.691436e+00   
   26   5.069653e+00  2.849484e+00   
   27   5.966071e+00  2.500200e+00   
   28   6.531697e+00  2.993607e+00   
   29   6.155271e+00  2.564593e+00   
   30   5.364570e+00  2.543637e+00   
   31   4.951099e+00  2.989899e+00   
   32   5.755161e+00  2.442410e+00   
   33   6.400955e+00  2.718802e+00   
   34   6.341705e+00  2.578661e+00   
   35   5.540146e+00  2.386938e+00   
   36   6.581834e+00  2.777250e+00   
   37   6.093254e+00  2.374126e+00   
   38   5.122872e+00  2.512187e+00   
   39   5.904054e+00  2.309734e+00   
   40   4.948414e+00  2.670235e+00   
   41   6.282454e+00  2.438519e+00   
   42   5.298448e+00  2.355488e+00   
   43   5.689039e+00  2.254261e+00   
   44   6.539406e+00  2.592998e+00   
   45   4.773956e+00  2.828283e+00   
   46   6.762712e+00  2.835698e+00   
   47   6.480155e+00  2.452856e+00   
   48   5.474023e+00  2.198789e+00   
   49   5.855387e+00  2.166718e+00   
   50   6.054459e+00  2.177961e+00   
   51   6.720284e+00  2.651446e+00   
   52   6.243659e+00  2.242354e+00   
   53   5.640372e+00  2.111245e+00   
   54   4.841097e+00  2.502620e+00   
   55   5.040593e+00  2.309708e+00   
   56   6.397215e+00  2.270885e+00   
   57   6.677856e+00  2.467193e+00   
   58   4.666639e+00  2.660668e+00   
   59   5.216169e+00  2.153009e+00   
   60   5.806720e+00  2.023701e+00   
   61   6.005792e+00  2.034945e+00   
   62   6.594916e+00  2.285222e+00   
   63   6.919312e+00  2.670374e+00   
   64   5.406140e+00  2.010699e+00   
   65   6.204865e+00  2.046189e+00   
   66   6.358421e+00  2.074720e+00   
   67   5.572489e+00  1.923156e+00   
   68   6.876884e+00  2.486122e+00   
   69   4.758818e+00  2.300140e+00   
   70   6.511977e+00  2.103250e+00   
   71   4.958314e+00  2.107228e+00   
   72   4.559322e+00  2.493052e+00   
   73   6.793972e+00  2.304444e+00   
   74   5.917765e+00  1.858095e+00   
   75   5.148286e+00  1.964919e+00   
   76   6.116837e+00  1.869339e+00   
   77   6.313283e+00  1.890164e+00   
   78   6.711032e+00  2.122472e+00   
   79   5.338257e+00  1.822610e+00   
   80   5.726537e+00  1.763729e+00   
   81   7.075911e+00  2.505051e+00   
   82   6.466839e+00  1.918694e+00   
   83   6.993000e+00  2.323372e+00   
   84   6.628799e+00  1.940181e+00   
   85   6.028809e+00  1.692490e+00   
   86   6.910088e+00  2.141694e+00   
   87   4.660898e+00  2.063715e+00   
   88   4.461402e+00  2.256627e+00   
   89   5.492305e+00  1.663183e+00   
   90   6.225255e+00  1.713314e+00   
   91   4.877913e+00  1.855956e+00   
   92   5.837582e+00  1.598123e+00   
   93   6.421701e+00  1.734138e+00   
   94   5.260645e+00  1.660362e+00   
   95   6.827855e+00  1.959403e+00   
   96   5.067885e+00  1.713646e+00   
   97   7.191692e+00  2.343434e+00   
   98   6.583661e+00  1.755625e+00   
   99   7.108780e+00  2.161756e+00   
   100   6.062968e+00  1.534443e+00   
   101   5.646354e+00  1.503757e+00   
   102   6.259414e+00  1.555267e+00   
   103   6.745621e+00  1.777111e+00   
   104   5.414693e+00  1.500936e+00   
   105   7.026834e+00  1.979397e+00   
   106   5.871740e+00  1.440076e+00   
   107   4.363482e+00  2.020202e+00   
   108   5.183033e+00  1.498115e+00   
   109   4.580497e+00  1.812443e+00   
   110   6.493463e+00  1.557831e+00   
   111   4.990272e+00  1.551399e+00   
   112   7.307473e+00  2.181818e+00   
   113   6.944601e+00  1.797105e+00   
   114   4.797512e+00  1.604683e+00   
   115   6.655423e+00  1.579317e+00   
   116   6.097126e+00  1.376395e+00   
   117   7.225527e+00  1.999458e+00   
   118   6.331176e+00  1.378960e+00   
   119   5.464796e+00  1.307357e+00   
   120   7.143580e+00  1.817099e+00   
   121   5.716822e+00  1.252893e+00   
   122   5.233136e+00  1.304536e+00   
   123   6.854001e+00  1.555645e+00   
   124   5.040543e+00  1.357831e+00   
   125   6.565225e+00  1.381524e+00   
   126   4.847782e+00  1.411115e+00   
   127   5.942208e+00  1.189212e+00   
   128   4.291910e+00  1.748322e+00   
   129   6.212992e+00  1.218345e+00   
   130   4.508925e+00  1.540562e+00   
   131   7.052980e+00  1.575639e+00   
   132   7.436357e+00  1.939394e+00   
   133   6.763803e+00  1.357852e+00   
   134   6.447041e+00  1.220909e+00   
   135   7.354410e+00  1.757034e+00   
   136   5.090645e+00  1.164252e+00   
   137   5.283238e+00  1.110957e+00   
   138   4.630013e+00  1.351018e+00   
   139   4.898052e+00  1.217546e+00   
   140   5.535265e+00  1.056493e+00   
   141   6.644065e+00  1.197737e+00   
   142   6.058074e+00  1.031162e+00   
   143   5.787291e+00  1.002029e+00   
   144   7.251224e+00  1.551238e+00   
   145   6.962381e+00  1.334180e+00   
   146   6.328857e+00  1.060294e+00   
   147   4.220339e+00  1.476441e+00   
   148   6.842643e+00  1.174065e+00   
   149   4.680283e+00  1.157449e+00   
   150   6.525881e+00  1.037122e+00   
   151   5.095007e+00  9.722518e-01   
   152   5.331251e+00  9.175029e-01   
   153   7.565240e+00  1.696970e+00   
   154   4.902414e+00  1.025547e+00   
   155   5.954697e+00  8.751277e-01   
   156   7.160624e+00  1.309778e+00   
   157   5.583277e+00  8.630391e-01   
   158   6.225480e+00  9.042602e-01   
   159   4.341427e+00  1.286897e+00   
   160   6.722905e+00  1.013950e+00   
   161   7.462053e+00  1.491173e+00   
   162   5.775328e+00  8.073648e-01   
   163   7.041202e+00  1.150651e+00   
   164   6.408825e+00  8.638586e-01   
   165   4.462514e+00  1.097352e+00   
   166   4.684645e+00  9.654495e-01   
   167   7.358867e+00  1.285377e+00   
   168   6.122102e+00  7.482263e-01   
   169   6.921465e+00  9.905357e-01   
   170   5.143020e+00  7.787979e-01   
   171   5.379264e+00  7.240490e-01   
   172   4.906775e+00  8.335468e-01   
   173   6.605849e+00  8.406863e-01   
   174   5.942734e+00  6.804634e-01   
   175   4.174534e+00  1.182665e+00   
   176   7.239445e+00  1.126249e+00   
   177   5.571315e+00  6.683747e-01   
   178   7.654383e+00  1.454545e+00   
   179   6.305447e+00  7.078246e-01   
   180   5.763366e+00  6.127004e-01   
   181   7.120024e+00  9.671216e-01   
   182   4.457846e+00  9.006402e-01   
   183   4.295621e+00  9.931205e-01   
   184   7.551196e+00  1.248749e+00   
   185   6.488793e+00  6.674230e-01   
   186   4.679977e+00  7.687375e-01   
   187   6.827967e+00  7.718700e-01   
   188   5.231465e+00  5.933819e-01   
   189   4.995220e+00  6.481308e-01   
   190   7.437369e+00  1.106017e+00   
   191   4.847145e+00  6.759134e-01   
   192   6.183841e+00  5.606255e-01   
   193   5.412371e+00  5.097845e-01   
   194   6.004473e+00  4.928626e-01   
   195   7.317947e+00  9.468900e-01   
   196   6.367186e+00  5.202239e-01   
   197   5.604422e+00  4.541102e-01   
   198   7.026526e+00  7.484560e-01   
   199   6.710910e+00  5.986066e-01   
   200   5.818336e+00  4.284873e-01   
   201   7.743526e+00  1.212121e+00   
   202   4.290954e+00  7.964086e-01   
   203   4.453179e+00  7.039282e-01   
   204   4.128729e+00  8.888889e-01   
   205   5.083665e+00  4.627148e-01   
   206   4.620347e+00  6.111042e-01   
   207   7.629698e+00  1.069390e+00   
   208   4.935590e+00  4.904974e-01   
   209   6.534537e+00  4.733380e-01   
   210   4.787515e+00  5.182801e-01   
   211   7.515871e+00  9.266584e-01   
   212   5.264571e+00  3.791174e-01   
   213   6.245580e+00  3.730247e-01   
   214   7.288906e+00  7.479767e-01   
   215   6.059444e+00  3.086495e-01   
   216   6.933028e+00  5.297903e-01   
   217   5.445477e+00  2.955200e-01   
   218   5.659392e+00  2.698972e-01   
   219   4.279715e+00  6.347924e-01   
   220   4.117490e+00  7.272727e-01   
   221   6.412931e+00  3.261388e-01   
   222   4.441939e+00  5.423121e-01   
   223   5.873307e+00  2.442743e-01   
   224   6.756655e+00  4.045216e-01   
   225   4.609108e+00  4.494880e-01   
   226   4.927880e+00  3.419115e-01   
   227   4.779805e+00  3.696942e-01   
   228   5.100303e+00  2.662828e-01   
   229   7.799454e+00  9.696970e-01   
   230   7.486830e+00  7.277451e-01   
   231   7.195409e+00  5.293110e-01   
   232   6.580282e+00  2.792529e-01   
   233   7.685626e+00  8.269655e-01   
   234   6.215115e+00  1.879956e-01   
   235   5.281210e+00  1.826854e-01   
   236   4.106251e+00  5.656566e-01   
   237   4.268475e+00  4.731762e-01   
   238   6.028979e+00  1.236203e-01   
   239   4.430700e+00  3.806959e-01   
   240   4.601398e+00  3.009021e-01   
   241   6.382466e+00  1.411096e-01   
   242   4.772095e+00  2.211083e-01   
   243   5.631123e+00  7.266994e-02   
   244   6.915613e+00  2.831999e-01   
   245   7.099805e+00  3.597368e-01   
   246   5.443081e+00  6.643866e-02   
   247   4.944518e+00  1.454795e-01   
   248   5.845038e+00  4.704706e-02   
   249   7.457789e+00  5.288318e-01   
   250   7.656585e+00  6.280523e-01   
   251   5.116942e+00  6.985073e-02   
   252   6.739240e+00  1.579312e-01   
   253   7.855381e+00  7.272727e-01   
   254   6.184650e+00  2.966363e-03   
   255   4.095011e+00  4.040404e-01   
   256   4.257236e+00  3.115601e-01   
   257   4.425869e+00  2.323882e-01   
   258   4.596566e+00  1.525944e-01   
   259   7.362185e+00  3.592576e-01   
   260   6.554843e+00  3.972941e-02   
   261   4.770550e+00  7.347467e-02   
   262   5.278813e+00 -4.639600e-02   
   263   6.000709e+00 -7.360690e-02   
   264   4.942974e+00 -2.154097e-03   
   265   7.672112e+00  4.664361e-01   
   266   5.816768e+00 -1.501802e-01   
   267   6.357027e+00 -9.841386e-02   
   268   7.082389e+00  1.131464e-01   
   269   5.628726e+00 -1.564114e-01   
   270   6.898198e+00  3.660952e-02   
   271   7.870908e+00  5.656566e-01   
   272   7.266581e+00  1.896834e-01   
   273   4.252405e+00  1.632524e-01   
   274   5.440684e+00 -1.626427e-01   
   275   4.421037e+00  8.408048e-02   
   276   4.083772e+00  2.424242e-01   
   277   5.096197e+00 -1.261902e-01   
   278   4.595021e+00  4.960782e-03   
   279   7.534278e+00  2.914197e-01   
   280   4.769006e+00 -7.415892e-02   
   281   6.713801e+00 -8.159228e-02   
   282   6.183112e+00 -1.970072e-01   
   283   5.258068e+00 -2.424369e-01   
   284   5.999171e+00 -2.735805e-01   
   285   6.529404e+00 -1.997941e-01   
   286   4.922229e+00 -1.981950e-01   
   287   7.886435e+00  4.040404e-01   
   288   7.438674e+00  1.218454e-01   
   289   4.253980e+00  1.636202e-03   
   290   4.085348e+00  8.080808e-02   
   291   4.422612e+00 -7.753568e-02   
   292   7.057710e+00 -8.314139e-02   
   293   7.241902e+00 -6.604475e-03   
   294   4.596597e+00 -1.566554e-01   
   295   6.355489e+00 -2.983874e-01   
   296   4.773596e+00 -2.212138e-01   
   297   7.748601e+00  2.290240e-01   
   298   6.885421e+00 -1.836459e-01   
   299   5.418727e+00 -3.612549e-01   
   300   5.826525e+00 -3.761564e-01   
   301   5.075453e+00 -3.222311e-01   
   302   5.638483e+00 -3.823877e-01   
   303   6.181574e+00 -3.969807e-01   
   304   6.701025e+00 -3.018477e-01   
   305   4.926819e+00 -3.452499e-01   
   306   7.901962e+00  2.424242e-01   
   307   7.610766e+00  5.400750e-02   
   308   7.413994e+00 -7.444240e-02   
   309   4.086923e+00 -8.080808e-02   
   310   4.255556e+00 -1.599800e-01   
   311   5.236111e+00 -4.410491e-01   
   312   4.424188e+00 -2.391518e-01   
   313   4.601187e+00 -3.037102e-01   
   314   6.527975e+00 -3.994602e-01   
   315   4.778185e+00 -3.682686e-01   
   316   7.217222e+00 -2.028923e-01   
   317   6.008927e+00 -4.995567e-01   
   318   7.764128e+00  6.740779e-02   
   319   7.044934e+00 -3.033969e-01   
   320   6.354060e+00 -4.980536e-01   
   321   6.872645e+00 -4.039014e-01   
   322   5.396770e+00 -5.598670e-01   
   323   4.937743e+00 -4.939319e-01   
   324   7.917490e+00  8.080808e-02   
   325   5.616526e+00 -5.809998e-01   
   326   5.836281e+00 -6.021326e-01   
   327   4.088499e+00 -2.424242e-01   
   328   4.432293e+00 -3.872049e-01   
   329   4.257131e+00 -3.215961e-01   
   330   6.699596e+00 -5.015139e-01   
   331   4.609292e+00 -4.517633e-01   
   332   7.582221e+00 -1.652805e-01   
   333   6.181896e+00 -5.996751e-01   
   334   4.789109e+00 -5.169506e-01   
   335   5.113264e+00 -5.886882e-01   
   336   7.754753e+00 -9.420837e-02   
   337   7.385450e+00 -2.937304e-01   
   338   6.526546e+00 -5.991264e-01   
   339   7.219041e+00 -4.007172e-01   
   340   6.009250e+00 -7.022511e-01   
   341   7.908115e+00 -8.080808e-02   
   342   7.046752e+00 -5.012217e-01   
   343   5.273922e+00 -7.075061e-01   
   344   6.354382e+00 -7.007480e-01   
   345   4.265236e+00 -4.696492e-01   
   346   4.440398e+00 -5.352580e-01   
   347   4.090074e+00 -4.040404e-01   
   348   6.872955e+00 -5.985748e-01   
   349   4.620215e+00 -6.004453e-01   
   350   4.800032e+00 -6.656327e-01   
   351   5.876486e+00 -7.943467e-01   
   352   7.553677e+00 -3.845685e-01   
   353   6.699905e+00 -6.961873e-01   
   354   5.466344e+00 -8.084164e-01   
   355   7.726208e+00 -3.134964e-01   
   356   6.182219e+00 -8.023695e-01   
   357   5.686100e+00 -8.295491e-01   
   358   7.387268e+00 -4.915553e-01   
   359   4.975553e+00 -7.603889e-01   
   360   7.898740e+00 -2.424242e-01   
   361   7.220859e+00 -5.985420e-01   
   362   6.528611e+00 -7.987870e-01   
   363   4.279872e+00 -6.312654e-01   
   364   5.151075e+00 -8.551452e-01   
   365   4.104710e+00 -5.656566e-01   
   366   4.455034e+00 -6.968742e-01   
   367   7.047062e+00 -6.958951e-01   
   368   6.049455e+00 -8.944651e-01   
   369   4.634851e+00 -7.620615e-01   
   370   6.356447e+00 -9.004085e-01   
   371   6.873265e+00 -7.932482e-01   
   372   7.716834e+00 -4.751125e-01   
   373   4.804764e+00 -8.634292e-01   
   374   5.343497e+00 -9.560554e-01   
   375   7.889366e+00 -4.040404e-01   
   376   7.551209e+00 -5.812879e-01   
   377   5.916691e+00 -9.865607e-01   
   378   6.701970e+00 -8.958479e-01   
   379   7.384801e+00 -6.882747e-01   
   380   5.726305e+00 -1.021763e+00   
   381   6.183253e+00 -1.000030e+00   
   382   4.980285e+00 -9.581855e-01   
   383   4.294507e+00 -7.928815e-01   
   384   4.119345e+00 -7.272727e-01   
   385   4.469669e+00 -8.584904e-01   
   386   7.219669e+00 -7.953434e-01   
   387   5.535918e+00 -1.056966e+00   
   388   6.530676e+00 -9.984476e-01   
   389   7.045872e+00 -8.926965e-01   
   390   4.639582e+00 -9.598581e-01   
   391   6.050489e+00 -1.092126e+00   
   392   7.879991e+00 -5.656566e-01   
   393   7.714367e+00 -6.718320e-01   
   394   6.873101e+00 -9.930500e-01   
   395   6.357481e+00 -1.098069e+00   
   396   7.548742e+00 -7.780074e-01   
   397   4.809495e+00 -1.061226e+00   
   398   5.133078e+00 -1.132582e+00   
   399   4.133980e+00 -8.888889e-01   
   400   4.309142e+00 -9.544977e-01   
   401   7.383611e+00 -8.850760e-01   
   402   5.878576e+00 -1.194048e+00   
   403   6.701806e+00 -1.095650e+00   
   404   6.184286e+00 -1.197691e+00   
   405   4.462621e+00 -1.042295e+00   
   406   5.688190e+00 -1.229250e+00   
   407   7.218479e+00 -9.921447e-01   
   408   5.325500e+00 -1.233492e+00   
   409   6.530696e+00 -1.197655e+00   
   410   7.045708e+00 -1.092498e+00   
   411   4.632534e+00 -1.143663e+00   
   412   4.962289e+00 -1.235622e+00   
   413   6.012374e+00 -1.299613e+00   
   414   7.829826e+00 -8.268787e-01   
   415   6.872936e+00 -1.192852e+00   
   416   4.148615e+00 -1.050505e+00   
   417   5.515187e+00 -1.329369e+00   
   418   6.357502e+00 -1.297276e+00   
   419   7.664202e+00 -9.330541e-01   
   420   4.302094e+00 -1.138302e+00   
   421   7.499070e+00 -1.040123e+00   
   422   6.701827e+00 -1.294857e+00   
   423   5.840462e+00 -1.401535e+00   
   424   4.455572e+00 -1.226099e+00   
   425   6.184565e+00 -1.397641e+00   
   426   7.256271e+00 -1.202833e+00   
   427   5.115082e+00 -1.410018e+00   
   428   4.713530e+00 -1.343074e+00   
   429   6.530717e+00 -1.396862e+00   
   430   7.083500e+00 -1.303187e+00   
   431   5.667459e+00 -1.501653e+00   
   432   6.012653e+00 -1.499563e+00   
   433   5.304769e+00 -1.505895e+00   
   434   6.876072e+00 -1.392629e+00   
   435   7.779661e+00 -1.088101e+00   
   436   6.357781e+00 -1.497227e+00   
   437   4.190566e+00 -1.292929e+00   
   438   4.536569e+00 -1.425511e+00   
   439   4.344044e+00 -1.380726e+00   
   440   6.704963e+00 -1.494634e+00   
   441   7.536862e+00 -1.250811e+00   
   442   4.866324e+00 -1.517470e+00   
   443   5.494456e+00 -1.601771e+00   
   444   6.184844e+00 -1.597592e+00   
   445   5.805275e+00 -1.622338e+00   
   446   5.206632e+00 -1.628386e+00   
   447   6.533083e+00 -1.596798e+00   
   448   7.294063e+00 -1.413522e+00   
   449   5.006982e+00 -1.616680e+00   
   450   7.086636e+00 -1.502964e+00   
   451   6.879208e+00 -1.592407e+00   
   452   5.632272e+00 -1.722456e+00   
   453   5.977466e+00 -1.720366e+00   
   454   7.694915e+00 -1.341763e+00   
   455   6.360146e+00 -1.697163e+00   
   456   5.396319e+00 -1.724263e+00   
   457   4.617565e+00 -1.624922e+00   
   458   4.425041e+00 -1.580138e+00   
   459   4.232516e+00 -1.535354e+00   
   460   6.707328e+00 -1.694571e+00   
   461   6.162086e+00 -1.779693e+00   
   462   7.452116e+00 -1.504473e+00   
   463   4.758224e+00 -1.724132e+00   
   464   5.770087e+00 -1.843141e+00   
   465   5.534135e+00 -1.844948e+00   
   466   6.535448e+00 -1.796735e+00   
   467   5.298183e+00 -1.846754e+00   
   468   5.098532e+00 -1.835048e+00   
   469   4.898882e+00 -1.823342e+00   
   470   5.954708e+00 -1.902468e+00   
   471   6.337388e+00 -1.879265e+00   
   472   6.881766e+00 -1.792378e+00   
   473   7.610169e+00 -1.595424e+00   
   474   7.348995e+00 -1.716862e+00   
   475   6.139329e+00 -1.961795e+00   
   476   6.709886e+00 -1.894542e+00   
   477   7.141567e+00 -1.806304e+00   
   478   4.648265e+00 -1.891447e+00   
   479   4.503698e+00 -1.860931e+00   
   480   4.311173e+00 -1.816147e+00   
   481   5.623741e+00 -2.023722e+00   
   482   5.387789e+00 -2.025528e+00   
   483   5.188240e+00 -2.013793e+00   
   484   5.838039e+00 -2.047919e+00   
   485   4.988590e+00 -2.002087e+00   
   486   4.788923e+00 -1.990657e+00   
   487   6.417860e+00 -2.057773e+00   
   488   7.507048e+00 -1.807813e+00   
   489   6.884325e+00 -1.992349e+00   
   490   6.022660e+00 -2.107246e+00   
   491   6.219801e+00 -2.140304e+00   
   492   7.144126e+00 -2.006276e+00   
   493   5.477395e+00 -2.204302e+00   
   494   5.277846e+00 -2.192567e+00   
   495   6.592299e+00 -2.155581e+00   
   496   5.078298e+00 -2.180832e+00   
   497   5.691693e+00 -2.228500e+00   
   498   4.878631e+00 -2.169403e+00   
   499   5.905991e+00 -2.252697e+00   
   500   4.534398e+00 -2.127457e+00   
   501   4.678965e+00 -2.157973e+00   
   502   4.389831e+00 -2.096940e+00   
   503   7.403926e+00 -2.020202e+00   
   504   6.103132e+00 -2.285755e+00   
   505   6.809936e+00 -2.216235e+00   
   506   6.300273e+00 -2.318812e+00   
   507   6.993010e+00 -2.233531e+00   
   508   5.367788e+00 -2.371083e+00   
   509   5.565701e+00 -2.383276e+00   
   510   5.168239e+00 -2.359348e+00   
   511   4.968587e+00 -2.348023e+00   
   512   5.779999e+00 -2.407473e+00   
   513   4.768920e+00 -2.336594e+00   
   514   6.517910e+00 -2.379466e+00   
   515   4.622291e+00 -2.331512e+00   
   516   4.477724e+00 -2.300995e+00   
   517   7.252811e+00 -2.247458e+00   
   518   5.995348e+00 -2.446252e+00   
   519   6.192490e+00 -2.479309e+00   
   520   6.735547e+00 -2.440121e+00   
   521   6.369940e+00 -2.506258e+00   
   522   5.456094e+00 -2.550057e+00   
   523   5.258181e+00 -2.537864e+00   
   524   5.654007e+00 -2.562250e+00   
   525   5.058528e+00 -2.526539e+00   
   526   6.918621e+00 -2.457417e+00   
   527   4.858876e+00 -2.515214e+00   
   528   4.712247e+00 -2.510132e+00   
   529   5.869357e+00 -2.601028e+00   
   530   4.565617e+00 -2.505051e+00   
   531   6.587577e+00 -2.566912e+00   
   532   7.101695e+00 -2.474714e+00   
   533   6.084706e+00 -2.639806e+00   
   534   6.262156e+00 -2.666755e+00   
   535   6.752976e+00 -2.634202e+00   
   536   5.351914e+00 -2.712599e+00   
   537   5.549828e+00 -2.724792e+00   
   538   6.439607e+00 -2.693703e+00   
   539   5.719319e+00 -2.743930e+00   
   540   6.936050e+00 -2.651498e+00   
   541   5.934668e+00 -2.782708e+00   
   542   5.078243e+00 -2.754126e+00   
   543   4.878590e+00 -2.742801e+00   
   544   6.605006e+00 -2.760993e+00   
   545   4.731961e+00 -2.737720e+00   
   546   6.254218e+00 -2.862785e+00   
   547   5.445648e+00 -2.887334e+00   
   548   5.615139e+00 -2.906472e+00   
   549   6.770405e+00 -2.828283e+00   
   550   5.784631e+00 -2.925611e+00   
   551   6.431668e+00 -2.889733e+00   
   552   5.171976e+00 -2.928861e+00   
   553   6.597067e+00 -2.957023e+00   
   554   6.104180e+00 -3.005687e+00   
   555   4.898305e+00 -2.970389e+00   
   556   5.341468e+00 -3.049876e+00   
   557   5.510959e+00 -3.069015e+00   
   558   5.680451e+00 -3.088153e+00   
   559   5.849943e+00 -3.107291e+00   
   560   6.423729e+00 -3.085763e+00   
   561   5.067797e+00 -3.091404e+00   
   562   6.169492e+00 -3.187367e+00   
   563   5.237288e+00 -3.212419e+00   
   564   5.406780e+00 -3.231557e+00   
   565   5.576271e+00 -3.250695e+00   
   566   5.745763e+00 -3.269833e+00   
   567   5.915254e+00 -3.288971e+00   
  END_COORDINATES
  BOUNDARIES, ELEMENT
    1         1     6     2         1     
    2         6     18     11         2     
    3         392     360     375         3     
    4         360     324     341         4     
    5         276     309     290         5     
    6         309     347     327         6     
    7         204     236     220         7     
    8         236     276     255         8     
    9         324     287     306         9     
    10         287     253     271         10     
    11         347     384     365         11     
    12         384     416     399         12     
    13         563     565     564         13     
    14         565     567     566         14     
    15         15     1     4         17     
    16         18     45     31         18     
    17         555     563     561         56     
    18         567     560     562         57     
    19         435     392     414         62     
    20         147     204     175         65     
    21         416     459     437         66     
    22         253     201     229         71     
    23         201     153     178         73     
    24         459     502     480         80     
    25         112     81     97         93     
    26         45     72     58         95     
    27         81     46     63         168     
    28         153     112     132         175     
    29         46     15     28         219     
    30         560     549     553         224     
    31         549     532     540         226     
    32         530     555     545         241     
    33         502     530     516         242     
    34         503     473     488         256     
    35         473     435     454         257     
    36         72     107     88         260     
    37         532     503     517         261     
    38         107     147     128         262     
  END_BOUNDARIES
  MATERIALS, NUMBER= 1, DEFAULT=1
  END_MATERIALS
  SUBDOMAINS
  END_SUBDOMAINS
  CHARACTERISTICS
  END_CHARACTERISTICS
