  NODES_PER_ELEMENT
   1 9
   2 9
   3 9
   4 9
   5 9
   6 9
   7 9
   8 9
   9 9
   10 9
   11 9
   12 9
   13 9
   14 9
   15 9
   16 9
   17 9
   18 9
   19 9
   20 9
   21 9
   22 9
   23 9
   24 9
   25 9
   26 9
   27 9
   28 9
   29 9
   30 9
   31 9
   32 9
   33 9
   34 9
   35 9
   36 9
   37 9
   38 9
   39 9
   40 9
   41 9
   42 9
   43 9
   44 9
   45 9
   46 9
   47 9
   48 9
   49 9
   50 9
   51 9
   52 9
   53 9
   54 9
   55 9
   56 9
   57 9
   58 9
   59 9
   60 9
   61 9
   62 9
   63 9
   64 9
   65 9
   66 9
   67 9
   68 9
   69 9
   70 9
   71 9
   72 9
   73 9
   74 9
   75 9
   76 9
   77 9
   78 9
   79 9
   80 9
   81 9
   82 9
   83 9
   84 9
   85 9
   86 9
   87 9
   88 9
   89 9
   90 9
   91 9
   92 9
   93 9
   94 9
   95 9
   96 9
   97 9
   98 9
   99 9
   100 9
   101 9
   102 9
   103 9
   104 9
   105 9
   106 9
   107 9
   108 9
   109 9
   110 9
   111 9
   112 9
   113 9
   114 9
   115 9
   116 9
   117 9
   118 9
   119 9
   120 9
   121 9
   122 9
   123 9
   124 9
   125 9
   126 9
   127 9
   128 9
   129 9
   130 9
   131 9
   132 9
   133 9
   134 9
   135 9
   136 9
   137 9
   138 9
   139 9
   140 9
   141 9
   142 9
   143 9
   144 9
   145 9
   146 9
   147 9
   148 9
   149 9
   150 9
   151 9
   152 9
   153 9
   154 9
   155 9
   156 9
   157 9
   158 9
   159 9
   160 9
   161 9
   162 9
   163 9
   164 9
   165 9
   166 9
   167 9
   168 9
   169 9
   170 9
   171 9
   172 9
   173 9
   174 9
   175 9
   176 9
   177 9
   178 9
   179 9
   180 9
   181 9
   182 9
   183 9
   184 9
   185 9
   186 9
   187 9
   188 9
   189 9
   190 9
   191 9
   192 9
   193 9
   194 9
   195 9
   196 9
   197 9
   198 9
   199 9
   200 9
   201 9
   202 9
   203 9
   204 9
   205 9
   206 9
   207 9
   208 9
   209 9
   210 9
   211 9
   212 9
   213 9
   214 9
   215 9
   216 9
   217 9
   218 9
   219 9
   220 9
   221 9
   222 9
   223 9
   224 9
   225 9
   226 9
   227 9
   228 9
   229 9
   230 9
   231 9
   232 9
   233 9
   234 9
   235 9
   236 9
   237 9
   238 9
   239 9
   240 9
   241 9
   242 9
   243 9
   244 9
   245 9
   246 9
   247 9
   248 9
   249 9
   250 9
   251 9
   252 9
   253 9
   254 9
   255 9
   256 9
   257 9
   258 9
   259 9
   260 9
   261 9
   262 9
   263 9
   264 9
   265 9
   266 9
   267 9
   268 9
   269 9
   270 9
   271 9
   272 9
  END_NODES_PER_ELEMENT
  ELEMENTS
  1 1155 1157 1126 1068 1156 1146 1095 1120 1134  
  2 803 816 827 799 811 818 813 801 812  
  3 1126 1115 1070 1068 1122 1089 1069 1095 1092  
  4 1115 1110 1076 1070 1114 1091 1072 1089 1090  
  5 1110 1113 1080 1076 1112 1098 1078 1091 1094  
  6 1113 1121 1088 1080 1119 1104 1085 1098 1102  
  7 1121 1132 1103 1088 1127 1118 1097 1104 1108  
  8 1132 1143 1124 1103 1139 1135 1111 1118 1128  
  9 1143 1153 1144 1124 1147 1148 1136 1135 1142  
  10 1026 990 959 1013 1007 972 984 1019 996  
  11 780 803 799 775 792 801 788 777 789  
  12 1004 1013 959 957 1011 984 958 979 981  
  13 1153 1163 1159 1144 1158 1162 1152 1148 1154  
  14 990 948 895 959 969 920 925 972 945  
  15 1008 1004 957 967 1006 979 961 989 983  
  16 1021 1008 967 986 1015 989 975 1002 995  
  17 1038 1021 986 1016 1029 1002 999 1028 1017  
  18 1060 1038 1016 1045 1048 1028 1032 1052 1040  
  19 1084 1060 1045 1073 1071 1052 1059 1079 1063  
  20 1117 1084 1073 1105 1101 1079 1087 1107 1093  
  21 1141 1117 1105 1138 1131 1107 1123 1140 1129  
  22 1161 1141 1138 1159 1151 1140 1149 1160 1150  
  23 750 780 775 746 764 777 759 748 761  
  24 827 834 805 799 828 820 802 813 814  
  25 1171 1161 1159 1169 1166 1160 1164 1170 1165  
  26 1159 1163 1173 1169 1162 1168 1172 1164 1167  
  27 1171 1169 1173 1177 1170 1172 1176 1175 1174  
  28 994 1068 1070 1025 1037 1069 1047 1010 1044  
  29 956 994 1025 971 974 1010 998 964 988  
  30 927 956 971 932 940 964 951 930 946  
  31 904 927 932 900 913 930 915 902 914  
  32 877 904 900 874 890 902 888 876 889  
  33 859 877 874 850 868 876 861 855 864  
  34 844 859 850 832 854 855 840 837 848  
  35 834 844 832 810 838 837 822 823 830  
  36 707 750 746 712 728 748 729 708 727  
  37 663 707 712 667 687 708 690 664 688  
  38 620 663 667 619 638 664 641 618 639  
  39 569 620 619 564 597 618 594 567 595  
  40 503 569 564 498 537 567 530 501 532  
  41 448 503 498 439 473 501 465 441 468  
  42 401 448 439 391 426 441 415 395 417  
  43 359 401 391 352 376 395 371 355 373  
  44 329 359 352 318 344 355 336 322 339  
  45 297 329 318 283 313 322 302 289 304  
  46 263 297 283 248 279 289 266 257 274  
  47 228 263 248 214 245 257 231 222 239  
  48 193 228 214 177 209 222 196 186 203  
  49 160 193 177 139 176 186 157 149 165  
  50 127 160 139 101 142 149 120 116 132  
  51 98 127 101 70 113 116 84 81 99  
  52 72 98 70 52 83 81 61 62 71  
  53 47 72 52 40 59 62 45 42 53  
  54 26 47 40 25 35 42 31 23 34  
  55 7 26 25 13 15 23 17 8 16  
  56 1 7 13 10 2 8 11 4 5  
  57 948 898 847 895 922 871 870 920 892  
  58 9 1 10 19 3 4 14 12 6  
  59 33 9 19 37 21 12 27 32 22  
  60 54 33 37 60 43 32 48 55 44  
  61 77 54 60 80 65 55 69 78 67  
  62 109 77 80 107 91 78 94 106 90  
  63 143 109 107 137 126 106 122 140 123  
  64 185 143 137 173 162 140 155 178 159  
  65 225 185 173 211 206 178 192 219 198  
  66 265 225 211 255 246 219 235 261 240  
  67 309 265 255 295 285 261 276 301 282  
  68 347 309 295 333 326 301 315 338 320  
  69 392 347 333 372 369 338 351 375 357  
  70 429 392 372 414 409 375 393 418 396  
  71 470 429 414 458 445 418 436 463 440  
  72 525 470 458 499 497 463 477 513 487  
  73 571 525 499 523 550 513 512 549 529  
  74 607 571 523 568 592 549 546 588 570  
  75 648 607 568 602 627 588 585 625 606  
  76 673 648 602 633 659 625 622 654 637  
  77 698 673 633 660 684 654 649 680 665  
  78 720 698 660 686 709 680 675 703 692  
  79 744 720 686 710 734 703 699 726 716  
  80 773 744 710 732 756 726 719 751 737  
  81 829 773 732 754 798 751 743 785 766  
  82 898 860 791 847 878 831 825 871 852  
  83 860 829 754 791 843 785 770 831 806  
  84 1144 1159 1138 1130 1152 1149 1133 1137 1145  
  85 834 810 783 805 823 796 794 820 808  
  86 799 805 783 775 802 794 778 788 790  
  87 1124 1144 1130 1096 1136 1137 1109 1106 1125  
  88 957 959 895 912 958 925 907 935 931  
  89 1103 1124 1096 1074 1111 1106 1083 1086 1099  
  90 1088 1103 1074 1058 1097 1086 1065 1075 1081  
  91 1080 1088 1058 1046 1085 1075 1054 1062 1067  
  92 1076 1080 1046 1036 1078 1062 1042 1055 1061  
  93 1070 1076 1036 1025 1072 1055 1030 1047 1053  
  94 967 957 912 924 961 935 919 944 939  
  95 986 967 924 949 975 944 937 965 953  
  96 1016 986 949 978 999 965 963 997 980  
  97 1045 1016 978 1024 1032 997 1001 1035 1018  
  98 1073 1045 1024 1057 1059 1035 1043 1064 1051  
  99 1105 1073 1057 1096 1087 1064 1077 1100 1082  
  100 1105 1096 1130 1138 1100 1109 1133 1123 1116  
  101 971 1025 1036 987 998 1030 1014 976 1003  
  102 932 971 987 938 951 976 960 936 954  
  103 900 932 938 903 915 936 918 901 917  
  104 874 900 903 867 888 901 882 869 886  
  105 850 874 867 836 861 869 853 842 857  
  106 832 850 836 804 840 842 824 817 833  
  107 810 832 804 787 822 817 795 797 809  
  108 746 775 783 755 759 778 768 753 765  
  109 40 52 29 25 45 41 28 31 36  
  110 52 70 49 29 61 57 39 41 50  
  111 70 101 86 49 84 92 66 57 74  
  112 101 139 128 86 120 134 104 92 115  
  113 139 177 167 128 157 172 145 134 152  
  114 712 746 755 718 729 753 736 715 733  
  115 667 712 718 674 690 715 695 671 693  
  116 619 667 674 617 641 671 645 616 643  
  117 564 619 617 557 594 616 589 559 591  
  118 177 214 205 167 196 208 187 172 189  
  119 498 564 557 488 530 559 522 491 526  
  120 214 248 242 205 231 244 223 208 226  
  121 248 283 277 242 266 280 259 244 262  
  122 283 318 310 277 302 316 294 280 298  
  123 318 352 346 310 336 349 328 316 331  
  124 352 391 384 346 371 387 362 349 367  
  125 391 439 431 384 415 433 406 387 410  
  126 439 498 488 431 465 491 457 433 460  
  127 568 523 462 516 546 493 490 540 517  
  128 602 568 516 563 585 540 538 583 566  
  129 523 499 458 462 512 477 459 493 484  
  130 633 602 563 598 622 583 580 615 601  
  131 660 633 598 624 649 615 610 642 629  
  132 686 660 624 651 675 642 635 668 657  
  133 710 686 651 676 699 668 662 694 682  
  134 732 710 676 696 719 694 685 714 702  
  135 754 732 696 717 743 714 706 735 724  
  136 791 754 717 742 770 735 731 763 749  
  137 847 791 742 781 825 763 760 815 786  
  138 895 847 781 851 870 815 819 873 846  
  139 458 414 407 462 436 411 434 459 435  
  140 414 372 364 407 393 368 386 411 389  
  141 372 333 323 364 351 327 342 368 348  
  142 333 295 284 323 315 286 303 327 307  
  143 295 255 243 284 276 247 264 286 267  
  144 255 211 204 243 235 207 224 247 227  
  145 211 173 161 204 192 168 184 207 188  
  146 173 137 133 161 155 135 147 168 151  
  147 137 107 111 133 122 108 119 135 121  
  148 107 80 93 111 94 85 100 108 97  
  149 80 60 75 93 69 64 82 85 76  
  150 60 37 58 75 48 46 63 64 56  
  151 37 19 49 58 27 30 51 46 38  
  152 75 58 89 102 63 73 95 88 79  
  153 810 787 755 783 797 769 768 796 779  
  154 787 804 767 755 795 782 762 769 776  
  155 1036 1046 1000 987 1042 1027 993 1014 1022  
  156 1046 1058 1023 1000 1054 1041 1012 1027 1034  
  157 1058 1074 1039 1023 1065 1056 1031 1041 1049  
  158 1074 1096 1057 1039 1083 1077 1050 1056 1066  
  159 938 987 1000 950 960 993 973 942 968  
  160 903 938 950 908 918 942 926 905 923  
  161 867 903 908 863 882 905 884 866 883  
  162 912 895 851 880 907 873 865 894 885  
  163 924 912 880 887 919 894 881 906 899  
  164 949 924 887 909 937 906 896 929 916  
  165 978 949 909 947 963 929 928 962 943  
  166 1024 978 947 991 1001 962 970 1009 985  
  167 1057 1024 991 1039 1043 1009 1020 1050 1033  
  168 111 93 118 133 100 103 124 119 114  
  169 516 462 437 479 490 444 456 496 469  
  170 19 10 29 49 14 20 39 30 24  
  171 29 10 13 25 20 11 17 28 18  
  172 563 516 479 524 538 496 500 544 521  
  173 58 49 86 89 51 66 87 73 68  
  174 598 563 524 561 580 544 542 579 562  
  175 624 598 561 590 610 579 574 605 596  
  176 651 624 590 608 635 605 600 630 621  
  177 676 651 608 650 662 630 628 661 646  
  178 696 676 650 658 685 661 653 678 672  
  179 717 696 658 679 706 678 669 700 689  
  180 742 717 679 704 731 700 691 722 711  
  181 781 742 704 740 760 722 721 757 738  
  182 851 781 740 835 819 757 774 841 793  
  183 718 755 767 730 736 762 747 723 741  
  184 674 718 730 683 695 723 705 677 701  
  185 617 674 683 612 645 677 652 614 647  
  186 557 617 612 551 589 614 584 552 586  
  187 488 557 551 480 522 552 515 483 519  
  188 431 488 480 424 457 483 451 427 454  
  189 384 431 424 377 406 427 400 378 404  
  190 346 384 377 345 362 378 361 343 360  
  191 310 346 345 305 328 343 324 308 325  
  192 277 310 305 271 294 308 288 273 291  
  193 242 277 271 236 259 273 253 238 256  
  194 205 242 236 201 223 238 218 202 221  
  195 167 205 201 163 187 202 181 164 182  
  196 128 167 163 131 145 164 148 129 144  
  197 86 128 131 89 104 129 110 87 105  
  198 407 364 366 397 386 363 381 403 383  
  199 364 323 319 366 342 321 340 363 341  
  200 323 284 278 319 303 281 299 321 300  
  201 284 243 237 278 264 241 258 281 260  
  202 243 204 195 237 224 200 217 241 220  
  203 161 133 118 154 147 124 136 158 141  
  204 204 161 154 195 184 158 174 200 179  
  205 1000 1023 966 950 1012 992 955 973 982  
  206 1023 1039 991 966 1031 1020 977 992 1005  
  207 991 947 921 966 970 933 941 977 952  
  208 966 921 908 950 941 910 926 955 934  
  209 804 836 807 767 824 826 784 782 800  
  210 836 867 863 807 853 866 839 826 845  
  211 947 909 879 921 928 893 897 933 911  
  212 908 921 879 863 910 897 872 884 891  
  213 835 887 880 851 858 881 865 841 862  
  214 462 407 397 437 434 403 416 444 425  
  215 397 366 412 437 381 388 420 416 398  
  216 730 767 807 752 747 784 771 739 758  
  217 730 752 740 683 739 745 713 705 725  
  218 807 863 879 835 839 872 856 821 849  
  219 879 909 887 835 893 896 858 856 875  
  220 740 704 655 683 721 681 670 713 697  
  221 704 679 631 655 691 656 640 681 666  
  222 679 658 611 631 669 634 623 656 644  
  223 658 650 608 611 653 628 609 634 632  
  224 93 75 102 118 82 88 112 103 96  
  225 479 437 412 455 456 420 432 466 442  
  226 524 479 455 495 500 466 471 507 485  
  227 561 524 495 528 542 507 511 547 527  
  228 590 561 528 556 574 547 543 573 560  
  229 608 590 556 553 600 573 554 582 577  
  230 154 118 102 146 136 112 125 150 130  
  231 195 154 146 190 174 150 169 191 171  
  232 237 195 190 230 217 191 210 234 213  
  233 278 237 230 272 258 234 252 275 254  
  234 319 278 272 314 299 275 293 317 296  
  235 366 319 314 354 340 317 334 358 337  
  236 89 131 146 102 110 138 125 95 117  
  237 131 163 170 146 148 166 156 138 153  
  238 163 201 197 170 181 199 183 166 180  
  239 146 170 197 190 156 183 194 169 175  
  240 201 236 232 197 218 233 215 199 216  
  241 190 197 232 230 194 215 229 210 212  
  242 236 271 270 232 253 268 251 233 250  
  243 230 232 270 272 229 251 269 252 249  
  244 271 305 311 270 288 306 292 268 287  
  245 272 270 311 314 269 292 312 293 290  
  246 612 683 655 599 652 670 626 604 636  
  247 551 612 599 539 584 604 572 545 576  
  248 480 551 539 474 515 545 505 476 510  
  249 424 480 474 422 451 476 446 423 447  
  250 377 424 422 385 400 423 402 382 399  
  251 345 377 385 356 361 382 370 350 365  
  252 305 345 356 311 324 350 335 306 330  
  253 314 311 356 354 312 335 353 334 332  
  254 611 608 553 541 609 582 548 578 581  
  255 412 366 354 405 388 358 374 408 379  
  256 553 556 528 506 554 543 518 531 535  
  257 356 385 422 421 370 402 419 390 394  
  258 455 412 405 450 432 408 428 452 430  
  259 495 455 450 481 471 452 464 489 467  
  260 528 495 481 506 511 489 494 518 502  
  261 354 356 421 405 353 390 413 374 380  
  262 422 474 486 421 446 482 453 419 449  
  263 474 539 533 486 505 536 509 482 508  
  264 533 575 541 486 555 558 514 509 534  
  265 533 539 599 575 536 572 587 555 565  
  266 575 599 655 631 587 626 640 603 613  
  267 421 486 541 472 453 514 504 443 478  
  268 541 553 506 472 548 531 492 504 520  
  269 506 481 450 472 494 464 461 492 475  
  270 421 472 450 405 443 461 428 413 438  
  271 835 740 752 807 774 745 771 821 772  
  272 575 631 611 541 603 623 578 558 593  
  END_ELEMENTS  
  COORDINATES  
   1   4.935400e+00  4.719600e+00   
   2   4.782700e+00  4.623975e+00   
   3   5.139900e+00  4.673300e+00   
   4   4.911240e+00  4.500814e+00   
   5   4.784657e+00  4.460799e+00   
   6   5.087618e+00  4.446608e+00   
   7   4.630000e+00  4.528350e+00   
   8   4.658075e+00  4.420784e+00   
   9   5.344400e+00  4.627000e+00   
   10   4.887079e+00  4.282028e+00   
   11   4.786615e+00  4.297623e+00   
   12   5.263996e+00  4.392401e+00   
   13   4.686151e+00  4.313217e+00   
   14   5.035335e+00  4.219915e+00   
   15   4.477300e+00  4.432725e+00   
   16   4.545531e+00  4.326985e+00   
   17   4.613762e+00  4.221245e+00   
   18   4.705304e+00  4.167927e+00   
   19   5.183591e+00  4.157802e+00   
   20   4.796847e+00  4.114609e+00   
   21   5.548900e+00  4.580700e+00   
   22   5.458507e+00  4.346049e+00   
   23   4.432986e+00  4.233186e+00   
   24   4.931884e+00  4.011052e+00   
   25   4.541372e+00  4.129273e+00   
   26   4.324600e+00  4.337100e+00   
   27   5.368114e+00  4.111397e+00   
   28   4.623993e+00  4.038231e+00   
   29   4.706614e+00  3.947189e+00   
   30   5.066921e+00  3.907495e+00   
   31   4.473032e+00  4.033085e+00   
   32   5.653018e+00  4.299696e+00   
   33   5.753400e+00  4.534400e+00   
   34   4.373904e+00  4.091105e+00   
   35   4.274775e+00  4.149125e+00   
   36   4.522357e+00  3.933720e+00   
   37   5.552636e+00  4.064992e+00   
   38   5.271315e+00  3.872681e+00   
   39   4.828432e+00  3.802189e+00   
   40   4.404692e+00  3.936897e+00   
   41   4.571681e+00  3.834355e+00   
   42   4.314821e+00  3.949024e+00   
   43   5.886567e+00  4.432933e+00   
   44   5.798650e+00  4.218442e+00   
   45   4.420720e+00  3.829209e+00   
   46   5.475709e+00  3.837867e+00   
   47   4.224950e+00  3.961150e+00   
   48   5.710734e+00  4.003951e+00   
   49   4.950250e+00  3.657188e+00   
   50   4.650999e+00  3.685673e+00   
   51   5.174516e+00  3.633965e+00   
   52   4.436747e+00  3.721520e+00   
   53   4.297922e+00  3.801192e+00   
   54   6.019733e+00  4.331467e+00   
   55   5.944283e+00  4.137188e+00   
   56   5.644999e+00  3.793777e+00   
   57   4.730317e+00  3.536991e+00   
   58   5.398781e+00  3.610742e+00   
   59   4.175125e+00  3.773175e+00   
   60   5.868832e+00  3.942910e+00   
   61   4.473565e+00  3.569157e+00   
   62   4.281024e+00  3.653360e+00   
   63   5.579264e+00  3.583603e+00   
   64   5.814290e+00  3.749687e+00   
   65   6.152900e+00  4.230000e+00   
   66   4.935691e+00  3.401322e+00   
   67   6.079461e+00  4.055407e+00   
   68   5.150664e+00  3.394427e+00   
   69   6.006022e+00  3.880814e+00   
   70   4.510383e+00  3.416795e+00   
   71   4.297766e+00  3.492737e+00   
   72   4.125300e+00  3.585200e+00   
   73   5.365637e+00  3.387532e+00   
   74   4.722943e+00  3.313666e+00   
   75   5.759747e+00  3.556464e+00   
   76   5.956688e+00  3.708214e+00   
   77   6.286067e+00  4.128533e+00   
   78   6.214640e+00  3.973626e+00   
   79   5.553609e+00  3.369646e+00   
   80   6.143213e+00  3.818718e+00   
   81   4.314508e+00  3.332114e+00   
   82   5.907354e+00  3.535613e+00   
   83   4.121967e+00  3.416317e+00   
   84   4.510194e+00  3.226010e+00   
   85   6.099087e+00  3.666740e+00   
   86   4.921133e+00  3.145456e+00   
   87   5.126813e+00  3.154890e+00   
   88   5.741581e+00  3.351760e+00   
   89   5.332492e+00  3.164323e+00   
   90   6.342041e+00  3.885981e+00   
   91   6.419233e+00  4.027067e+00   
   92   4.715569e+00  3.090341e+00   
   93   6.054961e+00  3.514763e+00   
   94   6.264848e+00  3.744896e+00   
   95   5.527953e+00  3.155690e+00   
   96   5.903607e+00  3.352770e+00   
   97   6.212338e+00  3.622841e+00   
   98   4.118633e+00  3.247433e+00   
   99   4.312747e+00  3.152280e+00   
   100   6.159828e+00  3.500787e+00   
   101   4.510005e+00  3.035225e+00   
   102   5.723414e+00  3.147057e+00   
   103   6.065633e+00  3.353779e+00   
   104   4.907434e+00  2.933227e+00   
   105   5.110304e+00  2.940774e+00   
   106   6.469442e+00  3.798337e+00   
   107   6.386484e+00  3.671074e+00   
   108   6.325589e+00  3.578942e+00   
   109   6.552400e+00  3.925600e+00   
   110   5.313173e+00  2.948320e+00   
   111   6.264694e+00  3.486811e+00   
   112   5.899859e+00  3.169926e+00   
   113   4.115300e+00  3.078550e+00   
   114   6.189334e+00  3.367956e+00   
   115   4.705496e+00  2.889876e+00   
   116   4.310986e+00  2.972446e+00   
   117   5.520121e+00  2.931890e+00   
   118   6.076304e+00  3.192796e+00   
   119   6.313035e+00  3.382132e+00   
   120   4.503557e+00  2.846525e+00   
   121   6.402335e+00  3.472217e+00   
   122   6.491636e+00  3.562303e+00   
   123   6.592776e+00  3.681785e+00   
   124   6.218840e+00  3.235125e+00   
   125   5.727068e+00  2.915459e+00   
   126   6.693917e+00  3.801267e+00   
   127   4.111967e+00  2.909667e+00   
   128   4.893736e+00  2.720998e+00   
   129   5.093795e+00  2.726657e+00   
   130   5.923977e+00  2.963906e+00   
   131   5.293855e+00  2.732317e+00   
   132   4.306095e+00  2.793654e+00   
   133   6.361375e+00  3.277454e+00   
   134   4.695422e+00  2.689412e+00   
   135   6.479082e+00  3.365492e+00   
   136   6.120885e+00  3.012353e+00   
   137   6.596788e+00  3.453531e+00   
   138   5.512289e+00  2.708089e+00   
   139   4.497109e+00  2.657826e+00   
   140   6.716111e+00  3.565232e+00   
   141   6.279885e+00  3.072304e+00   
   142   4.108633e+00  2.740783e+00   
   143   6.835433e+00  3.676933e+00   
   144   5.071962e+00  2.545589e+00   
   145   4.880903e+00  2.534773e+00   
   146   5.730722e+00  2.683861e+00   
   147   6.438885e+00  3.132254e+00   
   148   5.263020e+00  2.556404e+00   
   149   4.301204e+00  2.614863e+00   
   150   5.948095e+00  2.757886e+00   
   151   6.573835e+00  3.226500e+00   
   152   4.686213e+00  2.506048e+00   
   153   5.444886e+00  2.548673e+00   
   154   6.165467e+00  2.831910e+00   
   155   6.708785e+00  3.320746e+00   
   156   5.626753e+00  2.540942e+00   
   157   4.491523e+00  2.477322e+00   
   158   6.340931e+00  2.909482e+00   
   159   6.842867e+00  3.436673e+00   
   160   4.105300e+00  2.571900e+00   
   161   6.516395e+00  2.987054e+00   
   162   6.976950e+00  3.552600e+00   
   163   5.232186e+00  2.380491e+00   
   164   5.050128e+00  2.364520e+00   
   165   4.298412e+00  2.440003e+00   
   166   5.377484e+00  2.389257e+00   
   167   4.868070e+00  2.348549e+00   
   168   6.668588e+00  3.087508e+00   
   169   5.835886e+00  2.502758e+00   
   170   5.522783e+00  2.398023e+00   
   171   6.042931e+00  2.580978e+00   
   172   4.677004e+00  2.322684e+00   
   173   6.820781e+00  3.187961e+00   
   174   6.249977e+00  2.659197e+00   
   175   5.698889e+00  2.388082e+00   
   176   4.105300e+00  2.402683e+00   
   177   4.485938e+00  2.296819e+00   
   178   6.969624e+00  3.308114e+00   
   179   6.431231e+00  2.744158e+00   
   180   5.400101e+00  2.247105e+00   
   181   5.238309e+00  2.220804e+00   
   182   5.053237e+00  2.198829e+00   
   183   5.561892e+00  2.273405e+00   
   184   6.612486e+00  2.829119e+00   
   185   7.118467e+00  3.428267e+00   
   186   4.295619e+00  2.265143e+00   
   187   4.868165e+00  2.176854e+00   
   188   6.774662e+00  2.936821e+00   
   189   4.676573e+00  2.149964e+00   
   190   5.941049e+00  2.321655e+00   
   191   6.137768e+00  2.404070e+00   
   192   6.936838e+00  3.044524e+00   
   193   4.105300e+00  2.233467e+00   
   194   5.771025e+00  2.235221e+00   
   195   6.334487e+00  2.486484e+00   
   196   4.484982e+00  2.123074e+00   
   197   5.601002e+00  2.148787e+00   
   198   7.098411e+00  3.174228e+00   
   199   5.422717e+00  2.104952e+00   
   200   6.521532e+00  2.578834e+00   
   201   5.244432e+00  2.061117e+00   
   202   5.056346e+00  2.033138e+00   
   203   4.295141e+00  2.093662e+00   
   204   6.708576e+00  2.671183e+00   
   205   4.868259e+00  2.005159e+00   
   206   7.259984e+00  3.303933e+00   
   207   6.880735e+00  2.786135e+00   
   208   4.676143e+00  1.977244e+00   
   209   4.105300e+00  2.064250e+00   
   210   6.015316e+00  2.149103e+00   
   211   7.052895e+00  2.901086e+00   
   212   5.829491e+00  2.070332e+00   
   213   6.216801e+00  2.232207e+00   
   214   4.484026e+00  1.949329e+00   
   215   5.643666e+00  1.991561e+00   
   216   5.453653e+00  1.944611e+00   
   217   6.418286e+00  2.315310e+00   
   218   5.263641e+00  1.897660e+00   
   219   7.227197e+00  3.040343e+00   
   220   6.611600e+00  2.410161e+00   
   221   5.068012e+00  1.865530e+00   
   222   4.294663e+00  1.922181e+00   
   223   4.872384e+00  1.833399e+00   
   224   6.804914e+00  2.505012e+00   
   225   7.401500e+00  3.179600e+00   
   226   4.677822e+00  1.805196e+00   
   227   6.985861e+00  2.619178e+00   
   228   4.105300e+00  1.895033e+00   
   229   5.887956e+00  1.905443e+00   
   230   6.089582e+00  1.976550e+00   
   231   4.483260e+00  1.776993e+00   
   232   5.686329e+00  1.834335e+00   
   233   5.484589e+00  1.784270e+00   
   234   6.295833e+00  2.060343e+00   
   235   7.166808e+00  2.733343e+00   
   236   5.282849e+00  1.734204e+00   
   237   6.502084e+00  2.144136e+00   
   238   5.079678e+00  1.697921e+00   
   239   4.294280e+00  1.751405e+00   
   240   7.347241e+00  2.867109e+00   
   241   6.701667e+00  2.241489e+00   
   242   4.876508e+00  1.661639e+00   
   243   6.901251e+00  2.338841e+00   
   244   4.679501e+00  1.633148e+00   
   245   4.105300e+00  1.725817e+00   
   246   7.527675e+00  3.000875e+00   
   247   7.090986e+00  2.452220e+00   
   248   4.482494e+00  1.604656e+00   
   249   5.943574e+00  1.725771e+00   
   250   5.515705e+00  1.608597e+00   
   251   5.729107e+00  1.656067e+00   
   252   6.158041e+00  1.795475e+00   
   253   5.302304e+00  1.561127e+00   
   254   6.373195e+00  1.879705e+00   
   255   7.280721e+00  2.565600e+00   
   256   5.094089e+00  1.526116e+00   
   257   4.293897e+00  1.580628e+00   
   258   6.588349e+00  1.963935e+00   
   259   4.885875e+00  1.491104e+00   
   260   6.794461e+00  2.063111e+00   
   261   7.467285e+00  2.693875e+00   
   262   4.686005e+00  1.462938e+00   
   263   4.105300e+00  1.556600e+00   
   264   7.000573e+00  2.162288e+00   
   265   7.653850e+00  2.822150e+00   
   266   4.486135e+00  1.434772e+00   
   267   7.194261e+00  2.276473e+00   
   268   5.546821e+00  1.432925e+00   
   269   5.999192e+00  1.546100e+00   
   270   5.771884e+00  1.477799e+00   
   271   5.321758e+00  1.388050e+00   
   272   6.226499e+00  1.614400e+00   
   273   5.108500e+00  1.354310e+00   
   274   4.295718e+00  1.410986e+00   
   275   6.450556e+00  1.699067e+00   
   276   7.387949e+00  2.390659e+00   
   277   4.895242e+00  1.320569e+00   
   278   6.674614e+00  1.783734e+00   
   279   4.105300e+00  1.387200e+00   
   280   4.692510e+00  1.292729e+00   
   281   6.887254e+00  1.884734e+00   
   282   7.583987e+00  2.517042e+00   
   283   4.489777e+00  1.264889e+00   
   284   7.099895e+00  1.985734e+00   
   285   7.780025e+00  2.643425e+00   
   286   7.297536e+00  2.100726e+00   
   287   5.571345e+00  1.244375e+00   
   288   5.335859e+00  1.207717e+00   
   289   4.297539e+00  1.241344e+00   
   290   6.047565e+00  1.351636e+00   
   291   5.119468e+00  1.177355e+00   
   292   5.806830e+00  1.281033e+00   
   293   6.288299e+00  1.422238e+00   
   294   4.903078e+00  1.146994e+00   
   295   7.495178e+00  2.215718e+00   
   296   6.524664e+00  1.507924e+00   
   297   4.105300e+00  1.217800e+00   
   298   4.698147e+00  1.120833e+00   
   299   6.761029e+00  1.593609e+00   
   300   6.977297e+00  1.699929e+00   
   301   7.700689e+00  2.340209e+00   
   302   4.493216e+00  1.094673e+00   
   303   7.193564e+00  1.806249e+00   
   304   4.299258e+00  1.071536e+00   
   305   5.349960e+00  1.027384e+00   
   306   5.595868e+00  1.055826e+00   
   307   7.391689e+00  1.920203e+00   
   308   5.130437e+00  1.000401e+00   
   309   7.906200e+00  2.464700e+00   
   310   4.910913e+00  9.734178e-01   
   311   5.841777e+00  1.084267e+00   
   312   6.095938e+00  1.157172e+00   
   313   4.105300e+00  1.048400e+00   
   314   6.350099e+00  1.230076e+00   
   315   7.589814e+00  2.034157e+00   
   316   4.703784e+00  9.489374e-01   
   317   6.598772e+00  1.316781e+00   
   318   4.496654e+00  9.244570e-01   
   319   6.847445e+00  1.403485e+00   
   320   7.793445e+00  2.151929e+00   
   321   7.067339e+00  1.515124e+00   
   322   4.300977e+00  9.017285e-01   
   323   7.287234e+00  1.626764e+00   
   324   5.349679e+00  8.363538e-01   
   325   5.128017e+00  8.168464e-01   
   326   7.997075e+00  2.269700e+00   
   327   7.485842e+00  1.739680e+00   
   328   4.906355e+00  7.973390e-01   
   329   4.105300e+00  8.790000e-01   
   330   5.605782e+00  8.411747e-01   
   331   4.700167e+00  7.749239e-01   
   332   6.136625e+00  9.340360e-01   
   333   7.684451e+00  1.852596e+00   
   334   6.411365e+00  1.022076e+00   
   335   5.861885e+00  8.459957e-01   
   336   4.493980e+00  7.525088e-01   
   337   6.679964e+00  1.107452e+00   
   338   7.886201e+00  1.963648e+00   
   339   4.299640e+00  7.310544e-01   
   340   6.948563e+00  1.192828e+00   
   341   7.164318e+00  1.321153e+00   
   342   7.380072e+00  1.449478e+00   
   343   5.125598e+00  6.332916e-01   
   344   4.105300e+00  7.096000e-01   
   345   5.349399e+00  6.453231e-01   
   346   4.901797e+00  6.212602e-01   
   347   8.087950e+00  2.074700e+00   
   348   7.575475e+00  1.562314e+00   
   349   4.696551e+00  6.009104e-01   
   350   5.615696e+00  6.265236e-01   
   351   7.770879e+00  1.675150e+00   
   352   4.491305e+00  5.805606e-01   
   353   6.177312e+00  7.109001e-01   
   354   6.472631e+00  8.140762e-01   
   355   4.298303e+00  5.603803e-01   
   356   5.881993e+00  6.077240e-01   
   357   7.974852e+00  1.777425e+00   
   358   6.761156e+00  8.981237e-01   
   359   4.105300e+00  5.402000e-01   
   360   5.100700e+00  4.612355e-01   
   361   5.311849e+00  4.746062e-01   
   362   4.889551e+00  4.478648e-01   
   363   7.261296e+00  1.127182e+00   
   364   7.472910e+00  1.272193e+00   
   365   5.527300e+00  4.695914e-01   
   366   7.049682e+00  9.821713e-01   
   367   4.689356e+00  4.282262e-01   
   368   7.665108e+00  1.384948e+00   
   369   8.178825e+00  1.879700e+00   
   370   5.742750e+00  4.645767e-01   
   371   4.489160e+00  4.085876e-01   
   372   7.857307e+00  1.497704e+00   
   373   4.297230e+00  3.897021e-01   
   374   6.537212e+00  6.162810e-01   
   375   8.063503e+00  1.591202e+00   
   376   4.105300e+00  3.708167e-01   
   377   5.274298e+00  3.038892e-01   
   378   5.075802e+00  2.891793e-01   
   379   6.788371e+00  6.927511e-01   
   380   6.273394e+00  4.919959e-01   
   381   7.209105e+00  9.117731e-01   
   382   5.438903e+00  3.126593e-01   
   383   7.387645e+00  1.018623e+00   
   384   4.877305e+00  2.744694e-01   
   385   5.603508e+00  3.214293e-01   
   386   7.566184e+00  1.125473e+00   
   387   4.682160e+00  2.555420e-01   
   388   7.039531e+00  7.692212e-01   
   389   7.741408e+00  1.228479e+00   
   390   6.009576e+00  3.677109e-01   
   391   4.487015e+00  2.366145e-01   
   392   8.269700e+00  1.684700e+00   
   393   7.916631e+00  1.331486e+00   
   394   5.821930e+00  2.715676e-01   
   395   4.296157e+00  2.190239e-01   
   396   8.103507e+00  1.420651e+00   
   397   7.368529e+00  8.413748e-01   
   398   7.211009e+00  7.357541e-01   
   399   5.452463e+00  1.572681e-01   
   400   5.270640e+00  1.391120e-01   
   401   4.105300e+00  2.014333e-01   
   402   5.634285e+00  1.754243e-01   
   403   7.513993e+00  9.100643e-01   
   404   5.073028e+00  1.200003e-01   
   405   6.601793e+00  4.184858e-01   
   406   4.875416e+00  1.008886e-01   
   407   7.659458e+00  9.787539e-01   
   408   6.815587e+00  4.873784e-01   
   409   8.290383e+00  1.509817e+00   
   410   4.680478e+00  8.190914e-02   
   411   7.817707e+00  1.072010e+00   
   412   7.029381e+00  5.562711e-01   
   413   6.369475e+00  2.730918e-01   
   414   7.975955e+00  1.165267e+00   
   415   4.485540e+00  6.292969e-02   
   416   7.382487e+00  7.022871e-01   
   417   4.295420e+00  4.748985e-02   
   418   8.143511e+00  1.250100e+00   
   419   5.901110e+00  7.855847e-02   
   420   7.212913e+00  5.597352e-01   
   421   6.137158e+00  1.276978e-01   
   422   5.665063e+00  2.941918e-02   
   423   5.466022e+00  1.877012e-03   
   424   5.266982e+00 -2.566516e-02   
   425   7.552510e+00  7.452234e-01   
   426   4.105300e+00  3.205000e-02   
   427   5.070255e+00 -4.917870e-02   
   428   6.681919e+00  2.761037e-01   
   429   8.311067e+00  1.334933e+00   
   430   6.862562e+00  3.352250e-01   
   431   4.873528e+00 -7.269224e-02   
   432   7.043205e+00  3.943463e-01   
   433   4.678796e+00 -9.172369e-02   
   434   7.722533e+00  7.881597e-01   
   435   7.874253e+00  8.978158e-01   
   436   8.025973e+00  1.007472e+00   
   437   7.396446e+00  5.631993e-01   
   438   6.504018e+00  1.399567e-01   
   439   4.484065e+00 -1.107551e-01   
   440   8.178862e+00  1.083761e+00   
   441   4.294682e+00 -1.240442e-01   
   442   7.213075e+00  3.959123e-01   
   443   6.326118e+00  3.809801e-03   
   444   7.591028e+00  5.803825e-01   
   445   8.331750e+00  1.160050e+00   
   446   5.657155e+00 -1.487230e-01   
   447   5.461791e+00 -1.774109e-01   
   448   4.105300e+00 -1.373333e-01   
   449   5.867799e+00 -1.221130e-01   
   450   6.762045e+00  1.337216e-01   
   451   5.266427e+00 -2.060988e-01   
   452   6.909537e+00  1.830715e-01   
   453   6.078443e+00 -9.550292e-02   
   454   5.069808e+00 -2.300068e-01   
   455   7.057029e+00  2.324215e-01   
   456   7.382946e+00  3.974783e-01   
   457   4.873189e+00 -2.539148e-01   
   458   8.075991e+00  8.496768e-01   
   459   7.930800e+00  7.236212e-01   
   460   4.678556e+00 -2.713740e-01   
   461   6.638561e+00  6.821699e-03   
   462   7.785609e+00  5.975656e-01   
   463   8.214212e+00  9.174217e-01   
   464   6.817096e+00  5.806852e-02   
   465   4.483924e+00 -2.888333e-01   
   466   7.213237e+00  2.320894e-01   
   467   6.938974e+00  8.263827e-02   
   468   4.294612e+00 -2.977750e-01   
   469   7.562386e+00  3.954062e-01   
   470   8.352433e+00  9.851667e-01   
   471   7.060852e+00  1.072080e-01   
   472   6.515078e+00 -1.200782e-01   
   473   4.105300e+00 -3.067167e-01   
   474   5.649247e+00 -3.268651e-01   
   475   6.734630e+00 -5.356794e-02   
   476   5.457559e+00 -3.566988e-01   
   477   8.130647e+00  7.386887e-01   
   478   6.260955e+00 -2.106213e-01   
   479   7.369445e+00  2.317573e-01   
   480   5.265872e+00 -3.865324e-01   
   481   6.872147e+00 -1.758452e-02   
   482   5.834487e+00 -3.227844e-01   
   483   5.069361e+00 -4.108348e-01   
   484   8.033256e+00  6.182419e-01   
   485   7.202948e+00  9.437995e-02   
   486   6.019728e+00 -3.187036e-01   
   487   8.251882e+00  7.744860e-01   
   488   4.872850e+00 -4.351373e-01   
   489   6.968411e+00 -1.779500e-02   
   490   7.741826e+00  3.933341e-01   
   491   4.678317e+00 -4.510244e-01   
   492   6.652164e+00 -1.652044e-01   
   493   7.935864e+00  4.977952e-01   
   494   6.830698e+00 -1.139576e-01   
   495   7.064676e+00 -1.800549e-02   
   496   7.533744e+00  2.104299e-01   
   497   8.373116e+00  8.102833e-01   
   498   4.483783e+00 -4.669114e-01   
   499   8.185303e+00  6.277005e-01   
   500   7.345045e+00  8.155189e-02   
   501   4.294542e+00 -4.715057e-01   
   502   6.934543e+00 -1.213651e-01   
   503   4.105300e+00 -4.761000e-01   
   504   6.443468e+00 -3.257397e-01   
   505   5.642630e+00 -4.993701e-01   
   506   6.789250e+00 -2.103307e-01   
   507   7.192660e+00 -4.332948e-02   
   508   5.801135e+00 -4.800983e-01   
   509   5.959639e+00 -4.608266e-01   
   510   5.456135e+00 -5.375563e-01   
   511   7.038387e+00 -1.287726e-01   
   512   8.135711e+00  5.128626e-01   
   513   8.289552e+00  6.315503e-01   
   514   6.195793e+00 -4.250524e-01   
   515   5.269640e+00 -5.757425e-01   
   516   7.698043e+00  1.891025e-01   
   517   7.895890e+00  3.118531e-01   
   518   6.900674e+00 -2.249352e-01   
   519   5.071835e+00 -5.997526e-01   
   520   6.607933e+00 -3.368930e-01   
   521   7.501714e+00  4.974392e-02   
   522   4.874030e+00 -6.237628e-01   
   523   8.086119e+00  3.980247e-01   
   524   7.320644e+00 -6.865348e-02   
   525   8.393800e+00  6.354000e-01   
   526   4.678311e+00 -6.358112e-01   
   527   7.159301e+00 -1.654584e-01   
   528   7.012098e+00 -2.395397e-01   
   529   8.257414e+00  4.861813e-01   
   530   4.482592e+00 -6.478597e-01   
   531   6.772397e+00 -3.480462e-01   
   532   4.293946e+00 -6.465882e-01   
   533   5.899550e+00 -6.029497e-01   
   534   6.083512e+00 -5.678312e-01   
   535   6.879748e+00 -3.406481e-01   
   536   5.767782e+00 -6.374123e-01   
   537   4.105300e+00 -6.453167e-01   
   538   7.658383e+00  1.793595e-02   
   539   5.636013e+00 -6.718750e-01   
   540   7.855915e+00  1.259110e-01   
   541   6.371859e+00 -5.314013e-01   
   542   7.280216e+00 -2.021442e-01   
   543   6.987099e+00 -3.332500e-01   
   544   7.469683e+00 -1.109420e-01   
   545   5.454711e+00 -7.184138e-01   
   546   8.049953e+00  2.303721e-01   
   547   7.125942e+00 -2.875873e-01   
   548   6.563701e+00 -5.085815e-01   
   549   8.225276e+00  3.408124e-01   
   550   8.379117e+00  4.595000e-01   
   551   5.273408e+00 -7.649526e-01   
   552   5.074310e+00 -7.886704e-01   
   553   6.755544e+00 -4.857618e-01   
   554   6.858822e+00 -4.563610e-01   
   555   5.971231e+00 -7.106101e-01   
   556   6.962101e+00 -4.269602e-01   
   557   4.875211e+00 -8.123882e-01   
   558   6.207385e+00 -6.748359e-01   
   559   4.678305e+00 -8.205981e-01   
   560   7.083487e+00 -3.949762e-01   
   561   7.239787e+00 -3.356349e-01   
   562   7.423959e+00 -2.536541e-01   
   563   7.618723e+00 -1.532306e-01   
   564   4.481400e+00 -8.288080e-01   
   565   5.819936e+00 -7.774443e-01   
   566   7.817518e+00 -4.442056e-02   
   567   4.293350e+00 -8.216707e-01   
   568   8.013787e+00  6.271952e-02   
   569   4.105300e+00 -8.145333e-01   
   570   8.199851e+00  1.690361e-01   
   571   8.364433e+00  2.836000e-01   
   572   5.668642e+00 -8.442785e-01   
   573   7.041031e+00 -5.023651e-01   
   574   7.179874e+00 -4.567025e-01   
   575   6.042911e+00 -8.182705e-01   
   576   5.476033e+00 -9.071476e-01   
   577   6.933497e+00 -5.773092e-01   
   578   6.449575e+00 -7.388183e-01   
   579   7.378236e+00 -3.963663e-01   
   580   7.567703e+00 -3.051641e-01   
   581   6.637769e+00 -6.955358e-01   
   582   6.825963e+00 -6.522533e-01   
   583   7.779121e+00 -2.147521e-01   
   584   5.283423e+00 -9.700167e-01   
   585   7.976653e+00 -1.067771e-01   
   586   5.078129e+00 -9.893824e-01   
   587   5.872091e+00 -9.174763e-01   
   588   8.174427e+00 -2.740234e-03   
   589   4.872835e+00 -1.008748e+00   
   590   7.119960e+00 -5.777700e-01   
   591   4.675704e+00 -1.008722e+00   
   592   8.349750e+00  1.077000e-01   
   593   6.281428e+00 -8.660358e-01   
   594   4.478572e+00 -1.008696e+00   
   595   4.291936e+00 -9.962230e-01   
   596   7.315816e+00 -5.268514e-01   
   597   4.105300e+00 -9.837500e-01   
   598   7.516684e+00 -4.570976e-01   
   599   5.701270e+00 -1.016682e+00   
   600   7.008172e+00 -6.982574e-01   
   601   7.726551e+00 -3.683799e-01   
   602   7.939519e+00 -2.762737e-01   
   603   6.113280e+00 -9.932533e-01   
   604   5.497354e+00 -1.095881e+00   
   605   7.253396e+00 -6.573365e-01   
   606   8.148518e+00 -1.754385e-01   
   607   8.335067e+00 -6.819999e-02   
   608   6.896383e+00 -8.187447e-01   
   609   6.711837e+00 -8.824900e-01   
   610   7.451757e+00 -5.970003e-01   
   611   6.527292e+00 -9.462353e-01   
   612   5.293438e+00 -1.175081e+00   
   613   5.933423e+00 -1.105438e+00   
   614   5.081949e+00 -1.190094e+00   
   615   7.673981e+00 -5.220076e-01   
   616   4.673102e+00 -1.196846e+00   
   617   4.870460e+00 -1.205108e+00   
   618   4.290522e+00 -1.170775e+00   
   619   4.475745e+00 -1.188584e+00   
   620   4.105300e+00 -1.152967e+00   
   621   7.156947e+00 -7.833930e-01   
   622   7.885398e+00 -4.315956e-01   
   623   6.355470e+00 -1.057236e+00   
   624   7.386831e+00 -7.369030e-01   
   625   8.122610e+00 -3.481368e-01   
   626   5.753566e+00 -1.217623e+00   
   627   8.320384e+00 -2.441000e-01   
   628   6.885355e+00 -9.678422e-01   
   629   7.608292e+00 -6.673710e-01   
   630   7.060498e+00 -9.094496e-01   
   631   6.183649e+00 -1.168236e+00   
   632   6.738820e+00 -1.037120e+00   
   633   7.831278e+00 -5.869176e-01   
   634   6.592284e+00 -1.106397e+00   
   635   7.305721e+00 -8.685287e-01   
   636   5.529238e+00 -1.325863e+00   
   637   8.061758e+00 -5.022311e-01   
   638   4.105300e+00 -1.322183e+00   
   639   4.284083e+00 -1.347807e+00   
   640   5.994755e+00 -1.293400e+00   
   641   4.462866e+00 -1.373430e+00   
   642   7.542603e+00 -8.127343e-01   
   643   4.657318e+00 -1.392395e+00   
   644   6.434966e+00 -1.220127e+00   
   645   4.851770e+00 -1.411361e+00   
   646   7.019141e+00 -1.051596e+00   
   647   5.078340e+00 -1.422732e+00   
   648   8.305700e+00 -4.200000e-01   
   649   7.764826e+00 -7.377416e-01   
   650   6.874327e+00 -1.116940e+00   
   651   7.224612e+00 -1.000154e+00   
   652   5.304909e+00 -1.434104e+00   
   653   6.765802e+00 -1.191749e+00   
   654   8.000906e+00 -6.563255e-01   
   655   5.805861e+00 -1.418564e+00   
   656   6.277648e+00 -1.333857e+00   
   657   7.464342e+00 -9.491017e-01   
   658   6.657277e+00 -1.266559e+00   
   659   8.238117e+00 -5.728667e-01   
   660   7.698375e+00 -8.885656e-01   
   661   6.977785e+00 -1.193743e+00   
   662   7.152928e+00 -1.135350e+00   
   663   4.105300e+00 -1.491400e+00   
   664   4.277644e+00 -1.524838e+00   
   665   7.933888e+00 -8.081708e-01   
   666   6.098846e+00 -1.467358e+00   
   667   4.449988e+00 -1.558276e+00   
   668   7.386082e+00 -1.085469e+00   
   669   6.514462e+00 -1.383018e+00   
   670   5.561121e+00 -1.555846e+00   
   671   4.641534e+00 -1.587945e+00   
   672   6.870451e+00 -1.291808e+00   
   673   8.170533e+00 -7.257333e-01   
   674   4.833080e+00 -1.617614e+00   
   675   7.622963e+00 -1.029675e+00   
   676   7.081244e+00 -1.270546e+00   
   677   5.074730e+00 -1.655371e+00   
   678   6.763116e+00 -1.389872e+00   
   679   6.371648e+00 -1.499477e+00   
   680   7.866871e+00 -9.600162e-01   
   681   5.920045e+00 -1.600859e+00   
   682   7.305108e+00 -1.224675e+00   
   683   5.316380e+00 -1.693127e+00   
   684   8.102950e+00 -8.786000e-01   
   685   6.975100e+00 -1.391866e+00   
   686   7.547552e+00 -1.170784e+00   
   687   4.105300e+00 -1.670740e+00   
   688   4.264495e+00 -1.702213e+00   
   689   6.628643e+00 -1.513647e+00   
   690   4.423689e+00 -1.733685e+00   
   691   6.202938e+00 -1.641316e+00   
   692   7.795373e+00 -1.107004e+00   
   693   4.595641e+00 -1.768467e+00   
   694   7.224133e+00 -1.363881e+00   
   695   4.767593e+00 -1.803250e+00   
   696   6.868956e+00 -1.513186e+00   
   697   5.696711e+00 -1.762249e+00   
   698   8.035367e+00 -1.031467e+00   
   699   7.457287e+00 -1.314000e+00   
   700   6.494170e+00 -1.637421e+00   
   701   4.968718e+00 -1.847311e+00   
   702   7.117967e+00 -1.494380e+00   
   703   7.723876e+00 -1.253992e+00   
   704   6.034228e+00 -1.783155e+00   
   705   5.169842e+00 -1.891372e+00   
   706   6.742824e+00 -1.644276e+00   
   707   4.105300e+00 -1.850081e+00   
   708   4.251345e+00 -1.879587e+00   
   709   7.967783e+00 -1.184333e+00   
   710   7.367022e+00 -1.457216e+00   
   711   6.337899e+00 -1.779607e+00   
   712   4.397391e+00 -1.909094e+00   
   713   5.473376e+00 -1.923639e+00   
   714   7.011801e+00 -1.624879e+00   
   715   4.549749e+00 -1.948990e+00   
   716   7.627260e+00 -1.402033e+00   
   717   6.616692e+00 -1.775366e+00   
   718   4.702107e+00 -1.988886e+00   
   719   7.260834e+00 -1.596894e+00   
   720   7.900200e+00 -1.337200e+00   
   721   5.832300e+00 -1.968652e+00   
   722   6.181628e+00 -1.921792e+00   
   723   4.862706e+00 -2.039251e+00   
   724   6.890101e+00 -1.760541e+00   
   725   5.304458e+00 -2.050845e+00   
   726   7.530644e+00 -1.550074e+00   
   727   4.235810e+00 -2.044122e+00   
   728   4.105300e+00 -2.029421e+00   
   729   4.366321e+00 -2.058823e+00   
   730   5.023305e+00 -2.089617e+00   
   731   6.472860e+00 -1.917897e+00   
   732   7.154646e+00 -1.736572e+00   
   733   4.500106e+00 -2.102966e+00   
   734   7.797233e+00 -1.490067e+00   
   735   6.768400e+00 -1.896203e+00   
   736   4.633890e+00 -2.147110e+00   
   737   7.426067e+00 -1.696347e+00   
   738   6.009346e+00 -2.093628e+00   
   739   5.135539e+00 -2.178051e+00   
   740   5.630373e+00 -2.154150e+00   
   741   4.781513e+00 -2.191711e+00   
   742   6.329029e+00 -2.060429e+00   
   743   7.037378e+00 -1.876806e+00   
   744   7.694267e+00 -1.642933e+00   
   745   5.439073e+00 -2.210318e+00   
   746   4.335250e+00 -2.208552e+00   
   747   4.929135e+00 -2.236312e+00   
   748   4.220275e+00 -2.208657e+00   
   749   6.623132e+00 -2.038664e+00   
   750   4.105300e+00 -2.208761e+00   
   751   7.321490e+00 -1.842620e+00   
   752   5.247773e+00 -2.266486e+00   
   753   4.450462e+00 -2.256943e+00   
   754   6.920109e+00 -2.017040e+00   
   755   4.565674e+00 -2.305333e+00   
   756   7.591300e+00 -1.795800e+00   
   757   5.837063e+00 -2.265465e+00   
   758   5.048921e+00 -2.323700e+00   
   759   4.301105e+00 -2.301193e+00   
   760   6.186391e+00 -2.218605e+00   
   761   4.203203e+00 -2.304939e+00   
   762   4.700320e+00 -2.344170e+00   
   763   6.477863e+00 -2.181126e+00   
   764   4.105300e+00 -2.308686e+00   
   765   4.391240e+00 -2.338973e+00   
   766   7.211372e+00 -1.989170e+00   
   767   4.834965e+00 -2.383007e+00   
   768   4.481374e+00 -2.376753e+00   
   769   4.563336e+00 -2.386213e+00   
   770   6.773403e+00 -2.159431e+00   
   771   5.168707e+00 -2.411088e+00   
   772   5.372084e+00 -2.402963e+00   
   773   7.488333e+00 -1.948667e+00   
   774   5.575461e+00 -2.394839e+00   
   775   4.266960e+00 -2.393835e+00   
   776   4.658346e+00 -2.425817e+00   
   777   4.186130e+00 -2.401222e+00   
   778   4.332017e+00 -2.421004e+00   
   779   4.492329e+00 -2.442177e+00   
   780   4.105300e+00 -2.408610e+00   
   781   6.043753e+00 -2.376780e+00   
   782   4.753356e+00 -2.465422e+00   
   783   4.397074e+00 -2.448173e+00   
   784   4.962303e+00 -2.469349e+00   
   785   7.101255e+00 -2.135720e+00   
   786   6.335540e+00 -2.332239e+00   
   787   4.560997e+00 -2.467092e+00   
   788   4.245813e+00 -2.447853e+00   
   789   4.175556e+00 -2.452004e+00   
   790   4.299673e+00 -2.467955e+00   
   791   6.626697e+00 -2.301822e+00   
   792   4.105300e+00 -2.456155e+00   
   793   5.769726e+00 -2.462878e+00   
   794   4.353532e+00 -2.488058e+00   
   795   4.616372e+00 -2.507464e+00   
   796   4.421323e+00 -2.498140e+00   
   797   4.503284e+00 -2.507600e+00   
   798   7.385367e+00 -2.101533e+00   
   799   4.224666e+00 -2.501871e+00   
   800   4.846813e+00 -2.538874e+00   
   801   4.164983e+00 -2.502785e+00   
   802   4.267328e+00 -2.514907e+00   
   803   4.105300e+00 -2.503700e+00   
   804   4.671746e+00 -2.547836e+00   
   805   4.309990e+00 -2.527943e+00   
   806   6.939357e+00 -2.275657e+00   
   807   5.089641e+00 -2.555691e+00   
   808   4.364484e+00 -2.538031e+00   
   809   4.549968e+00 -2.550308e+00   
   810   4.445571e+00 -2.548108e+00   
   811   4.109950e+00 -2.524950e+00   
   812   4.164666e+00 -2.532293e+00   
   813   4.219383e+00 -2.539635e+00   
   814   4.263514e+00 -2.558778e+00   
   815   6.193217e+00 -2.483352e+00   
   816   4.114600e+00 -2.546200e+00   
   817   4.596652e+00 -2.593016e+00   
   818   4.164350e+00 -2.561800e+00   
   819   5.963991e+00 -2.530917e+00   
   820   4.307645e+00 -2.577921e+00   
   821   5.305095e+00 -2.595609e+00   
   822   4.483564e+00 -2.593151e+00   
   823   4.375436e+00 -2.588004e+00   
   824   4.731323e+00 -2.608399e+00   
   825   6.484689e+00 -2.445873e+00   
   826   4.940271e+00 -2.612327e+00   
   827   4.214100e+00 -2.577400e+00   
   828   4.259700e+00 -2.602650e+00   
   829   7.282400e+00 -2.254400e+00   
   830   4.414207e+00 -2.627501e+00   
   831   6.777459e+00 -2.415594e+00   
   832   4.521557e+00 -2.638195e+00   
   833   4.646339e+00 -2.647470e+00   
   834   4.305300e+00 -2.627900e+00   
   835   5.520549e+00 -2.635527e+00   
   836   4.790900e+00 -2.668962e+00   
   837   4.452978e+00 -2.666998e+00   
   838   4.344850e+00 -2.661850e+00   
   839   5.078759e+00 -2.685853e+00   
   840   4.561354e+00 -2.686540e+00   
   841   5.702389e+00 -2.660291e+00   
   842   4.696026e+00 -2.701924e+00   
   843   7.105310e+00 -2.391883e+00   
   844   4.384400e+00 -2.695800e+00   
   845   4.944143e+00 -2.717638e+00   
   846   6.100228e+00 -2.631913e+00   
   847   6.342681e+00 -2.589923e+00   
   848   4.488852e+00 -2.711745e+00   
   849   5.253113e+00 -2.721493e+00   
   850   4.601152e+00 -2.734886e+00   
   851   5.884229e+00 -2.685054e+00   
   852   6.619636e+00 -2.555020e+00   
   853   4.809527e+00 -2.749422e+00   
   854   4.416350e+00 -2.736950e+00   
   855   4.524726e+00 -2.756493e+00   
   856   5.427468e+00 -2.757133e+00   
   857   4.716015e+00 -2.772004e+00   
   858   5.596429e+00 -2.757303e+00   
   859   4.448300e+00 -2.778100e+00   
   860   6.928221e+00 -2.529366e+00   
   861   4.622502e+00 -2.794585e+00   
   862   5.729238e+00 -2.760954e+00   
   863   5.067876e+00 -2.816016e+00   
   864   4.546901e+00 -2.809718e+00   
   865   5.862046e+00 -2.764604e+00   
   866   4.948015e+00 -2.822949e+00   
   867   4.828154e+00 -2.829882e+00   
   868   4.471300e+00 -2.824850e+00   
   869   4.736003e+00 -2.842083e+00   
   870   6.236464e+00 -2.732909e+00   
   871   6.461814e+00 -2.694447e+00   
   872   5.201132e+00 -2.847377e+00   
   873   6.007238e+00 -2.780475e+00   
   874   4.643851e+00 -2.854285e+00   
   875   5.511966e+00 -2.849512e+00   
   876   4.569076e+00 -2.862942e+00   
   877   4.494300e+00 -2.871600e+00   
   878   6.754584e+00 -2.664168e+00   
   879   5.334387e+00 -2.878738e+00   
   880   5.839863e+00 -2.844153e+00   
   881   5.756087e+00 -2.861616e+00   
   882   4.826497e+00 -2.905962e+00   
   883   4.935730e+00 -2.907493e+00   
   884   5.044962e+00 -2.909024e+00   
   885   5.953810e+00 -2.843113e+00   
   886   4.738833e+00 -2.910781e+00   
   887   5.672310e+00 -2.879079e+00   
   888   4.651169e+00 -2.915600e+00   
   889   4.579285e+00 -2.918825e+00   
   890   4.507400e+00 -2.922050e+00   
   891   5.163205e+00 -2.938872e+00   
   892   6.329994e+00 -2.827047e+00   
   893   5.427503e+00 -2.941721e+00   
   894   5.900381e+00 -2.905752e+00   
   895   6.130248e+00 -2.875895e+00   
   896   5.596464e+00 -2.941892e+00   
   897   5.281447e+00 -2.968721e+00   
   898   6.580947e+00 -2.798970e+00   
   899   5.820320e+00 -2.930629e+00   
   900   4.658487e+00 -2.976915e+00   
   901   4.741664e+00 -2.979479e+00   
   902   4.589494e+00 -2.974707e+00   
   903   4.824840e+00 -2.982043e+00   
   904   4.520500e+00 -2.972500e+00   
   905   4.923444e+00 -2.992037e+00   
   906   5.740259e+00 -2.955506e+00   
   907   6.045573e+00 -2.921623e+00   
   908   5.022048e+00 -3.002031e+00   
   909   5.520618e+00 -3.004704e+00   
   910   5.125278e+00 -3.030368e+00   
   911   5.372020e+00 -3.021145e+00   
   912   5.960898e+00 -2.967351e+00   
   913   4.523250e+00 -3.024550e+00   
   914   4.591589e+00 -3.032093e+00   
   915   4.659928e+00 -3.039635e+00   
   916   5.668576e+00 -3.009937e+00   
   917   4.740430e+00 -3.047640e+00   
   918   4.820932e+00 -3.055644e+00   
   919   5.884554e+00 -2.999642e+00   
   920   6.198174e+00 -2.959647e+00   
   921   5.228507e+00 -3.058705e+00   
   922   6.423523e+00 -2.921185e+00   
   923   4.912017e+00 -3.068981e+00   
   924   5.808209e+00 -3.031933e+00   
   925   6.161751e+00 -2.984323e+00   
   926   5.003102e+00 -3.082317e+00   
   927   4.526000e+00 -3.076600e+00   
   928   5.462593e+00 -3.073569e+00   
   929   5.596893e+00 -3.064368e+00   
   930   4.593684e+00 -3.089478e+00   
   931   6.085723e+00 -3.012134e+00   
   932   4.661369e+00 -3.102356e+00   
   933   5.316538e+00 -3.100569e+00   
   934   5.097615e+00 -3.109308e+00   
   935   6.009696e+00 -3.039945e+00   
   936   4.739196e+00 -3.115801e+00   
   937   5.740689e+00 -3.077982e+00   
   938   4.817024e+00 -3.129246e+00   
   939   5.937977e+00 -3.067029e+00   
   940   4.518200e+00 -3.128100e+00   
   941   5.192127e+00 -3.136299e+00   
   942   4.900590e+00 -3.145925e+00   
   943   5.539085e+00 -3.125896e+00   
   944   5.866258e+00 -3.094113e+00   
   945   6.227900e+00 -3.042818e+00   
   946   4.586458e+00 -3.146782e+00   
   947   5.404569e+00 -3.142434e+00   
   948   6.266100e+00 -3.043400e+00   
   949   5.673168e+00 -3.124031e+00   
   950   4.984157e+00 -3.162603e+00   
   951   4.654716e+00 -3.165465e+00   
   952   5.276106e+00 -3.173611e+00   
   953   5.800990e+00 -3.133997e+00   
   954   4.731046e+00 -3.182540e+00   
   955   5.069952e+00 -3.188248e+00   
   956   4.510400e+00 -3.179600e+00   
   957   6.058494e+00 -3.112538e+00   
   958   6.125874e+00 -3.102645e+00   
   959   6.193253e+00 -3.092751e+00   
   960   4.807376e+00 -3.199614e+00   
   961   5.991400e+00 -3.134416e+00   
   962   5.481277e+00 -3.187424e+00   
   963   5.615577e+00 -3.178222e+00   
   964   4.579231e+00 -3.204087e+00   
   965   5.735722e+00 -3.173880e+00   
   966   5.155748e+00 -3.213893e+00   
   967   5.924306e+00 -3.156294e+00   
   968   4.887100e+00 -3.218152e+00   
   969   6.294049e+00 -3.101314e+00   
   970   5.360085e+00 -3.210923e+00   
   971   4.648062e+00 -3.228574e+00   
   972   6.257626e+00 -3.125989e+00   
   973   4.966824e+00 -3.236689e+00   
   974   4.492450e+00 -3.228550e+00   
   975   5.861291e+00 -3.190011e+00   
   976   4.722896e+00 -3.249278e+00   
   977   5.235675e+00 -3.246652e+00   
   978   5.557986e+00 -3.232414e+00   
   979   6.106697e+00 -3.171069e+00   
   980   5.679365e+00 -3.223016e+00   
   981   6.167937e+00 -3.165872e+00   
   982   5.047141e+00 -3.261905e+00   
   983   6.041375e+00 -3.188008e+00   
   984   6.229177e+00 -3.160676e+00   
   985   5.435399e+00 -3.251882e+00   
   986   5.798276e+00 -3.223729e+00   
   987   4.797729e+00 -3.269983e+00   
   988   4.566360e+00 -3.262678e+00   
   989   5.976053e+00 -3.204947e+00   
   990   6.321999e+00 -3.159227e+00   
   991   5.315602e+00 -3.279412e+00   
   992   5.127457e+00 -3.287121e+00   
   993   4.873610e+00 -3.290379e+00   
   994   4.474500e+00 -3.277500e+00   
   995   5.914496e+00 -3.234081e+00   
   996   6.285888e+00 -3.181295e+00   
   997   5.623007e+00 -3.272152e+00   
   998   4.640270e+00 -3.296806e+00   
   999   5.743152e+00 -3.267810e+00   
   1000   4.949491e+00 -3.310775e+00   
   1001   5.510713e+00 -3.292840e+00   
   1002   5.852938e+00 -3.263214e+00   
   1003   4.715278e+00 -3.319177e+00   
   1004   6.154900e+00 -3.229600e+00   
   1005   5.203743e+00 -3.318656e+00   
   1006   6.091350e+00 -3.241600e+00   
   1007   6.342599e+00 -3.201914e+00   
   1008   6.027800e+00 -3.253600e+00   
   1009   5.389521e+00 -3.316339e+00   
   1010   4.553489e+00 -3.321269e+00   
   1011   6.210000e+00 -3.229100e+00   
   1012   5.024329e+00 -3.335563e+00   
   1013   6.265100e+00 -3.228600e+00   
   1014   4.790286e+00 -3.341549e+00   
   1015   5.967700e+00 -3.278150e+00   
   1016   5.688028e+00 -3.311890e+00   
   1017   5.798351e+00 -3.303280e+00   
   1018   5.576047e+00 -3.328646e+00   
   1019   6.314150e+00 -3.236600e+00   
   1020   5.280029e+00 -3.350191e+00   
   1021   5.907600e+00 -3.302700e+00   
   1022   4.863188e+00 -3.361658e+00   
   1023   5.099166e+00 -3.360350e+00   
   1024   5.463440e+00 -3.353267e+00   
   1025   4.632477e+00 -3.365037e+00   
   1026   6.363200e+00 -3.244600e+00   
   1027   4.936090e+00 -3.381768e+00   
   1028   5.743764e+00 -3.343345e+00   
   1029   5.853550e+00 -3.338750e+00   
   1030   4.707660e+00 -3.389076e+00   
   1031   5.171811e+00 -3.390660e+00   
   1032   5.641380e+00 -3.364452e+00   
   1033   5.352651e+00 -3.385158e+00   
   1034   5.006469e+00 -3.405608e+00   
   1035   5.529086e+00 -3.385140e+00   
   1036   4.782843e+00 -3.413114e+00   
   1037   4.415956e+00 -3.401235e+00   
   1038   5.799500e+00 -3.374800e+00   
   1039   5.244455e+00 -3.420970e+00   
   1040   5.697665e+00 -3.392651e+00   
   1041   5.076848e+00 -3.429448e+00   
   1042   4.852766e+00 -3.432937e+00   
   1043   5.425273e+00 -3.420125e+00   
   1044   4.522545e+00 -3.427462e+00   
   1045   5.594733e+00 -3.417014e+00   
   1046   4.922689e+00 -3.452760e+00   
   1047   4.629134e+00 -3.453689e+00   
   1048   5.753950e+00 -3.420850e+00   
   1049   5.145287e+00 -3.459275e+00   
   1050   5.315780e+00 -3.453976e+00   
   1051   5.491607e+00 -3.448188e+00   
   1052   5.651566e+00 -3.441957e+00   
   1053   4.705679e+00 -3.470777e+00   
   1054   4.988609e+00 -3.475653e+00   
   1055   4.782225e+00 -3.487865e+00   
   1056   5.213727e+00 -3.489102e+00   
   1057   5.387106e+00 -3.486983e+00   
   1058   5.054530e+00 -3.498545e+00   
   1059   5.557942e+00 -3.476250e+00   
   1060   5.708400e+00 -3.466900e+00   
   1061   4.847758e+00 -3.504274e+00   
   1062   4.913292e+00 -3.520683e+00   
   1063   5.615396e+00 -3.498625e+00   
   1064   5.454128e+00 -3.511235e+00   
   1065   5.118764e+00 -3.527890e+00   
   1066   5.283484e+00 -3.525849e+00   
   1067   4.973926e+00 -3.540806e+00   
   1068   4.357411e+00 -3.524970e+00   
   1069   4.491600e+00 -3.533655e+00   
   1070   4.625790e+00 -3.542340e+00   
   1071   5.672850e+00 -3.521000e+00   
   1072   4.703698e+00 -3.552477e+00   
   1073   5.521151e+00 -3.535487e+00   
   1074   5.182998e+00 -3.557234e+00   
   1075   5.034560e+00 -3.560930e+00   
   1076   4.781607e+00 -3.562615e+00   
   1077   5.353241e+00 -3.562595e+00   
   1078   4.842751e+00 -3.575610e+00   
   1079   5.579225e+00 -3.555293e+00   
   1080   4.903894e+00 -3.588606e+00   
   1081   5.092625e+00 -3.587808e+00   
   1082   5.423655e+00 -3.580736e+00   
   1083   5.251187e+00 -3.597721e+00   
   1084   5.637300e+00 -3.575100e+00   
   1085   4.959242e+00 -3.605960e+00   
   1086   5.150691e+00 -3.614687e+00   
   1087   5.494070e+00 -3.598876e+00   
   1088   5.014590e+00 -3.623314e+00   
   1089   4.676845e+00 -3.629620e+00   
   1090   4.737299e+00 -3.632064e+00   
   1091   4.797753e+00 -3.634507e+00   
   1092   4.589100e+00 -3.631853e+00   
   1093   5.553660e+00 -3.617263e+00   
   1094   4.849950e+00 -3.642405e+00   
   1095   4.501355e+00 -3.634085e+00   
   1096   5.319377e+00 -3.638208e+00   
   1097   5.066487e+00 -3.647727e+00   
   1098   4.902147e+00 -3.650303e+00   
   1099   5.208740e+00 -3.651529e+00   
   1100   5.393183e+00 -3.650237e+00   
   1101   5.613250e+00 -3.635650e+00   
   1102   4.950796e+00 -3.664355e+00   
   1103   5.118384e+00 -3.672140e+00   
   1104   4.999445e+00 -3.678407e+00   
   1105   5.466989e+00 -3.662266e+00   
   1106   5.266790e+00 -3.688371e+00   
   1107   5.528094e+00 -3.679233e+00   
   1108   5.045018e+00 -3.699788e+00   
   1109   5.334458e+00 -3.692857e+00   
   1110   4.813900e+00 -3.706400e+00   
   1111   5.166293e+00 -3.705336e+00   
   1112   4.857150e+00 -3.709200e+00   
   1113   4.900400e+00 -3.712000e+00   
   1114   4.770900e+00 -3.711650e+00   
   1115   4.727900e+00 -3.716900e+00   
   1116   5.394823e+00 -3.707351e+00   
   1117   5.589200e+00 -3.696200e+00   
   1118   5.090592e+00 -3.721170e+00   
   1119   4.942350e+00 -3.722750e+00   
   1120   4.272805e+00 -3.703785e+00   
   1121   4.984300e+00 -3.733500e+00   
   1122   4.686600e+00 -3.730050e+00   
   1123   5.455188e+00 -3.721845e+00   
   1124   5.214203e+00 -3.738533e+00   
   1125   5.292243e+00 -3.736783e+00   
   1126   4.645300e+00 -3.743200e+00   
   1127   5.023550e+00 -3.751850e+00   
   1128   5.132147e+00 -3.750443e+00   
   1129   5.517194e+00 -3.733298e+00   
   1130   5.349539e+00 -3.747506e+00   
   1131   5.579200e+00 -3.744750e+00   
   1132   5.062800e+00 -3.770200e+00   
   1133   5.396463e+00 -3.764465e+00   
   1134   4.420603e+00 -3.764318e+00   
   1135   5.173702e+00 -3.779717e+00   
   1136   5.250028e+00 -3.780710e+00   
   1137   5.317696e+00 -3.785196e+00   
   1138   5.443388e+00 -3.781425e+00   
   1139   5.098000e+00 -3.795550e+00   
   1140   5.506294e+00 -3.787362e+00   
   1141   5.569200e+00 -3.793300e+00   
   1142   5.206539e+00 -3.816480e+00   
   1143   5.133200e+00 -3.820900e+00   
   1144   5.285852e+00 -3.822886e+00   
   1145   5.367336e+00 -3.819410e+00   
   1146   4.568400e+00 -3.824850e+00   
   1147   5.163050e+00 -3.852250e+00   
   1148   5.239376e+00 -3.853243e+00   
   1149   5.416976e+00 -3.853625e+00   
   1150   5.491838e+00 -3.856012e+00   
   1151   5.566700e+00 -3.858400e+00   
   1152   5.338209e+00 -3.874355e+00   
   1153   5.192900e+00 -3.883600e+00   
   1154   5.280479e+00 -3.903678e+00   
   1155   4.188200e+00 -3.882600e+00   
   1156   4.339850e+00 -3.894550e+00   
   1157   4.491500e+00 -3.906500e+00   
   1158   5.222750e+00 -3.933000e+00   
   1159   5.390565e+00 -3.925825e+00   
   1160   5.477382e+00 -3.924663e+00   
   1161   5.564200e+00 -3.923500e+00   
   1162   5.321583e+00 -3.954113e+00   
   1163   5.252600e+00 -3.982400e+00   
   1164   5.398674e+00 -4.022370e+00   
   1165   5.480677e+00 -4.035066e+00   
   1166   5.562680e+00 -4.047763e+00   
   1167   5.330562e+00 -4.071985e+00   
   1168   5.262450e+00 -4.121600e+00   
   1169   5.406784e+00 -4.118915e+00   
   1170   5.483972e+00 -4.145470e+00   
   1171   5.561161e+00 -4.172025e+00   
   1172   5.339542e+00 -4.189857e+00   
   1173   5.272300e+00 -4.260800e+00   
   1174   5.449211e+00 -4.274185e+00   
   1175   5.558881e+00 -4.358513e+00   
   1176   5.414450e+00 -4.402900e+00   
   1177   5.556600e+00 -4.545000e+00   
  END_COORDINATES
  BOUNDARIES, ELEMENT
    1         1155     1157     1156         1     
    2         1157     1126     1146         1     
    3         1068     1155     1120         1     
    4         816     827     818         2     
    5         803     816     811         2     
    6         1126     1115     1122         3     
    7         1115     1110     1114         4     
    8         1110     1113     1112         5     
    9         1113     1121     1119         6     
    10         1121     1132     1127         7     
    11         1132     1143     1139         8     
    12         1143     1153     1147         9     
    13         1013     1026     1019         10     
    14         1026     990     1007         10     
    15         780     803     792         11     
    16         1004     1013     1011         12     
    17         1153     1163     1158         13     
    18         990     948     969         14     
    19         1008     1004     1006         15     
    20         1021     1008     1015         16     
    21         1038     1021     1029         17     
    22         1060     1038     1048         18     
    23         1084     1060     1071         19     
    24         1117     1084     1101         20     
    25         1141     1117     1131         21     
    26         1161     1141     1151         22     
    27         750     780     764         23     
    28         827     834     828         24     
    29         1171     1161     1166         25     
    30         1163     1173     1168         26     
    31         1173     1177     1176         27     
    32         1177     1171     1175         27     
    33         994     1068     1037         28     
    34         956     994     974         29     
    35         927     956     940         30     
    36         904     927     913         31     
    37         877     904     890         32     
    38         859     877     868         33     
    39         844     859     854         34     
    40         834     844     838         35     
    41         707     750     728         36     
    42         663     707     687         37     
    43         620     663     638         38     
    44         569     620     597         39     
    45         503     569     537         40     
    46         448     503     473         41     
    47         401     448     426         42     
    48         359     401     376         43     
    49         329     359     344         44     
    50         297     329     313         45     
    51         263     297     279         46     
    52         228     263     245         47     
    53         193     228     209         48     
    54         160     193     176         49     
    55         127     160     142         50     
    56         98     127     113         51     
    57         72     98     83         52     
    58         47     72     59         53     
    59         26     47     35         54     
    60         7     26     15         55     
    61         1     7     2         56     
    62         948     898     922         57     
    63         9     1     3         58     
    64         33     9     21         59     
    65         54     33     43         60     
    66         77     54     65         61     
    67         109     77     91         62     
    68         143     109     126         63     
    69         185     143     162         64     
    70         225     185     206         65     
    71         265     225     246         66     
    72         309     265     285         67     
    73         347     309     326         68     
    74         392     347     369         69     
    75         429     392     409         70     
    76         470     429     445         71     
    77         525     470     497         72     
    78         571     525     550         73     
    79         607     571     592         74     
    80         648     607     627         75     
    81         673     648     659         76     
    82         698     673     684         77     
    83         720     698     709         78     
    84         744     720     734         79     
    85         773     744     756         80     
    86         829     773     798         81     
    87         898     860     878         82     
    88         860     829     843         83     
  END_BOUNDARIES
  MATERIALS, NUMBER= 1, DEFAULT=1
  END_MATERIALS
  SUBDOMAINS
  END_SUBDOMAINS
  CHARACTERISTICS
  END_CHARACTERISTICS
