  NODES_PER_ELEMENT
   1 9
   2 9
   3 9
   4 9
   5 9
   6 9
   7 9
   8 9
   9 9
   10 9
   11 9
   12 9
   13 9
   14 9
   15 9
   16 9
   17 9
   18 9
   19 9
   20 9
   21 9
   22 9
   23 9
   24 9
   25 9
   26 9
   27 9
   28 9
   29 9
   30 9
   31 9
   32 9
   33 9
   34 9
   35 9
   36 9
   37 9
   38 9
   39 9
   40 9
   41 9
   42 9
   43 9
   44 9
   45 9
   46 9
   47 9
   48 9
   49 9
   50 9
   51 9
   52 9
   53 9
   54 9
   55 9
   56 9
   57 9
   58 9
   59 9
   60 9
   61 9
   62 9
   63 9
   64 9
   65 9
   66 9
   67 9
   68 9
   69 9
   70 9
   71 9
   72 9
   73 9
   74 9
   75 9
   76 9
   77 9
   78 9
   79 9
   80 9
   81 9
   82 9
   83 9
   84 9
   85 9
   86 9
   87 9
   88 9
   89 9
   90 9
   91 9
   92 9
   93 9
   94 9
   95 9
   96 9
   97 9
   98 9
   99 9
   100 9
   101 9
   102 9
   103 9
   104 9
   105 9
   106 9
   107 9
   108 9
   109 9
   110 9
   111 9
   112 9
   113 9
   114 9
   115 9
   116 9
   117 9
   118 9
   119 9
   120 9
   121 9
   122 9
   123 9
   124 9
   125 9
   126 9
   127 9
   128 9
   129 9
   130 9
   131 9
   132 9
   133 9
   134 9
  END_NODES_PER_ELEMENT
  ELEMENTS
  1 575 573 560 556 574 568 559 566 567  
  2 573 570 552 560 571 562 557 568 565  
  3 570 555 534 552 564 546 542 562 554  
  4 555 538 512 534 547 525 523 546 535  
  5 538 504 480 512 521 489 496 525 508  
  6 504 454 437 480 483 445 455 489 470  
  7 569 575 556 545 572 566 550 558 563  
  8 553 569 545 529 561 558 537 541 549  
  9 533 553 529 507 543 541 518 520 531  
  10 514 533 507 478 524 520 493 498 510  
  11 476 514 478 442 497 498 461 459 479  
  12 436 476 442 409 453 459 425 422 439  
  13 400 436 409 376 417 422 391 389 406  
  14 371 400 376 347 385 389 362 360 373  
  15 344 371 347 318 357 360 333 330 345  
  16 309 344 318 280 327 330 299 294 313  
  17 272 309 280 230 292 294 257 253 273  
  18 205 272 230 179 240 253 200 189 219  
  19 153 205 179 139 178 189 155 146 166  
  20 118 153 139 104 134 146 121 108 126  
  21 70 118 104 65 94 108 85 66 89  
  22 39 70 65 43 52 66 54 38 51  
  23 17 39 43 20 28 38 32 16 27  
  24 1 17 20 6 5 16 12 2 7  
  25 8 1 6 11 3 2 9 10 4  
  26 25 8 11 22 14 10 18 23 15  
  27 44 25 22 36 33 23 29 37 31  
  28 81 44 36 61 60 37 45 67 50  
  29 115 81 61 99 98 67 80 106 87  
  30 156 115 99 137 135 106 120 147 124  
  31 199 156 137 170 177 147 152 185 164  
  32 242 199 170 212 221 185 188 225 203  
  33 279 242 212 256 260 225 233 267 247  
  34 316 279 256 296 297 267 276 303 284  
  35 349 316 296 331 332 303 315 340 324  
  36 377 349 331 365 364 340 348 372 355  
  37 408 377 365 397 393 372 382 403 388  
  38 454 408 397 437 429 403 418 445 424  
  39 22 11 26 36 18 19 30 29 24  
  40 61 36 26 53 45 30 40 55 42  
  41 11 6 20 26 9 12 21 19 13  
  42 99 61 53 92 80 55 71 93 75  
  43 137 99 92 129 120 93 110 132 113  
  44 170 137 129 161 152 132 144 165 149  
  45 212 170 161 194 188 165 176 201 182  
  46 256 212 194 237 233 201 213 246 223  
  47 296 256 237 278 276 246 259 285 266  
  48 331 296 278 317 315 285 298 326 304  
  49 365 331 317 352 348 326 335 359 342  
  50 397 365 352 390 382 359 370 392 374  
  51 437 397 390 423 418 392 407 428 411  
  52 480 437 423 458 455 428 440 467 449  
  53 512 480 458 492 496 467 474 501 487  
  54 534 512 492 517 523 501 505 527 515  
  55 552 534 517 539 542 527 528 544 536  
  56 560 552 539 556 557 544 548 559 551  
  57 545 556 539 522 550 548 530 532 540  
  58 529 545 522 503 537 532 513 516 526  
  59 507 529 503 481 518 516 491 494 506  
  60 478 507 481 447 493 494 464 463 477  
  61 442 478 447 413 461 463 430 427 443  
  62 409 442 413 383 425 427 399 395 412  
  63 376 409 383 351 391 395 368 363 378  
  64 347 376 351 323 362 363 338 336 350  
  65 318 347 323 301 333 336 312 311 322  
  66 280 318 301 263 299 311 283 270 293  
  67 230 280 263 208 257 270 236 217 244  
  68 179 230 208 162 200 217 183 169 191  
  69 139 179 162 125 155 169 142 131 150  
  70 104 139 125 97 121 131 111 100 116  
  71 65 104 97 72 85 100 82 68 83  
  72 43 65 72 56 54 68 64 47 57  
  73 20 43 56 46 32 47 49 34 41  
  74 26 20 46 53 21 34 48 40 35  
  75 72 97 84 56 82 90 69 64 77  
  76 97 125 117 84 111 122 102 90 105  
  77 125 162 154 117 142 157 136 122 140  
  78 522 539 517 500 530 528 509 511 519  
  79 517 492 475 500 505 486 488 509 499  
  80 503 522 500 485 513 511 490 495 502  
  81 162 208 197 154 183 202 174 157 180  
  82 301 323 290 263 312 307 277 283 295  
  83 46 56 84 76 49 69 79 58 63  
  84 53 46 76 73 48 58 74 62 59  
  85 492 458 448 475 474 452 462 486 469  
  86 208 263 238 197 236 250 216 202 226  
  87 458 423 414 448 440 419 433 452 434  
  88 423 390 381 414 407 384 398 419 402  
  89 390 352 341 381 370 346 361 384 366  
  90 352 317 300 341 335 308 319 346 328  
  91 317 278 262 300 298 269 282 308 289  
  92 278 237 227 262 259 231 245 269 252  
  93 237 194 190 227 213 192 207 231 211  
  94 194 161 160 190 176 159 171 192 173  
  95 161 129 130 160 144 128 143 159 141  
  96 129 92 101 130 110 95 114 128 112  
  97 92 53 73 101 71 62 86 95 78  
  98 481 503 485 457 491 495 471 466 482  
  99 447 481 457 426 464 466 441 438 451  
  100 413 447 426 394 430 438 410 404 420  
  101 383 413 394 356 399 404 375 369 387  
  102 351 383 356 321 368 369 339 337 353  
  103 323 351 321 290 338 337 306 307 320  
  104 263 290 258 238 277 275 249 250 261  
  105 197 238 258 220 216 249 239 210 228  
  106 73 76 107 101 74 91 103 86 88  
  107 76 84 117 107 79 102 109 91 96  
  108 130 101 107 138 114 103 123 133 119  
  109 160 130 138 167 143 133 151 163 148  
  110 190 160 167 195 171 163 181 193 175  
  111 227 190 195 222 207 193 209 224 206  
  112 262 227 222 243 245 224 234 254 241  
  113 300 262 243 281 282 254 264 291 271  
  114 341 300 281 329 319 291 305 334 314  
  115 485 500 475 468 490 488 472 473 484  
  116 290 321 287 258 306 302 274 275 288  
  117 321 356 329 287 339 343 310 302 325  
  118 356 394 380 329 375 386 354 343 367  
  119 394 426 416 380 410 421 401 386 405  
  120 416 414 381 380 415 398 379 401 396  
  121 381 341 329 380 361 334 354 379 358  
  122 426 457 444 416 441 450 432 421 435  
  123 414 416 444 448 415 432 446 433 431  
  124 457 485 468 444 471 473 456 450 465  
  125 448 444 468 475 446 456 472 462 460  
  126 154 197 220 184 174 210 198 168 186  
  127 107 117 154 138 109 136 145 123 127  
  128 258 287 251 220 274 268 235 239 255  
  129 287 329 281 251 310 305 265 268 286  
  130 281 243 215 251 264 229 232 265 248  
  131 222 195 215 243 209 204 229 234 218  
  132 220 251 215 184 235 232 196 198 214  
  133 215 195 167 184 204 181 172 196 187  
  134 184 167 138 154 172 151 145 168 158  
  END_ELEMENTS  
  COORDINATES  
   1   5.915254e+00 -3.288971e+00   
   2   5.888208e+00 -3.129574e+00   
   3   5.745763e+00 -3.269833e+00   
   4   5.737473e+00 -3.115601e+00   
   5   6.169492e+00 -3.187367e+00   
   6   5.861161e+00 -2.970177e+00   
   7   6.068259e+00 -3.002605e+00   
   8   5.576271e+00 -3.250695e+00   
   9   5.729182e+00 -2.961368e+00   
   10   5.586737e+00 -3.101627e+00   
   11   5.597203e+00 -2.952559e+00   
   12   5.967027e+00 -2.817842e+00   
   13   5.782996e+00 -2.803216e+00   
   14   5.406780e+00 -3.231557e+00   
   15   5.440354e+00 -3.095104e+00   
   16   6.248311e+00 -2.875635e+00   
   17   6.423729e+00 -3.085763e+00   
   18   5.473929e+00 -2.958651e+00   
   19   5.598965e+00 -2.788590e+00   
   20   6.072893e+00 -2.665507e+00   
   21   5.836810e+00 -2.645064e+00   
   22   5.350655e+00 -2.964742e+00   
   23   5.293971e+00 -3.088581e+00   
   24   5.442458e+00 -2.815830e+00   
   25   5.237288e+00 -3.212419e+00   
   26   5.600726e+00 -2.624621e+00   
   27   6.442489e+00 -2.757763e+00   
   28   6.597067e+00 -2.957023e+00   
   29   5.285951e+00 -2.843071e+00   
   30   5.410987e+00 -2.673010e+00   
   31   5.176874e+00 -2.967237e+00   
   32   6.287911e+00 -2.558504e+00   
   33   5.067797e+00 -3.091404e+00   
   34   6.030255e+00 -2.424540e+00   
   35   5.795176e+00 -2.404633e+00   
   36   5.221248e+00 -2.721399e+00   
   37   5.059776e+00 -2.845894e+00   
   38   6.636668e+00 -2.639892e+00   
   39   6.770405e+00 -2.828283e+00   
   40   5.560097e+00 -2.384726e+00   
   41   6.232258e+00 -2.351765e+00   
   42   5.344795e+00 -2.452926e+00   
   43   6.502930e+00 -2.451500e+00   
   44   4.898305e+00 -2.970389e+00   
   45   5.129493e+00 -2.521126e+00   
   46   5.987618e+00 -2.183574e+00   
   47   6.434260e+00 -2.278989e+00   
   48   5.753543e+00 -2.164202e+00   
   49   6.176604e+00 -2.145026e+00   
   50   4.930727e+00 -2.629423e+00   
   51   6.795918e+00 -2.490019e+00   
   52   6.936050e+00 -2.651498e+00   
   53   5.519468e+00 -2.144831e+00   
   54   6.655786e+00 -2.328539e+00   
   55   5.278603e+00 -2.232842e+00   
   56   6.365590e+00 -2.106478e+00   
   57   6.574813e+00 -2.197470e+00   
   58   5.996163e+00 -1.998607e+00   
   59   5.805033e+00 -1.996071e+00   
   60   4.731961e+00 -2.737720e+00   
   61   5.037739e+00 -2.320854e+00   
   62   5.613903e+00 -1.993535e+00   
   63   6.178415e+00 -1.967378e+00   
   64   6.493839e+00 -2.066401e+00   
   65   6.808642e+00 -2.205579e+00   
   66   6.955169e+00 -2.340146e+00   
   67   4.801678e+00 -2.412952e+00   
   68   6.715365e+00 -2.115951e+00   
   69   6.360667e+00 -1.936150e+00   
   70   7.101695e+00 -2.474714e+00   
   71   5.395049e+00 -1.944918e+00   
   72   6.622088e+00 -2.026323e+00   
   73   5.708339e+00 -1.842240e+00   
   74   5.856523e+00 -1.827940e+00   
   75   5.168899e+00 -2.029661e+00   
   76   6.004708e+00 -1.813640e+00   
   77   6.508863e+00 -1.916384e+00   
   78   5.527129e+00 -1.825347e+00   
   79   6.180226e+00 -1.789731e+00   
   80   4.942750e+00 -2.114405e+00   
   81   4.565617e+00 -2.505051e+00   
   82   6.657060e+00 -1.896618e+00   
   83   6.785917e+00 -1.967088e+00   
   84   6.355743e+00 -1.765821e+00   
   85   6.914774e+00 -2.037558e+00   
   86   5.659209e+00 -1.705775e+00   
   87   4.710237e+00 -2.207700e+00   
   88   5.822565e+00 -1.672029e+00   
   89   7.083792e+00 -2.142508e+00   
   90   6.523888e+00 -1.766367e+00   
   91   5.985920e+00 -1.638283e+00   
   92   5.270630e+00 -1.745005e+00   
   93   5.059196e+00 -1.826480e+00   
   94   7.252811e+00 -2.247458e+00   
   95   5.440355e+00 -1.657158e+00   
   96   6.173958e+00 -1.607297e+00   
   97   6.692032e+00 -1.766913e+00   
   98   4.477724e+00 -2.300995e+00   
   99   4.847761e+00 -1.907955e+00   
   100   6.856468e+00 -1.818226e+00   
   101   5.610080e+00 -1.569310e+00   
   102   6.361995e+00 -1.576310e+00   
   103   5.788606e+00 -1.516118e+00   
   104   7.020905e+00 -1.869538e+00   
   105   6.549935e+00 -1.582008e+00   
   106   4.618796e+00 -2.002448e+00   
   107   5.967133e+00 -1.462927e+00   
   108   7.212416e+00 -1.944870e+00   
   109   6.167690e+00 -1.424863e+00   
   110   5.190923e+00 -1.551748e+00   
   111   6.737875e+00 -1.587706e+00   
   112   5.371537e+00 -1.474969e+00   
   113   4.980613e+00 -1.620119e+00   
   114   5.552150e+00 -1.398189e+00   
   115   4.389831e+00 -2.096940e+00   
   116   6.920468e+00 -1.631689e+00   
   117   6.368247e+00 -1.386799e+00   
   118   7.403926e+00 -2.020202e+00   
   119   5.739048e+00 -1.338625e+00   
   120   4.770303e+00 -1.688489e+00   
   121   7.103062e+00 -1.675673e+00   
   122   6.575982e+00 -1.397649e+00   
   123   5.925946e+00 -1.279062e+00   
   124   4.540738e+00 -1.752318e+00   
   125   6.783717e+00 -1.408499e+00   
   126   7.305055e+00 -1.741743e+00   
   127   6.146673e+00 -1.216586e+00   
   128   5.302718e+00 -1.292780e+00   
   129   5.111217e+00 -1.358491e+00   
   130   5.494219e+00 -1.227068e+00   
   131   6.984468e+00 -1.445153e+00   
   132   4.902031e+00 -1.413757e+00   
   133   5.689489e+00 -1.161132e+00   
   134   7.507048e+00 -1.807813e+00   
   135   4.311173e+00 -1.816147e+00   
   136   6.367399e+00 -1.154110e+00   
   137   4.692845e+00 -1.469023e+00   
   138   5.884759e+00 -1.095197e+00   
   139   7.185218e+00 -1.481807e+00   
   140   6.599500e+00 -1.179185e+00   
   141   5.241744e+00 -1.120132e+00   
   142   6.831601e+00 -1.204261e+00   
   143   5.431029e+00 -1.061464e+00   
   144   5.052458e+00 -1.178800e+00   
   145   6.125655e+00 -1.008308e+00   
   146   7.397694e+00 -1.538616e+00   
   147   4.462681e+00 -1.502188e+00   
   148   5.614488e+00 -9.968740e-01   
   149   4.846468e+00 -1.223209e+00   
   150   7.043626e+00 -1.236024e+00   
   151   5.797946e+00 -9.322842e-01   
   152   4.640477e+00 -1.267618e+00   
   153   7.610169e+00 -1.595424e+00   
   154   6.366552e+00 -9.214200e-01   
   155   7.255650e+00 -1.267787e+00   
   156   4.232516e+00 -1.535354e+00   
   157   6.623018e+00 -9.607213e-01   
   158   6.001708e+00 -8.431007e-01   
   159   5.180770e+00 -9.474841e-01   
   160   5.367840e+00 -8.958600e-01   
   161   4.993700e+00 -9.991082e-01   
   162   6.879485e+00 -1.000023e+00   
   163   5.539486e+00 -8.326159e-01   
   164   4.415521e+00 -1.280274e+00   
   165   4.790905e+00 -1.032661e+00   
   166   7.475283e+00 -1.304775e+00   
   167   5.711133e+00 -7.693718e-01   
   168   6.205470e+00 -7.539171e-01   
   169   7.102783e+00 -1.026895e+00   
   170   4.588109e+00 -1.066214e+00   
   171   5.310394e+00 -7.496546e-01   
   172   5.877760e+00 -6.778930e-01   
   173   5.130782e+00 -7.939034e-01   
   174   6.490727e+00 -7.297767e-01   
   175   5.468405e+00 -6.936349e-01   
   176   4.951170e+00 -8.381521e-01   
   177   4.190566e+00 -1.292929e+00   
   178   7.694915e+00 -1.341763e+00   
   179   7.326082e+00 -1.053767e+00   
   180   6.719622e+00 -7.659378e-01   
   181   5.626416e+00 -6.376152e-01   
   182   4.753214e+00 -8.652516e-01   
   183   6.948516e+00 -8.020988e-01   
   184   6.044388e+00 -5.864142e-01   
   185   4.368362e+00 -1.058360e+00   
   186   6.334370e+00 -5.948236e-01   
   187   5.769304e+00 -5.481856e-01   
   188   4.555259e+00 -8.923511e-01   
   189   7.552872e+00 -1.070934e+00   
   190   5.252949e+00 -6.034493e-01   
   191   7.163728e+00 -8.200834e-01   
   192   5.080794e+00 -6.403227e-01   
   193   5.397324e+00 -5.546540e-01   
   194   4.908639e+00 -6.771961e-01   
   195   5.541700e+00 -5.058587e-01   
   196   5.912192e+00 -4.587560e-01   
   197   6.614902e+00 -5.381334e-01   
   198   6.178012e+00 -4.598705e-01   
   199   4.148615e+00 -1.050505e+00   
   200   7.378940e+00 -8.380680e-01   
   201   4.715524e+00 -6.978421e-01   
   202   6.816225e+00 -5.711543e-01   
   203   4.344619e+00 -8.906200e-01   
   204   5.660848e+00 -4.184782e-01   
   205   7.779661e+00 -1.088101e+00   
   206   5.347788e+00 -4.447089e-01   
   207   5.217482e+00 -4.719508e-01   
   208   7.017547e+00 -6.041751e-01   
   209   5.478093e+00 -4.174671e-01   
   210   6.463269e+00 -4.357301e-01   
   211   5.049256e+00 -4.967108e-01   
   212   4.522409e+00 -7.184881e-01   
   213   4.881031e+00 -5.214708e-01   
   214   6.035933e+00 -3.353597e-01   
   215   5.779997e+00 -3.310977e-01   
   216   6.689388e+00 -4.158726e-01   
   217   7.224673e+00 -6.132720e-01   
   218   5.562408e+00 -3.298545e-01   
   219   7.604383e+00 -8.324733e-01   
   220   6.311636e+00 -3.333268e-01   
   221   4.133980e+00 -8.888889e-01   
   222   5.414486e+00 -3.290754e-01   
   223   4.691014e+00 -5.378353e-01   
   224   5.298251e+00 -3.347639e-01   
   225   4.320877e+00 -7.228804e-01   
   226   6.871678e+00 -4.127791e-01   
   227   5.182015e+00 -3.404523e-01   
   228   6.561090e+00 -3.153430e-01   
   229   5.646723e+00 -2.422419e-01   
   230   7.431798e+00 -6.223688e-01   
   231   5.017719e+00 -3.530990e-01   
   232   5.893854e+00 -2.108489e-01   
   233   4.500997e+00 -5.541997e-01   
   234   5.463967e+00 -2.412307e-01   
   235   6.159674e+00 -2.119634e-01   
   236   7.053968e+00 -4.096856e-01   
   237   4.853422e+00 -3.657456e-01   
   238   6.763874e+00 -2.936117e-01   
   239   6.432793e+00 -2.148134e-01   
   240   7.829826e+00 -8.268787e-01   
   241   5.326243e+00 -2.257293e-01   
   242   4.119345e+00 -7.272727e-01   
   243   5.513448e+00 -1.533861e-01   
   244   7.260827e+00 -4.269041e-01   
   245   5.188518e+00 -2.102278e-01   
   246   4.666504e+00 -3.778284e-01   
   247   4.302853e+00 -5.599281e-01   
   248   5.741361e+00 -1.121129e-01   
   249   6.658911e+00 -1.949558e-01   
   250   6.927131e+00 -2.544039e-01   
   251   6.007711e+00 -9.060000e-02   
   252   5.016879e+00 -2.115329e-01   
   253   7.655895e+00 -5.940127e-01   
   254   5.354235e+00 -1.166947e-01   
   255   6.287054e+00 -8.620860e-02   
   256   4.479585e+00 -3.899112e-01   
   257   7.467686e+00 -4.441226e-01   
   258   6.553949e+00 -9.629992e-02   
   259   4.845240e+00 -2.128380e-01   
   260   4.104710e+00 -5.656566e-01   
   261   6.820581e+00 -1.332902e-01   
   262   5.195022e+00 -8.000329e-02   
   263   7.090388e+00 -2.151961e-01   
   264   5.588869e+00 -1.337691e-02   
   265   5.836000e+00  1.801612e-02   
   266   4.658239e+00 -2.212831e-01   
   267   4.284830e+00 -3.969758e-01   
   268   6.141316e+00  4.239616e-02   
   269   5.016040e+00 -6.996683e-02   
   270   7.296980e+00 -2.405363e-01   
   271   5.406408e+00  3.002442e-02   
   272   7.879991e+00 -5.656566e-01   
   273   7.678526e+00 -4.240815e-01   
   274   6.414435e+00  3.954620e-02   
   275   6.714031e+00 -1.217644e-02   
   276   4.471238e+00 -2.297282e-01   
   277   6.982251e+00 -7.162454e-02   
   278   4.837058e+00 -5.993037e-02   
   279   4.090074e+00 -4.040404e-01   
   280   7.503573e+00 -2.658764e-01   
   281   5.664289e+00  1.266322e-01   
   282   5.223947e+00  7.342576e-02   
   283   7.191610e+00 -9.973020e-02   
   284   4.279868e+00 -2.360762e-01   
   285   4.649974e+00 -6.473780e-02   
   286   5.965629e+00  1.817514e-01   
   287   6.274921e+00  1.753923e-01   
   288   6.589086e+00  1.321415e-01   
   289   5.035770e+00  8.627669e-02   
   290   6.874114e+00  7.194704e-02   
   291   5.458580e+00  1.767435e-01   
   292   7.889366e+00 -4.040404e-01   
   293   7.362655e+00 -1.065016e-01   
   294   7.701157e+00 -2.541503e-01   
   295   7.111657e+00  2.750244e-02   
   296   4.462890e+00 -6.954524e-02   
   297   4.088499e+00 -2.424242e-01   
   298   4.847593e+00  9.912762e-02   
   299   7.533700e+00 -1.132729e-01   
   300   5.252871e+00  2.268548e-01   
   301   7.292832e+00  1.573571e-02   
   302   6.464142e+00  2.764594e-01   
   303   4.274907e+00 -7.517666e-02   
   304   4.658902e+00  9.602737e-02   
   305   5.789942e+00  3.211065e-01   
   306   6.763738e+00  2.247368e-01   
   307   7.031704e+00  1.547351e-01   
   308   5.055500e+00  2.425202e-01   
   309   7.898740e+00 -2.424242e-01   
   310   6.095259e+00  3.454866e-01   
   311   7.428329e+00  2.753315e-02   
   312   7.241063e+00  1.266294e-01   
   313   7.720907e+00 -9.704050e-02   
   314   5.549113e+00  3.601448e-01   
   315   4.470211e+00  9.292712e-02   
   316   4.086923e+00 -8.080808e-02   
   317   4.858129e+00  2.581856e-01   
   318   7.563827e+00  3.933059e-02   
   319   5.308283e+00  3.991830e-01   
   320   6.938635e+00  3.069597e-01   
   321   6.653362e+00  3.775265e-01   
   322   7.391383e+00  1.569814e-01   
   323   7.189294e+00  2.375231e-01   
   324   4.277779e+00  8.686760e-02   
   325   6.317630e+00  4.476060e-01   
   326   4.667830e+00  2.567925e-01   
   327   7.908115e+00 -8.080808e-02   
   328   5.098810e+00  4.120853e-01   
   329   5.915596e+00  5.155809e-01   
   330   7.740658e+00  6.006934e-02   
   331   4.477532e+00  2.553995e-01   
   332   4.085348e+00  8.080808e-02   
   333   7.541703e+00  1.873334e-01   
   334   5.639645e+00  5.435460e-01   
   335   4.889338e+00  4.249875e-01   
   336   7.354436e+00  2.864297e-01   
   337   6.845567e+00  4.591844e-01   
   338   7.113533e+00  3.891827e-01   
   339   6.540001e+00  5.497253e-01   
   340   4.280652e+00  2.489119e-01   
   341   5.363694e+00  5.715112e-01   
   342   4.691548e+00  4.238013e-01   
   343   6.171118e+00  6.187525e-01   
   344   7.917490e+00  8.080808e-02   
   345   7.721833e+00  2.148788e-01   
   346   5.142120e+00  5.816503e-01   
   347   7.519579e+00  3.353362e-01   
   348   4.493759e+00  4.226150e-01   
   349   4.083772e+00  2.424242e-01   
   350   7.296351e+00  4.435381e-01   
   351   7.037771e+00  5.408423e-01   
   352   4.920546e+00  5.917894e-01   
   353   6.747803e+00  6.334947e-01   
   354   5.882015e+00  7.490126e-01   
   355   4.294385e+00  4.133277e-01   
   356   6.426640e+00  7.219242e-01   
   357   7.901962e+00  2.424242e-01   
   358   5.632725e+00  7.563895e-01   
   359   4.715266e+00  5.908100e-01   
   360   7.703007e+00  3.696883e-01   
   361   5.383435e+00  7.637665e-01   
   362   7.479169e+00  4.978934e-01   
   363   7.238265e+00  6.006465e-01   
   364   4.095011e+00  4.040404e-01   
   365   4.509986e+00  5.898305e-01   
   366   5.167538e+00  7.691800e-01   
   367   6.120509e+00  8.328127e-01   
   368   6.955605e+00  7.172640e-01   
   369   6.650040e+00  8.078049e-01   
   370   4.951641e+00  7.745935e-01   
   371   7.886435e+00  4.040404e-01   
   372   4.308118e+00  5.777435e-01   
   373   7.675038e+00  5.317750e-01   
   374   4.745536e+00  7.748320e-01   
   375   6.359003e+00  9.166128e-01   
   376   7.438758e+00  6.604506e-01   
   377   4.106251e+00  5.656566e-01   
   378   7.163297e+00  7.873818e-01   
   379   5.625806e+00  9.692331e-01   
   380   5.848435e+00  9.824444e-01   
   381   5.403177e+00  9.560217e-01   
   382   4.539430e+00  7.750705e-01   
   383   6.873439e+00  8.936857e-01   
   384   5.192957e+00  9.567096e-01   
   385   7.870908e+00  5.656566e-01   
   386   6.069901e+00  1.046873e+00   
   387   6.576235e+00  1.000311e+00   
   388   4.328460e+00  7.511716e-01   
   389   7.647070e+00  6.938617e-01   
   390   4.982737e+00  9.573975e-01   
   391   7.370988e+00  8.574997e-01   
   392   4.775805e+00  9.588540e-01   
   393   4.117490e+00  7.272727e-01   
   394   6.291366e+00  1.111301e+00   
   395   7.088329e+00  9.741172e-01   
   396   5.624379e+00  1.156305e+00   
   397   4.568874e+00  9.603105e-01   
   398   5.420014e+00  1.141479e+00   
   399   6.793467e+00  1.084009e+00   
   400   7.855381e+00  7.272727e-01   
   401   5.828745e+00  1.171130e+00   
   402   5.219537e+00  1.146893e+00   
   403   4.348801e+00  9.245997e-01   
   404   6.502431e+00  1.192816e+00   
   405   6.031438e+00  1.230017e+00   
   406   7.585221e+00  9.135983e-01   
   407   5.019060e+00  1.152307e+00   
   408   4.128729e+00  8.888889e-01   
   409   7.303219e+00  1.054549e+00   
   410   6.234131e+00  1.288903e+00   
   411   4.815260e+00  1.167512e+00   
   412   7.005098e+00  1.173402e+00   
   413   6.713495e+00  1.274332e+00   
   414   5.436851e+00  1.326937e+00   
   415   5.622953e+00  1.343376e+00   
   416   5.809055e+00  1.359816e+00   
   417   7.799454e+00  9.696970e-01   
   418   4.611460e+00  1.182718e+00   
   419   5.246117e+00  1.337076e+00   
   420   6.432956e+00  1.372715e+00   
   421   5.992975e+00  1.413161e+00   
   422   7.523372e+00  1.133335e+00   
   423   5.055384e+00  1.347216e+00   
   424   4.392997e+00  1.182691e+00   
   425   7.216729e+00  1.262795e+00   
   426   6.176895e+00  1.466505e+00   
   427   6.921867e+00  1.372686e+00   
   428   4.854715e+00  1.376171e+00   
   429   4.174534e+00  1.182665e+00   
   430   6.631781e+00  1.456526e+00   
   431   5.624311e+00  1.503131e+00   
   432   5.791546e+00  1.511597e+00   
   433   5.457076e+00  1.494664e+00   
   434   5.278366e+00  1.515861e+00   
   435   5.955488e+00  1.565236e+00   
   436   7.743526e+00  1.212121e+00   
   437   4.654046e+00  1.405125e+00   
   438   6.363481e+00  1.552613e+00   
   439   7.435556e+00  1.358670e+00   
   440   5.099657e+00  1.537058e+00   
   441   6.119431e+00  1.618876e+00   
   442   7.130240e+00  1.471041e+00   
   443   6.829058e+00  1.564778e+00   
   444   5.774038e+00  1.663378e+00   
   445   4.437192e+00  1.440783e+00   
   446   5.625670e+00  1.662885e+00   
   447   6.550066e+00  1.638721e+00   
   448   5.477302e+00  1.662392e+00   
   449   4.906446e+00  1.581974e+00   
   450   5.918002e+00  1.717312e+00   
   451   6.289512e+00  1.709216e+00   
   452   5.310615e+00  1.694646e+00   
   453   7.654383e+00  1.454545e+00   
   454   4.220339e+00  1.476441e+00   
   455   4.713235e+00  1.626889e+00   
   456   5.759657e+00  1.769321e+00   
   457   6.061966e+00  1.771246e+00   
   458   5.143929e+00  1.726900e+00   
   459   7.347740e+00  1.584005e+00   
   460   5.635379e+00  1.787375e+00   
   461   7.026336e+00  1.673030e+00   
   462   5.511102e+00  1.805429e+00   
   463   6.736249e+00  1.756870e+00   
   464   6.459593e+00  1.799557e+00   
   465   5.874542e+00  1.830960e+00   
   466   6.215544e+00  1.865819e+00   
   467   4.958177e+00  1.787777e+00   
   468   5.745276e+00  1.875265e+00   
   469   5.356340e+00  1.851944e+00   
   470   4.502573e+00  1.687605e+00   
   471   5.989426e+00  1.892599e+00   
   472   5.645089e+00  1.911866e+00   
   473   5.831081e+00  1.944608e+00   
   474   5.201579e+00  1.898459e+00   
   475   5.544902e+00  1.948466e+00   
   476   7.565240e+00  1.696970e+00   
   477   6.635892e+00  1.920657e+00   
   478   6.922432e+00  1.875019e+00   
   479   7.231346e+00  1.806212e+00   
   480   4.772425e+00  1.848653e+00   
   481   6.369121e+00  1.960392e+00   
   482   6.124718e+00  1.994412e+00   
   483   4.291910e+00  1.748322e+00   
   484   5.724102e+00  2.008804e+00   
   485   5.916887e+00  2.013951e+00   
   486   5.402065e+00  2.009242e+00   
   487   5.025956e+00  1.971989e+00   
   488   5.617124e+00  2.073000e+00   
   489   4.567953e+00  1.934428e+00   
   490   5.803116e+00  2.105742e+00   
   491   6.260010e+00  2.096226e+00   
   492   5.259228e+00  2.070018e+00   
   493   6.812191e+00  2.041757e+00   
   494   6.535535e+00  2.084444e+00   
   495   6.033893e+00  2.123006e+00   
   496   4.850334e+00  2.045520e+00   
   497   7.436357e+00  1.939394e+00   
   498   7.114953e+00  2.028419e+00   
   499   5.477326e+00  2.146300e+00   
   500   5.689345e+00  2.197533e+00   
   501   5.093736e+00  2.156202e+00   
   502   5.909224e+00  2.225520e+00   
   503   6.150899e+00  2.232060e+00   
   504   4.363482e+00  2.020202e+00   
   505   5.337528e+00  2.219599e+00   
   506   6.411547e+00  2.227675e+00   
   507   6.701950e+00  2.208496e+00   
   508   4.655868e+00  2.151073e+00   
   509   5.552587e+00  2.283357e+00   
   510   7.001941e+00  2.192596e+00   
   511   5.784555e+00  2.328035e+00   
   512   4.928244e+00  2.242386e+00   
   513   6.015332e+00  2.345298e+00   
   514   7.307473e+00  2.181818e+00   
   515   5.179607e+00  2.312687e+00   
   516   6.287558e+00  2.370905e+00   
   517   5.415828e+00  2.369180e+00   
   518   6.563083e+00  2.359123e+00   
   519   5.644039e+00  2.418960e+00   
   520   6.888930e+00  2.356773e+00   
   521   4.461402e+00  2.256627e+00   
   522   5.879764e+00  2.458536e+00   
   523   5.021687e+00  2.405775e+00   
   524   7.191692e+00  2.343434e+00   
   525   4.743783e+00  2.367719e+00   
   526   6.134047e+00  2.490774e+00   
   527   5.265479e+00  2.469172e+00   
   528   5.503524e+00  2.509886e+00   
   529   6.424217e+00  2.509750e+00   
   530   5.735492e+00  2.554564e+00   
   531   6.741197e+00  2.514749e+00   
   532   5.980535e+00  2.610642e+00   
   533   7.075911e+00  2.505051e+00   
   534   5.115130e+00  2.569164e+00   
   535   4.844163e+00  2.533221e+00   
   536   5.363976e+00  2.608151e+00   
   537   6.252762e+00  2.636249e+00   
   538   4.559322e+00  2.493052e+00   
   539   5.591220e+00  2.650591e+00   
   540   5.820180e+00  2.700892e+00   
   541   6.593464e+00  2.672724e+00   
   542   5.224427e+00  2.706416e+00   
   543   6.919312e+00  2.670374e+00   
   544   5.462472e+00  2.747129e+00   
   545   6.081307e+00  2.762747e+00   
   546   4.944543e+00  2.698723e+00   
   547   4.666639e+00  2.660668e+00   
   548   5.659825e+00  2.791141e+00   
   549   6.392229e+00  2.814928e+00   
   550   5.904869e+00  2.847219e+00   
   551   5.538274e+00  2.857032e+00   
   552   5.333725e+00  2.843667e+00   
   553   6.762712e+00  2.835698e+00   
   554   5.087763e+00  2.848157e+00   
   555   4.773956e+00  2.828283e+00   
   556   5.728431e+00  2.931691e+00   
   557   5.416722e+00  2.922922e+00   
   558   6.190994e+00  2.957131e+00   
   559   5.614075e+00  2.966934e+00   
   560   5.499719e+00  3.002177e+00   
   561   6.531697e+00  2.993607e+00   
   562   5.230983e+00  2.997591e+00   
   563   5.964045e+00  3.039196e+00   
   564   4.951099e+00  2.989899e+00   
   565   5.349672e+00  3.057133e+00   
   566   5.737097e+00  3.121261e+00   
   567   5.602729e+00  3.118968e+00   
   568   5.468361e+00  3.116675e+00   
   569   6.300682e+00  3.151515e+00   
   570   5.128241e+00  3.151515e+00   
   571   5.282622e+00  3.191344e+00   
   572   6.023222e+00  3.231173e+00   
   573   5.437002e+00  3.231173e+00   
   574   5.591382e+00  3.271002e+00   
   575   5.745763e+00  3.310832e+00   
  END_COORDINATES
  BOUNDARIES, ELEMENT
    1         575     573     574         1     
    2         573     570     571         2     
    3         570     555     564         3     
    4         555     538     547         4     
    5         538     504     521         5     
    6         504     454     483         6     
    7         569     575     572         7     
    8         553     569     561         8     
    9         533     553     543         9     
    10         514     533     524         10     
    11         476     514     497         11     
    12         436     476     453         12     
    13         400     436     417         13     
    14         371     400     385         14     
    15         344     371     357         15     
    16         309     344     327         16     
    17         272     309     292         17     
    18         205     272     240         18     
    19         153     205     178         19     
    20         118     153     134         20     
    21         70     118     94         21     
    22         39     70     52         22     
    23         17     39     28         23     
    24         1     17     5         24     
    25         8     1     3         25     
    26         25     8     14         26     
    27         44     25     33         27     
    28         81     44     60         28     
    29         115     81     98         29     
    30         156     115     135         30     
    31         199     156     177         31     
    32         242     199     221         32     
    33         279     242     260         33     
    34         316     279     297         34     
    35         349     316     332         35     
    36         377     349     364         36     
    37         408     377     393         37     
    38         454     408     429         38     
  END_BOUNDARIES
  MATERIALS, NUMBER= 1, DEFAULT=1
  END_MATERIALS
  SUBDOMAINS
  END_SUBDOMAINS
  CHARACTERISTICS
  END_CHARACTERISTICS
