  NODES_PER_ELEMENT
   1 4
   2 4
   3 4
   4 4
   5 4
   6 4
   7 4
   8 4
   9 4
   10 4
   11 4
   12 4
   13 4
   14 4
   15 4
   16 4
   17 4
   18 4
   19 4
   20 4
   21 4
   22 4
   23 4
   24 4
   25 4
   26 4
   27 4
   28 4
   29 4
   30 4
   31 4
   32 4
   33 4
   34 4
   35 4
   36 4
   37 4
   38 4
   39 4
   40 4
   41 4
   42 4
   43 4
   44 4
   45 4
   46 4
   47 4
   48 4
   49 4
   50 4
   51 4
   52 4
   53 4
   54 4
   55 4
   56 4
   57 4
   58 4
   59 4
   60 4
   61 4
   62 4
   63 4
   64 4
   65 4
   66 4
   67 4
   68 4
  END_NODES_PER_ELEMENT
  ELEMENTS
  1 20 16 15 18  
  2 16 12 9 15  
  3 12 3 5 9  
  4 25 20 18 23  
  5 31 25 23 28  
  6 3 1 2 5  
  7 1 4 6 2  
  8 4 11 10 6  
  9 11 21 17 10  
  10 21 26 24 17  
  11 26 32 30 24  
  12 39 31 28 35  
  13 48 39 35 44  
  14 62 48 44 56  
  15 71 62 56 65  
  16 76 71 65 73  
  17 80 76 73 78  
  18 82 80 78 77  
  19 81 82 77 75  
  20 79 81 75 72  
  21 74 79 72 67  
  22 69 74 67 59  
  23 58 69 59 52  
  24 50 58 52 45  
  25 40 50 45 37  
  26 32 40 37 30  
  27 18 15 9 14  
  28 7 14 9 5  
  29 5 2 8 7  
  30 23 18 14 19  
  31 14 7 8 19  
  32 2 6 13 8  
  33 6 10 17 13  
  34 17 24 22 13  
  35 24 30 29 22  
  36 30 37 36 29  
  37 37 45 42 36  
  38 45 52 49 42  
  39 52 59 55 49  
  40 59 67 60 55  
  41 67 72 66 60  
  42 72 75 68 66  
  43 75 77 70 68  
  44 77 78 73 70  
  45 73 65 64 70  
  46 65 56 53 64  
  47 56 44 41 53  
  48 44 35 34 41  
  49 28 23 19 27  
  50 35 28 27 34  
  51 8 13 22 19  
  52 19 22 29 27  
  53 68 70 64 63  
  54 66 68 63 61  
  55 60 66 61 57  
  56 55 60 57 51  
  57 49 55 51 47  
  58 64 53 54 63  
  59 42 49 47 43  
  60 53 41 46 54  
  61 61 63 54 57  
  62 57 54 46 51  
  63 46 43 47 51  
  64 27 29 33 34  
  65 29 36 38 33  
  66 34 33 38 41  
  67 46 41 38 43  
  68 43 38 36 42  
  END_ELEMENTS  
  COORDINATES  
   1   5.915254e+00 -3.288971e+00   
   2   5.877037e+00 -2.669429e+00   
   3   5.237288e+00 -3.212419e+00   
   4   6.568074e+00 -2.989899e+00   
   5   5.418011e+00 -2.681802e+00   
   6   6.367581e+00 -2.527240e+00   
   7   5.487471e+00 -2.334996e+00   
   8   5.807300e+00 -2.179702e+00   
   9   5.071569e+00 -2.517564e+00   
   10   6.707780e+00 -2.410226e+00   
   11   6.936144e+00 -2.666667e+00   
   12   4.773956e+00 -2.828283e+00   
   13   6.318552e+00 -2.053644e+00   
   14   5.243446e+00 -2.162855e+00   
   15   4.855078e+00 -2.409662e+00   
   16   4.631187e+00 -2.585859e+00   
   17   6.819616e+00 -2.036770e+00   
   18   4.867285e+00 -2.130920e+00   
   19   5.547459e+00 -1.667940e+00   
   20   4.488417e+00 -2.343434e+00   
   21   7.307473e+00 -2.181818e+00   
   22   6.270730e+00 -1.488761e+00   
   23   4.883365e+00 -1.616925e+00   
   24   6.939856e+00 -1.501572e+00   
   25   4.270535e+00 -1.696970e+00   
   26   7.610169e+00 -1.595424e+00   
   27   5.531918e+00 -9.036674e-01   
   28   4.840046e+00 -9.546644e-01   
   29   6.277055e+00 -7.318878e-01   
   30   7.050988e+00 -8.678512e-01   
   31   4.148615e+00 -1.050505e+00   
   32   7.789260e+00 -1.050505e+00   
   33   5.946590e+00 -2.770181e-01   
   34   5.456923e+00 -2.401859e-01   
   35   4.792947e+00 -2.354935e-01   
   36   6.575604e+00 -8.290802e-02   
   37   7.197782e+00 -1.874400e-01   
   38   6.099603e+00  1.610106e-01   
   39   4.083772e+00 -2.424242e-01   
   40   7.911190e+00 -2.424242e-01   
   41   5.550778e+00  4.848189e-01   
   42   6.725373e+00  4.404130e-01   
   43   6.321794e+00  5.582189e-01   
   44   4.810784e+00  5.074819e-01   
   45   7.249998e+00  4.535686e-01   
   46   6.008259e+00  8.538078e-01   
   47   6.464506e+00  8.462428e-01   
   48   4.099601e+00  5.656566e-01   
   49   6.754555e+00  8.887158e-01   
   50   7.879991e+00  5.656566e-01   
   51   6.317169e+00  1.091794e+00   
   52   7.194245e+00  1.009373e+00   
   53   5.402556e+00  1.170709e+00   
   54   5.843294e+00  1.280400e+00   
   55   6.638019e+00  1.276051e+00   
   56   4.824448e+00  1.212094e+00   
   57   6.166818e+00  1.418659e+00   
   58   7.743526e+00  1.212121e+00   
   59   7.027916e+00  1.524136e+00   
   60   6.455213e+00  1.642150e+00   
   61   6.069274e+00  1.673730e+00   
   62   4.200051e+00  1.373737e+00   
   63   5.800545e+00  1.688794e+00   
   64   5.403520e+00  1.713112e+00   
   65   4.908109e+00  1.806163e+00   
   66   6.225894e+00  1.927649e+00   
   67   6.790342e+00  1.952535e+00   
   68   5.893056e+00  2.090632e+00   
   69   7.489057e+00  1.858586e+00   
   70   5.480250e+00  2.191501e+00   
   71   4.363482e+00  2.020202e+00   
   72   6.462346e+00  2.316510e+00   
   73   5.036367e+00  2.288628e+00   
   74   7.197551e+00  2.343434e+00   
   75   6.062742e+00  2.557572e+00   
   76   4.565617e+00  2.505051e+00   
   77   5.574414e+00  2.676975e+00   
   78   5.178395e+00  2.651785e+00   
   79   6.770405e+00  2.828283e+00   
   80   4.919072e+00  2.989899e+00   
   81   6.300682e+00  3.151515e+00   
   82   5.576271e+00  3.307042e+00   
  END_COORDINATES
  BOUNDARIES, ELEMENT
    1         20     16         1     
    2         16     12         2     
    3         12     3         3     
    4         25     20         4     
    5         31     25         5     
    6         3     1         6     
    7         1     4         7     
    8         4     11         8     
    9         11     21         9     
    10         21     26         10     
    11         26     32         11     
    12         39     31         12     
    13         48     39         13     
    14         62     48         14     
    15         71     62         15     
    16         76     71         16     
    17         80     76         17     
    18         82     80         18     
    19         81     82         19     
    20         79     81         20     
    21         74     79         21     
    22         69     74         22     
    23         58     69         23     
    24         50     58         24     
    25         40     50         25     
    26         32     40         26     
  END_BOUNDARIES
  MATERIALS, NUMBER= 1, DEFAULT=1
  END_MATERIALS
  SUBDOMAINS
  END_SUBDOMAINS
  CHARACTERISTICS
  END_CHARACTERISTICS
