  NODES_PER_ELEMENT
   1 9
   2 9
   3 9
   4 9
   5 9
   6 9
   7 9
   8 9
   9 9
   10 9
   11 9
   12 9
   13 9
   14 9
   15 9
   16 9
   17 9
   18 9
   19 9
   20 9
   21 9
   22 9
   23 9
   24 9
   25 9
   26 9
   27 9
   28 9
   29 9
   30 9
   31 9
   32 9
   33 9
   34 9
   35 9
   36 9
   37 9
   38 9
   39 9
   40 9
   41 9
   42 9
   43 9
   44 9
   45 9
   46 9
   47 9
   48 9
   49 9
   50 9
   51 9
   52 9
   53 9
   54 9
   55 9
   56 9
   57 9
   58 9
   59 9
   60 9
   61 9
   62 9
   63 9
   64 9
   65 9
   66 9
   67 9
   68 9
   69 9
   70 9
   71 9
   72 9
   73 9
   74 9
   75 9
   76 9
   77 9
   78 9
   79 9
   80 9
   81 9
   82 9
   83 9
   84 9
   85 9
   86 9
   87 9
   88 9
   89 9
   90 9
   91 9
   92 9
   93 9
   94 9
   95 9
   96 9
   97 9
   98 9
   99 9
   100 9
   101 9
   102 9
   103 9
   104 9
   105 9
   106 9
   107 9
   108 9
   109 9
   110 9
   111 9
   112 9
   113 9
   114 9
   115 9
   116 9
   117 9
   118 9
   119 9
   120 9
   121 9
   122 9
   123 9
   124 9
   125 9
   126 9
   127 9
   128 9
   129 9
   130 9
   131 9
   132 9
   133 9
   134 9
   135 9
   136 9
   137 9
   138 9
   139 9
   140 9
   141 9
   142 9
   143 9
   144 9
   145 9
   146 9
   147 9
   148 9
   149 9
   150 9
   151 9
   152 9
   153 9
   154 9
   155 9
   156 9
   157 9
   158 9
   159 9
   160 9
   161 9
   162 9
   163 9
   164 9
   165 9
   166 9
   167 9
   168 9
   169 9
   170 9
   171 9
   172 9
   173 9
   174 9
   175 9
   176 9
   177 9
   178 9
   179 9
   180 9
   181 9
   182 9
   183 9
   184 9
   185 9
   186 9
   187 9
   188 9
   189 9
   190 9
   191 9
   192 9
   193 9
   194 9
   195 9
   196 9
   197 9
   198 9
   199 9
   200 9
   201 9
   202 9
   203 9
   204 9
   205 9
   206 9
   207 9
   208 9
   209 9
   210 9
   211 9
   212 9
   213 9
   214 9
   215 9
   216 9
   217 9
   218 9
   219 9
   220 9
  END_NODES_PER_ELEMENT
  ELEMENTS
  1 5 9 6 1 8 7 3 2 4  
  2 16 21 9 5 18 14 8 10 12  
  3 34 39 21 16 37 29 18 23 27  
  4 57 63 39 34 61 51 37 44 47  
  5 89 93 63 57 91 76 61 72 74  
  6 122 130 93 89 124 111 91 105 107  
  7 167 171 130 122 169 151 124 144 147  
  8 215 222 171 167 217 196 169 191 194  
  9 270 278 222 215 272 251 217 242 246  
  10 334 339 278 270 336 305 272 301 303  
  11 401 408 339 334 406 372 336 364 366  
  12 9 22 17 6 15 19 11 7 13  
  13 21 31 22 9 26 25 15 14 20  
  14 39 50 31 21 43 40 26 29 32  
  15 63 70 50 39 67 59 43 51 54  
  16 93 101 70 63 97 84 67 76 82  
  17 130 139 101 93 135 120 97 111 114  
  18 171 182 139 130 177 159 135 151 153  
  19 222 231 182 171 225 204 177 196 202  
  20 278 288 231 222 280 257 225 251 255  
  21 339 348 288 278 342 317 280 305 311  
  22 408 417 348 339 413 381 342 372 377  
  23 22 38 35 17 30 36 24 19 28  
  24 31 49 38 22 41 42 30 25 33  
  25 50 65 49 31 56 55 41 40 46  
  26 70 87 65 50 81 77 56 59 69  
  27 101 118 87 70 109 103 81 84 96  
  28 139 155 118 101 143 136 109 120 128  
  29 182 198 155 139 186 176 143 159 165  
  30 231 248 198 182 237 223 186 204 211  
  31 288 299 248 231 293 275 237 257 265  
  32 348 362 299 288 354 330 293 317 322  
  33 417 430 362 348 424 394 354 381 389  
  34 38 64 58 35 52 62 45 36 48  
  35 49 71 64 38 60 66 52 42 53  
  36 65 88 71 49 78 80 60 55 68  
  37 87 113 88 65 99 100 78 77 86  
  38 118 141 113 87 132 127 99 103 116  
  39 155 180 141 118 163 160 132 136 149  
  40 198 219 180 155 209 201 163 176 184  
  41 248 269 219 198 256 240 209 223 233  
  42 299 323 269 248 315 296 256 275 285  
  43 362 387 323 299 374 357 315 330 344  
  44 430 451 387 362 441 422 374 394 409  
  45 64 94 90 58 79 92 73 62 75  
  46 71 102 94 64 85 98 79 66 83  
  47 88 119 102 71 104 110 85 80 95  
  48 113 142 119 88 126 133 104 100 117  
  49 141 173 142 113 157 158 126 127 140  
  50 180 207 173 141 190 188 157 160 174  
  51 219 252 207 180 235 229 190 201 212  
  52 269 297 252 219 282 273 235 240 260  
  53 323 352 297 269 340 326 282 296 313  
  54 387 415 352 323 395 385 340 357 367  
  55 451 473 415 387 461 445 395 422 435  
  56 94 131 123 90 112 125 106 92 108  
  57 102 138 131 94 121 134 112 98 115  
  58 119 156 138 102 137 146 121 110 129  
  59 142 181 156 119 161 164 137 133 150  
  60 173 208 181 142 189 193 161 158 175  
  61 207 239 208 173 228 226 189 188 206  
  62 252 287 239 207 266 262 228 229 244  
  63 297 332 287 252 320 310 266 273 291  
  64 352 391 332 297 371 361 320 326 346  
  65 415 446 391 352 432 419 371 385 399  
  66 473 500 446 415 485 475 432 445 459  
  67 131 172 168 123 152 170 145 125 148  
  68 138 183 172 131 162 178 152 134 154  
  69 156 199 183 138 179 187 162 146 166  
  70 181 220 199 156 200 210 179 164 185  
  71 208 253 220 181 230 236 200 193 213  
  72 239 290 253 208 263 267 230 226 245  
  73 287 327 290 239 306 307 263 262 284  
  74 332 380 327 287 355 351 306 310 329  
  75 391 429 380 332 411 405 355 361 383  
  76 446 481 429 391 463 457 411 419 437  
  77 500 528 481 446 514 505 463 475 487  
  78 172 221 216 168 197 218 192 170 195  
  79 183 232 221 172 205 227 197 178 203  
  80 199 249 232 183 224 238 205 187 214  
  81 220 268 249 199 241 259 224 210 234  
  82 253 298 268 220 277 283 241 236 261  
  83 290 333 298 253 309 318 277 267 292  
  84 327 379 333 290 350 356 309 307 328  
  85 380 425 379 327 397 396 350 351 376  
  86 429 470 425 380 454 449 397 405 427  
  87 481 515 470 429 494 492 454 457 478  
  88 528 559 515 481 543 538 494 505 519  
  89 221 279 271 216 250 276 243 218 247  
  90 232 289 279 221 258 281 250 227 254  
  91 249 300 289 232 274 294 258 238 264  
  92 268 324 300 249 295 316 274 259 286  
  93 298 353 324 268 325 341 295 283 314  
  94 333 392 353 298 360 370 325 318 345  
  95 379 428 392 333 404 412 360 356 384  
  96 425 469 428 379 448 453 404 396 426  
  97 470 508 469 425 491 490 448 449 467  
  98 515 547 508 470 532 529 491 492 509  
  99 559 592 547 515 575 570 532 538 554  
  100 279 338 335 271 308 337 302 276 304  
  101 289 349 338 279 319 343 308 281 312  
  102 300 363 349 289 331 358 319 294 321  
  103 324 388 363 300 359 375 331 316 347  
  104 353 416 388 324 386 398 359 341 368  
  105 392 447 416 353 420 433 386 370 400  
  106 428 482 447 392 456 464 420 412 438  
  107 469 516 482 428 493 495 456 453 477  
  108 508 548 516 469 530 533 493 490 512  
  109 547 586 548 508 567 568 530 529 546  
  110 592 625 586 547 609 603 567 570 590  
  111 338 407 402 335 373 403 365 337 369  
  112 349 418 407 338 382 414 373 343 378  
  113 363 431 418 349 393 423 382 358 390  
  114 388 452 431 363 421 442 393 375 410  
  115 416 472 452 388 444 462 421 398 434  
  116 447 499 472 416 474 484 444 433 458  
  117 482 527 499 447 504 513 474 464 486  
  118 516 558 527 482 536 542 504 495 520  
  119 548 591 558 516 569 574 536 533 553  
  120 586 624 591 548 602 608 569 568 589  
  121 625 661 624 586 642 641 602 603 623  
  122 407 471 465 402 440 466 436 403 439  
  123 418 479 471 407 450 476 440 414 443  
  124 431 489 479 418 460 483 450 423 455  
  125 452 506 489 431 480 496 460 442 468  
  126 472 523 506 452 502 517 480 462 488  
  127 499 545 523 472 521 537 502 484 511  
  128 527 573 545 499 549 561 521 513 539  
  129 558 600 573 527 579 588 549 542 564  
  130 591 630 600 558 614 616 579 574 595  
  131 624 664 630 591 646 649 614 608 627  
  132 661 696 664 624 678 679 646 641 663  
  133 471 526 524 465 501 525 497 466 498  
  134 479 535 526 471 507 531 501 476 503  
  135 489 544 535 479 518 540 507 483 510  
  136 506 560 544 489 534 550 518 496 522  
  137 523 576 560 506 551 566 534 517 541  
  138 545 596 576 523 572 585 551 537 563  
  139 573 619 596 545 598 606 572 561 584  
  140 600 647 619 573 622 633 598 588 612  
  141 630 673 647 600 651 659 622 616 638  
  142 664 704 673 630 683 688 651 649 670  
  143 696 736 704 664 718 720 683 679 699  
  144 526 581 578 524 556 580 552 525 555  
  145 535 587 581 526 562 583 556 531 557  
  146 544 597 587 535 571 593 562 540 565  
  147 560 610 597 544 582 601 571 550 577  
  148 576 626 610 560 599 617 582 566 594  
  149 596 645 626 576 620 636 599 585 613  
  150 619 666 645 596 643 653 620 606 629  
  151 647 690 666 619 669 675 643 633 654  
  152 673 717 690 647 695 703 669 659 680  
  153 704 744 717 673 724 729 695 688 708  
  154 736 774 744 704 753 759 724 720 741  
  155 581 634 631 578 607 632 604 580 605  
  156 587 639 634 581 615 637 607 583 611  
  157 597 648 639 587 621 644 615 593 618  
  158 610 658 648 597 635 652 621 601 628  
  159 626 674 658 610 650 667 635 617 640  
  160 645 693 674 626 668 681 650 636 657  
  161 666 711 693 645 689 701 668 653 676  
  162 690 732 711 666 712 722 689 675 700  
  163 717 757 732 690 738 746 712 703 726  
  164 744 785 757 717 765 772 738 729 750  
  165 774 814 785 744 794 798 765 759 778  
  166 634 686 682 631 660 684 655 632 656  
  167 639 691 686 634 665 687 660 637 662  
  168 648 697 691 639 672 694 665 644 671  
  169 658 706 697 648 685 702 672 652 677  
  170 674 721 706 658 698 715 685 667 692  
  171 693 739 721 674 714 728 698 681 705  
  172 711 755 739 693 734 749 714 701 725  
  173 732 777 755 711 754 767 734 722 745  
  174 757 802 777 732 779 790 754 746 768  
  175 785 827 802 757 805 815 779 772 793  
  176 814 851 827 785 832 840 805 798 820  
  177 686 735 731 682 710 733 707 684 709  
  178 691 742 735 686 716 737 710 687 713  
  179 697 748 742 691 723 743 716 694 719  
  180 706 756 748 697 730 751 723 702 727  
  181 721 770 756 706 747 764 730 715 740  
  182 739 786 770 721 762 776 747 728 752  
  183 755 803 786 739 780 795 762 749 771  
  184 777 822 803 755 799 813 780 767 791  
  185 802 844 822 777 823 831 799 790 811  
  186 827 869 844 802 847 855 823 815 835  
  187 851 895 869 827 874 880 847 840 861  
  188 735 784 782 731 761 783 758 733 760  
  189 742 789 784 735 766 787 761 737 763  
  190 748 797 789 742 773 792 766 743 769  
  191 756 804 797 748 781 800 773 751 775  
  192 770 819 804 756 796 810 781 764 788  
  193 786 829 819 770 807 824 796 776 801  
  194 803 849 829 786 826 841 807 795 817  
  195 822 868 849 803 846 857 826 813 836  
  196 844 888 868 822 867 876 846 831 854  
  197 869 907 888 844 890 898 867 855 877  
  198 895 922 907 869 910 915 890 880 902  
  199 784 834 830 782 809 833 806 783 808  
  200 789 839 834 784 816 838 809 787 812  
  201 797 845 839 789 821 842 816 792 818  
  202 804 852 845 797 828 850 821 800 825  
  203 819 865 852 804 843 859 828 810 837  
  204 829 878 865 819 853 871 843 824 848  
  205 849 894 878 829 872 886 853 841 864  
  206 868 909 894 849 892 903 872 857 879  
  207 888 918 909 868 906 914 892 876 899  
  208 907 928 918 888 920 924 906 898 913  
  209 922 937 928 907 930 933 920 915 926  
  210 834 884 881 830 860 882 856 833 858  
  211 839 887 884 834 863 885 860 838 862  
  212 845 893 887 839 870 891 863 842 866  
  213 852 900 893 845 875 897 870 850 873  
  214 865 908 900 852 889 904 875 859 883  
  215 878 916 908 865 901 912 889 871 896  
  216 894 923 916 878 911 919 901 886 905  
  217 909 931 923 894 921 927 911 903 917  
  218 918 936 931 909 929 934 921 914 925  
  219 928 940 936 918 935 938 929 924 932  
  220 937 943 940 928 941 942 935 933 939  
  END_ELEMENTS  
  COORDINATES  
   1   3.500000e+00 -5.000000e+00   
   2   3.750000e+00 -5.000000e+00   
   3   3.500000e+00 -4.750000e+00   
   4   3.750000e+00 -4.750000e+00   
   5   4.000000e+00 -5.000000e+00   
   6   3.500000e+00 -4.500000e+00   
   7   3.750000e+00 -4.500000e+00   
   8   4.000000e+00 -4.750000e+00   
   9   4.000000e+00 -4.500000e+00   
   10   4.250000e+00 -5.000000e+00   
   11   3.500000e+00 -4.250000e+00   
   12   4.250000e+00 -4.750000e+00   
   13   3.750000e+00 -4.250000e+00   
   14   4.250000e+00 -4.500000e+00   
   15   4.000000e+00 -4.250000e+00   
   16   4.500000e+00 -5.000000e+00   
   17   3.500000e+00 -4.000000e+00   
   18   4.500000e+00 -4.750000e+00   
   19   3.750000e+00 -4.000000e+00   
   20   4.250000e+00 -4.250000e+00   
   21   4.500000e+00 -4.500000e+00   
   22   4.000000e+00 -4.000000e+00   
   23   4.750000e+00 -5.000000e+00   
   24   3.500000e+00 -3.750000e+00   
   25   4.250000e+00 -4.000000e+00   
   26   4.500000e+00 -4.250000e+00   
   27   4.750000e+00 -4.750000e+00   
   28   3.750000e+00 -3.750000e+00   
   29   4.750000e+00 -4.500000e+00   
   30   4.000000e+00 -3.750000e+00   
   31   4.500000e+00 -4.000000e+00   
   32   4.750000e+00 -4.250000e+00   
   33   4.250000e+00 -3.750000e+00   
   34   5.000000e+00 -5.000000e+00   
   35   3.500000e+00 -3.500000e+00   
   36   3.750000e+00 -3.500000e+00   
   37   5.000000e+00 -4.750000e+00   
   38   4.000000e+00 -3.500000e+00   
   39   5.000000e+00 -4.500000e+00   
   40   4.750000e+00 -4.000000e+00   
   41   4.500000e+00 -3.750000e+00   
   42   4.250000e+00 -3.500000e+00   
   43   5.000000e+00 -4.250000e+00   
   44   5.250000e+00 -5.000000e+00   
   45   3.500000e+00 -3.250000e+00   
   46   4.750000e+00 -3.750000e+00   
   47   5.250000e+00 -4.750000e+00   
   48   3.750000e+00 -3.250000e+00   
   49   4.500000e+00 -3.500000e+00   
   50   5.000000e+00 -4.000000e+00   
   51   5.250000e+00 -4.500000e+00   
   52   4.000000e+00 -3.250000e+00   
   53   4.250000e+00 -3.250000e+00   
   54   5.250000e+00 -4.250000e+00   
   55   4.750000e+00 -3.500000e+00   
   56   5.000000e+00 -3.750000e+00   
   57   5.500000e+00 -5.000000e+00   
   58   3.500000e+00 -3.000000e+00   
   59   5.250000e+00 -4.000000e+00   
   60   4.500000e+00 -3.250000e+00   
   61   5.500000e+00 -4.750000e+00   
   62   3.750000e+00 -3.000000e+00   
   63   5.500000e+00 -4.500000e+00   
   64   4.000000e+00 -3.000000e+00   
   65   5.000000e+00 -3.500000e+00   
   66   4.250000e+00 -3.000000e+00   
   67   5.500000e+00 -4.250000e+00   
   68   4.750000e+00 -3.250000e+00   
   69   5.250000e+00 -3.750000e+00   
   70   5.500000e+00 -4.000000e+00   
   71   4.500000e+00 -3.000000e+00   
   72   5.750000e+00 -5.000000e+00   
   73   3.500000e+00 -2.750000e+00   
   74   5.750000e+00 -4.750000e+00   
   75   3.750000e+00 -2.750000e+00   
   76   5.750000e+00 -4.500000e+00   
   77   5.250000e+00 -3.500000e+00   
   78   5.000000e+00 -3.250000e+00   
   79   4.000000e+00 -2.750000e+00   
   80   4.750000e+00 -3.000000e+00   
   81   5.500000e+00 -3.750000e+00   
   82   5.750000e+00 -4.250000e+00   
   83   4.250000e+00 -2.750000e+00   
   84   5.750000e+00 -4.000000e+00   
   85   4.500000e+00 -2.750000e+00   
   86   5.250000e+00 -3.250000e+00   
   87   5.500000e+00 -3.500000e+00   
   88   5.000000e+00 -3.000000e+00   
   89   6.000000e+00 -5.000000e+00   
   90   3.500000e+00 -2.500000e+00   
   91   6.000000e+00 -4.750000e+00   
   92   3.750000e+00 -2.500000e+00   
   93   6.000000e+00 -4.500000e+00   
   94   4.000000e+00 -2.500000e+00   
   95   4.750000e+00 -2.750000e+00   
   96   5.750000e+00 -3.750000e+00   
   97   6.000000e+00 -4.250000e+00   
   98   4.250000e+00 -2.500000e+00   
   99   5.500000e+00 -3.250000e+00   
   100   5.250000e+00 -3.000000e+00   
   101   6.000000e+00 -4.000000e+00   
   102   4.500000e+00 -2.500000e+00   
   103   5.750000e+00 -3.500000e+00   
   104   5.000000e+00 -2.750000e+00   
   105   6.250000e+00 -5.000000e+00   
   106   3.500000e+00 -2.250000e+00   
   107   6.250000e+00 -4.750000e+00   
   108   3.750000e+00 -2.250000e+00   
   109   6.000000e+00 -3.750000e+00   
   110   4.750000e+00 -2.500000e+00   
   111   6.250000e+00 -4.500000e+00   
   112   4.000000e+00 -2.250000e+00   
   113   5.500000e+00 -3.000000e+00   
   114   6.250000e+00 -4.250000e+00   
   115   4.250000e+00 -2.250000e+00   
   116   5.750000e+00 -3.250000e+00   
   117   5.250000e+00 -2.750000e+00   
   118   6.000000e+00 -3.500000e+00   
   119   5.000000e+00 -2.500000e+00   
   120   6.250000e+00 -4.000000e+00   
   121   4.500000e+00 -2.250000e+00   
   122   6.500000e+00 -5.000000e+00   
   123   3.500000e+00 -2.000000e+00   
   124   6.500000e+00 -4.750000e+00   
   125   3.750000e+00 -2.000000e+00   
   126   5.500000e+00 -2.750000e+00   
   127   5.750000e+00 -3.000000e+00   
   128   6.250000e+00 -3.750000e+00   
   129   4.750000e+00 -2.250000e+00   
   130   6.500000e+00 -4.500000e+00   
   131   4.000000e+00 -2.000000e+00   
   132   6.000000e+00 -3.250000e+00   
   133   5.250000e+00 -2.500000e+00   
   134   4.250000e+00 -2.000000e+00   
   135   6.500000e+00 -4.250000e+00   
   136   6.250000e+00 -3.500000e+00   
   137   5.000000e+00 -2.250000e+00   
   138   4.500000e+00 -2.000000e+00   
   139   6.500000e+00 -4.000000e+00   
   140   5.750000e+00 -2.750000e+00   
   141   6.000000e+00 -3.000000e+00   
   142   5.500000e+00 -2.500000e+00   
   143   6.500000e+00 -3.750000e+00   
   144   6.750000e+00 -5.000000e+00   
   145   3.500000e+00 -1.750000e+00   
   146   4.750000e+00 -2.000000e+00   
   147   6.750000e+00 -4.750000e+00   
   148   3.750000e+00 -1.750000e+00   
   149   6.250000e+00 -3.250000e+00   
   150   5.250000e+00 -2.250000e+00   
   151   6.750000e+00 -4.500000e+00   
   152   4.000000e+00 -1.750000e+00   
   153   6.750000e+00 -4.250000e+00   
   154   4.250000e+00 -1.750000e+00   
   155   6.500000e+00 -3.500000e+00   
   156   5.000000e+00 -2.000000e+00   
   157   6.000000e+00 -2.750000e+00   
   158   5.750000e+00 -2.500000e+00   
   159   6.750000e+00 -4.000000e+00   
   160   6.250000e+00 -3.000000e+00   
   161   5.500000e+00 -2.250000e+00   
   162   4.500000e+00 -1.750000e+00   
   163   6.500000e+00 -3.250000e+00   
   164   5.250000e+00 -2.000000e+00   
   165   6.750000e+00 -3.750000e+00   
   166   4.750000e+00 -1.750000e+00   
   167   7.000000e+00 -5.000000e+00   
   168   3.500000e+00 -1.500000e+00   
   169   7.000000e+00 -4.750000e+00   
   170   3.750000e+00 -1.500000e+00   
   171   7.000000e+00 -4.500000e+00   
   172   4.000000e+00 -1.500000e+00   
   173   6.000000e+00 -2.500000e+00   
   174   6.250000e+00 -2.750000e+00   
   175   5.750000e+00 -2.250000e+00   
   176   6.750000e+00 -3.500000e+00   
   177   7.000000e+00 -4.250000e+00   
   178   4.250000e+00 -1.500000e+00   
   179   5.000000e+00 -1.750000e+00   
   180   6.500000e+00 -3.000000e+00   
   181   5.500000e+00 -2.000000e+00   
   182   7.000000e+00 -4.000000e+00   
   183   4.500000e+00 -1.500000e+00   
   184   6.750000e+00 -3.250000e+00   
   185   5.250000e+00 -1.750000e+00   
   186   7.000000e+00 -3.750000e+00   
   187   4.750000e+00 -1.500000e+00   
   188   6.250000e+00 -2.500000e+00   
   189   6.000000e+00 -2.250000e+00   
   190   6.500000e+00 -2.750000e+00   
   191   7.250000e+00 -5.000000e+00   
   192   3.500000e+00 -1.250000e+00   
   193   5.750000e+00 -2.000000e+00   
   194   7.250000e+00 -4.750000e+00   
   195   3.750000e+00 -1.250000e+00   
   196   7.250000e+00 -4.500000e+00   
   197   4.000000e+00 -1.250000e+00   
   198   7.000000e+00 -3.500000e+00   
   199   5.000000e+00 -1.500000e+00   
   200   5.500000e+00 -1.750000e+00   
   201   6.750000e+00 -3.000000e+00   
   202   7.250000e+00 -4.250000e+00   
   203   4.250000e+00 -1.250000e+00   
   204   7.250000e+00 -4.000000e+00   
   205   4.500000e+00 -1.250000e+00   
   206   6.250000e+00 -2.250000e+00   
   207   6.500000e+00 -2.500000e+00   
   208   6.000000e+00 -2.000000e+00   
   209   7.000000e+00 -3.250000e+00   
   210   5.250000e+00 -1.500000e+00   
   211   7.250000e+00 -3.750000e+00   
   212   6.750000e+00 -2.750000e+00   
   213   5.750000e+00 -1.750000e+00   
   214   4.750000e+00 -1.250000e+00   
   215   7.500000e+00 -5.000000e+00   
   216   3.500000e+00 -1.000000e+00   
   217   7.500000e+00 -4.750000e+00   
   218   3.750000e+00 -1.000000e+00   
   219   7.000000e+00 -3.000000e+00   
   220   5.500000e+00 -1.500000e+00   
   221   4.000000e+00 -1.000000e+00   
   222   7.500000e+00 -4.500000e+00   
   223   7.250000e+00 -3.500000e+00   
   224   5.000000e+00 -1.250000e+00   
   225   7.500000e+00 -4.250000e+00   
   226   6.250000e+00 -2.000000e+00   
   227   4.250000e+00 -1.000000e+00   
   228   6.500000e+00 -2.250000e+00   
   229   6.750000e+00 -2.500000e+00   
   230   6.000000e+00 -1.750000e+00   
   231   7.500000e+00 -4.000000e+00   
   232   4.500000e+00 -1.000000e+00   
   233   7.250000e+00 -3.250000e+00   
   234   5.250000e+00 -1.250000e+00   
   235   7.000000e+00 -2.750000e+00   
   236   5.750000e+00 -1.500000e+00   
   237   7.500000e+00 -3.750000e+00   
   238   4.750000e+00 -1.000000e+00   
   239   6.500000e+00 -2.000000e+00   
   240   7.250000e+00 -3.000000e+00   
   241   5.500000e+00 -1.250000e+00   
   242   7.750000e+00 -5.000000e+00   
   243   3.500000e+00 -7.500000e-01   
   244   6.750000e+00 -2.250000e+00   
   245   6.250000e+00 -1.750000e+00   
   246   7.750000e+00 -4.750000e+00   
   247   3.750000e+00 -7.500000e-01   
   248   7.500000e+00 -3.500000e+00   
   249   5.000000e+00 -1.000000e+00   
   250   4.000000e+00 -7.500000e-01   
   251   7.750000e+00 -4.500000e+00   
   252   7.000000e+00 -2.500000e+00   
   253   6.000000e+00 -1.500000e+00   
   254   4.250000e+00 -7.500000e-01   
   255   7.750000e+00 -4.250000e+00   
   256   7.500000e+00 -3.250000e+00   
   257   7.750000e+00 -4.000000e+00   
   258   4.500000e+00 -7.500000e-01   
   259   5.250000e+00 -1.000000e+00   
   260   7.250000e+00 -2.750000e+00   
   261   5.750000e+00 -1.250000e+00   
   262   6.750000e+00 -2.000000e+00   
   263   6.500000e+00 -1.750000e+00   
   264   4.750000e+00 -7.500000e-01   
   265   7.750000e+00 -3.750000e+00   
   266   7.000000e+00 -2.250000e+00   
   267   6.250000e+00 -1.500000e+00   
   268   5.500000e+00 -1.000000e+00   
   269   7.500000e+00 -3.000000e+00   
   270   8.000000e+00 -5.000000e+00   
   271   3.500000e+00 -5.000000e-01   
   272   8.000000e+00 -4.750000e+00   
   273   7.250000e+00 -2.500000e+00   
   274   5.000000e+00 -7.500000e-01   
   275   7.750000e+00 -3.500000e+00   
   276   3.750000e+00 -5.000000e-01   
   277   6.000000e+00 -1.250000e+00   
   278   8.000000e+00 -4.500000e+00   
   279   4.000000e+00 -5.000000e-01   
   280   8.000000e+00 -4.250000e+00   
   281   4.250000e+00 -5.000000e-01   
   282   7.500000e+00 -2.750000e+00   
   283   5.750000e+00 -1.000000e+00   
   284   6.750000e+00 -1.750000e+00   
   285   7.750000e+00 -3.250000e+00   
   286   5.250000e+00 -7.500000e-01   
   287   7.000000e+00 -2.000000e+00   
   288   8.000000e+00 -4.000000e+00   
   289   4.500000e+00 -5.000000e-01   
   290   6.500000e+00 -1.500000e+00   
   291   7.250000e+00 -2.250000e+00   
   292   6.250000e+00 -1.250000e+00   
   293   8.000000e+00 -3.750000e+00   
   294   4.750000e+00 -5.000000e-01   
   295   5.500000e+00 -7.500000e-01   
   296   7.750000e+00 -3.000000e+00   
   297   7.500000e+00 -2.500000e+00   
   298   6.000000e+00 -1.000000e+00   
   299   8.000000e+00 -3.500000e+00   
   300   5.000000e+00 -5.000000e-01   
   301   8.250000e+00 -5.000000e+00   
   302   3.500000e+00 -2.500000e-01   
   303   8.250000e+00 -4.750000e+00   
   304   3.750000e+00 -2.500000e-01   
   305   8.250000e+00 -4.500000e+00   
   306   7.000000e+00 -1.750000e+00   
   307   6.750000e+00 -1.500000e+00   
   308   4.000000e+00 -2.500000e-01   
   309   6.500000e+00 -1.250000e+00   
   310   7.250000e+00 -2.000000e+00   
   311   8.250000e+00 -4.250000e+00   
   312   4.250000e+00 -2.500000e-01   
   313   7.750000e+00 -2.750000e+00   
   314   5.750000e+00 -7.500000e-01   
   315   8.000000e+00 -3.250000e+00   
   316   5.250000e+00 -5.000000e-01   
   317   8.250000e+00 -4.000000e+00   
   318   6.250000e+00 -1.000000e+00   
   319   4.500000e+00 -2.500000e-01   
   320   7.500000e+00 -2.250000e+00   
   321   4.750000e+00 -2.500000e-01   
   322   8.250000e+00 -3.750000e+00   
   323   8.000000e+00 -3.000000e+00   
   324   5.500000e+00 -5.000000e-01   
   325   6.000000e+00 -7.500000e-01   
   326   7.750000e+00 -2.500000e+00   
   327   7.000000e+00 -1.500000e+00   
   328   6.750000e+00 -1.250000e+00   
   329   7.250000e+00 -1.750000e+00   
   330   8.250000e+00 -3.500000e+00   
   331   5.000000e+00 -2.500000e-01   
   332   7.500000e+00 -2.000000e+00   
   333   6.500000e+00 -1.000000e+00   
   334   8.500000e+00 -5.000000e+00   
   335   3.500000e+00  0.000000e+00   
   336   8.500000e+00 -4.750000e+00   
   337   3.750000e+00 -8.881784e-16   
   338   4.000000e+00 -8.881784e-16   
   339   8.500000e+00 -4.500000e+00   
   340   8.000000e+00 -2.750000e+00   
   341   5.750000e+00 -5.000000e-01   
   342   8.500000e+00 -4.250000e+00   
   343   4.250000e+00  0.000000e+00   
   344   8.250000e+00 -3.250000e+00   
   345   6.250000e+00 -7.500000e-01   
   346   7.750000e+00 -2.250000e+00   
   347   5.250000e+00 -2.500000e-01   
   348   8.500000e+00 -4.000000e+00   
   349   4.500000e+00  0.000000e+00   
   350   7.000000e+00 -1.250000e+00   
   351   7.250000e+00 -1.500000e+00   
   352   8.000000e+00 -2.500000e+00   
   353   6.000000e+00 -5.000000e-01   
   354   8.500000e+00 -3.750000e+00   
   355   7.500000e+00 -1.750000e+00   
   356   6.750000e+00 -1.000000e+00   
   357   8.250000e+00 -3.000000e+00   
   358   4.750000e+00  0.000000e+00   
   359   5.500000e+00 -2.500000e-01   
   360   6.500000e+00 -7.500000e-01   
   361   7.750000e+00 -2.000000e+00   
   362   8.500000e+00 -3.500000e+00   
   363   5.000000e+00  0.000000e+00   
   364   8.750000e+00 -5.000000e+00   
   365   3.500000e+00  2.500000e-01   
   366   8.750000e+00 -4.750000e+00   
   367   8.250000e+00 -2.750000e+00   
   368   5.750000e+00 -2.500000e-01   
   369   3.750000e+00  2.500000e-01   
   370   6.250000e+00 -5.000000e-01   
   371   8.000000e+00 -2.250000e+00   
   372   8.750000e+00 -4.500000e+00   
   373   4.000000e+00  2.500000e-01   
   374   8.500000e+00 -3.250000e+00   
   375   5.250000e+00 -8.881784e-16   
   376   7.250000e+00 -1.250000e+00   
   377   8.750000e+00 -4.250000e+00   
   378   4.250000e+00  2.500000e-01   
   379   7.000000e+00 -1.000000e+00   
   380   7.500000e+00 -1.500000e+00   
   381   8.750000e+00 -4.000000e+00   
   382   4.500000e+00  2.500000e-01   
   383   7.750000e+00 -1.750000e+00   
   384   6.750000e+00 -7.500000e-01   
   385   8.250000e+00 -2.500000e+00   
   386   6.000000e+00 -2.500000e-01   
   387   8.500000e+00 -3.000000e+00   
   388   5.500000e+00  0.000000e+00   
   389   8.750000e+00 -3.750000e+00   
   390   4.750000e+00  2.500000e-01   
   391   8.000000e+00 -2.000000e+00   
   392   6.500000e+00 -5.000000e-01   
   393   5.000000e+00  2.500000e-01   
   394   8.750000e+00 -3.500000e+00   
   395   8.500000e+00 -2.750000e+00   
   396   7.250000e+00 -1.000000e+00   
   397   7.500000e+00 -1.250000e+00   
   398   5.750000e+00 -8.881784e-16   
   399   8.250000e+00 -2.250000e+00   
   400   6.250000e+00 -2.500000e-01   
   401   9.000000e+00 -5.000000e+00   
   402   3.500000e+00  5.000000e-01   
   403   3.750000e+00  5.000000e-01   
   404   7.000000e+00 -7.500000e-01   
   405   7.750000e+00 -1.500000e+00   
   406   9.000000e+00 -4.750000e+00   
   407   4.000000e+00  5.000000e-01   
   408   9.000000e+00 -4.500000e+00   
   409   8.750000e+00 -3.250000e+00   
   410   5.250000e+00  2.500000e-01   
   411   8.000000e+00 -1.750000e+00   
   412   6.750000e+00 -5.000000e-01   
   413   9.000000e+00 -4.250000e+00   
   414   4.250000e+00  5.000000e-01   
   415   8.500000e+00 -2.500000e+00   
   416   6.000000e+00  0.000000e+00   
   417   9.000000e+00 -4.000000e+00   
   418   4.500000e+00  5.000000e-01   
   419   8.250000e+00 -2.000000e+00   
   420   6.500000e+00 -2.500000e-01   
   421   5.500000e+00  2.500000e-01   
   422   8.750000e+00 -3.000000e+00   
   423   4.750000e+00  5.000000e-01   
   424   9.000000e+00 -3.750000e+00   
   425   7.500000e+00 -1.000000e+00   
   426   7.250000e+00 -7.500000e-01   
   427   7.750000e+00 -1.250000e+00   
   428   7.000000e+00 -5.000000e-01   
   429   8.000000e+00 -1.500000e+00   
   430   9.000000e+00 -3.500000e+00   
   431   5.000000e+00  5.000000e-01   
   432   8.500000e+00 -2.250000e+00   
   433   6.250000e+00  0.000000e+00   
   434   5.750000e+00  2.500000e-01   
   435   8.750000e+00 -2.750000e+00   
   436   3.500000e+00  7.500000e-01   
   437   8.250000e+00 -1.750000e+00   
   438   6.750000e+00 -2.500000e-01   
   439   3.750000e+00  7.500000e-01   
   440   4.000000e+00  7.500000e-01   
   441   9.000000e+00 -3.250000e+00   
   442   5.250000e+00  5.000000e-01   
   443   4.250000e+00  7.500000e-01   
   444   6.000000e+00  2.500000e-01   
   445   8.750000e+00 -2.500000e+00   
   446   8.500000e+00 -2.000000e+00   
   447   6.500000e+00  0.000000e+00   
   448   7.500000e+00 -7.500000e-01   
   449   7.750000e+00 -1.000000e+00   
   450   4.500000e+00  7.500000e-01   
   451   9.000000e+00 -3.000000e+00   
   452   5.500000e+00  5.000000e-01   
   453   7.250000e+00 -5.000000e-01   
   454   8.000000e+00 -1.250000e+00   
   455   4.750000e+00  7.500000e-01   
   456   7.000000e+00 -2.500000e-01   
   457   8.250000e+00 -1.500000e+00   
   458   6.250000e+00  2.500000e-01   
   459   8.750000e+00 -2.250000e+00   
   460   5.000000e+00  7.500000e-01   
   461   9.000000e+00 -2.750000e+00   
   462   5.750000e+00  5.000000e-01   
   463   8.500000e+00 -1.750000e+00   
   464   6.750000e+00  0.000000e+00   
   465   3.500000e+00  1.000000e+00   
   466   3.750000e+00  1.000000e+00   
   467   7.750000e+00 -7.500000e-01   
   468   5.250000e+00  7.500000e-01   
   469   7.500000e+00 -5.000000e-01   
   470   8.000000e+00 -1.000000e+00   
   471   4.000000e+00  1.000000e+00   
   472   6.000000e+00  5.000000e-01   
   473   9.000000e+00 -2.500000e+00   
   474   6.500000e+00  2.500000e-01   
   475   8.750000e+00 -2.000000e+00   
   476   4.250000e+00  1.000000e+00   
   477   7.250000e+00 -2.500000e-01   
   478   8.250000e+00 -1.250000e+00   
   479   4.500000e+00  1.000000e+00   
   480   5.500000e+00  7.500000e-01   
   481   8.500000e+00 -1.500000e+00   
   482   7.000000e+00  0.000000e+00   
   483   4.750000e+00  1.000000e+00   
   484   6.250000e+00  5.000000e-01   
   485   9.000000e+00 -2.250000e+00   
   486   6.750000e+00  2.500000e-01   
   487   8.750000e+00 -1.750000e+00   
   488   5.750000e+00  7.500000e-01   
   489   5.000000e+00  1.000000e+00   
   490   7.750000e+00 -5.000000e-01   
   491   8.000000e+00 -7.500000e-01   
   492   8.250000e+00 -1.000000e+00   
   493   7.500000e+00 -2.500000e-01   
   494   8.500000e+00 -1.250000e+00   
   495   7.250000e+00  0.000000e+00   
   496   5.250000e+00  1.000000e+00   
   497   3.500000e+00  1.250000e+00   
   498   3.750000e+00  1.250000e+00   
   499   6.500000e+00  5.000000e-01   
   500   9.000000e+00 -2.000000e+00   
   501   4.000000e+00  1.250000e+00   
   502   6.000000e+00  7.500000e-01   
   503   4.250000e+00  1.250000e+00   
   504   7.000000e+00  2.500000e-01   
   505   8.750000e+00 -1.500000e+00   
   506   5.500000e+00  1.000000e+00   
   507   4.500000e+00  1.250000e+00   
   508   8.000000e+00 -5.000000e-01   
   509   8.250000e+00 -7.500000e-01   
   510   4.750000e+00  1.250000e+00   
   511   6.250000e+00  7.500000e-01   
   512   7.750000e+00 -2.500000e-01   
   513   6.750000e+00  5.000000e-01   
   514   9.000000e+00 -1.750000e+00   
   515   8.500000e+00 -1.000000e+00   
   516   7.500000e+00  0.000000e+00   
   517   5.750000e+00  1.000000e+00   
   518   5.000000e+00  1.250000e+00   
   519   8.750000e+00 -1.250000e+00   
   520   7.250000e+00  2.500000e-01   
   521   6.500000e+00  7.500000e-01   
   522   5.250000e+00  1.250000e+00   
   523   6.000000e+00  1.000000e+00   
   524   3.500000e+00  1.500000e+00   
   525   3.750000e+00  1.500000e+00   
   526   4.000000e+00  1.500000e+00   
   527   7.000000e+00  5.000000e-01   
   528   9.000000e+00 -1.500000e+00   
   529   8.250000e+00 -5.000000e-01   
   530   8.000000e+00 -2.500000e-01   
   531   4.250000e+00  1.500000e+00   
   532   8.500000e+00 -7.500000e-01   
   533   7.750000e+00 -8.881784e-16   
   534   5.500000e+00  1.250000e+00   
   535   4.500000e+00  1.500000e+00   
   536   7.500000e+00  2.500000e-01   
   537   6.250000e+00  1.000000e+00   
   538   8.750000e+00 -1.000000e+00   
   539   6.750000e+00  7.500000e-01   
   540   4.750000e+00  1.500000e+00   
   541   5.750000e+00  1.250000e+00   
   542   7.250000e+00  5.000000e-01   
   543   9.000000e+00 -1.250000e+00   
   544   5.000000e+00  1.500000e+00   
   545   6.500000e+00  1.000000e+00   
   546   8.250000e+00 -2.500000e-01   
   547   8.500000e+00 -5.000000e-01   
   548   8.000000e+00  0.000000e+00   
   549   7.000000e+00  7.500000e-01   
   550   5.250000e+00  1.500000e+00   
   551   6.000000e+00  1.250000e+00   
   552   3.500000e+00  1.750000e+00   
   553   7.750000e+00  2.500000e-01   
   554   8.750000e+00 -7.500000e-01   
   555   3.750000e+00  1.750000e+00   
   556   4.000000e+00  1.750000e+00   
   557   4.250000e+00  1.750000e+00   
   558   7.500000e+00  5.000000e-01   
   559   9.000000e+00 -1.000000e+00   
   560   5.500000e+00  1.500000e+00   
   561   6.750000e+00  1.000000e+00   
   562   4.500000e+00  1.750000e+00   
   563   6.250000e+00  1.250000e+00   
   564   7.250000e+00  7.500000e-01   
   565   4.750000e+00  1.750000e+00   
   566   5.750000e+00  1.500000e+00   
   567   8.500000e+00 -2.500000e-01   
   568   8.250000e+00  0.000000e+00   
   569   8.000000e+00  2.500000e-01   
   570   8.750000e+00 -5.000000e-01   
   571   5.000000e+00  1.750000e+00   
   572   6.500000e+00  1.250000e+00   
   573   7.000000e+00  1.000000e+00   
   574   7.750000e+00  5.000000e-01   
   575   9.000000e+00 -7.500000e-01   
   576   6.000000e+00  1.500000e+00   
   577   5.250000e+00  1.750000e+00   
   578   3.500000e+00  2.000000e+00   
   579   7.500000e+00  7.500000e-01   
   580   3.750000e+00  2.000000e+00   
   581   4.000000e+00  2.000000e+00   
   582   5.500000e+00  1.750000e+00   
   583   4.250000e+00  2.000000e+00   
   584   6.750000e+00  1.250000e+00   
   585   6.250000e+00  1.500000e+00   
   586   8.500000e+00 -8.881784e-16   
   587   4.500000e+00  2.000000e+00   
   588   7.250000e+00  1.000000e+00   
   589   8.250000e+00  2.500000e-01   
   590   8.750000e+00 -2.500000e-01   
   591   8.000000e+00  5.000000e-01   
   592   9.000000e+00 -5.000000e-01   
   593   4.750000e+00  2.000000e+00   
   594   5.750000e+00  1.750000e+00   
   595   7.750000e+00  7.500000e-01   
   596   6.500000e+00  1.500000e+00   
   597   5.000000e+00  2.000000e+00   
   598   7.000000e+00  1.250000e+00   
   599   6.000000e+00  1.750000e+00   
   600   7.500000e+00  1.000000e+00   
   601   5.250000e+00  2.000000e+00   
   602   8.500000e+00  2.500000e-01   
   603   8.750000e+00 -8.881784e-16   
   604   3.500000e+00  2.250000e+00   
   605   3.750000e+00  2.250000e+00   
   606   6.750000e+00  1.500000e+00   
   607   4.000000e+00  2.250000e+00   
   608   8.250000e+00  5.000000e-01   
   609   9.000000e+00 -2.500000e-01   
   610   5.500000e+00  2.000000e+00   
   611   4.250000e+00  2.250000e+00   
   612   7.250000e+00  1.250000e+00   
   613   6.250000e+00  1.750000e+00   
   614   8.000000e+00  7.500000e-01   
   615   4.500000e+00  2.250000e+00   
   616   7.750000e+00  1.000000e+00   
   617   5.750000e+00  2.000000e+00   
   618   4.750000e+00  2.250000e+00   
   619   7.000000e+00  1.500000e+00   
   620   6.500000e+00  1.750000e+00   
   621   5.000000e+00  2.250000e+00   
   622   7.500000e+00  1.250000e+00   
   623   8.750000e+00  2.500000e-01   
   624   8.500000e+00  5.000000e-01   
   625   9.000000e+00  0.000000e+00   
   626   6.000000e+00  2.000000e+00   
   627   8.250000e+00  7.500000e-01   
   628   5.250000e+00  2.250000e+00   
   629   6.750000e+00  1.750000e+00   
   630   8.000000e+00  1.000000e+00   
   631   3.500000e+00  2.500000e+00   
   632   3.750000e+00  2.500000e+00   
   633   7.250000e+00  1.500000e+00   
   634   4.000000e+00  2.500000e+00   
   635   5.500000e+00  2.250000e+00   
   636   6.250000e+00  2.000000e+00   
   637   4.250000e+00  2.500000e+00   
   638   7.750000e+00  1.250000e+00   
   639   4.500000e+00  2.500000e+00   
   640   5.750000e+00  2.250000e+00   
   641   8.750000e+00  5.000000e-01   
   642   9.000000e+00  2.500000e-01   
   643   7.000000e+00  1.750000e+00   
   644   4.750000e+00  2.500000e+00   
   645   6.500000e+00  2.000000e+00   
   646   8.500000e+00  7.500000e-01   
   647   7.500000e+00  1.500000e+00   
   648   5.000000e+00  2.500000e+00   
   649   8.250000e+00  1.000000e+00   
   650   6.000000e+00  2.250000e+00   
   651   8.000000e+00  1.250000e+00   
   652   5.250000e+00  2.500000e+00   
   653   6.750000e+00  2.000000e+00   
   654   7.250000e+00  1.750000e+00   
   655   3.500000e+00  2.750000e+00   
   656   3.750000e+00  2.750000e+00   
   657   6.250000e+00  2.250000e+00   
   658   5.500000e+00  2.500000e+00   
   659   7.750000e+00  1.500000e+00   
   660   4.000000e+00  2.750000e+00   
   661   9.000000e+00  5.000000e-01   
   662   4.250000e+00  2.750000e+00   
   663   8.750000e+00  7.500000e-01   
   664   8.500000e+00  1.000000e+00   
   665   4.500000e+00  2.750000e+00   
   666   7.000000e+00  2.000000e+00   
   667   5.750000e+00  2.500000e+00   
   668   6.500000e+00  2.250000e+00   
   669   7.500000e+00  1.750000e+00   
   670   8.250000e+00  1.250000e+00   
   671   4.750000e+00  2.750000e+00   
   672   5.000000e+00  2.750000e+00   
   673   8.000000e+00  1.500000e+00   
   674   6.000000e+00  2.500000e+00   
   675   7.250000e+00  2.000000e+00   
   676   6.750000e+00  2.250000e+00   
   677   5.250000e+00  2.750000e+00   
   678   9.000000e+00  7.500000e-01   
   679   8.750000e+00  1.000000e+00   
   680   7.750000e+00  1.750000e+00   
   681   6.250000e+00  2.500000e+00   
   682   3.500000e+00  3.000000e+00   
   683   8.500000e+00  1.250000e+00   
   684   3.750000e+00  3.000000e+00   
   685   5.500000e+00  2.750000e+00   
   686   4.000000e+00  3.000000e+00   
   687   4.250000e+00  3.000000e+00   
   688   8.250000e+00  1.500000e+00   
   689   7.000000e+00  2.250000e+00   
   690   7.500000e+00  2.000000e+00   
   691   4.500000e+00  3.000000e+00   
   692   5.750000e+00  2.750000e+00   
   693   6.500000e+00  2.500000e+00   
   694   4.750000e+00  3.000000e+00   
   695   8.000000e+00  1.750000e+00   
   696   9.000000e+00  1.000000e+00   
   697   5.000000e+00  3.000000e+00   
   698   6.000000e+00  2.750000e+00   
   699   8.750000e+00  1.250000e+00   
   700   7.250000e+00  2.250000e+00   
   701   6.750000e+00  2.500000e+00   
   702   5.250000e+00  3.000000e+00   
   703   7.750000e+00  2.000000e+00   
   704   8.500000e+00  1.500000e+00   
   705   6.250000e+00  2.750000e+00   
   706   5.500000e+00  3.000000e+00   
   707   3.500000e+00  3.250000e+00   
   708   8.250000e+00  1.750000e+00   
   709   3.750000e+00  3.250000e+00   
   710   4.000000e+00  3.250000e+00   
   711   7.000000e+00  2.500000e+00   
   712   7.500000e+00  2.250000e+00   
   713   4.250000e+00  3.250000e+00   
   714   6.500000e+00  2.750000e+00   
   715   5.750000e+00  3.000000e+00   
   716   4.500000e+00  3.250000e+00   
   717   8.000000e+00  2.000000e+00   
   718   9.000000e+00  1.250000e+00   
   719   4.750000e+00  3.250000e+00   
   720   8.750000e+00  1.500000e+00   
   721   6.000000e+00  3.000000e+00   
   722   7.250000e+00  2.500000e+00   
   723   5.000000e+00  3.250000e+00   
   724   8.500000e+00  1.750000e+00   
   725   6.750000e+00  2.750000e+00   
   726   7.750000e+00  2.250000e+00   
   727   5.250000e+00  3.250000e+00   
   728   6.250000e+00  3.000000e+00   
   729   8.250000e+00  2.000000e+00   
   730   5.500000e+00  3.250000e+00   
   731   3.500000e+00  3.500000e+00   
   732   7.500000e+00  2.500000e+00   
   733   3.750000e+00  3.500000e+00   
   734   7.000000e+00  2.750000e+00   
   735   4.000000e+00  3.500000e+00   
   736   9.000000e+00  1.500000e+00   
   737   4.250000e+00  3.500000e+00   
   738   8.000000e+00  2.250000e+00   
   739   6.500000e+00  3.000000e+00   
   740   5.750000e+00  3.250000e+00   
   741   8.750000e+00  1.750000e+00   
   742   4.500000e+00  3.500000e+00   
   743   4.750000e+00  3.500000e+00   
   744   8.500000e+00  2.000000e+00   
   745   7.250000e+00  2.750000e+00   
   746   7.750000e+00  2.500000e+00   
   747   6.000000e+00  3.250000e+00   
   748   5.000000e+00  3.500000e+00   
   749   6.750000e+00  3.000000e+00   
   750   8.250000e+00  2.250000e+00   
   751   5.250000e+00  3.500000e+00   
   752   6.250000e+00  3.250000e+00   
   753   9.000000e+00  1.750000e+00   
   754   7.500000e+00  2.750000e+00   
   755   7.000000e+00  3.000000e+00   
   756   5.500000e+00  3.500000e+00   
   757   8.000000e+00  2.500000e+00   
   758   3.500000e+00  3.750000e+00   
   759   8.750000e+00  2.000000e+00   
   760   3.750000e+00  3.750000e+00   
   761   4.000000e+00  3.750000e+00   
   762   6.500000e+00  3.250000e+00   
   763   4.250000e+00  3.750000e+00   
   764   5.750000e+00  3.500000e+00   
   765   8.500000e+00  2.250000e+00   
   766   4.500000e+00  3.750000e+00   
   767   7.250000e+00  3.000000e+00   
   768   7.750000e+00  2.750000e+00   
   769   4.750000e+00  3.750000e+00   
   770   6.000000e+00  3.500000e+00   
   771   6.750000e+00  3.250000e+00   
   772   8.250000e+00  2.500000e+00   
   773   5.000000e+00  3.750000e+00   
   774   9.000000e+00  2.000000e+00   
   775   5.250000e+00  3.750000e+00   
   776   6.250000e+00  3.500000e+00   
   777   7.500000e+00  3.000000e+00   
   778   8.750000e+00  2.250000e+00   
   779   8.000000e+00  2.750000e+00   
   780   7.000000e+00  3.250000e+00   
   781   5.500000e+00  3.750000e+00   
   782   3.500000e+00  4.000000e+00   
   783   3.750000e+00  4.000000e+00   
   784   4.000000e+00  4.000000e+00   
   785   8.500000e+00  2.500000e+00   
   786   6.500000e+00  3.500000e+00   
   787   4.250000e+00  4.000000e+00   
   788   5.750000e+00  3.750000e+00   
   789   4.500000e+00  4.000000e+00   
   790   7.750000e+00  3.000000e+00   
   791   7.250000e+00  3.250000e+00   
   792   4.750000e+00  4.000000e+00   
   793   8.250000e+00  2.750000e+00   
   794   9.000000e+00  2.250000e+00   
   795   6.750000e+00  3.500000e+00   
   796   6.000000e+00  3.750000e+00   
   797   5.000000e+00  4.000000e+00   
   798   8.750000e+00  2.500000e+00   
   799   7.500000e+00  3.250000e+00   
   800   5.250000e+00  4.000000e+00   
   801   6.250000e+00  3.750000e+00   
   802   8.000000e+00  3.000000e+00   
   803   7.000000e+00  3.500000e+00   
   804   5.500000e+00  4.000000e+00   
   805   8.500000e+00  2.750000e+00   
   806   3.500000e+00  4.250000e+00   
   807   6.500000e+00  3.750000e+00   
   808   3.750000e+00  4.250000e+00   
   809   4.000000e+00  4.250000e+00   
   810   5.750000e+00  4.000000e+00   
   811   7.750000e+00  3.250000e+00   
   812   4.250000e+00  4.250000e+00   
   813   7.250000e+00  3.500000e+00   
   814   9.000000e+00  2.500000e+00   
   815   8.250000e+00  3.000000e+00   
   816   4.500000e+00  4.250000e+00   
   817   6.750000e+00  3.750000e+00   
   818   4.750000e+00  4.250000e+00   
   819   6.000000e+00  4.000000e+00   
   820   8.750000e+00  2.750000e+00   
   821   5.000000e+00  4.250000e+00   
   822   7.500000e+00  3.500000e+00   
   823   8.000000e+00  3.250000e+00   
   824   6.250000e+00  4.000000e+00   
   825   5.250000e+00  4.250000e+00   
   826   7.000000e+00  3.750000e+00   
   827   8.500000e+00  3.000000e+00   
   828   5.500000e+00  4.250000e+00   
   829   6.500000e+00  4.000000e+00   
   830   3.500000e+00  4.500000e+00   
   831   7.750000e+00  3.500000e+00   
   832   9.000000e+00  2.750000e+00   
   833   3.750000e+00  4.500000e+00   
   834   4.000000e+00  4.500000e+00   
   835   8.250000e+00  3.250000e+00   
   836   7.250000e+00  3.750000e+00   
   837   5.750000e+00  4.250000e+00   
   838   4.250000e+00  4.500000e+00   
   839   4.500000e+00  4.500000e+00   
   840   8.750000e+00  3.000000e+00   
   841   6.750000e+00  4.000000e+00   
   842   4.750000e+00  4.500000e+00   
   843   6.000000e+00  4.250000e+00   
   844   8.000000e+00  3.500000e+00   
   845   5.000000e+00  4.500000e+00   
   846   7.500000e+00  3.750000e+00   
   847   8.500000e+00  3.250000e+00   
   848   6.250000e+00  4.250000e+00   
   849   7.000000e+00  4.000000e+00   
   850   5.250000e+00  4.500000e+00   
   851   9.000000e+00  3.000000e+00   
   852   5.500000e+00  4.500000e+00   
   853   6.500000e+00  4.250000e+00   
   854   7.750000e+00  3.750000e+00   
   855   8.250000e+00  3.500000e+00   
   856   3.500000e+00  4.750000e+00   
   857   7.250000e+00  4.000000e+00   
   858   3.750000e+00  4.750000e+00   
   859   5.750000e+00  4.500000e+00   
   860   4.000000e+00  4.750000e+00   
   861   8.750000e+00  3.250000e+00   
   862   4.250000e+00  4.750000e+00   
   863   4.500000e+00  4.750000e+00   
   864   6.750000e+00  4.250000e+00   
   865   6.000000e+00  4.500000e+00   
   866   4.750000e+00  4.750000e+00   
   867   8.000000e+00  3.750000e+00   
   868   7.500000e+00  4.000000e+00   
   869   8.500000e+00  3.500000e+00   
   870   5.000000e+00  4.750000e+00   
   871   6.250000e+00  4.500000e+00   
   872   7.000000e+00  4.250000e+00   
   873   5.250000e+00  4.750000e+00   
   874   9.000000e+00  3.250000e+00   
   875   5.500000e+00  4.750000e+00   
   876   7.750000e+00  4.000000e+00   
   877   8.250000e+00  3.750000e+00   
   878   6.500000e+00  4.500000e+00   
   879   7.250000e+00  4.250000e+00   
   880   8.750000e+00  3.500000e+00   
   881   3.500000e+00  5.000000e+00   
   882   3.750000e+00  5.000000e+00   
   883   5.750000e+00  4.750000e+00   
   884   4.000000e+00  5.000000e+00   
   885   4.250000e+00  5.000000e+00   
   886   6.750000e+00  4.500000e+00   
   887   4.500000e+00  5.000000e+00   
   888   8.000000e+00  4.000000e+00   
   889   6.000000e+00  4.750000e+00   
   890   8.500000e+00  3.750000e+00   
   891   4.750000e+00  5.000000e+00   
   892   7.500000e+00  4.250000e+00   
   893   5.000000e+00  5.000000e+00   
   894   7.000000e+00  4.500000e+00   
   895   9.000000e+00  3.500000e+00   
   896   6.250000e+00  4.750000e+00   
   897   5.250000e+00  5.000000e+00   
   898   8.250000e+00  4.000000e+00   
   899   7.750000e+00  4.250000e+00   
   900   5.500000e+00  5.000000e+00   
   901   6.500000e+00  4.750000e+00   
   902   8.750000e+00  3.750000e+00   
   903   7.250000e+00  4.500000e+00   
   904   5.750000e+00  5.000000e+00   
   905   6.750000e+00  4.750000e+00   
   906   8.000000e+00  4.250000e+00   
   907   8.500000e+00  4.000000e+00   
   908   6.000000e+00  5.000000e+00   
   909   7.500000e+00  4.500000e+00   
   910   9.000000e+00  3.750000e+00   
   911   7.000000e+00  4.750000e+00   
   912   6.250000e+00  5.000000e+00   
   913   8.250000e+00  4.250000e+00   
   914   7.750000e+00  4.500000e+00   
   915   8.750000e+00  4.000000e+00   
   916   6.500000e+00  5.000000e+00   
   917   7.250000e+00  4.750000e+00   
   918   8.000000e+00  4.500000e+00   
   919   6.750000e+00  5.000000e+00   
   920   8.500000e+00  4.250000e+00   
   921   7.500000e+00  4.750000e+00   
   922   9.000000e+00  4.000000e+00   
   923   7.000000e+00  5.000000e+00   
   924   8.250000e+00  4.500000e+00   
   925   7.750000e+00  4.750000e+00   
   926   8.750000e+00  4.250000e+00   
   927   7.250000e+00  5.000000e+00   
   928   8.500000e+00  4.500000e+00   
   929   8.000000e+00  4.750000e+00   
   930   9.000000e+00  4.250000e+00   
   931   7.500000e+00  5.000000e+00   
   932   8.250000e+00  4.750000e+00   
   933   8.750000e+00  4.500000e+00   
   934   7.750000e+00  5.000000e+00   
   935   8.500000e+00  4.750000e+00   
   936   8.000000e+00  5.000000e+00   
   937   9.000000e+00  4.500000e+00   
   938   8.250000e+00  5.000000e+00   
   939   8.750000e+00  4.750000e+00   
   940   8.500000e+00  5.000000e+00   
   941   9.000000e+00  4.750000e+00   
   942   8.750000e+00  5.000000e+00   
   943   9.000000e+00  5.000000e+00   
  END_COORDINATES
  BOUNDARIES, ELEMENT
    1         1     5     2         1     
    2         6     1     3         1     
    3         5     16     10         2     
    4         16     34     23         3     
    5         34     57     44         4     
    6         57     89     72         5     
    7         89     122     105         6     
    8         122     167     144         7     
    9         167     215     191         8     
    10         215     270     242         9     
    11         270     334     301         10     
    12         334     401     364         11     
    13         401     408     406         11     
    14         17     6     11         12     
    15         408     417     413         22     
    16         35     17     24         23     
    17         417     430     424         33     
    18         58     35     45         34     
    19         430     451     441         44     
    20         90     58     73         45     
    21         451     473     461         55     
    22         123     90     106         56     
    23         473     500     485         66     
    24         168     123     145         67     
    25         500     528     514         77     
    26         216     168     192         78     
    27         528     559     543         88     
    28         271     216     243         89     
    29         559     592     575         99     
    30         335     271     302         100     
    31         592     625     609         110     
    32         402     335     365         111     
    33         625     661     642         121     
    34         465     402     436         122     
    35         661     696     678         132     
    36         524     465     497         133     
    37         696     736     718         143     
    38         578     524     552         144     
    39         736     774     753         154     
    40         631     578     604         155     
    41         774     814     794         165     
    42         682     631     655         166     
    43         814     851     832         176     
    44         731     682     707         177     
    45         851     895     874         187     
    46         782     731     758         188     
    47         895     922     910         198     
    48         830     782     806         199     
    49         922     937     930         209     
    50         884     881     882         210     
    51         881     830     856         210     
    52         887     884     885         211     
    53         893     887     891         212     
    54         900     893     897         213     
    55         908     900     904         214     
    56         916     908     912         215     
    57         923     916     919         216     
    58         931     923     927         217     
    59         936     931     934         218     
    60         940     936     938         219     
    61         937     943     941         220     
    62         943     940     942         220     
  END_BOUNDARIES
  MATERIALS, NUMBER= 1, DEFAULT=1
  END_MATERIALS
  SUBDOMAINS
  END_SUBDOMAINS
  CHARACTERISTICS
  END_CHARACTERISTICS
