  NODES_PER_ELEMENT
   1 6
   2 6
   3 6
   4 6
   5 6
   6 6
   7 6
   8 6
   9 6
   10 6
   11 6
   12 6
   13 6
   14 6
   15 6
   16 6
   17 6
   18 6
   19 6
   20 6
   21 6
   22 6
   23 6
   24 6
   25 6
   26 6
   27 6
   28 6
   29 6
   30 6
   31 6
   32 6
   33 6
   34 6
   35 6
   36 6
   37 6
   38 6
   39 6
   40 6
   41 6
   42 6
   43 6
   44 6
   45 6
   46 6
   47 6
   48 6
   49 6
   50 6
   51 6
   52 6
   53 6
   54 6
   55 6
   56 6
   57 6
   58 6
   59 6
   60 6
   61 6
   62 6
   63 6
   64 6
   65 6
   66 6
   67 6
   68 6
   69 6
   70 6
   71 6
   72 6
   73 6
   74 6
   75 6
   76 6
   77 6
   78 6
   79 6
   80 6
   81 6
   82 6
   83 6
   84 6
   85 6
   86 6
   87 6
   88 6
   89 6
   90 6
   91 6
   92 6
   93 6
   94 6
   95 6
   96 6
   97 6
   98 6
   99 6
   100 6
   101 6
   102 6
   103 6
   104 6
   105 6
   106 6
   107 6
   108 6
   109 6
   110 6
   111 6
   112 6
   113 6
   114 6
   115 6
   116 6
   117 6
   118 6
   119 6
   120 6
  END_NODES_PER_ELEMENT
  ELEMENTS
  1 81 86 114 85 99 97  
  2 86 121 114 104 118 99  
  3 54 60 81 55 69 68  
  4 60 86 81 73 85 69  
  5 33 36 54 34 44 43  
  6 36 60 54 46 55 44  
  7 16 21 33 17 24 23  
  8 21 36 33 28 34 24  
  9 5 9 16 7 11 10  
  10 9 21 16 14 17 11  
  11 1 6 5 3 4 2  
  12 6 9 5 8 7 4  
  13 86 95 121 90 107 104  
  14 95 130 121 111 124 107  
  15 60 70 86 62 74 73  
  16 70 95 86 82 90 74  
  17 36 48 60 41 52 46  
  18 48 70 60 59 62 52  
  19 21 31 36 25 32 28  
  20 31 48 36 39 41 32  
  21 9 22 21 15 19 14  
  22 22 31 21 26 25 19  
  23 6 18 9 12 13 8  
  24 18 22 9 20 15 13  
  25 95 113 130 106 122 111  
  26 113 144 130 131 136 122  
  27 70 88 95 77 91 82  
  28 88 113 95 102 106 91  
  29 48 66 70 56 65 59  
  30 66 88 70 75 77 65  
  31 31 50 48 40 47 39  
  32 50 66 48 58 56 47  
  33 22 42 31 30 35 26  
  34 42 50 31 45 40 35  
  35 18 37 22 27 29 20  
  36 37 42 22 38 30 29  
  37 113 138 144 127 140 131  
  38 138 161 144 149 153 140  
  39 88 112 113 100 110 102  
  40 112 138 113 126 127 110  
  41 66 92 88 78 89 75  
  42 92 112 88 103 100 89  
  43 50 76 66 61 71 58  
  44 76 92 66 84 78 71  
  45 42 67 50 53 57 45  
  46 67 76 50 72 61 57  
  47 37 63 42 49 51 38  
  48 63 67 42 64 53 51  
  49 138 160 161 148 159 149  
  50 160 178 161 170 171 159  
  51 112 143 138 129 139 126  
  52 143 160 138 150 148 139  
  53 92 125 112 108 119 103  
  54 125 143 112 132 129 119  
  55 76 109 92 93 98 84  
  56 109 125 92 116 108 98  
  57 67 101 76 83 87 72  
  58 101 109 76 105 93 87  
  59 63 94 67 79 80 64  
  60 94 101 67 96 83 80  
  61 160 184 178 173 179 170  
  62 184 201 178 191 190 179  
  63 143 167 160 156 163 150  
  64 167 184 160 176 173 163  
  65 125 155 143 141 146 132  
  66 155 167 143 162 156 146  
  67 109 145 125 128 133 116  
  68 145 155 125 147 141 133  
  69 101 137 109 120 123 105  
  70 137 145 109 142 128 123  
  71 94 134 101 115 117 96  
  72 134 137 101 135 120 117  
  73 184 207 201 194 204 191  
  74 207 221 201 216 211 204  
  75 167 193 184 180 187 176  
  76 193 207 184 200 194 187  
  77 155 183 167 168 175 162  
  78 183 193 167 188 180 175  
  79 145 174 155 158 164 147  
  80 174 183 155 177 168 164  
  81 137 169 145 154 157 142  
  82 169 174 145 172 158 157  
  83 134 165 137 151 152 135  
  84 165 169 137 166 154 152  
  85 207 231 221 218 226 216  
  86 231 245 221 237 234 226  
  87 193 219 207 206 213 200  
  88 219 231 207 224 218 213  
  89 183 208 193 195 202 188  
  90 208 219 193 215 206 202  
  91 174 203 183 189 192 177  
  92 203 208 183 205 195 192  
  93 169 198 174 185 186 172  
  94 198 203 174 199 189 186  
  95 165 196 169 181 182 166  
  96 196 198 169 197 185 182  
  97 231 256 245 243 248 237  
  98 256 265 245 261 257 248  
  99 219 246 231 232 236 224  
  100 246 256 231 250 243 236  
  101 208 235 219 222 228 215  
  102 235 246 219 241 232 228  
  103 203 230 208 217 220 205  
  104 230 235 208 233 222 220  
  105 198 227 203 212 214 199  
  106 227 230 203 229 217 214  
  107 196 223 198 209 210 197  
  108 223 227 198 225 212 210  
  109 256 271 265 266 268 261  
  110 271 273 265 272 270 268  
  111 246 267 256 259 262 250  
  112 267 271 256 269 266 262  
  113 235 263 246 249 253 241  
  114 263 267 246 264 259 253  
  115 230 258 235 244 247 233  
  116 258 263 235 260 249 247  
  117 227 254 230 240 242 229  
  118 254 258 230 255 244 242  
  119 223 251 227 238 239 225  
  120 251 254 227 252 240 239  
  END_ELEMENTS  
  COORDINATES  
   1   9.000000e+00 -5.000000e+00   
   2   8.541667e+00 -5.000000e+00   
   3   9.000000e+00 -4.500000e+00   
   4   8.541667e+00 -4.500000e+00   
   5   8.083333e+00 -5.000000e+00   
   6   9.000000e+00 -4.000000e+00   
   7   8.083333e+00 -4.500000e+00   
   8   8.541667e+00 -4.000000e+00   
   9   8.083333e+00 -4.000000e+00   
   10   7.625000e+00 -5.000000e+00   
   11   7.625000e+00 -4.500000e+00   
   12   9.000000e+00 -3.500000e+00   
   13   8.541667e+00 -3.500000e+00   
   14   7.625000e+00 -4.000000e+00   
   15   8.083333e+00 -3.500000e+00   
   16   7.166667e+00 -5.000000e+00   
   17   7.166667e+00 -4.500000e+00   
   18   9.000000e+00 -3.000000e+00   
   19   7.625000e+00 -3.500000e+00   
   20   8.541667e+00 -3.000000e+00   
   21   7.166667e+00 -4.000000e+00   
   22   8.083333e+00 -3.000000e+00   
   23   6.708333e+00 -5.000000e+00   
   24   6.708333e+00 -4.500000e+00   
   25   7.166667e+00 -3.500000e+00   
   26   7.625000e+00 -3.000000e+00   
   27   9.000000e+00 -2.500000e+00   
   28   6.708333e+00 -4.000000e+00   
   29   8.541667e+00 -2.500000e+00   
   30   8.083333e+00 -2.500000e+00   
   31   7.166667e+00 -3.000000e+00   
   32   6.708333e+00 -3.500000e+00   
   33   6.250000e+00 -5.000000e+00   
   34   6.250000e+00 -4.500000e+00   
   35   7.625000e+00 -2.500000e+00   
   36   6.250000e+00 -4.000000e+00   
   37   9.000000e+00 -2.000000e+00   
   38   8.541667e+00 -2.000000e+00   
   39   6.708333e+00 -3.000000e+00   
   40   7.166667e+00 -2.500000e+00   
   41   6.250000e+00 -3.500000e+00   
   42   8.083333e+00 -2.000000e+00   
   43   5.791667e+00 -5.000000e+00   
   44   5.791667e+00 -4.500000e+00   
   45   7.625000e+00 -2.000000e+00   
   46   5.791667e+00 -4.000000e+00   
   47   6.708333e+00 -2.500000e+00   
   48   6.250000e+00 -3.000000e+00   
   49   9.000000e+00 -1.500000e+00   
   50   7.166667e+00 -2.000000e+00   
   51   8.541667e+00 -1.500000e+00   
   52   5.791667e+00 -3.500000e+00   
   53   8.083333e+00 -1.500000e+00   
   54   5.333333e+00 -5.000000e+00   
   55   5.333333e+00 -4.500000e+00   
   56   6.250000e+00 -2.500000e+00   
   57   7.625000e+00 -1.500000e+00   
   58   6.708333e+00 -2.000000e+00   
   59   5.791667e+00 -3.000000e+00   
   60   5.333333e+00 -4.000000e+00   
   61   7.166667e+00 -1.500000e+00   
   62   5.333333e+00 -3.500000e+00   
   63   9.000000e+00 -1.000000e+00   
   64   8.541667e+00 -1.000000e+00   
   65   5.791667e+00 -2.500000e+00   
   66   6.250000e+00 -2.000000e+00   
   67   8.083333e+00 -1.000000e+00   
   68   4.875000e+00 -5.000000e+00   
   69   4.875000e+00 -4.500000e+00   
   70   5.333333e+00 -3.000000e+00   
   71   6.708333e+00 -1.500000e+00   
   72   7.625000e+00 -1.000000e+00   
   73   4.875000e+00 -4.000000e+00   
   74   4.875000e+00 -3.500000e+00   
   75   5.791667e+00 -2.000000e+00   
   76   7.166667e+00 -1.000000e+00   
   77   5.333333e+00 -2.500000e+00   
   78   6.250000e+00 -1.500000e+00   
   79   9.000000e+00 -5.000000e-01   
   80   8.541667e+00 -5.000000e-01   
   81   4.416667e+00 -5.000000e+00   
   82   4.875000e+00 -3.000000e+00   
   83   8.083333e+00 -5.000000e-01   
   84   6.708333e+00 -1.000000e+00   
   85   4.416667e+00 -4.500000e+00   
   86   4.416667e+00 -4.000000e+00   
   87   7.625000e+00 -5.000000e-01   
   88   5.333333e+00 -2.000000e+00   
   89   5.791667e+00 -1.500000e+00   
   90   4.416667e+00 -3.500000e+00   
   91   4.875000e+00 -2.500000e+00   
   92   6.250000e+00 -1.000000e+00   
   93   7.166667e+00 -5.000000e-01   
   94   9.000000e+00  0.000000e+00   
   95   4.416667e+00 -3.000000e+00   
   96   8.541667e+00  0.000000e+00   
   97   3.958333e+00 -5.000000e+00   
   98   6.708333e+00 -5.000000e-01   
   99   3.958333e+00 -4.500000e+00   
   100   5.333333e+00 -1.500000e+00   
   101   8.083333e+00  0.000000e+00   
   102   4.875000e+00 -2.000000e+00   
   103   5.791667e+00 -1.000000e+00   
   104   3.958333e+00 -4.000000e+00   
   105   7.625000e+00  0.000000e+00   
   106   4.416667e+00 -2.500000e+00   
   107   3.958333e+00 -3.500000e+00   
   108   6.250000e+00 -5.000000e-01   
   109   7.166667e+00  0.000000e+00   
   110   4.875000e+00 -1.500000e+00   
   111   3.958333e+00 -3.000000e+00   
   112   5.333333e+00 -1.000000e+00   
   113   4.416667e+00 -2.000000e+00   
   114   3.500000e+00 -5.000000e+00   
   115   9.000000e+00  5.000000e-01   
   116   6.708333e+00  0.000000e+00   
   117   8.541667e+00  5.000000e-01   
   118   3.500000e+00 -4.500000e+00   
   119   5.791667e+00 -5.000000e-01   
   120   8.083333e+00  5.000000e-01   
   121   3.500000e+00 -4.000000e+00   
   122   3.958333e+00 -2.500000e+00   
   123   7.625000e+00  5.000000e-01   
   124   3.500000e+00 -3.500000e+00   
   125   6.250000e+00  0.000000e+00   
   126   4.875000e+00 -1.000000e+00   
   127   4.416667e+00 -1.500000e+00   
   128   7.166667e+00  5.000000e-01   
   129   5.333333e+00 -5.000000e-01   
   130   3.500000e+00 -3.000000e+00   
   131   3.958333e+00 -2.000000e+00   
   132   5.791667e+00  0.000000e+00   
   133   6.708333e+00  5.000000e-01   
   134   9.000000e+00  1.000000e+00   
   135   8.541667e+00  1.000000e+00   
   136   3.500000e+00 -2.500000e+00   
   137   8.083333e+00  1.000000e+00   
   138   4.416667e+00 -1.000000e+00   
   139   4.875000e+00 -5.000000e-01   
   140   3.958333e+00 -1.500000e+00   
   141   6.250000e+00  5.000000e-01   
   142   7.625000e+00  1.000000e+00   
   143   5.333333e+00  0.000000e+00   
   144   3.500000e+00 -2.000000e+00   
   145   7.166667e+00  1.000000e+00   
   146   5.791667e+00  5.000000e-01   
   147   6.708333e+00  1.000000e+00   
   148   4.416667e+00 -5.000000e-01   
   149   3.958333e+00 -1.000000e+00   
   150   4.875000e+00  0.000000e+00   
   151   9.000000e+00  1.500000e+00   
   152   8.541667e+00  1.500000e+00   
   153   3.500000e+00 -1.500000e+00   
   154   8.083333e+00  1.500000e+00   
   155   6.250000e+00  1.000000e+00   
   156   5.333333e+00  5.000000e-01   
   157   7.625000e+00  1.500000e+00   
   158   7.166667e+00  1.500000e+00   
   159   3.958333e+00 -5.000000e-01   
   160   4.416667e+00  0.000000e+00   
   161   3.500000e+00 -1.000000e+00   
   162   5.791667e+00  1.000000e+00   
   163   4.875000e+00  5.000000e-01   
   164   6.708333e+00  1.500000e+00   
   165   9.000000e+00  2.000000e+00   
   166   8.541667e+00  2.000000e+00   
   167   5.333333e+00  1.000000e+00   
   168   6.250000e+00  1.500000e+00   
   169   8.083333e+00  2.000000e+00   
   170   3.958333e+00  0.000000e+00   
   171   3.500000e+00 -5.000000e-01   
   172   7.625000e+00  2.000000e+00   
   173   4.416667e+00  5.000000e-01   
   174   7.166667e+00  2.000000e+00   
   175   5.791667e+00  1.500000e+00   
   176   4.875000e+00  1.000000e+00   
   177   6.708333e+00  2.000000e+00   
   178   3.500000e+00  0.000000e+00   
   179   3.958333e+00  5.000000e-01   
   180   5.333333e+00  1.500000e+00   
   181   9.000000e+00  2.500000e+00   
   182   8.541667e+00  2.500000e+00   
   183   6.250000e+00  2.000000e+00   
   184   4.416667e+00  1.000000e+00   
   185   8.083333e+00  2.500000e+00   
   186   7.625000e+00  2.500000e+00   
   187   4.875000e+00  1.500000e+00   
   188   5.791667e+00  2.000000e+00   
   189   7.166667e+00  2.500000e+00   
   190   3.500000e+00  5.000000e-01   
   191   3.958333e+00  1.000000e+00   
   192   6.708333e+00  2.500000e+00   
   193   5.333333e+00  2.000000e+00   
   194   4.416667e+00  1.500000e+00   
   195   6.250000e+00  2.500000e+00   
   196   9.000000e+00  3.000000e+00   
   197   8.541667e+00  3.000000e+00   
   198   8.083333e+00  3.000000e+00   
   199   7.625000e+00  3.000000e+00   
   200   4.875000e+00  2.000000e+00   
   201   3.500000e+00  1.000000e+00   
   202   5.791667e+00  2.500000e+00   
   203   7.166667e+00  3.000000e+00   
   204   3.958333e+00  1.500000e+00   
   205   6.708333e+00  3.000000e+00   
   206   5.333333e+00  2.500000e+00   
   207   4.416667e+00  2.000000e+00   
   208   6.250000e+00  3.000000e+00   
   209   9.000000e+00  3.500000e+00   
   210   8.541667e+00  3.500000e+00   
   211   3.500000e+00  1.500000e+00   
   212   8.083333e+00  3.500000e+00   
   213   4.875000e+00  2.500000e+00   
   214   7.625000e+00  3.500000e+00   
   215   5.791667e+00  3.000000e+00   
   216   3.958333e+00  2.000000e+00   
   217   7.166667e+00  3.500000e+00   
   218   4.416667e+00  2.500000e+00   
   219   5.333333e+00  3.000000e+00   
   220   6.708333e+00  3.500000e+00   
   221   3.500000e+00  2.000000e+00   
   222   6.250000e+00  3.500000e+00   
   223   9.000000e+00  4.000000e+00   
   224   4.875000e+00  3.000000e+00   
   225   8.541667e+00  4.000000e+00   
   226   3.958333e+00  2.500000e+00   
   227   8.083333e+00  4.000000e+00   
   228   5.791667e+00  3.500000e+00   
   229   7.625000e+00  4.000000e+00   
   230   7.166667e+00  4.000000e+00   
   231   4.416667e+00  3.000000e+00   
   232   5.333333e+00  3.500000e+00   
   233   6.708333e+00  4.000000e+00   
   234   3.500000e+00  2.500000e+00   
   235   6.250000e+00  4.000000e+00   
   236   4.875000e+00  3.500000e+00   
   237   3.958333e+00  3.000000e+00   
   238   9.000000e+00  4.500000e+00   
   239   8.541667e+00  4.500000e+00   
   240   8.083333e+00  4.500000e+00   
   241   5.791667e+00  4.000000e+00   
   242   7.625000e+00  4.500000e+00   
   243   4.416667e+00  3.500000e+00   
   244   7.166667e+00  4.500000e+00   
   245   3.500000e+00  3.000000e+00   
   246   5.333333e+00  4.000000e+00   
   247   6.708333e+00  4.500000e+00   
   248   3.958333e+00  3.500000e+00   
   249   6.250000e+00  4.500000e+00   
   250   4.875000e+00  4.000000e+00   
   251   9.000000e+00  5.000000e+00   
   252   8.541667e+00  5.000000e+00   
   253   5.791667e+00  4.500000e+00   
   254   8.083333e+00  5.000000e+00   
   255   7.625000e+00  5.000000e+00   
   256   4.416667e+00  4.000000e+00   
   257   3.500000e+00  3.500000e+00   
   258   7.166667e+00  5.000000e+00   
   259   5.333333e+00  4.500000e+00   
   260   6.708333e+00  5.000000e+00   
   261   3.958333e+00  4.000000e+00   
   262   4.875000e+00  4.500000e+00   
   263   6.250000e+00  5.000000e+00   
   264   5.791667e+00  5.000000e+00   
   265   3.500000e+00  4.000000e+00   
   266   4.416667e+00  4.500000e+00   
   267   5.333333e+00  5.000000e+00   
   268   3.958333e+00  4.500000e+00   
   269   4.875000e+00  5.000000e+00   
   270   3.500000e+00  4.500000e+00   
   271   4.416667e+00  5.000000e+00   
   272   3.958333e+00  5.000000e+00   
   273   3.500000e+00  5.000000e+00   
  END_COORDINATES
  BOUNDARIES, ELEMENT
    1         114     81     97         1     
    2         121     114     118         2     
    3         81     54     68         3     
    4         54     33     43         5     
    5         33     16     23         7     
    6         16     5     10         9     
    7         5     1     2         11     
    8         1     6     3         11     
    9         130     121     124         14     
    10         6     18     12         23     
    11         144     130     136         26     
    12         18     37     27         35     
    13         161     144     153         38     
    14         37     63     49         47     
    15         178     161     171         50     
    16         63     94     79         59     
    17         201     178     190         62     
    18         94     134     115         71     
    19         221     201     211         74     
    20         134     165     151         83     
    21         245     221     234         86     
    22         165     196     181         95     
    23         265     245     257         98     
    24         196     223     209         107     
    25         271     273     272         110     
    26         273     265     270         110     
    27         267     271     269         112     
    28         263     267     264         114     
    29         258     263     260         116     
    30         254     258     255         118     
    31         223     251     238         119     
    32         251     254     252         120     
  END_BOUNDARIES
  MATERIALS, NUMBER= 1, DEFAULT=1
  END_MATERIALS
  SUBDOMAINS
  END_SUBDOMAINS
  CHARACTERISTICS
  END_CHARACTERISTICS
