  NODES_PER_ELEMENT
   1 3
   2 3
   3 3
   4 3
   5 3
   6 3
   7 3
   8 3
   9 3
   10 3
   11 3
   12 3
   13 3
   14 3
   15 3
   16 3
   17 3
   18 3
   19 3
   20 3
   21 3
   22 3
   23 3
   24 3
   25 3
   26 3
   27 3
   28 3
   29 3
   30 3
   31 3
   32 3
   33 3
   34 3
   35 3
   36 3
   37 3
   38 3
   39 3
   40 3
   41 3
   42 3
   43 3
   44 3
   45 3
   46 3
   47 3
   48 3
   49 3
   50 3
   51 3
   52 3
   53 3
   54 3
   55 3
   56 3
   57 3
   58 3
   59 3
   60 3
   61 3
   62 3
   63 3
   64 3
   65 3
   66 3
   67 3
   68 3
   69 3
   70 3
   71 3
   72 3
   73 3
   74 3
   75 3
   76 3
   77 3
   78 3
   79 3
   80 3
   81 3
   82 3
   83 3
   84 3
   85 3
   86 3
   87 3
   88 3
   89 3
   90 3
   91 3
   92 3
   93 3
   94 3
   95 3
   96 3
   97 3
   98 3
   99 3
   100 3
   101 3
   102 3
   103 3
   104 3
   105 3
   106 3
   107 3
   108 3
   109 3
   110 3
   111 3
   112 3
   113 3
   114 3
   115 3
   116 3
   117 3
   118 3
   119 3
   120 3
   121 3
   122 3
   123 3
   124 3
   125 3
   126 3
   127 3
   128 3
   129 3
   130 3
   131 3
   132 3
   133 3
   134 3
   135 3
   136 3
   137 3
   138 3
   139 3
   140 3
   141 3
   142 3
   143 3
   144 3
   145 3
   146 3
   147 3
   148 3
   149 3
   150 3
   151 3
   152 3
   153 3
   154 3
   155 3
   156 3
   157 3
   158 3
   159 3
   160 3
   161 3
   162 3
   163 3
   164 3
   165 3
   166 3
   167 3
   168 3
   169 3
   170 3
   171 3
   172 3
   173 3
   174 3
   175 3
   176 3
   177 3
   178 3
   179 3
   180 3
   181 3
   182 3
   183 3
   184 3
   185 3
   186 3
   187 3
   188 3
   189 3
   190 3
   191 3
   192 3
   193 3
   194 3
   195 3
   196 3
   197 3
   198 3
   199 3
   200 3
   201 3
   202 3
   203 3
   204 3
   205 3
   206 3
   207 3
   208 3
   209 3
   210 3
   211 3
   212 3
   213 3
   214 3
   215 3
   216 3
   217 3
   218 3
   219 3
   220 3
   221 3
   222 3
   223 3
   224 3
   225 3
   226 3
   227 3
   228 3
   229 3
   230 3
   231 3
   232 3
   233 3
   234 3
   235 3
   236 3
   237 3
   238 3
   239 3
   240 3
   241 3
   242 3
   243 3
   244 3
   245 3
   246 3
   247 3
   248 3
   249 3
   250 3
   251 3
   252 3
   253 3
   254 3
   255 3
   256 3
   257 3
   258 3
   259 3
   260 3
   261 3
   262 3
   263 3
   264 3
   265 3
   266 3
   267 3
   268 3
   269 3
   270 3
   271 3
   272 3
   273 3
   274 3
   275 3
   276 3
   277 3
   278 3
   279 3
   280 3
   281 3
   282 3
   283 3
   284 3
   285 3
   286 3
   287 3
   288 3
   289 3
   290 3
   291 3
   292 3
   293 3
   294 3
   295 3
   296 3
   297 3
   298 3
   299 3
   300 3
   301 3
   302 3
   303 3
   304 3
   305 3
   306 3
   307 3
   308 3
   309 3
   310 3
   311 3
   312 3
   313 3
   314 3
   315 3
   316 3
   317 3
   318 3
   319 3
   320 3
   321 3
   322 3
   323 3
   324 3
   325 3
   326 3
   327 3
   328 3
   329 3
   330 3
   331 3
   332 3
   333 3
   334 3
   335 3
   336 3
   337 3
   338 3
   339 3
   340 3
   341 3
   342 3
   343 3
   344 3
   345 3
   346 3
   347 3
   348 3
   349 3
   350 3
   351 3
   352 3
   353 3
   354 3
   355 3
   356 3
   357 3
   358 3
   359 3
   360 3
   361 3
   362 3
   363 3
   364 3
   365 3
   366 3
   367 3
   368 3
   369 3
   370 3
   371 3
   372 3
   373 3
   374 3
   375 3
   376 3
   377 3
   378 3
   379 3
   380 3
   381 3
   382 3
   383 3
   384 3
   385 3
   386 3
   387 3
   388 3
   389 3
   390 3
   391 3
   392 3
   393 3
   394 3
   395 3
   396 3
   397 3
   398 3
   399 3
   400 3
   401 3
   402 3
   403 3
   404 3
   405 3
   406 3
   407 3
   408 3
   409 3
   410 3
   411 3
   412 3
   413 3
   414 3
   415 3
   416 3
   417 3
   418 3
   419 3
   420 3
   421 3
   422 3
   423 3
   424 3
   425 3
   426 3
   427 3
   428 3
   429 3
   430 3
   431 3
   432 3
   433 3
   434 3
   435 3
   436 3
   437 3
   438 3
   439 3
   440 3
   441 3
   442 3
   443 3
   444 3
   445 3
   446 3
   447 3
   448 3
   449 3
   450 3
   451 3
   452 3
   453 3
   454 3
   455 3
   456 3
   457 3
   458 3
   459 3
   460 3
   461 3
   462 3
   463 3
   464 3
   465 3
   466 3
   467 3
   468 3
   469 3
   470 3
   471 3
   472 3
   473 3
   474 3
   475 3
   476 3
   477 3
   478 3
   479 3
   480 3
   481 3
   482 3
   483 3
   484 3
   485 3
   486 3
   487 3
   488 3
   489 3
   490 3
   491 3
   492 3
   493 3
   494 3
   495 3
   496 3
   497 3
   498 3
   499 3
   500 3
   501 3
   502 3
   503 3
   504 3
   505 3
   506 3
   507 3
   508 3
   509 3
   510 3
   511 3
   512 3
   513 3
   514 3
   515 3
   516 3
   517 3
   518 3
   519 3
   520 3
   521 3
   522 3
   523 3
   524 3
   525 3
   526 3
   527 3
   528 3
   529 3
   530 3
   531 3
   532 3
   533 3
   534 3
   535 3
   536 3
   537 3
   538 3
   539 3
   540 3
   541 3
   542 3
   543 3
   544 3
   545 3
   546 3
   547 3
   548 3
   549 3
   550 3
   551 3
   552 3
   553 3
   554 3
   555 3
   556 3
   557 3
   558 3
   559 3
   560 3
   561 3
   562 3
   563 3
   564 3
   565 3
   566 3
   567 3
   568 3
   569 3
   570 3
   571 3
   572 3
   573 3
   574 3
   575 3
   576 3
   577 3
   578 3
   579 3
   580 3
   581 3
   582 3
   583 3
   584 3
   585 3
   586 3
   587 3
   588 3
   589 3
   590 3
   591 3
   592 3
   593 3
   594 3
   595 3
   596 3
   597 3
   598 3
   599 3
   600 3
   601 3
   602 3
   603 3
   604 3
   605 3
   606 3
   607 3
   608 3
   609 3
   610 3
   611 3
   612 3
   613 3
   614 3
   615 3
   616 3
   617 3
   618 3
   619 3
   620 3
   621 3
   622 3
   623 3
   624 3
   625 3
   626 3
   627 3
   628 3
   629 3
   630 3
   631 3
   632 3
   633 3
   634 3
   635 3
   636 3
   637 3
   638 3
   639 3
   640 3
   641 3
   642 3
   643 3
   644 3
   645 3
   646 3
   647 3
   648 3
   649 3
   650 3
   651 3
   652 3
   653 3
   654 3
   655 3
   656 3
   657 3
   658 3
   659 3
   660 3
   661 3
   662 3
   663 3
   664 3
   665 3
   666 3
   667 3
   668 3
   669 3
   670 3
   671 3
   672 3
   673 3
   674 3
   675 3
   676 3
   677 3
   678 3
   679 3
   680 3
   681 3
   682 3
   683 3
   684 3
   685 3
   686 3
   687 3
   688 3
   689 3
   690 3
   691 3
   692 3
   693 3
   694 3
   695 3
   696 3
  END_NODES_PER_ELEMENT
  ELEMENTS
  1 20 29 23  
  2 345 351 338  
  3 365 357 354  
  4 380 378 371  
  5 13 8 9  
  6 63 76 66  
  7 326 337 323  
  8 351 359 343  
  9 101 114 103  
  10 369 373 362  
  11 354 357 344  
  12 365 354 367  
  13 338 351 343  
  14 338 343 329  
  15 345 338 330  
  16 51 63 54  
  17 319 326 312  
  18 23 29 36  
  19 20 23 14  
  20 114 127 117  
  21 364 369 356  
  22 378 367 371  
  23 260 243 247  
  24 206 221 204  
  25 258 272 255  
  26 314 300 303  
  27 9 8 4  
  28 13 9 16  
  29 29 40 36  
  30 36 40 51  
  31 89 101 92  
  32 328 314 320  
  33 55 43 45  
  34 380 371 376  
  35 173 186 172  
  36 86 72 73  
  37 286 297 283  
  38 357 347 344  
  39 344 347 332  
  40 323 337 330  
  41 330 337 345  
  42 323 330 322  
  43 326 323 312  
  44 312 323 308  
  45 332 347 328  
  46 332 328 320  
  47 344 332 333  
  48 43 32 34  
  49 329 343 340  
  50 338 329 322  
  51 160 173 159  
  52 308 323 322  
  53 308 322 301  
  54 312 308 294  
  55 332 320 333  
  56 322 330 338  
  57 66 76 77  
  58 63 66 54  
  59 54 66 57  
  60 57 66 75  
  61 54 57 42  
  62 297 309 293  
  63 343 359 352  
  64 362 373 366  
  65 369 362 356  
  66 356 362 349  
  67 349 362 355  
  68 356 349 340  
  69 103 114 117  
  70 103 117 106  
  71 106 117 125  
  72 103 106 91  
  73 101 103 92  
  74 92 103 91  
  75 92 91 75  
  76 354 344 342  
  77 367 354 358  
  78 365 367 375  
  79 375 367 378  
  80 301 322 313  
  81 308 301 290  
  82 359 364 352  
  83 352 364 356  
  84 352 356 340  
  85 51 54 36  
  86 32 22 24  
  87 23 36 30  
  88 14 23 19  
  89 20 14 11  
  90 11 14 6  
  91 6 14 12  
  92 11 6 5  
  93 5 6 2  
  94 2 6 7  
  95 5 2 1  
  96 1 2 4  
  97 4 2 7  
  98 1 4 3  
  99 3 4 8  
  100 319 312 306  
  101 117 127 131  
  102 373 377 366  
  103 366 377 372  
  104 372 377 379  
  105 372 379 381  
  106 366 372 361  
  107 247 243 228  
  108 260 247 267  
  109 204 221 220  
  110 206 204 188  
  111 255 272 269  
  112 258 255 238  
  113 144 160 146  
  114 303 300 288  
  115 314 303 320  
  116 320 303 307  
  117 307 303 291  
  118 320 316 333  
  119 16 9 17  
  120 13 16 22  
  121 22 16 24  
  122 24 16 17  
  123 89 92 77  
  124 77 92 75  
  125 89 77 76  
  126 77 75 66  
  127 352 340 343  
  128 45 43 34  
  129 45 34 39  
  130 39 34 26  
  131 45 39 52  
  132 55 45 60  
  133 376 371 368  
  134 380 376 382  
  135 382 376 374  
  136 374 376 368  
  137 382 374 381  
  138 381 370 372  
  139 172 186 188  
  140 173 172 159  
  141 159 172 161  
  142 161 172 175  
  143 159 161 143  
  144 73 72 60  
  145 86 73 90  
  146 283 297 293  
  147 283 293 276  
  148 276 293 294  
  149 283 276 265  
  150 286 283 269  
  151 344 333 342  
  152 342 333 331  
  153 331 333 316  
  154 342 331 346  
  155 34 32 24  
  156 34 24 26  
  157 26 24 17  
  158 329 340 324  
  159 309 319 306  
  160 309 306 293  
  161 293 306 294  
  162 294 306 312  
  163 57 75 65  
  164 54 42 36  
  165 294 308 290  
  166 42 57 49  
  167 160 159 146  
  168 146 159 143  
  169 146 143 125  
  170 355 362 366  
  171 355 366 361  
  172 355 361 348  
  173 348 361 353  
  174 355 348 341  
  175 353 361 370  
  176 348 353 339  
  177 341 348 335  
  178 355 341 349  
  179 349 341 336  
  180 336 341 327  
  181 349 336 340  
  182 327 341 335  
  183 327 335 317  
  184 317 335 325  
  185 327 317 311  
  186 336 327 321  
  187 325 335 339  
  188 325 339 334  
  189 334 339 350  
  190 325 334 318  
  191 317 325 310  
  192 311 317 302  
  193 327 311 321  
  194 321 311 304  
  195 304 311 296  
  196 321 304 324  
  197 321 324 336  
  198 296 311 302  
  199 296 302 285  
  200 285 302 295  
  201 296 285 279  
  202 304 296 289  
  203 7 6 12  
  204 7 12 15  
  205 15 12 19  
  206 19 12 14  
  207 7 15 10  
  208 125 117 131  
  209 125 131 146  
  210 146 131 144  
  211 144 131 127  
  212 91 106 96  
  213 285 295 278  
  214 296 279 289  
  215 289 279 271  
  216 271 279 262  
  217 289 271 284  
  218 106 125 113  
  219 295 302 310  
  220 295 310 305  
  221 279 285 268  
  222 361 372 370  
  223 370 381 374  
  224 10 15 18  
  225 7 10 4  
  226 262 279 268  
  227 262 268 250  
  228 250 268 261  
  229 262 250 241  
  230 271 262 253  
  231 284 271 266  
  232 289 284 299  
  233 354 342 358  
  234 367 358 371  
  235 250 261 240  
  236 262 241 253  
  237 253 241 234  
  238 234 241 223  
  239 253 234 246  
  240 261 268 278  
  241 261 278 270  
  242 241 250 231  
  243 313 322 329  
  244 301 313 299  
  245 290 301 282  
  246 316 320 307  
  247 331 316 315  
  248 346 331 334  
  249 342 346 358  
  250 358 346 360  
  251 360 346 350  
  252 358 360 371  
  253 291 303 288  
  254 291 288 274  
  255 274 288 267  
  256 291 274 277  
  257 223 241 231  
  258 223 231 212  
  259 212 231 222  
  260 223 212 201  
  261 253 246 266  
  262 266 246 257  
  263 52 39 44  
  264 234 223 216  
  265 307 291 292  
  266 39 26 31  
  267 45 52 60  
  268 60 52 67  
  269 67 52 58  
  270 60 67 73  
  271 73 67 79  
  272 79 67 70  
  273 73 79 90  
  274 90 79 95  
  275 70 67 58  
  276 70 58 64  
  277 64 58 50  
  278 70 64 81  
  279 50 58 44  
  280 50 44 38  
  281 44 58 52  
  282 38 44 31  
  283 38 31 28  
  284 50 38 46  
  285 28 31 21  
  286 38 28 37  
  287 46 38 37  
  288 46 37 47  
  289 47 37 35  
  290 46 47 59  
  291 50 46 61  
  292 21 31 26  
  293 21 26 17  
  294 21 17 10  
  295 28 21 18  
  296 28 18 25  
  297 37 28 25  
  298 64 50 61  
  299 64 61 74  
  300 74 61 69  
  301 64 74 81  
  302 81 74 94  
  303 70 81 85  
  304 35 37 25  
  305 35 25 27  
  306 27 25 15  
  307 35 27 41  
  308 47 35 48  
  309 59 47 56  
  310 46 59 61  
  311 61 59 69  
  312 69 59 71  
  313 95 79 85  
  314 85 79 70  
  315 95 85 98  
  316 98 85 81  
  317 95 98 110  
  318 90 95 105  
  319 94 74 88  
  320 81 94 98  
  321 74 69 88  
  322 25 18 15  
  323 110 98 115  
  324 95 110 105  
  325 246 234 227  
  326 175 172 188  
  327 175 188 191  
  328 191 188 204  
  329 191 204 207  
  330 207 204 220  
  331 191 207 190  
  332 207 220 224  
  333 190 207 217  
  334 191 190 176  
  335 224 220 238  
  336 224 238 236  
  337 207 224 217  
  338 236 238 255  
  339 236 255 252  
  340 224 236 217  
  341 252 255 269  
  342 236 252 235  
  343 252 269 265  
  344 252 265 249  
  345 265 269 283  
  346 249 265 263  
  347 252 249 235  
  348 235 249 230  
  349 263 265 276  
  350 263 276 275  
  351 275 276 294  
  352 263 275 259  
  353 230 249 248  
  354 235 230 215  
  355 249 263 248  
  356 259 275 273  
  357 263 259 248  
  358 248 259 244  
  359 244 259 257  
  360 248 244 229  
  361 229 244 225  
  362 248 229 230  
  363 230 229 213  
  364 213 229 211  
  365 230 213 215  
  366 215 213 199  
  367 211 229 225  
  368 211 225 209  
  369 199 213 198  
  370 215 192 217  
  371 209 225 227  
  372 227 225 242  
  373 209 227 216  
  374 211 209 195  
  375 242 225 244  
  376 242 244 257  
  377 242 257 246  
  378 242 246 227  
  379 213 211 198  
  380 195 209 196  
  381 211 195 198  
  382 198 195 181  
  383 181 195 180  
  384 198 181 184  
  385 175 191 176  
  386 175 176 162  
  387 162 176 164  
  388 175 162 161  
  389 161 162 145  
  390 145 162 149  
  391 161 145 143  
  392 143 145 128  
  393 128 145 130  
  394 143 128 125  
  395 164 176 178  
  396 162 164 149  
  397 149 164 153  
  398 153 164 169  
  399 149 153 135  
  400 145 149 130  
  401 180 195 196  
  402 180 196 179  
  403 179 196 201  
  404 180 179 165  
  405 184 181 163  
  406 169 164 178  
  407 169 192 184  
  408 135 153 141  
  409 181 180 167  
  410 198 184 199  
  411 199 184 192  
  412 153 169 163  
  413 149 135 130  
  414 130 135 118  
  415 118 135 123  
  416 130 118 113  
  417 128 130 113  
  418 235 215 217  
  419 165 179 166  
  420 180 165 167  
  421 167 165 148  
  422 148 165 150  
  423 167 148 152  
  424 236 235 217  
  425 123 135 141  
  426 123 141 132  
  427 132 141 152  
  428 123 132 112  
  429 118 123 108  
  430 295 305 287  
  431 150 165 166  
  432 150 166 151  
  433 151 166 168  
  434 150 151 134  
  435 152 148 132  
  436 305 310 318  
  437 318 310 325  
  438 305 318 315  
  439 148 150 133  
  440 167 152 163  
  441 163 141 153  
  442 30 36 42  
  443 318 334 315  
  444 19 23 30  
  445 350 339 353  
  446 334 350 346  
  447 222 231 240  
  448 222 240 232  
  449 201 212 193  
  450 112 132 119  
  451 212 222 203  
  452 223 201 216  
  453 216 201 196  
  454 123 112 108  
  455 108 112 99  
  456 99 112 104  
  457 108 99 93  
  458 228 243 219  
  459 220 221 239  
  460 134 151 137  
  461 267 247 254  
  462 168 166 182  
  463 247 228 233  
  464 206 188 186  
  465 150 134 133  
  466 133 134 116  
  467 116 134 121  
  468 133 116 119  
  469 260 267 280  
  470 151 168 154  
  471 269 272 286  
  472 258 238 239  
  473 288 300 280  
  474 99 104 87  
  475 108 93 100  
  476 104 112 119  
  477 104 119 116  
  478 93 99 83  
  479 17 9 10  
  480 261 270 251  
  481 116 121 107  
  482 270 278 287  
  483 287 278 295  
  484 270 287 281  
  485 281 287 298  
  486 270 281 264  
  487 121 134 137  
  488 121 137 124  
  489 124 137 140  
  490 121 124 109  
  491 55 60 72  
  492 368 371 360  
  493 368 360 363  
  494 124 140 129  
  495 121 109 107  
  496 107 109 88  
  497 140 137 154  
  498 140 154 157  
  499 109 124 111  
  500 86 90 102  
  501 266 257 282  
  502 41 27 33  
  503 35 41 48  
  504 48 41 53  
  505 53 41 49  
  506 48 53 62  
  507 53 49 65  
  508 62 53 68  
  509 48 62 56  
  510 56 62 71  
  511 324 340 336  
  512 302 317 310  
  513 259 273 257  
  514 291 277 292  
  515 292 277 281  
  516 232 240 251  
  517 251 240 261  
  518 232 251 245  
  519 245 251 264  
  520 232 245 226  
  521 245 264 256  
  522 329 324 313  
  523 277 274 256  
  524 222 232 214  
  525 273 275 290  
  526 273 290 282  
  527 304 289 299  
  528 304 299 324  
  529 190 217 192  
  530 176 190 178  
  531 178 190 192  
  532 178 192 169  
  533 199 192 215  
  534 65 75 80  
  535 335 348 339  
  536 47 48 56  
  537 49 57 65  
  538 285 278 268  
  539 196 209 216  
  540 353 370 363  
  541 42 49 33  
  542 90 105 102  
  543 102 105 120  
  544 96 106 113  
  545 163 181 167  
  546 141 163 152  
  547 113 125 128  
  548 184 163 169  
  549 256 264 277  
  550 91 96 80  
  551 80 96 84  
  552 91 80 75  
  553 84 96 100  
  554 80 84 68  
  555 10 18 21  
  556 245 256 237  
  557 94 88 109  
  558 266 271 253  
  559 298 287 305  
  560 298 305 315  
  561 270 264 251  
  562 299 284 282  
  563 282 284 266  
  564 281 298 292  
  565 140 157 147  
  566 157 154 171  
  567 264 281 277  
  568 282 301 299  
  569 110 115 126  
  570 226 245 237  
  571 226 237 218  
  572 218 237 233  
  573 226 218 205  
  574 205 218 202  
  575 226 205 214  
  576 214 205 194  
  577 194 205 187  
  578 214 194 203  
  579 214 203 222  
  580 203 194 185  
  581 232 226 214  
  582 231 250 240  
  583 315 316 298  
  584 68 53 65  
  585 331 315 334  
  586 166 179 182  
  587 182 179 201  
  588 115 98 111  
  589 62 78 83  
  590 44 39 31  
  591 118 108 100  
  592 118 100 113  
  593 148 133 132  
  594 202 218 210  
  595 212 203 193  
  596 187 205 202  
  597 187 202 183  
  598 183 202 197  
  599 187 183 170  
  600 197 202 210  
  601 197 210 208  
  602 208 210 228  
  603 197 208 189  
  604 183 197 174  
  605 170 183 158  
  606 187 170 171  
  607 189 208 200  
  608 189 200 177  
  609 197 189 174  
  610 174 189 177  
  611 183 174 158  
  612 227 234 216  
  613 201 193 182  
  614 182 193 185  
  615 185 193 203  
  616 170 158 147  
  617 307 292 316  
  618 119 132 133  
  619 194 187 171  
  620 137 151 154  
  621 154 168 171  
  622 100 93 84  
  623 254 247 233  
  624 233 228 210  
  625 87 104 97  
  626 83 99 87  
  627 116 97 104  
  628 168 182 185  
  629 267 254 274  
  630 93 83 78  
  631 129 140 147  
  632 129 147 136  
  633 136 147 158  
  634 129 136 115  
  635 111 124 129  
  636 33 27 19  
  637 109 111 94  
  638 41 33 49  
  639 363 370 374  
  640 185 194 171  
  641 185 171 168  
  642 65 80 68  
  643 353 363 350  
  644 237 256 254  
  645 147 157 170  
  646 126 115 136  
  647 157 171 170  
  648 110 126 122  
  649 210 218 233  
  650 97 116 107  
  651 97 107 88  
  652 78 62 68  
  653 78 68 84  
  654 78 84 93  
  655 122 126 139  
  656 87 97 82  
  657 82 97 88  
  658 82 88 69  
  659 82 69 71  
  660 71 59 56  
  661 71 62 83  
  662 82 71 87  
  663 110 122 105  
  664 139 126 142  
  665 122 139 138  
  666 138 139 155  
  667 142 126 136  
  668 142 136 158  
  669 139 142 156  
  670 156 142 158  
  671 139 156 155  
  672 155 156 177  
  673 220 239 238  
  674 138 120 122  
  675 122 120 105  
  676 294 290 275  
  677 254 256 274  
  678 19 30 33  
  679 33 30 42  
  680 83 87 71  
  681 111 129 115  
  682 208 228 219  
  683 208 219 200  
  684 288 280 267  
  685 158 174 156  
  686 254 233 237  
  687 350 363 360  
  688 368 363 374  
  689 257 273 282  
  690 96 113 100  
  691 292 298 316  
  692 313 324 299  
  693 9 4 10  
  694 15 19 27  
  695 177 156 174  
  696 111 98 94  
  END_ELEMENTS  
  COORDINATES  
   1   5.033898e+00 -3.975397e+00   
   2   5.223621e+00 -3.791558e+00   
   3   4.742874e+00 -3.863636e+00   
   4   4.929537e+00 -3.650733e+00   
   5   5.440678e+00 -3.980614e+00   
   6   5.507144e+00 -3.741854e+00   
   7   5.320520e+00 -3.510801e+00   
   8   4.525424e+00 -3.689313e+00   
   9   4.679505e+00 -3.424713e+00   
   10   5.012808e+00 -3.284344e+00   
   11   5.745763e+00 -3.903956e+00   
   12   5.567457e+00 -3.450880e+00   
   13   4.376583e+00 -3.500000e+00   
   14   5.782525e+00 -3.655940e+00   
   15   5.382722e+00 -3.228360e+00   
   16   4.483535e+00 -3.264668e+00   
   17   4.680235e+00 -3.124099e+00   
   18   5.165737e+00 -3.022155e+00   
   19   5.778561e+00 -3.268608e+00   
   20   6.050847e+00 -3.772862e+00   
   21   4.875958e+00 -2.932900e+00   
   22   4.227598e+00 -3.227273e+00   
   23   6.032629e+00 -3.503902e+00   
   24   4.416738e+00 -2.996771e+00   
   25   5.386620e+00 -2.823053e+00   
   26   4.612866e+00 -2.841197e+00   
   27   5.660138e+00 -2.923321e+00   
   28   5.101042e+00 -2.740130e+00   
   29   6.254237e+00 -3.657398e+00   
   30   6.094957e+00 -3.204374e+00   
   31   4.834271e+00 -2.639497e+00   
   32   4.121573e+00 -2.954545e+00   
   33   5.969323e+00 -2.945334e+00   
   34   4.330810e+00 -2.744977e+00   
   35   5.574529e+00 -2.611717e+00   
   36   6.355924e+00 -3.315784e+00   
   37   5.293760e+00 -2.515001e+00   
   38   5.000347e+00 -2.473382e+00   
   39   4.548374e+00 -2.550243e+00   
   40   6.484495e+00 -3.500000e+00   
   41   5.869076e+00 -2.662856e+00   
   42   6.304930e+00 -2.995598e+00   
   43   4.041484e+00 -2.681818e+00   
   44   4.753802e+00 -2.332291e+00   
   45   4.263281e+00 -2.487174e+00   
   46   5.223184e+00 -2.278403e+00   
   47   5.507439e+00 -2.322435e+00   
   48   5.794074e+00 -2.408380e+00   
   49   6.242750e+00 -2.704728e+00   
   50   4.938763e+00 -2.196076e+00   
   51   6.710114e+00 -3.318182e+00   
   52   4.461946e+00 -2.265034e+00   
   53   6.080784e+00 -2.462168e+00   
   54   6.631107e+00 -3.036944e+00   
   55   3.978705e+00 -2.409091e+00   
   56   5.674487e+00 -2.165162e+00   
   57   6.535518e+00 -2.766425e+00   
   58   4.676738e+00 -2.057297e+00   
   59   5.405082e+00 -2.043674e+00   
   60   4.189739e+00 -2.197585e+00   
   61   5.153211e+00 -1.987676e+00   
   62   5.985335e+00 -2.179921e+00   
   63   6.905793e+00 -3.136364e+00   
   64   4.915635e+00 -1.900472e+00   
   65   6.478270e+00 -2.472754e+00   
   66   6.804555e+00 -2.866107e+00   
   67   4.388329e+00 -1.979128e+00   
   68   6.279175e+00 -2.237814e+00   
   69   5.397051e+00 -1.817618e+00   
   70   4.640855e+00 -1.821977e+00   
   71   5.680507e+00 -1.871401e+00   
   72   3.915254e+00 -2.052124e+00   
   73   4.153629e+00 -1.877321e+00   
   74   5.123947e+00 -1.700178e+00   
   75   6.810112e+00 -2.547239e+00   
   76   7.079267e+00 -2.954545e+00   
   77   7.011705e+00 -2.715659e+00   
   78   6.272319e+00 -1.982811e+00   
   79   4.374369e+00 -1.689875e+00   
   80   6.706024e+00 -2.277798e+00   
   81   4.820484e+00 -1.596392e+00   
   82   5.546368e+00 -1.615968e+00   
   83   6.057037e+00 -1.774005e+00   
   84   6.534233e+00 -2.035991e+00   
   85   4.560727e+00 -1.533778e+00   
   86   3.877153e+00 -1.772727e+00   
   87   5.839071e+00 -1.550303e+00   
   88   5.350768e+00 -1.435165e+00   
   89   7.271186e+00 -2.725302e+00   
   90   4.107320e+00 -1.582024e+00   
   91   6.991494e+00 -2.272233e+00   
   92   7.143216e+00 -2.459699e+00   
   93   6.345209e+00 -1.691893e+00   
   94   5.018323e+00 -1.341432e+00   
   95   4.338136e+00 -1.395046e+00   
   96   6.827971e+00 -1.991685e+00   
   97   5.643087e+00 -1.329319e+00   
   98   4.663418e+00 -1.280516e+00   
   99   6.131215e+00 -1.483690e+00   
   100   6.638210e+00 -1.704369e+00   
   101   7.435273e+00 -2.500000e+00   
   102   3.838971e+00 -1.409091e+00   
   103   7.287723e+00 -2.249917e+00   
   104   5.928640e+00 -1.264361e+00   
   105   4.059191e+00 -1.286655e+00   
   106   7.129494e+00 -2.009163e+00   
   107   5.479218e+00 -1.125635e+00   
   108   6.413661e+00 -1.401280e+00   
   109   5.206101e+00 -1.048481e+00   
   110   4.327585e+00 -1.097451e+00   
   111   4.916094e+00 -9.728419e-01   
   112   6.220933e+00 -1.203479e+00   
   113   6.968373e+00 -1.650554e+00   
   114   7.576271e+00 -2.282356e+00   
   115   4.585013e+00 -9.444822e-01   
   116   5.714457e+00 -9.844814e-01   
   117   7.416272e+00 -2.036680e+00   
   118   6.706287e+00 -1.337414e+00   
   119   6.005529e+00 -9.952736e-01   
   120   3.813559e+00 -1.077472e+00   
   121   5.413447e+00 -8.332849e-01   
   122   4.065798e+00 -9.510030e-01   
   123   6.506271e+00 -1.116442e+00   
   124   5.127321e+00 -7.602185e-01   
   125   7.342221e+00 -1.693253e+00   
   126   4.323580e+00 -7.976155e-01   
   127   7.709324e+00 -2.045455e+00   
   128   7.190969e+00 -1.467006e+00   
   129   4.840818e+00 -6.722329e-01   
   130   7.003756e+00 -1.278637e+00   
   131   7.592868e+00 -1.817411e+00   
   132   6.251572e+00 -8.466236e-01   
   133   5.902629e+00 -7.091914e-01   
   134   5.635810e+00 -6.339529e-01   
   135   6.799004e+00 -1.060387e+00   
   136   4.553773e+00 -5.981230e-01   
   137   5.345246e+00 -5.609310e-01   
   138   3.796959e+00 -7.727273e-01   
   139   4.061836e+00 -6.510378e-01   
   140   5.060953e+00 -4.688473e-01   
   141   6.588272e+00 -8.171490e-01   
   142   4.319652e+00 -4.976433e-01   
   143   7.464450e+00 -1.369053e+00   
   144   7.841106e+00 -1.772727e+00   
   145   7.276616e+00 -1.189424e+00   
   146   7.655417e+00 -1.538939e+00   
   147   4.770209e+00 -3.955342e-01   
   148   6.123837e+00 -5.072358e-01   
   149   7.081290e+00 -9.670365e-01   
   150   5.839925e+00 -4.162970e-01   
   151   5.554765e+00 -3.467786e-01   
   152   6.413536e+00 -5.775938e-01   
   153   6.868486e+00 -7.712994e-01   
   154   5.269147e+00 -2.563259e-01   
   155   3.784728e+00 -4.090909e-01   
   156   4.097710e+00 -2.980327e-01   
   157   4.979458e+00 -1.807744e-01   
   158   4.453094e+00 -2.239250e-01   
   159   7.749638e+00 -1.282290e+00   
   160   7.951426e+00 -1.500000e+00   
   161   7.538382e+00 -1.080273e+00   
   162   7.373992e+00 -9.230532e-01   
   163   6.648395e+00 -4.629372e-01   
   164   7.153696e+00 -7.238276e-01   
   165   6.065002e+00 -2.208078e-01   
   166   5.773725e+00 -1.513158e-01   
   167   6.323330e+00 -2.934485e-01   
   168   5.491228e+00 -5.523035e-02   
   169   6.968434e+00 -4.912817e-01   
   170   4.764186e+00  3.291717e-02   
   171   5.094669e+00  8.254599e-02   
   172   7.825481e+00 -1.025371e+00   
   173   8.041339e+00 -1.227273e+00   
   174   4.186840e+00  3.895545e-02   
   175   7.633133e+00 -7.976382e-01   
   176   7.439420e+00 -6.426918e-01   
   177   3.780109e+00 -4.545455e-02   
   178   7.248223e+00 -4.741900e-01   
   179   5.980924e+00  6.487835e-02   
   180   6.264729e+00  8.804980e-05   
   181   6.546694e+00 -9.418351e-02   
   182   5.680290e+00  1.540674e-01   
   183   4.519097e+00  2.030171e-01   
   184   6.837152e+00 -1.576260e-01   
   185   5.382670e+00  2.595113e-01   
   186   8.112435e+00 -9.545455e-01   
   187   4.783144e+00  3.306472e-01   
   188   7.912483e+00 -7.251061e-01   
   189   4.015432e+00  2.505393e-01   
   190   7.461318e+00 -3.443154e-01   
   191   7.707515e+00 -5.099028e-01   
   192   7.218248e+00 -1.688335e-01   
   193   5.585627e+00  3.830920e-01   
   194   5.076722e+00  4.349968e-01   
   195   6.493509e+00  1.899582e-01   
   196   6.186639e+00  2.962990e-01   
   197   4.285180e+00  3.881807e-01   
   198   6.737899e+00  1.226240e-01   
   199   7.020198e+00  2.778412e-02   
   200   3.782875e+00  3.181818e-01   
   201   5.867565e+00  4.234691e-01   
   202   4.564589e+00  4.927423e-01   
   203   5.331638e+00  5.689675e-01   
   204   7.934942e+00 -4.274985e-01   
   205   4.832807e+00  6.260589e-01   
   206   8.179065e+00 -5.909091e-01   
   207   7.732722e+00 -2.244331e-01   
   208   4.042156e+00  5.528329e-01   
   209   6.405661e+00  4.736632e-01   
   210   4.315533e+00  6.597732e-01   
   211   6.687396e+00  4.149338e-01   
   212   5.609179e+00  6.817431e-01   
   213   6.966197e+00  3.138506e-01   
   214   5.105822e+00  7.319558e-01   
   215   7.215585e+00  2.009414e-01   
   216   6.146349e+00  6.136932e-01   
   217   7.505187e+00  5.257582e-02   
   218   4.584896e+00  7.915759e-01   
   219   3.793161e+00  6.818182e-01   
   220   7.974597e+00 -1.316908e-01   
   221   8.207612e+00 -3.181818e-01   
   222   5.374192e+00  8.655082e-01   
   223   5.872242e+00  8.111754e-01   
   224   7.760645e+00  6.452450e-02   
   225   6.628756e+00  6.554656e-01   
   226   4.845510e+00  9.238747e-01   
   227   6.397237e+00  7.551675e-01   
   228   4.050085e+00  8.662498e-01   
   229   6.921954e+00  5.964008e-01   
   230   7.152008e+00  5.312590e-01   
   231   5.652986e+00  9.716326e-01   
   232   5.125164e+00  1.031095e+00   
   233   4.323729e+00  9.882378e-01   
   234   6.148752e+00  9.223849e-01   
   235   7.431675e+00  4.490121e-01   
   236   7.709208e+00  3.224330e-01   
   237   4.628414e+00  1.080589e+00   
   238   7.971171e+00  2.175369e-01   
   239   8.218942e+00  4.545455e-02   
   240   5.394526e+00  1.161009e+00   
   241   5.920981e+00  1.105199e+00   
   242   6.615757e+00  9.439382e-01   
   243   3.811478e+00  1.045455e+00   
   244   6.828876e+00  8.777397e-01   
   245   4.894180e+00  1.219398e+00   
   246   6.416111e+00  1.054082e+00   
   247   4.080456e+00  1.163109e+00   
   248   7.109216e+00  8.260700e-01   
   249   7.383118e+00  7.089279e-01   
   250   5.673272e+00  1.270379e+00   
   251   5.175142e+00  1.318756e+00   
   252   7.661652e+00  6.385199e-01   
   253   6.164623e+00  1.214016e+00   
   254   4.346326e+00  1.301222e+00   
   255   7.924921e+00  5.124286e-01   
   256   4.641665e+00  1.380129e+00   
   257   6.695070e+00  1.161365e+00   
   258   8.200097e+00  4.090909e-01   
   259   7.053029e+00  1.053853e+00   
   260   3.831168e+00  1.318182e+00   
   261   5.441124e+00  1.456796e+00   
   262   5.932237e+00  1.402717e+00   
   263   7.344828e+00  1.003323e+00   
   264   4.908188e+00  1.516377e+00   
   265   7.614512e+00  8.792070e-01   
   266   6.460241e+00  1.346251e+00   
   267   4.093043e+00  1.461253e+00   
   268   5.721420e+00  1.557185e+00   
   269   7.895313e+00  8.094529e-01   
   270   5.189738e+00  1.618069e+00   
   271   6.209624e+00  1.509966e+00   
   272   8.165145e+00  6.818182e-01   
   273   6.961333e+00  1.338487e+00   
   274   4.348883e+00  1.639613e+00   
   275   7.252960e+00  1.272318e+00   
   276   7.514078e+00  1.159998e+00   
   277   4.632704e+00  1.733805e+00   
   278   5.457194e+00  1.751000e+00   
   279   5.987050e+00  1.695021e+00   
   280   3.866491e+00  1.681818e+00   
   281   4.963112e+00  1.810647e+00   
   282   6.737911e+00  1.554941e+00   
   283   7.802662e+00  1.110574e+00   
   284   6.474464e+00  1.645265e+00   
   285   5.737425e+00  1.856020e+00   
   286   8.091395e+00  1.045455e+00   
   287   5.246141e+00  1.901974e+00   
   288   4.135676e+00  1.845160e+00   
   289   6.220025e+00  1.799235e+00   
   290   7.069315e+00  1.598610e+00   
   291   4.407021e+00  1.930003e+00   
   292   4.693650e+00  2.016916e+00   
   293   7.722048e+00  1.396310e+00   
   294   7.421159e+00  1.539926e+00   
   295   5.508886e+00  2.045765e+00   
   296   5.991264e+00  1.992032e+00   
   297   8.013626e+00  1.318182e+00   
   298   5.024844e+00  2.103565e+00   
   299   6.575438e+00  1.933071e+00   
   300   3.914223e+00  2.045455e+00   
   301   6.929519e+00  1.861542e+00   
   302   5.790919e+00  2.138990e+00   
   303   4.193611e+00  2.138081e+00   
   304   6.269766e+00  2.094240e+00   
   305   5.279327e+00  2.220285e+00   
   306   7.663831e+00  1.658272e+00   
   307   4.473921e+00  2.220458e+00   
   308   7.220486e+00  1.855170e+00   
   309   7.916934e+00  1.590909e+00   
   310   5.519694e+00  2.337756e+00   
   311   6.053542e+00  2.282086e+00   
   312   7.507033e+00  1.867383e+00   
   313   6.812856e+00  2.135522e+00   
   314   3.960800e+00  2.318182e+00   
   315   5.055189e+00  2.454489e+00   
   316   4.683820e+00  2.462389e+00   
   317   5.801514e+00  2.437880e+00   
   318   5.321207e+00  2.478165e+00   
   319   7.799960e+00  1.863636e+00   
   320   4.299559e+00  2.447897e+00   
   321   6.273641e+00  2.380638e+00   
   322   7.087620e+00  2.174036e+00   
   323   7.394842e+00  2.082893e+00   
   324   6.551418e+00  2.387582e+00   
   325   5.577046e+00  2.631283e+00   
   326   7.677966e+00  2.105294e+00   
   327   6.049363e+00  2.578351e+00   
   328   4.018702e+00  2.590909e+00   
   329   6.846135e+00  2.438322e+00   
   330   7.296200e+00  2.308791e+00   
   331   4.821677e+00  2.726488e+00   
   332   4.235812e+00  2.687589e+00   
   333   4.530245e+00  2.717668e+00   
   334   5.224927e+00  2.754954e+00   
   335   5.860813e+00  2.716528e+00   
   336   6.329251e+00  2.674404e+00   
   337   7.553902e+00  2.318182e+00   
   338   7.131276e+00  2.497742e+00   
   339   5.588054e+00  2.900093e+00   
   340   6.631470e+00  2.736440e+00   
   341   6.120249e+00  2.865647e+00   
   342   4.643172e+00  2.957023e+00   
   343   6.952000e+00  2.702359e+00   
   344   4.345610e+00  2.948981e+00   
   345   7.372881e+00  2.590215e+00   
   346   4.937849e+00  3.000818e+00   
   347   4.118644e+00  2.945761e+00   
   348   5.864038e+00  3.015750e+00   
   349   6.326527e+00  2.957685e+00   
   350   5.345591e+00  3.073617e+00   
   351   7.232819e+00  2.772727e+00   
   352   6.826181e+00  2.918269e+00   
   353   5.628510e+00  3.196585e+00   
   354   4.480524e+00  3.206329e+00   
   355   6.111377e+00  3.162457e+00   
   356   6.588781e+00  3.076457e+00   
   357   4.220339e+00  3.211158e+00   
   358   4.781546e+00  3.253236e+00   
   359   7.067797e+00  2.967693e+00   
   360   5.068738e+00  3.263866e+00   
   361   5.906816e+00  3.300125e+00   
   362   6.399074e+00  3.236290e+00   
   363   5.396427e+00  3.386383e+00   
   364   6.864407e+00  3.177806e+00   
   365   4.322034e+00  3.412728e+00   
   366   6.173888e+00  3.430813e+00   
   367   4.628437e+00  3.508944e+00   
   368   5.194366e+00  3.536455e+00   
   369   6.661017e+00  3.361103e+00   
   370   5.653588e+00  3.516972e+00   
   371   4.930556e+00  3.582439e+00   
   372   5.936508e+00  3.595972e+00   
   373   6.457627e+00  3.520480e+00   
   374   5.409201e+00  3.686682e+00   
   375   4.518507e+00  3.681818e+00   
   376   5.166909e+00  3.762903e+00   
   377   6.212654e+00  3.681818e+00   
   378   4.728814e+00  3.855576e+00   
   379   5.949153e+00  3.822035e+00   
   380   4.951725e+00  3.954545e+00   
   381   5.644068e+00  3.936086e+00   
   382   5.338983e+00  3.992145e+00   
  END_COORDINATES
  BOUNDARIES, ELEMENT
    1         20     29         1     
    2         345     351         2     
    3         365     357         3     
    4         380     378         4     
    5         13     8         5     
    6         63     76         6     
    7         326     337         7     
    8         351     359         8     
    9         101     114         9     
    10         369     373         10     
    11         51     63         16     
    12         319     326         17     
    13         114     127         20     
    14         364     369         21     
    15         260     243         23     
    16         206     221         24     
    17         258     272         25     
    18         314     300         26     
    19         29     40         29     
    20         40     51         30     
    21         89     101         31     
    22         328     314         32     
    23         55     43         33     
    24         173     186         35     
    25         86     72         36     
    26         286     297         37     
    27         357     347         38     
    28         337     345         41     
    29         347     328         45     
    30         43     32         48     
    31         160     173         51     
    32         297     309         62     
    33         375     365         78     
    34         378     375         79     
    35         359     364         82     
    36         32     22         86     
    37         11     20         89     
    38         5     11         92     
    39         1     5         95     
    40         3     1         98     
    41         8     3         99     
    42         373     377         102     
    43         377     379         104     
    44         379     381         105     
    45         144     160         113     
    46         22     13         120     
    47         76     89         125     
    48         382     380         134     
    49         381     382         137     
    50         309     319         159     
    51         127     144         211     
    52         243     219         458     
    53         221     239         459     
    54         186     206         464     
    55         280     260         469     
    56         272     286         471     
    57         239     258         472     
    58         300     280         473     
    59         72     55         491     
    60         102     86         500     
    61         120     102         543     
    62         200     177         608     
    63         155     138         666     
    64         177     155         672     
    65         138     120         674     
    66         219     200         683     
  END_BOUNDARIES
  MATERIALS, NUMBER= 1, DEFAULT=1
  END_MATERIALS
  SUBDOMAINS
  END_SUBDOMAINS
  CHARACTERISTICS
  END_CHARACTERISTICS
