  NODES_PER_ELEMENT
   1 4
   2 4
   3 4
   4 4
   5 4
   6 4
   7 4
   8 4
   9 4
   10 4
   11 4
   12 4
   13 4
   14 4
   15 4
   16 4
   17 4
   18 4
   19 4
   20 4
   21 4
   22 4
   23 4
   24 4
   25 4
   26 4
   27 4
   28 4
   29 4
   30 4
   31 4
   32 4
   33 4
   34 4
   35 4
   36 4
   37 4
   38 4
   39 4
   40 4
   41 4
   42 4
   43 4
   44 4
   45 4
   46 4
   47 4
   48 4
   49 4
   50 4
   51 4
   52 4
   53 4
   54 4
   55 4
   56 4
   57 4
   58 4
   59 4
   60 4
   61 4
   62 4
   63 4
   64 4
   65 4
   66 4
   67 4
   68 4
   69 4
   70 4
   71 4
   72 4
   73 4
   74 4
   75 4
   76 4
   77 4
   78 4
   79 4
   80 4
   81 4
   82 4
   83 4
   84 4
   85 4
   86 4
   87 4
   88 4
   89 4
   90 4
   91 4
   92 4
   93 4
   94 4
   95 4
   96 4
   97 4
   98 4
   99 4
   100 4
   101 4
   102 4
   103 4
   104 4
   105 4
   106 4
   107 4
   108 4
   109 4
   110 4
   111 4
   112 4
   113 4
   114 4
   115 4
   116 4
   117 4
   118 4
   119 4
   120 4
   121 4
   122 4
   123 4
   124 4
   125 4
   126 4
   127 4
   128 4
   129 4
   130 4
   131 4
   132 4
   133 4
   134 4
   135 4
   136 4
   137 4
   138 4
   139 4
   140 4
   141 4
   142 4
   143 4
   144 4
   145 4
   146 4
   147 4
   148 4
   149 4
   150 4
   151 4
   152 4
   153 4
   154 4
   155 4
   156 4
   157 4
   158 4
   159 4
   160 4
   161 4
   162 4
   163 4
   164 4
   165 4
   166 4
   167 4
   168 4
   169 4
   170 4
   171 4
   172 4
   173 4
   174 4
   175 4
   176 4
   177 4
   178 4
   179 4
   180 4
   181 4
   182 4
   183 4
   184 4
   185 4
   186 4
   187 4
   188 4
   189 4
   190 4
   191 4
   192 4
   193 4
   194 4
   195 4
   196 4
   197 4
   198 4
   199 4
   200 4
   201 4
   202 4
   203 4
   204 4
   205 4
   206 4
   207 4
   208 4
   209 4
   210 4
   211 4
   212 4
   213 4
   214 4
   215 4
   216 4
   217 4
   218 4
   219 4
   220 4
  END_NODES_PER_ELEMENT
  ELEMENTS
  1 2 4 3 1  
  2 5 7 4 2  
  3 10 12 7 5  
  4 16 18 12 10  
  5 25 27 18 16  
  6 34 37 27 25  
  7 44 46 37 34  
  8 57 61 46 44  
  9 72 75 61 57  
  10 88 92 75 72  
  11 105 107 92 88  
  12 4 8 6 3  
  13 7 9 8 4  
  14 12 14 9 7  
  15 18 21 14 12  
  16 27 29 21 18  
  17 37 38 29 27  
  18 46 51 38 37  
  19 61 63 51 46  
  20 75 76 63 61  
  21 92 94 76 75  
  22 107 110 94 92  
  23 8 13 11 6  
  24 9 15 13 8  
  25 14 20 15 9  
  26 21 23 20 14  
  27 29 32 23 21  
  28 38 43 32 29  
  29 51 54 43 38  
  30 63 66 54 51  
  31 76 82 66 63  
  32 94 98 82 76  
  33 110 116 98 94  
  34 13 19 17 11  
  35 15 22 19 13  
  36 20 24 22 15  
  37 23 31 24 20  
  38 32 40 31 23  
  39 43 49 40 32  
  40 54 62 49 43  
  41 66 70 62 54  
  42 82 84 70 66  
  43 98 102 84 82  
  44 116 121 102 98  
  45 19 28 26 17  
  46 22 30 28 19  
  47 24 33 30 22  
  48 31 41 33 24  
  49 40 48 41 31  
  50 49 55 48 40  
  51 62 69 55 49  
  52 70 80 69 62  
  53 84 96 80 70  
  54 102 111 96 84  
  55 121 126 111 102  
  56 28 36 35 26  
  57 30 39 36 28  
  58 33 42 39 30  
  59 41 50 42 33  
  60 48 56 50 41  
  61 55 65 56 48  
  62 69 77 65 55  
  63 80 87 77 69  
  64 96 104 87 80  
  65 111 119 104 96  
  66 126 133 119 111  
  67 36 47 45 35  
  68 39 52 47 36  
  69 42 53 52 39  
  70 50 59 53 42  
  71 56 68 59 50  
  72 65 78 68 56  
  73 77 86 78 65  
  74 87 99 86 77  
  75 104 114 99 87  
  76 119 130 114 104  
  77 133 141 130 119  
  78 47 60 58 45  
  79 52 64 60 47  
  80 53 67 64 52  
  81 59 71 67 53  
  82 68 81 71 59  
  83 78 90 81 68  
  84 86 100 90 78  
  85 99 113 100 86  
  86 114 124 113 99  
  87 130 137 124 114  
  88 141 150 137 130  
  89 60 74 73 58  
  90 64 79 74 60  
  91 67 83 79 64  
  92 71 85 83 67  
  93 81 95 85 71  
  94 90 103 95 81  
  95 100 115 103 90  
  96 113 123 115 100  
  97 124 135 123 113  
  98 137 147 135 124  
  99 150 158 147 137  
  100 74 91 89 73  
  101 79 93 91 74  
  102 83 97 93 79  
  103 85 101 97 83  
  104 95 109 101 85  
  105 103 118 109 95  
  106 115 129 118 103  
  107 123 136 129 115  
  108 135 146 136 123  
  109 147 155 146 135  
  110 158 164 155 147  
  111 91 108 106 89  
  112 93 112 108 91  
  113 97 117 112 93  
  114 101 120 117 97  
  115 109 127 120 101  
  116 118 132 127 109  
  117 129 142 132 118  
  118 136 149 142 129  
  119 146 157 149 136  
  120 155 165 157 146  
  121 164 175 165 155  
  122 108 125 122 106  
  123 112 128 125 108  
  124 117 131 128 112  
  125 120 134 131 117  
  126 127 138 134 120  
  127 132 145 138 127  
  128 142 151 145 132  
  129 149 161 151 142  
  130 157 167 161 149  
  131 165 176 167 157  
  132 175 185 176 165  
  133 125 140 139 122  
  134 128 143 140 125  
  135 131 144 143 128  
  136 134 148 144 131  
  137 138 152 148 134  
  138 145 159 152 138  
  139 151 163 159 145  
  140 161 172 163 151  
  141 167 178 172 161  
  142 176 187 178 167  
  143 185 195 187 176  
  144 140 154 153 139  
  145 143 156 154 140  
  146 144 160 156 143  
  147 148 162 160 144  
  148 152 166 162 148  
  149 159 171 166 152  
  150 163 177 171 159  
  151 172 183 177 163  
  152 178 190 183 172  
  153 187 198 190 178  
  154 195 204 198 187  
  155 154 169 168 153  
  156 156 170 169 154  
  157 160 173 170 156  
  158 162 174 173 160  
  159 166 179 174 162  
  160 171 184 179 166  
  161 177 189 184 171  
  162 183 192 189 177  
  163 190 202 192 183  
  164 198 209 202 190  
  165 204 215 209 198  
  166 169 181 180 168  
  167 170 182 181 169  
  168 173 186 182 170  
  169 174 188 186 173  
  170 179 191 188 174  
  171 184 196 191 179  
  172 189 200 196 184  
  173 192 205 200 189  
  174 202 212 205 192  
  175 209 218 212 202  
  176 215 227 218 209  
  177 181 194 193 180  
  178 182 197 194 181  
  179 186 199 197 182  
  180 188 201 199 186  
  181 191 203 201 188  
  182 196 207 203 191  
  183 200 213 207 196  
  184 205 217 213 200  
  185 212 223 217 205  
  186 218 230 223 212  
  187 227 237 230 218  
  188 194 208 206 193  
  189 197 210 208 194  
  190 199 211 210 197  
  191 201 214 211 199  
  192 203 216 214 201  
  193 207 219 216 203  
  194 213 225 219 207  
  195 217 229 225 213  
  196 223 235 229 217  
  197 230 240 235 223  
  198 237 245 240 230  
  199 208 221 220 206  
  200 210 222 221 208  
  201 211 224 222 210  
  202 214 226 224 211  
  203 216 228 226 214  
  204 219 231 228 216  
  205 225 238 231 219  
  206 229 241 238 225  
  207 235 244 241 229  
  208 240 247 244 235  
  209 245 250 247 240  
  210 221 233 232 220  
  211 222 234 233 221  
  212 224 236 234 222  
  213 226 239 236 224  
  214 228 242 239 226  
  215 231 243 242 228  
  216 238 246 243 231  
  217 241 248 246 238  
  218 244 249 248 241  
  219 247 251 249 244  
  220 250 252 251 247  
  END_ELEMENTS  
  COORDINATES  
   1   3.500000e+00 -5.000000e+00   
   2   4.000000e+00 -5.000000e+00   
   3   3.500000e+00 -4.500000e+00   
   4   4.000000e+00 -4.500000e+00   
   5   4.500000e+00 -5.000000e+00   
   6   3.500000e+00 -4.000000e+00   
   7   4.500000e+00 -4.500000e+00   
   8   4.000000e+00 -4.000000e+00   
   9   4.500000e+00 -4.000000e+00   
   10   5.000000e+00 -5.000000e+00   
   11   3.500000e+00 -3.500000e+00   
   12   5.000000e+00 -4.500000e+00   
   13   4.000000e+00 -3.500000e+00   
   14   5.000000e+00 -4.000000e+00   
   15   4.500000e+00 -3.500000e+00   
   16   5.500000e+00 -5.000000e+00   
   17   3.500000e+00 -3.000000e+00   
   18   5.500000e+00 -4.500000e+00   
   19   4.000000e+00 -3.000000e+00   
   20   5.000000e+00 -3.500000e+00   
   21   5.500000e+00 -4.000000e+00   
   22   4.500000e+00 -3.000000e+00   
   23   5.500000e+00 -3.500000e+00   
   24   5.000000e+00 -3.000000e+00   
   25   6.000000e+00 -5.000000e+00   
   26   3.500000e+00 -2.500000e+00   
   27   6.000000e+00 -4.500000e+00   
   28   4.000000e+00 -2.500000e+00   
   29   6.000000e+00 -4.000000e+00   
   30   4.500000e+00 -2.500000e+00   
   31   5.500000e+00 -3.000000e+00   
   32   6.000000e+00 -3.500000e+00   
   33   5.000000e+00 -2.500000e+00   
   34   6.500000e+00 -5.000000e+00   
   35   3.500000e+00 -2.000000e+00   
   36   4.000000e+00 -2.000000e+00   
   37   6.500000e+00 -4.500000e+00   
   38   6.500000e+00 -4.000000e+00   
   39   4.500000e+00 -2.000000e+00   
   40   6.000000e+00 -3.000000e+00   
   41   5.500000e+00 -2.500000e+00   
   42   5.000000e+00 -2.000000e+00   
   43   6.500000e+00 -3.500000e+00   
   44   7.000000e+00 -5.000000e+00   
   45   3.500000e+00 -1.500000e+00   
   46   7.000000e+00 -4.500000e+00   
   47   4.000000e+00 -1.500000e+00   
   48   6.000000e+00 -2.500000e+00   
   49   6.500000e+00 -3.000000e+00   
   50   5.500000e+00 -2.000000e+00   
   51   7.000000e+00 -4.000000e+00   
   52   4.500000e+00 -1.500000e+00   
   53   5.000000e+00 -1.500000e+00   
   54   7.000000e+00 -3.500000e+00   
   55   6.500000e+00 -2.500000e+00   
   56   6.000000e+00 -2.000000e+00   
   57   7.500000e+00 -5.000000e+00   
   58   3.500000e+00 -1.000000e+00   
   59   5.500000e+00 -1.500000e+00   
   60   4.000000e+00 -1.000000e+00   
   61   7.500000e+00 -4.500000e+00   
   62   7.000000e+00 -3.000000e+00   
   63   7.500000e+00 -4.000000e+00   
   64   4.500000e+00 -1.000000e+00   
   65   6.500000e+00 -2.000000e+00   
   66   7.500000e+00 -3.500000e+00   
   67   5.000000e+00 -1.000000e+00   
   68   6.000000e+00 -1.500000e+00   
   69   7.000000e+00 -2.500000e+00   
   70   7.500000e+00 -3.000000e+00   
   71   5.500000e+00 -1.000000e+00   
   72   8.000000e+00 -5.000000e+00   
   73   3.500000e+00 -5.000000e-01   
   74   4.000000e+00 -5.000000e-01   
   75   8.000000e+00 -4.500000e+00   
   76   8.000000e+00 -4.000000e+00   
   77   7.000000e+00 -2.000000e+00   
   78   6.500000e+00 -1.500000e+00   
   79   4.500000e+00 -5.000000e-01   
   80   7.500000e+00 -2.500000e+00   
   81   6.000000e+00 -1.000000e+00   
   82   8.000000e+00 -3.500000e+00   
   83   5.000000e+00 -5.000000e-01   
   84   8.000000e+00 -3.000000e+00   
   85   5.500000e+00 -5.000000e-01   
   86   7.000000e+00 -1.500000e+00   
   87   7.500000e+00 -2.000000e+00   
   88   8.500000e+00 -5.000000e+00   
   89   3.500000e+00  0.000000e+00   
   90   6.500000e+00 -1.000000e+00   
   91   4.000000e+00 -8.881784e-16   
   92   8.500000e+00 -4.500000e+00   
   93   4.500000e+00 -8.881784e-16   
   94   8.500000e+00 -4.000000e+00   
   95   6.000000e+00 -5.000000e-01   
   96   8.000000e+00 -2.500000e+00   
   97   5.000000e+00  0.000000e+00   
   98   8.500000e+00 -3.500000e+00   
   99   7.500000e+00 -1.500000e+00   
   100   7.000000e+00 -1.000000e+00   
   101   5.500000e+00 -8.881784e-16   
   102   8.500000e+00 -3.000000e+00   
   103   6.500000e+00 -5.000000e-01   
   104   8.000000e+00 -2.000000e+00   
   105   9.000000e+00 -5.000000e+00   
   106   3.500000e+00  5.000000e-01   
   107   9.000000e+00 -4.500000e+00   
   108   4.000000e+00  5.000000e-01   
   109   6.000000e+00  0.000000e+00   
   110   9.000000e+00 -4.000000e+00   
   111   8.500000e+00 -2.500000e+00   
   112   4.500000e+00  5.000000e-01   
   113   7.500000e+00 -1.000000e+00   
   114   8.000000e+00 -1.500000e+00   
   115   7.000000e+00 -5.000000e-01   
   116   9.000000e+00 -3.500000e+00   
   117   5.000000e+00  5.000000e-01   
   118   6.500000e+00  0.000000e+00   
   119   8.500000e+00 -2.000000e+00   
   120   5.500000e+00  5.000000e-01   
   121   9.000000e+00 -3.000000e+00   
   122   3.500000e+00  1.000000e+00   
   123   7.500000e+00 -5.000000e-01   
   124   8.000000e+00 -1.000000e+00   
   125   4.000000e+00  1.000000e+00   
   126   9.000000e+00 -2.500000e+00   
   127   6.000000e+00  5.000000e-01   
   128   4.500000e+00  1.000000e+00   
   129   7.000000e+00  0.000000e+00   
   130   8.500000e+00 -1.500000e+00   
   131   5.000000e+00  1.000000e+00   
   132   6.500000e+00  5.000000e-01   
   133   9.000000e+00 -2.000000e+00   
   134   5.500000e+00  1.000000e+00   
   135   8.000000e+00 -5.000000e-01   
   136   7.500000e+00  0.000000e+00   
   137   8.500000e+00 -1.000000e+00   
   138   6.000000e+00  1.000000e+00   
   139   3.500000e+00  1.500000e+00   
   140   4.000000e+00  1.500000e+00   
   141   9.000000e+00 -1.500000e+00   
   142   7.000000e+00  5.000000e-01   
   143   4.500000e+00  1.500000e+00   
   144   5.000000e+00  1.500000e+00   
   145   6.500000e+00  1.000000e+00   
   146   8.000000e+00 -8.881784e-16   
   147   8.500000e+00 -5.000000e-01   
   148   5.500000e+00  1.500000e+00   
   149   7.500000e+00  5.000000e-01   
   150   9.000000e+00 -1.000000e+00   
   151   7.000000e+00  1.000000e+00   
   152   6.000000e+00  1.500000e+00   
   153   3.500000e+00  2.000000e+00   
   154   4.000000e+00  2.000000e+00   
   155   8.500000e+00 -8.881784e-16   
   156   4.500000e+00  2.000000e+00   
   157   8.000000e+00  5.000000e-01   
   158   9.000000e+00 -5.000000e-01   
   159   6.500000e+00  1.500000e+00   
   160   5.000000e+00  2.000000e+00   
   161   7.500000e+00  1.000000e+00   
   162   5.500000e+00  2.000000e+00   
   163   7.000000e+00  1.500000e+00   
   164   9.000000e+00  0.000000e+00   
   165   8.500000e+00  5.000000e-01   
   166   6.000000e+00  2.000000e+00   
   167   8.000000e+00  1.000000e+00   
   168   3.500000e+00  2.500000e+00   
   169   4.000000e+00  2.500000e+00   
   170   4.500000e+00  2.500000e+00   
   171   6.500000e+00  2.000000e+00   
   172   7.500000e+00  1.500000e+00   
   173   5.000000e+00  2.500000e+00   
   174   5.500000e+00  2.500000e+00   
   175   9.000000e+00  5.000000e-01   
   176   8.500000e+00  1.000000e+00   
   177   7.000000e+00  2.000000e+00   
   178   8.000000e+00  1.500000e+00   
   179   6.000000e+00  2.500000e+00   
   180   3.500000e+00  3.000000e+00   
   181   4.000000e+00  3.000000e+00   
   182   4.500000e+00  3.000000e+00   
   183   7.500000e+00  2.000000e+00   
   184   6.500000e+00  2.500000e+00   
   185   9.000000e+00  1.000000e+00   
   186   5.000000e+00  3.000000e+00   
   187   8.500000e+00  1.500000e+00   
   188   5.500000e+00  3.000000e+00   
   189   7.000000e+00  2.500000e+00   
   190   8.000000e+00  2.000000e+00   
   191   6.000000e+00  3.000000e+00   
   192   7.500000e+00  2.500000e+00   
   193   3.500000e+00  3.500000e+00   
   194   4.000000e+00  3.500000e+00   
   195   9.000000e+00  1.500000e+00   
   196   6.500000e+00  3.000000e+00   
   197   4.500000e+00  3.500000e+00   
   198   8.500000e+00  2.000000e+00   
   199   5.000000e+00  3.500000e+00   
   200   7.000000e+00  3.000000e+00   
   201   5.500000e+00  3.500000e+00   
   202   8.000000e+00  2.500000e+00   
   203   6.000000e+00  3.500000e+00   
   204   9.000000e+00  2.000000e+00   
   205   7.500000e+00  3.000000e+00   
   206   3.500000e+00  4.000000e+00   
   207   6.500000e+00  3.500000e+00   
   208   4.000000e+00  4.000000e+00   
   209   8.500000e+00  2.500000e+00   
   210   4.500000e+00  4.000000e+00   
   211   5.000000e+00  4.000000e+00   
   212   8.000000e+00  3.000000e+00   
   213   7.000000e+00  3.500000e+00   
   214   5.500000e+00  4.000000e+00   
   215   9.000000e+00  2.500000e+00   
   216   6.000000e+00  4.000000e+00   
   217   7.500000e+00  3.500000e+00   
   218   8.500000e+00  3.000000e+00   
   219   6.500000e+00  4.000000e+00   
   220   3.500000e+00  4.500000e+00   
   221   4.000000e+00  4.500000e+00   
   222   4.500000e+00  4.500000e+00   
   223   8.000000e+00  3.500000e+00   
   224   5.000000e+00  4.500000e+00   
   225   7.000000e+00  4.000000e+00   
   226   5.500000e+00  4.500000e+00   
   227   9.000000e+00  3.000000e+00   
   228   6.000000e+00  4.500000e+00   
   229   7.500000e+00  4.000000e+00   
   230   8.500000e+00  3.500000e+00   
   231   6.500000e+00  4.500000e+00   
   232   3.500000e+00  5.000000e+00   
   233   4.000000e+00  5.000000e+00   
   234   4.500000e+00  5.000000e+00   
   235   8.000000e+00  4.000000e+00   
   236   5.000000e+00  5.000000e+00   
   237   9.000000e+00  3.500000e+00   
   238   7.000000e+00  4.500000e+00   
   239   5.500000e+00  5.000000e+00   
   240   8.500000e+00  4.000000e+00   
   241   7.500000e+00  4.500000e+00   
   242   6.000000e+00  5.000000e+00   
   243   6.500000e+00  5.000000e+00   
   244   8.000000e+00  4.500000e+00   
   245   9.000000e+00  4.000000e+00   
   246   7.000000e+00  5.000000e+00   
   247   8.500000e+00  4.500000e+00   
   248   7.500000e+00  5.000000e+00   
   249   8.000000e+00  5.000000e+00   
   250   9.000000e+00  4.500000e+00   
   251   8.500000e+00  5.000000e+00   
   252   9.000000e+00  5.000000e+00   
  END_COORDINATES
  BOUNDARIES, ELEMENT
    1         1     2         1     
    2         3     1         1     
    3         2     5         2     
    4         5     10         3     
    5         10     16         4     
    6         16     25         5     
    7         25     34         6     
    8         34     44         7     
    9         44     57         8     
    10         57     72         9     
    11         72     88         10     
    12         88     105         11     
    13         105     107         11     
    14         6     3         12     
    15         107     110         22     
    16         11     6         23     
    17         110     116         33     
    18         17     11         34     
    19         116     121         44     
    20         26     17         45     
    21         121     126         55     
    22         35     26         56     
    23         126     133         66     
    24         45     35         67     
    25         133     141         77     
    26         58     45         78     
    27         141     150         88     
    28         73     58         89     
    29         150     158         99     
    30         89     73         100     
    31         158     164         110     
    32         106     89         111     
    33         164     175         121     
    34         122     106         122     
    35         175     185         132     
    36         139     122         133     
    37         185     195         143     
    38         153     139         144     
    39         195     204         154     
    40         168     153         155     
    41         204     215         165     
    42         180     168         166     
    43         215     227         176     
    44         193     180         177     
    45         227     237         187     
    46         206     193         188     
    47         237     245         198     
    48         220     206         199     
    49         245     250         209     
    50         233     232         210     
    51         232     220         210     
    52         234     233         211     
    53         236     234         212     
    54         239     236         213     
    55         242     239         214     
    56         243     242         215     
    57         246     243         216     
    58         248     246         217     
    59         249     248         218     
    60         251     249         219     
    61         250     252         220     
    62         252     251         220     
  END_BOUNDARIES
  MATERIALS, NUMBER= 1, DEFAULT=1
  END_MATERIALS
  SUBDOMAINS
  END_SUBDOMAINS
  CHARACTERISTICS
  END_CHARACTERISTICS
