  NODES_PER_ELEMENT
   1 3
   2 3
   3 3
   4 3
   5 3
   6 3
   7 3
   8 3
   9 3
   10 3
   11 3
   12 3
   13 3
   14 3
   15 3
   16 3
   17 3
   18 3
   19 3
   20 3
   21 3
   22 3
   23 3
   24 3
   25 3
   26 3
   27 3
   28 3
   29 3
   30 3
   31 3
   32 3
   33 3
   34 3
   35 3
   36 3
   37 3
   38 3
   39 3
   40 3
   41 3
   42 3
   43 3
   44 3
   45 3
   46 3
   47 3
   48 3
   49 3
   50 3
   51 3
   52 3
   53 3
   54 3
   55 3
   56 3
   57 3
   58 3
   59 3
   60 3
   61 3
   62 3
   63 3
   64 3
   65 3
   66 3
   67 3
   68 3
   69 3
   70 3
   71 3
   72 3
   73 3
   74 3
   75 3
   76 3
   77 3
   78 3
   79 3
   80 3
   81 3
   82 3
   83 3
   84 3
   85 3
   86 3
   87 3
   88 3
   89 3
   90 3
   91 3
   92 3
   93 3
   94 3
   95 3
   96 3
   97 3
   98 3
   99 3
   100 3
   101 3
   102 3
   103 3
   104 3
   105 3
   106 3
   107 3
   108 3
   109 3
   110 3
   111 3
   112 3
   113 3
   114 3
   115 3
   116 3
   117 3
   118 3
   119 3
   120 3
   121 3
   122 3
   123 3
   124 3
   125 3
   126 3
   127 3
   128 3
   129 3
   130 3
   131 3
   132 3
   133 3
   134 3
   135 3
   136 3
   137 3
   138 3
   139 3
   140 3
   141 3
   142 3
   143 3
   144 3
   145 3
   146 3
   147 3
   148 3
   149 3
   150 3
   151 3
   152 3
   153 3
   154 3
   155 3
   156 3
   157 3
   158 3
   159 3
   160 3
   161 3
   162 3
   163 3
   164 3
   165 3
   166 3
   167 3
   168 3
   169 3
   170 3
   171 3
   172 3
   173 3
   174 3
   175 3
   176 3
   177 3
   178 3
   179 3
   180 3
   181 3
   182 3
   183 3
   184 3
   185 3
   186 3
   187 3
   188 3
   189 3
   190 3
   191 3
   192 3
   193 3
   194 3
   195 3
   196 3
   197 3
   198 3
   199 3
   200 3
   201 3
   202 3
   203 3
   204 3
   205 3
   206 3
   207 3
   208 3
   209 3
   210 3
   211 3
   212 3
   213 3
   214 3
   215 3
   216 3
   217 3
   218 3
   219 3
   220 3
   221 3
   222 3
   223 3
   224 3
   225 3
   226 3
   227 3
   228 3
   229 3
   230 3
   231 3
   232 3
   233 3
   234 3
   235 3
   236 3
   237 3
   238 3
   239 3
   240 3
   241 3
   242 3
   243 3
   244 3
   245 3
   246 3
   247 3
   248 3
   249 3
   250 3
   251 3
   252 3
   253 3
   254 3
   255 3
   256 3
   257 3
   258 3
   259 3
   260 3
   261 3
   262 3
   263 3
   264 3
   265 3
   266 3
   267 3
   268 3
   269 3
   270 3
   271 3
   272 3
   273 3
   274 3
   275 3
   276 3
   277 3
   278 3
   279 3
   280 3
   281 3
   282 3
   283 3
   284 3
   285 3
   286 3
   287 3
   288 3
   289 3
   290 3
   291 3
   292 3
   293 3
   294 3
   295 3
   296 3
   297 3
   298 3
   299 3
   300 3
   301 3
   302 3
   303 3
   304 3
   305 3
   306 3
   307 3
   308 3
   309 3
   310 3
   311 3
   312 3
   313 3
   314 3
   315 3
   316 3
   317 3
   318 3
   319 3
   320 3
   321 3
   322 3
   323 3
   324 3
   325 3
   326 3
   327 3
   328 3
   329 3
   330 3
   331 3
   332 3
   333 3
   334 3
   335 3
   336 3
   337 3
   338 3
   339 3
   340 3
   341 3
   342 3
   343 3
   344 3
   345 3
   346 3
   347 3
   348 3
   349 3
   350 3
   351 3
   352 3
   353 3
   354 3
   355 3
   356 3
   357 3
   358 3
   359 3
   360 3
   361 3
   362 3
   363 3
   364 3
   365 3
   366 3
   367 3
   368 3
   369 3
   370 3
   371 3
   372 3
   373 3
   374 3
   375 3
   376 3
   377 3
   378 3
  END_NODES_PER_ELEMENT
  ELEMENTS
  1 210 208 202  
  2 194 189 184  
  3 46 35 37  
  4 205 209 203  
  5 202 208 200  
  6 210 202 207  
  7 26 17 18  
  8 37 35 27  
  9 46 37 51  
  10 204 199 195  
  11 203 209 212  
  12 205 203 196  
  13 184 189 177  
  14 194 184 192  
  15 200 208 204  
  16 200 204 195  
  17 200 195 190  
  18 190 195 183  
  19 200 190 202  
  20 183 195 192  
  21 192 195 199  
  22 183 192 184  
  23 192 199 194  
  24 190 183 179  
  25 207 202 198  
  26 210 207 211  
  27 211 207 206  
  28 206 207 198  
  29 211 206 212  
  30 85 71 73  
  31 27 35 26  
  32 27 26 18  
  33 27 18 22  
  34 22 18 13  
  35 27 33 37  
  36 13 18 11  
  37 22 13 24  
  38 51 37 42  
  39 46 51 57  
  40 57 51 62  
  41 62 51 54  
  42 57 62 71  
  43 71 62 73  
  44 73 62 65  
  45 65 62 54  
  46 65 54 56  
  47 56 54 44  
  48 42 54 51  
  49 65 56 68  
  50 73 65 77  
  51 68 56 63  
  52 65 68 77  
  53 77 68 80  
  54 80 68 75  
  55 77 80 90  
  56 75 68 63  
  57 75 63 67  
  58 67 63 55  
  59 75 67 81  
  60 80 75 89  
  61 90 80 97  
  62 77 90 86  
  63 55 63 49  
  64 67 55 66  
  65 81 67 79  
  66 75 81 89  
  67 89 81 96  
  68 96 81 91  
  69 89 96 102  
  70 73 77 86  
  71 73 86 85  
  72 85 86 100  
  73 91 81 79  
  74 91 79 88  
  75 88 79 74  
  76 91 88 101  
  77 96 91 104  
  78 102 96 109  
  79 89 102 97  
  80 97 102 110  
  81 74 79 66  
  82 74 66 61  
  83 88 74 84  
  84 101 88 98  
  85 91 101 104  
  86 104 101 114  
  87 114 101 111  
  88 104 114 117  
  89 18 17 11  
  90 11 17 10  
  91 11 10 6  
  92 6 10 5  
  93 11 6 13  
  94 6 5 2  
  95 111 101 98  
  96 111 98 107  
  97 107 98 94  
  98 111 107 122  
  99 114 111 123  
  100 117 114 127  
  101 104 117 109  
  102 109 117 124  
  103 196 203 193  
  104 94 98 84  
  105 94 84 83  
  106 122 107 119  
  107 205 196 197  
  108 197 196 188  
  109 188 196 182  
  110 197 188 186  
  111 186 188 178  
  112 178 188 182  
  113 186 178 175  
  114 182 196 193  
  115 178 182 171  
  116 175 178 166  
  117 171 182 176  
  118 178 171 166  
  119 166 171 158  
  120 158 171 163  
  121 166 158 154  
  122 107 94 105  
  123 111 122 123  
  124 123 122 134  
  125 134 122 133  
  126 123 134 137  
  127 63 56 49  
  128 49 56 44  
  129 44 54 42  
  130 44 42 33  
  131 33 42 37  
  132 44 33 36  
  133 49 44 36  
  134 36 33 24  
  135 133 122 119  
  136 133 119 132  
  137 132 119 118  
  138 133 132 142  
  139 137 134 147  
  140 175 166 161  
  141 134 133 145  
  142 123 137 127  
  143 127 137 140  
  144 163 171 176  
  145 163 176 169  
  146 169 176 180  
  147 163 169 155  
  148 154 158 144  
  149 118 119 105  
  150 118 105 106  
  151 142 132 150  
  152 158 163 150  
  153 166 154 161  
  154 161 154 143  
  155 132 118 130  
  156 133 142 145  
  157 145 142 155  
  158 155 142 150  
  159 150 132 144  
  160 155 150 163  
  161 61 66 53  
  162 74 61 72  
  163 177 189 181  
  164 177 181 170  
  165 170 181 173  
  166 170 173 162  
  167 177 170 165  
  168 162 173 164  
  169 162 164 151  
  170 170 162 157  
  171 151 164 152  
  172 162 151 149  
  173 157 162 149  
  174 157 149 146  
  175 146 149 136  
  176 157 153 165  
  177 157 165 170  
  178 136 149 141  
  179 146 128 140  
  180 146 140 153  
  181 153 140 148  
  182 146 153 157  
  183 148 140 137  
  184 148 137 147  
  185 148 147 159  
  186 159 147 156  
  187 148 159 160  
  188 156 147 145  
  189 159 156 167  
  190 160 159 172  
  191 148 160 153  
  192 153 160 165  
  193 177 165 174  
  194 149 151 141  
  195 141 151 138  
  196 136 131 124  
  197 136 124 128  
  198 128 124 117  
  199 128 117 127  
  200 128 127 140  
  201 136 128 146  
  202 24 13 15  
  203 97 80 89  
  204 167 156 168  
  205 160 172 174  
  206 86 90 100  
  207 159 167 172  
  208 184 177 174  
  209 184 174 183  
  210 22 24 33  
  211 90 97 103  
  212 109 124 115  
  213 179 183 172  
  214 94 83 93  
  215 198 202 187  
  216 169 180 168  
  217 169 168 155  
  218 190 179 187  
  219 83 84 72  
  220 72 84 74  
  221 83 72 69  
  222 69 72 59  
  223 83 69 82  
  224 180 176 185  
  225 55 49 43  
  226 67 66 79  
  227 66 55 53  
  228 109 96 104  
  229 110 102 115  
  230 110 115 126  
  231 126 115 131  
  232 110 126 116  
  233 102 109 115  
  234 97 110 103  
  235 88 84 98  
  236 106 105 93  
  237 93 105 94  
  238 106 93 95  
  239 95 93 82  
  240 106 95 108  
  241 95 82 87  
  242 126 131 138  
  243 6 2 7  
  244 118 106 121  
  245 110 116 103  
  246 174 165 160  
  247 116 126 139  
  248 2 5 1  
  249 2 1 4  
  250 4 1 3  
  251 4 3 8  
  252 2 4 7  
  253 131 115 124  
  254 193 203 201  
  255 69 59 58  
  256 83 82 93  
  257 127 114 123  
  258 119 107 105  
  259 82 69 70  
  260 87 82 70  
  261 176 182 185  
  262 185 182 193  
  263 185 193 191  
  264 191 193 201  
  265 191 201 198  
  266 185 191 180  
  267 59 72 61  
  268 59 61 48  
  269 48 61 53  
  270 48 53 40  
  271 59 48 47  
  272 40 53 43  
  273 48 40 38  
  274 47 48 38  
  275 59 47 58  
  276 58 47 50  
  277 38 40 29  
  278 47 38 39  
  279 50 47 39  
  280 50 39 41  
  281 58 50 64  
  282 41 39 30  
  283 50 41 52  
  284 39 38 28  
  285 30 39 28  
  286 30 28 20  
  287 20 28 19  
  288 30 20 25  
  289 41 30 34  
  290 52 41 45  
  291 50 52 64  
  292 64 60 76  
  293 58 64 70  
  294 70 64 78  
  295 78 64 76  
  296 78 76 92  
  297 70 78 87  
  298 19 28 29  
  299 19 29 23  
  300 29 28 38  
  301 23 29 32  
  302 19 23 15  
  303 32 29 40  
  304 32 40 43  
  305 32 43 36  
  306 36 43 49  
  307 23 32 24  
  308 20 19 14  
  309 25 20 16  
  310 30 25 34  
  311 34 25 31  
  312 34 31 45  
  313 34 45 41  
  314 14 19 15  
  315 20 14 16  
  316 25 16 21  
  317 95 87 99  
  318 147 134 145  
  319 144 158 150  
  320 130 118 121  
  321 130 121 135  
  322 135 121 120  
  323 130 135 144  
  324 130 144 132  
  325 120 121 108  
  326 135 120 129  
  327 129 120 112  
  328 108 95 99  
  329 108 99 112  
  330 106 108 121  
  331 154 144 135  
  332 15 13 7  
  333 55 43 53  
  334 168 156 155  
  335 187 179 168  
  336 90 103 100  
  337 24 15 23  
  338 167 168 179  
  339 167 179 172  
  340 190 187 202  
  341 138 131 141  
  342 141 131 136  
  343 201 203 212  
  344 69 58 70  
  345 99 87 92  
  346 126 138 139  
  347 139 138 152  
  348 6 7 13  
  349 87 78 92  
  350 120 108 112  
  351 156 145 155  
  352 22 33 27  
  353 103 116 113  
  354 8 12 9  
  355 9 12 16  
  356 8 9 4  
  357 16 14 9  
  358 212 206 201  
  359 201 206 198  
  360 112 99 92  
  361 152 138 151  
  362 32 36 24  
  363 191 198 187  
  364 31 25 21  
  365 103 113 100  
  366 125 113 116  
  367 125 116 139  
  368 60 64 52  
  369 60 52 45  
  370 129 143 135  
  371 12 21 16  
  372 174 172 183  
  373 15 7 14  
  374 180 191 187  
  375 135 143 154  
  376 168 180 187  
  377 4 9 7  
  378 9 14 7  
  END_ELEMENTS  
  COORDINATES  
   1   5.135593e+00  3.990471e+00   
   2   5.345853e+00  3.670084e+00   
   3   4.728814e+00  3.855576e+00   
   4   4.963699e+00  3.542543e+00   
   5   5.644068e+00  3.936086e+00   
   6   5.725746e+00  3.546106e+00   
   7   5.428327e+00  3.278778e+00   
   8   4.423729e+00  3.568144e+00   
   9   4.623021e+00  3.218166e+00   
   10   6.051091e+00  3.772727e+00   
   11   6.108741e+00  3.405862e+00   
   12   4.220339e+00  3.211158e+00   
   13   5.917511e+00  3.062310e+00   
   14   5.003259e+00  2.754837e+00   
   15   5.510666e+00  2.747160e+00   
   16   4.593086e+00  2.770416e+00   
   17   6.457627e+00  3.520480e+00   
   18   6.391729e+00  3.127686e+00   
   19   5.183304e+00  2.397998e+00   
   20   4.785155e+00  2.419902e+00   
   21   4.066084e+00  2.772727e+00   
   22   6.273389e+00  2.813058e+00   
   23   5.577530e+00  2.388200e+00   
   24   5.950625e+00  2.491674e+00   
   25   4.386492e+00  2.428262e+00   
   26   6.762712e+00  3.272604e+00   
   27   6.672765e+00  2.917259e+00   
   28   4.961634e+00  2.066539e+00   
   29   5.355116e+00  2.062560e+00   
   30   4.582381e+00  2.080944e+00   
   31   3.960800e+00  2.318182e+00   
   32   5.752378e+00  2.030003e+00   
   33   6.433191e+00  2.355663e+00   
   34   4.183439e+00  2.102244e+00   
   35   7.067797e+00  2.967693e+00   
   36   6.189710e+00  2.045328e+00   
   37   6.907562e+00  2.575418e+00   
   38   5.154542e+00  1.716919e+00   
   39   4.757365e+00  1.723433e+00   
   40   5.553024e+00  1.715386e+00   
   41   4.365977e+00  1.746873e+00   
   42   6.787765e+00  2.226670e+00   
   43   5.986322e+00  1.709011e+00   
   44   6.582497e+00  2.009152e+00   
   45   3.888629e+00  1.863636e+00   
   46   7.303965e+00  2.681818e+00   
   47   4.958729e+00  1.381023e+00   
   48   5.357021e+00  1.373709e+00   
   49   6.384436e+00  1.671824e+00   
   50   4.566197e+00  1.409759e+00   
   51   7.179889e+00  2.303402e+00   
   52   4.181645e+00  1.482948e+00   
   53   5.731928e+00  1.364453e+00   
   54   6.982196e+00  1.957463e+00   
   55   6.153658e+00  1.345863e+00   
   56   6.747440e+00  1.654451e+00   
   57   7.553902e+00  2.318182e+00   
   58   4.757806e+00  1.065966e+00   
   59   5.156529e+00  1.035241e+00   
   60   3.831168e+00  1.318182e+00   
   61   5.529084e+00  1.019941e+00   
   62   7.380574e+00  1.964652e+00   
   63   6.549395e+00  1.308097e+00   
   64   4.256252e+00  1.076292e+00   
   65   7.130611e+00  1.664756e+00   
   66   5.928237e+00  1.016176e+00   
   67   6.326622e+00  9.879283e-01   
   68   6.948338e+00  1.313318e+00   
   69   4.930857e+00  7.054427e-01   
   70   4.531845e+00  7.321565e-01   
   71   7.755956e+00  1.954545e+00   
   72   5.328112e+00  6.743336e-01   
   73   7.519685e+00  1.632501e+00   
   74   5.727904e+00  6.738083e-01   
   75   6.716656e+00  9.909724e-01   
   76   3.801268e+00  8.636364e-01   
   77   7.296529e+00  1.303402e+00   
   78   4.136225e+00  6.738164e-01   
   79   6.124957e+00  6.431965e-01   
   80   7.112572e+00  9.620906e-01   
   81   6.524343e+00  6.430507e-01   
   82   4.708513e+00  3.733916e-01   
   83   5.107335e+00  3.481832e-01   
   84   5.506611e+00  3.411277e-01   
   85   7.916934e+00  1.590909e+00   
   86   7.695352e+00  1.321736e+00   
   87   4.308887e+00  3.788155e-01   
   88   5.905461e+00  3.173509e-01   
   89   6.889411e+00  6.310394e-01   
   90   7.534120e+00  9.947798e-01   
   91   6.298336e+00  3.155453e-01   
   92   3.782875e+00  3.181818e-01   
   93   4.903062e+00  4.468123e-03   
   94   5.302871e+00 -6.805587e-06   
   95   4.505024e+00  3.059065e-02   
   96   6.695485e+00  2.908222e-01   
   97   7.316531e+00  6.188754e-01   
   98   5.700770e+00 -2.579403e-02   
   99   4.105129e+00  3.470046e-02   
   100   8.067463e+00  1.136364e+00   
   101   6.100307e+00 -2.995839e-02   
   102   7.093401e+00  2.893864e-01   
   103   7.716275e+00  6.262107e-01   
   104   6.475388e+00 -4.255714e-02   
   105   5.084294e+00 -3.346272e-01   
   106   4.684861e+00 -3.254645e-01   
   107   5.483431e+00 -3.555152e-01   
   108   4.285735e+00 -3.036124e-01   
   109   6.893193e+00 -5.630362e-02   
   110   7.491794e+00  2.598904e-01   
   111   5.878302e+00 -3.608917e-01   
   112   3.781490e+00 -2.272727e-01   
   113   8.165145e+00  6.818182e-01   
   114   6.276218e+00 -3.824727e-01   
   115   7.292391e+00 -7.836480e-02   
   116   7.891339e+00  2.602478e-01   
   117   6.674685e+00 -3.876417e-01   
   118   4.878049e+00 -6.751914e-01   
   119   5.276530e+00 -6.974785e-01   
   120   4.121323e+00 -5.948026e-01   
   121   4.478232e+00 -6.678267e-01   
   122   5.676150e+00 -7.045815e-01   
   123   6.058500e+00 -7.175840e-01   
   124   7.073127e+00 -4.126833e-01   
   125   8.213268e+00  2.272727e-01   
   126   7.695931e+00 -1.421369e-01   
   127   6.470958e+00 -7.314382e-01   
   128   6.776854e+00 -6.675162e-01   
   129   3.796959e+00 -7.727273e-01   
   130   4.645517e+00 -9.584855e-01   
   131   7.485542e+00 -4.281201e-01   
   132   5.060762e+00 -1.030015e+00   
   133   5.457086e+00 -1.037986e+00   
   134   5.855552e+00 -1.057293e+00   
   135   4.241643e+00 -1.037868e+00   
   136   7.155294e+00 -7.649866e-01   
   137   6.254408e+00 -1.065100e+00   
   138   7.806911e+00 -5.482931e-01   
   139   8.207612e+00 -3.181818e-01   
   140   6.653260e+00 -1.086856e+00   
   141   7.552339e+00 -7.292846e-01   
   142   5.251959e+00 -1.380341e+00   
   143   3.823999e+00 -1.227273e+00   
   144   4.568901e+00 -1.381527e+00   
   145   5.639554e+00 -1.393643e+00   
   146   7.004914e+00 -1.129764e+00   
   147   6.048201e+00 -1.407540e+00   
   148   6.394936e+00 -1.388705e+00   
   149   7.380472e+00 -1.088980e+00   
   150   4.935376e+00 -1.559913e+00   
   151   7.756094e+00 -9.562889e-01   
   152   8.149367e+00 -7.727273e-01   
   153   6.850945e+00 -1.398538e+00   
   154   4.240658e+00 -1.609724e+00   
   155   5.286665e+00 -1.731853e+00   
   156   5.843466e+00 -1.747569e+00   
   157   7.290793e+00 -1.376706e+00   
   158   4.601613e+00 -1.779957e+00   
   159   6.240358e+00 -1.744023e+00   
   160   6.635299e+00 -1.704556e+00   
   161   3.877153e+00 -1.772727e+00   
   162   7.686858e+00 -1.343591e+00   
   163   4.958266e+00 -1.959029e+00   
   164   8.041339e+00 -1.227273e+00   
   165   7.126466e+00 -1.704639e+00   
   166   4.276883e+00 -2.007160e+00   
   167   6.065958e+00 -2.020375e+00   
   168   5.645208e+00 -2.094758e+00   
   169   5.242811e+00 -2.132288e+00   
   170   7.524781e+00 -1.697974e+00   
   171   4.623119e+00 -2.175695e+00   
   172   6.472274e+00 -2.068983e+00   
   173   7.881356e+00 -1.681269e+00   
   174   6.936864e+00 -2.056386e+00   
   175   3.944141e+00 -2.227273e+00   
   176   4.984135e+00 -2.347111e+00   
   177   7.336243e+00 -2.043303e+00   
   178   4.297516e+00 -2.405584e+00   
   179   6.128483e+00 -2.446539e+00   
   180   5.339782e+00 -2.528687e+00   
   181   7.709324e+00 -2.045455e+00   
   182   4.654480e+00 -2.573039e+00   
   183   6.623232e+00 -2.484908e+00   
   184   7.101532e+00 -2.366300e+00   
   185   5.032399e+00 -2.682811e+00   
   186   4.041484e+00 -2.681818e+00   
   187   5.759788e+00 -2.771659e+00   
   188   4.334853e+00 -2.783033e+00   
   189   7.496291e+00 -2.409091e+00   
   190   6.237385e+00 -2.830715e+00   
   191   5.301706e+00 -2.934109e+00   
   192   6.920757e+00 -2.710718e+00   
   193   4.881893e+00 -3.031108e+00   
   194   7.271186e+00 -2.725302e+00   
   195   6.612922e+00 -2.931625e+00   
   196   4.491864e+00 -3.118360e+00   
   197   4.188920e+00 -3.136364e+00   
   198   5.560826e+00 -3.252853e+00   
   199   6.994910e+00 -3.045455e+00   
   200   6.376215e+00 -3.193946e+00   
   201   5.151895e+00 -3.326121e+00   
   202   6.033869e+00 -3.274522e+00   
   203   4.760542e+00 -3.455714e+00   
   204   6.710114e+00 -3.318182e+00   
   205   4.376583e+00 -3.500000e+00   
   206   5.424441e+00 -3.611237e+00   
   207   5.693255e+00 -3.599467e+00   
   208   6.357284e+00 -3.590909e+00   
   209   4.627119e+00 -3.783296e+00   
   210   6.050847e+00 -3.772862e+00   
   211   5.570721e+00 -3.954545e+00   
   212   5.033898e+00 -3.975397e+00   
  END_COORDINATES
  BOUNDARIES, ELEMENT
    1         210     208         1     
    2         194     189         2     
    3         46     35         3     
    4         205     209         4     
    5         26     17         7     
    6         204     199         10     
    7         209     212         11     
    8         208     204         15     
    9         199     194         23     
    10         211     210         26     
    11         212     211         29     
    12         85     71         30     
    13         35     26         31     
    14         57     46         39     
    15         71     57         42     
    16         100     85         72     
    17         17     10         90     
    18         10     5         92     
    19         197     205         107     
    20         186     197         110     
    21         175     186         113     
    22         161     175         140     
    23         143     161         154     
    24         189     181         163     
    25         181     173         165     
    26         173     164         168     
    27         164     152         171     
    28         5     1         248     
    29         1     3         250     
    30         3     8         251     
    31         60     76         292     
    32         76     92         296     
    33         31     45         312     
    34         112     129         327     
    35         152     139         347     
    36         8     12         354     
    37         92     112         360     
    38         21     31         364     
    39         113     100         365     
    40         125     113         366     
    41         139     125         367     
    42         45     60         369     
    43         129     143         370     
    44         12     21         371     
  END_BOUNDARIES
  MATERIALS, NUMBER= 1, DEFAULT=1
  END_MATERIALS
  SUBDOMAINS
  END_SUBDOMAINS
  CHARACTERISTICS
  END_CHARACTERISTICS
