  NODES_PER_ELEMENT
   1 6
   2 6
   3 6
   4 6
   5 6
   6 6
   7 6
   8 6
   9 6
   10 6
   11 6
   12 6
   13 6
   14 6
   15 6
   16 6
   17 6
   18 6
   19 6
   20 6
   21 6
   22 6
   23 6
   24 6
   25 6
   26 6
   27 6
   28 6
   29 6
   30 6
   31 6
   32 6
   33 6
   34 6
   35 6
   36 6
   37 6
   38 6
   39 6
   40 6
   41 6
   42 6
   43 6
   44 6
   45 6
   46 6
   47 6
   48 6
   49 6
   50 6
   51 6
   52 6
   53 6
   54 6
   55 6
   56 6
   57 6
   58 6
   59 6
   60 6
   61 6
   62 6
   63 6
   64 6
   65 6
   66 6
   67 6
   68 6
   69 6
   70 6
   71 6
   72 6
   73 6
   74 6
   75 6
   76 6
   77 6
   78 6
   79 6
   80 6
   81 6
   82 6
   83 6
   84 6
   85 6
   86 6
   87 6
   88 6
   89 6
   90 6
   91 6
   92 6
   93 6
   94 6
   95 6
   96 6
   97 6
   98 6
   99 6
   100 6
   101 6
   102 6
   103 6
   104 6
   105 6
   106 6
   107 6
   108 6
   109 6
   110 6
   111 6
   112 6
  END_NODES_PER_ELEMENT
  ELEMENTS
  1 255 249 252 253 250 254  
  2 120 110 80 113 94 98  
  3 125 156 143 141 150 134  
  4 80 110 67 94 86 75  
  5 120 80 95 98 88 109  
  6 143 156 174 150 165 157  
  7 95 80 63 88 71 78  
  8 120 95 135 109 114 127  
  9 174 156 187 165 170 179  
  10 63 80 53 71 66 57  
  11 135 95 119 114 107 126  
  12 53 80 67 66 75 60  
  13 119 95 81 107 91 97  
  14 135 119 151 126 136 142  
  15 81 95 63 91 78 72  
  16 119 81 104 97 93 112  
  17 151 119 140 136 129 144  
  18 104 81 74 93 77 90  
  19 119 104 140 112 124 129  
  20 74 81 51 77 65 62  
  21 140 104 133 124 122 138  
  22 51 81 63 65 72 55  
  23 74 51 46 62 48 59  
  24 133 104 100 122 102 118  
  25 140 133 164 138 149 153  
  26 46 51 30 48 40 36  
  27 74 46 68 59 56 69  
  28 100 104 74 102 90 84  
  29 164 133 159 149 147 162  
  30 30 51 37 40 42 32  
  31 68 46 47 56 45 58  
  32 159 133 130 147 131 145  
  33 164 159 186 162 173 176  
  34 37 51 63 42 55 49  
  35 130 133 100 131 118 116  
  36 164 186 192 176 189 178  
  37 130 100 101 116 99 117  
  38 192 186 213 189 200 202  
  39 101 100 68 99 82 83  
  40 130 101 137 117 121 132  
  41 213 186 209 200 197 211  
  42 101 68 76 83 73 89  
  43 137 101 111 121 103 123  
  44 209 186 183 197 184 195  
  45 76 68 47 73 58 61  
  46 111 101 76 103 89 92  
  47 183 186 159 184 173 171  
  48 111 76 87 92 79 96  
  49 183 159 161 171 158 172  
  50 161 159 130 158 145 146  
  51 183 161 188 172 175 185  
  52 161 130 137 146 132 148  
  53 188 161 166 175 163 177  
  54 166 161 137 163 148 152  
  55 188 166 193 177 180 191  
  56 193 166 174 180 168 182  
  57 188 193 216 191 205 203  
  58 216 193 218 205 206 217  
  59 188 216 210 203 214 199  
  60 218 193 204 206 198 212  
  61 210 216 234 214 225 224  
  62 188 210 183 199 196 185  
  63 204 193 174 198 182 190  
  64 234 216 248 225 235 243  
  65 183 210 209 196 208 195  
  66 209 210 232 208 221 220  
  67 232 210 234 221 224 233  
  68 209 232 230 220 229 219  
  69 232 234 252 233 246 245  
  70 230 232 249 229 242 240  
  71 249 232 252 242 245 250  
  72 47 46 26 45 33 35  
  73 26 46 30 33 36 27  
  74 47 26 31 35 29 39  
  75 26 30 13 27 21 19  
  76 13 30 18 21 23 15  
  77 26 13 14 19 12 20  
  78 18 30 37 23 32 28  
  79 18 37 38 28 34 24  
  80 209 230 213 219 222 211  
  81 192 169 164 181 167 178  
  82 164 169 140 167 155 153  
  83 140 169 151 155 160 144  
  84 125 143 111 134 128 115  
  85 137 111 143 123 128 139  
  86 14 31 26 22 29 20  
  87 74 68 100 69 82 84  
  88 187 215 204 201 207 194  
  89 1 5 6 2 4 3  
  90 54 87 76 70 79 64  
  91 37 63 53 49 57 44  
  92 37 53 38 44 43 34  
  93 76 47 54 61 50 64  
  94 218 204 239 212 223 228  
  95 13 18 6 15 10 7  
  96 110 105 67 108 85 86  
  97 143 174 166 157 168 154  
  98 31 54 47 41 50 39  
  99 5 14 13 9 12 8  
  100 216 218 248 217 236 235  
  101 215 237 239 226 238 227  
  102 87 125 111 106 115 96  
  103 174 187 204 179 194 190  
  104 166 137 143 152 139 154  
  105 17 6 18 11 10 16  
  106 17 18 38 16 24 25  
  107 244 248 218 247 236 231  
  108 244 218 239 231 228 241  
  109 67 38 53 52 43 60  
  110 248 252 234 251 246 243  
  111 5 13 6 8 7 4  
  112 204 215 239 207 227 223  
  END_ELEMENTS  
  COORDINATES  
   1   3.500000e+00  5.000000e+00   
   2   3.500000e+00  4.500000e+00   
   3   4.050000e+00  5.000000e+00   
   4   4.050000e+00  4.500000e+00   
   5   3.500000e+00  4.000000e+00   
   6   4.600000e+00  5.000000e+00   
   7   4.634936e+00  4.250000e+00   
   8   4.084936e+00  3.750000e+00   
   9   3.500000e+00  3.500000e+00   
   10   5.067949e+00  4.500000e+00   
   11   5.150000e+00  5.000000e+00   
   12   4.084936e+00  3.250000e+00   
   13   4.669873e+00  3.500000e+00   
   14   3.500000e+00  3.000000e+00   
   15   5.102886e+00  3.750000e+00   
   16   5.617949e+00  4.500000e+00   
   17   5.700000e+00  5.000000e+00   
   18   5.535898e+00  4.000000e+00   
   19   4.669873e+00  3.000000e+00   
   20   4.084936e+00  2.750000e+00   
   21   5.102886e+00  3.250000e+00   
   22   3.500000e+00  2.500000e+00   
   23   5.535898e+00  3.500000e+00   
   24   6.167949e+00  4.500000e+00   
   25   6.250000e+00  5.000000e+00   
   26   4.669873e+00  2.500000e+00   
   27   5.102886e+00  2.750000e+00   
   28   6.002084e+00  3.791667e+00   
   29   4.084936e+00  2.250000e+00   
   30   5.535898e+00  3.000000e+00   
   31   3.500000e+00  2.000000e+00   
   32   6.002084e+00  3.291667e+00   
   33   5.102886e+00  2.250000e+00   
   34   6.634135e+00  4.291667e+00   
   35   4.669873e+00  2.000000e+00   
   36   5.535898e+00  2.500000e+00   
   37   6.468270e+00  3.583333e+00   
   38   6.800000e+00  5.000000e+00   
   39   4.084936e+00  1.750000e+00   
   40   5.968911e+00  2.750000e+00   
   41   3.500000e+00  1.500000e+00   
   42   6.435097e+00  3.041667e+00   
   43   7.053120e+00  4.516667e+00   
   44   6.887255e+00  3.808333e+00   
   45   5.102886e+00  1.750000e+00   
   46   5.535898e+00  2.000000e+00   
   47   4.669873e+00  1.500000e+00   
   48   5.968911e+00  2.250000e+00   
   49   6.868110e+00  3.291667e+00   
   50   4.084936e+00  1.250000e+00   
   51   6.401924e+00  2.500000e+00   
   52   7.350000e+00  5.000000e+00   
   53   7.306240e+00  4.033333e+00   
   54   3.500000e+00  1.000000e+00   
   55   6.834936e+00  2.750000e+00   
   56   5.535898e+00  1.500000e+00   
   57   7.287094e+00  3.516667e+00   
   58   5.102886e+00  1.250000e+00   
   59   5.968911e+00  1.750000e+00   
   60   7.603120e+00  4.516667e+00   
   61   4.669873e+00  1.000000e+00   
   62   6.401924e+00  2.000000e+00   
   63   7.267949e+00  3.000000e+00   
   64   4.084936e+00  7.500000e-01   
   65   6.834936e+00  2.250000e+00   
   66   7.700609e+00  3.808333e+00   
   67   7.900000e+00  5.000000e+00   
   68   5.535898e+00  1.000000e+00   
   69   5.968911e+00  1.250000e+00   
   70   3.500000e+00  5.000000e-01   
   71   7.681464e+00  3.291667e+00   
   72   7.267949e+00  2.500000e+00   
   73   5.102886e+00  7.500000e-01   
   74   6.401924e+00  1.500000e+00   
   75   7.997489e+00  4.291667e+00   
   76   4.669873e+00  5.000000e-01   
   77   6.834936e+00  1.750000e+00   
   78   7.700962e+00  2.750000e+00   
   79   4.084936e+00  2.500000e-01   
   80   8.094979e+00  3.583333e+00   
   81   7.267949e+00  2.000000e+00   
   82   5.968911e+00  7.500000e-01   
   83   5.535898e+00  5.000000e-01   
   84   6.401924e+00  1.000000e+00   
   85   8.450000e+00  5.000000e+00   
   86   8.450000e+00  4.500000e+00   
   87   3.500000e+00 -8.881784e-16   
   88   8.114477e+00  3.041667e+00   
   89   5.102886e+00  2.500000e-01   
   90   6.834936e+00  1.250000e+00   
   91   7.700962e+00  2.250000e+00   
   92   4.669873e+00 -3.552714e-15   
   93   7.267949e+00  1.500000e+00   
   94   8.547489e+00  3.791667e+00   
   95   8.133975e+00  2.500000e+00   
   96   4.084936e+00 -2.500000e-01   
   97   7.700962e+00  1.750000e+00   
   98   8.547489e+00  3.291667e+00   
   99   5.968911e+00  2.500000e-01   
   100   6.401924e+00  5.000000e-01   
   101   5.535898e+00 -3.552714e-15   
   102   6.834936e+00  7.500000e-01   
   103   5.102886e+00 -2.500000e-01   
   104   7.267949e+00  1.000000e+00   
   105   9.000000e+00  5.000000e+00   
   106   3.500000e+00 -5.000000e-01   
   107   8.133975e+00  2.000000e+00   
   108   9.000000e+00  4.500000e+00   
   109   8.566987e+00  2.750000e+00   
   110   9.000000e+00  4.000000e+00   
   111   4.669873e+00 -5.000000e-01   
   112   7.700962e+00  1.250000e+00   
   113   9.000000e+00  3.500000e+00   
   114   8.566987e+00  2.250000e+00   
   115   4.084936e+00 -7.500000e-01   
   116   6.401924e+00 -2.664535e-15   
   117   5.968911e+00 -2.500000e-01   
   118   6.834936e+00  2.500000e-01   
   119   8.133975e+00  1.500000e+00   
   120   9.000000e+00  3.000000e+00   
   121   5.535898e+00 -5.000000e-01   
   122   7.267949e+00  5.000000e-01   
   123   5.102886e+00 -7.500000e-01   
   124   7.700962e+00  7.500000e-01   
   125   3.500000e+00 -1.000000e+00   
   126   8.566987e+00  1.750000e+00   
   127   9.000000e+00  2.500000e+00   
   128   4.517949e+00 -1.000000e+00   
   129   8.133975e+00  1.000000e+00   
   130   6.401924e+00 -5.000000e-01   
   131   6.834936e+00 -2.500000e-01   
   132   5.968911e+00 -7.500000e-01   
   133   7.267949e+00 -2.220446e-15   
   134   3.933013e+00 -1.250000e+00   
   135   9.000000e+00  2.000000e+00   
   136   8.566987e+00  1.250000e+00   
   137   5.535898e+00 -1.000000e+00   
   138   7.700962e+00  2.500000e-01   
   139   4.950962e+00 -1.250000e+00   
   140   8.133975e+00  5.000000e-01   
   141   3.500000e+00 -1.500000e+00   
   142   9.000000e+00  1.500000e+00   
   143   4.366025e+00 -1.500000e+00   
   144   8.566987e+00  7.500000e-01   
   145   6.834936e+00 -7.500000e-01   
   146   6.401924e+00 -1.000000e+00   
   147   7.267949e+00 -5.000000e-01   
   148   5.968911e+00 -1.250000e+00   
   149   7.700962e+00 -2.500000e-01   
   150   3.933013e+00 -1.750000e+00   
   151   9.000000e+00  1.000000e+00   
   152   5.535898e+00 -1.500000e+00   
   153   8.133975e+00 -4.440892e-16   
   154   4.950962e+00 -1.750000e+00   
   155   8.566987e+00  2.500000e-01   
   156   3.500000e+00 -2.000000e+00   
   157   4.366025e+00 -2.000000e+00   
   158   6.834936e+00 -1.250000e+00   
   159   7.267949e+00 -1.000000e+00   
   160   9.000000e+00  5.000000e-01   
   161   6.401924e+00 -1.500000e+00   
   162   7.700962e+00 -7.500000e-01   
   163   5.968911e+00 -1.750000e+00   
   164   8.133975e+00 -5.000000e-01   
   165   3.933013e+00 -2.250000e+00   
   166   5.535898e+00 -2.000000e+00   
   167   8.566987e+00 -2.500000e-01   
   168   4.950962e+00 -2.250000e+00   
   169   9.000000e+00  8.881784e-16   
   170   3.500000e+00 -2.500000e+00   
   171   7.267949e+00 -1.500000e+00   
   172   6.834936e+00 -1.750000e+00   
   173   7.700962e+00 -1.250000e+00   
   174   4.366025e+00 -2.500000e+00   
   175   6.401924e+00 -2.000000e+00   
   176   8.133975e+00 -1.000000e+00   
   177   5.968911e+00 -2.250000e+00   
   178   8.566987e+00 -7.500000e-01   
   179   3.933013e+00 -2.750000e+00   
   180   5.535898e+00 -2.500000e+00   
   181   9.000000e+00 -5.000000e-01   
   182   4.950962e+00 -2.750000e+00   
   183   7.267949e+00 -2.000000e+00   
   184   7.700962e+00 -1.750000e+00   
   185   6.834936e+00 -2.250000e+00   
   186   8.133975e+00 -1.500000e+00   
   187   3.500000e+00 -3.000000e+00   
   188   6.401924e+00 -2.500000e+00   
   189   8.566987e+00 -1.250000e+00   
   190   4.517949e+00 -3.000000e+00   
   191   5.968911e+00 -2.750000e+00   
   192   9.000000e+00 -1.000000e+00   
   193   5.535898e+00 -3.000000e+00   
   194   4.084936e+00 -3.250000e+00   
   195   7.700962e+00 -2.250000e+00   
   196   7.267949e+00 -2.500000e+00   
   197   8.133975e+00 -2.000000e+00   
   198   5.102886e+00 -3.250000e+00   
   199   6.834936e+00 -2.750000e+00   
   200   8.566987e+00 -1.750000e+00   
   201   3.500000e+00 -3.500000e+00   
   202   9.000000e+00 -1.500000e+00   
   203   6.435097e+00 -3.041667e+00   
   204   4.669873e+00 -3.500000e+00   
   205   6.002084e+00 -3.291667e+00   
   206   5.535898e+00 -3.500000e+00   
   207   4.084936e+00 -3.750000e+00   
   208   7.700962e+00 -2.750000e+00   
   209   8.133975e+00 -2.500000e+00   
   210   7.267949e+00 -3.000000e+00   
   211   8.566987e+00 -2.250000e+00   
   212   5.102886e+00 -3.750000e+00   
   213   9.000000e+00 -2.000000e+00   
   214   6.868110e+00 -3.291667e+00   
   215   3.500000e+00 -4.000000e+00   
   216   6.468270e+00 -3.583333e+00   
   217   6.002084e+00 -3.791667e+00   
   218   5.535898e+00 -4.000000e+00   
   219   8.566987e+00 -2.750000e+00   
   220   8.114477e+00 -3.041667e+00   
   221   7.681464e+00 -3.291667e+00   
   222   9.000000e+00 -2.500000e+00   
   223   4.634936e+00 -4.250000e+00   
   224   7.287094e+00 -3.516667e+00   
   225   6.887255e+00 -3.808333e+00   
   226   3.500000e+00 -4.500000e+00   
   227   4.050000e+00 -4.500000e+00   
   228   5.067949e+00 -4.500000e+00   
   229   8.547489e+00 -3.291667e+00   
   230   9.000000e+00 -3.000000e+00   
   231   5.617949e+00 -4.500000e+00   
   232   8.094979e+00 -3.583333e+00   
   233   7.700609e+00 -3.808333e+00   
   234   7.306240e+00 -4.033333e+00   
   235   6.634135e+00 -4.291667e+00   
   236   6.167949e+00 -4.500000e+00   
   237   3.500000e+00 -5.000000e+00   
   238   4.050000e+00 -5.000000e+00   
   239   4.600000e+00 -5.000000e+00   
   240   9.000000e+00 -3.500000e+00   
   241   5.150000e+00 -5.000000e+00   
   242   8.547489e+00 -3.791667e+00   
   243   7.053120e+00 -4.516667e+00   
   244   5.700000e+00 -5.000000e+00   
   245   7.997489e+00 -4.291667e+00   
   246   7.603120e+00 -4.516667e+00   
   247   6.250000e+00 -5.000000e+00   
   248   6.800000e+00 -5.000000e+00   
   249   9.000000e+00 -4.000000e+00   
   250   8.450000e+00 -4.500000e+00   
   251   7.350000e+00 -5.000000e+00   
   252   7.900000e+00 -5.000000e+00   
   253   9.000000e+00 -4.500000e+00   
   254   8.450000e+00 -5.000000e+00   
   255   9.000000e+00 -5.000000e+00   
  END_COORDINATES
  BOUNDARIES, ELEMENT
    1         252     255     254         1     
    2         255     249     253         1     
    3         120     110     113         2     
    4         125     156     141         3     
    5         135     120     127         8     
    6         156     187     170         9     
    7         151     135     142         14     
    8         213     192     202         38     
    9         249     230     240         70     
    10         230     213     222         80     
    11         192     169     181         81     
    12         169     151     160         83     
    13         14     31     22         86     
    14         187     215     201         88     
    15         6     1     3         89     
    16         1     5     2         89     
    17         54     87     70         90     
    18         110     105     108         96     
    19         105     67     85         96     
    20         31     54     41         98     
    21         5     14     9         99     
    22         237     239     238         101     
    23         215     237     226         101     
    24         87     125     106         102     
    25         17     6     11         105     
    26         38     17     25         106     
    27         244     248     247         107     
    28         239     244     241         108     
    29         67     38     52         109     
    30         248     252     251         110     
  END_BOUNDARIES
  MATERIALS, NUMBER= 1, DEFAULT=1
  END_MATERIALS
  SUBDOMAINS
  END_SUBDOMAINS
  CHARACTERISTICS
  END_CHARACTERISTICS
