  NODES_PER_ELEMENT
   1 3
   2 3
   3 3
   4 3
   5 3
   6 3
   7 3
   8 3
   9 3
   10 3
   11 3
   12 3
   13 3
   14 3
   15 3
   16 3
   17 3
   18 3
   19 3
   20 3
   21 3
   22 3
   23 3
   24 3
   25 3
   26 3
   27 3
   28 3
   29 3
   30 3
   31 3
   32 3
   33 3
   34 3
   35 3
   36 3
   37 3
   38 3
   39 3
   40 3
   41 3
   42 3
   43 3
   44 3
   45 3
   46 3
   47 3
   48 3
   49 3
   50 3
   51 3
   52 3
   53 3
   54 3
   55 3
   56 3
   57 3
   58 3
   59 3
   60 3
   61 3
   62 3
   63 3
   64 3
   65 3
   66 3
   67 3
   68 3
   69 3
   70 3
   71 3
   72 3
   73 3
   74 3
   75 3
   76 3
   77 3
   78 3
   79 3
   80 3
   81 3
   82 3
   83 3
   84 3
   85 3
   86 3
   87 3
   88 3
   89 3
   90 3
   91 3
   92 3
   93 3
   94 3
   95 3
   96 3
   97 3
   98 3
   99 3
   100 3
   101 3
   102 3
   103 3
   104 3
   105 3
   106 3
   107 3
   108 3
   109 3
   110 3
   111 3
   112 3
   113 3
   114 3
   115 3
   116 3
   117 3
   118 3
   119 3
   120 3
   121 3
   122 3
   123 3
   124 3
   125 3
   126 3
   127 3
   128 3
   129 3
   130 3
   131 3
   132 3
   133 3
   134 3
   135 3
   136 3
   137 3
   138 3
   139 3
   140 3
   141 3
   142 3
   143 3
   144 3
   145 3
   146 3
   147 3
   148 3
   149 3
   150 3
   151 3
   152 3
   153 3
   154 3
   155 3
   156 3
   157 3
   158 3
   159 3
   160 3
   161 3
   162 3
   163 3
   164 3
   165 3
   166 3
   167 3
   168 3
   169 3
   170 3
  END_NODES_PER_ELEMENT
  ELEMENTS
  1 67 58 61  
  2 58 51 50  
  3 41 47 43  
  4 47 55 48  
  5 25 33 26  
  6 33 41 34  
  7 55 64 56  
  8 64 72 66  
  9 78 71 70  
  10 71 67 61  
  11 43 47 48  
  12 43 48 44  
  13 41 43 34  
  14 34 43 44  
  15 48 55 56  
  16 48 56 44  
  17 61 58 50  
  18 61 50 49  
  19 50 51 40  
  20 56 64 66  
  21 56 66 59  
  22 66 72 74  
  23 26 33 34  
  24 26 34 28  
  25 25 26 20  
  26 70 71 61  
  27 78 70 79  
  28 49 50 38  
  29 61 49 60  
  30 59 66 69  
  31 56 59 44  
  32 28 34 44  
  33 26 28 22  
  34 99 95 93  
  35 40 51 37  
  36 40 37 30  
  37 30 37 27  
  38 40 30 38  
  39 40 38 50  
  40 74 72 82  
  41 74 82 80  
  42 66 74 69  
  43 69 74 80  
  44 20 26 22  
  45 20 22 14  
  46 25 20 17  
  47 17 20 14  
  48 14 22 16  
  49 79 70 73  
  50 78 79 85  
  51 85 79 83  
  52 83 79 73  
  53 85 83 92  
  54 49 38 39  
  55 60 49 52  
  56 61 60 70  
  57 59 69 63  
  58 22 28 24  
  59 93 95 88  
  60 99 93 96  
  61 80 82 91  
  62 16 22 24  
  63 16 24 23  
  64 23 24 29  
  65 16 23 15  
  66 14 16 9  
  67 73 70 60  
  68 39 38 31  
  69 49 39 52  
  70 60 52 62  
  71 63 69 75  
  72 59 63 53  
  73 24 28 32  
  74 29 24 32  
  75 29 32 36  
  76 36 32 42  
  77 29 36 35  
  78 23 29 31  
  79 15 23 19  
  80 16 15 9  
  81 9 15 6  
  82 6 15 12  
  83 9 6 4  
  84 88 95 92  
  85 88 92 83  
  86 93 88 86  
  87 96 93 89  
  88 99 96 101  
  89 101 96 98  
  90 98 96 89  
  91 101 98 100  
  92 100 98 94  
  93 94 98 90  
  94 100 94 97  
  95 97 94 91  
  96 90 98 89  
  97 90 89 84  
  98 84 89 86  
  99 90 84 87  
  100 94 90 87  
  101 87 84 75  
  102 42 32 44  
  103 42 44 53  
  104 42 53 46  
  105 46 53 57  
  106 42 46 36  
  107 36 46 45  
  108 45 46 54  
  109 36 45 35  
  110 35 45 39  
  111 35 39 31  
  112 39 45 52  
  113 52 45 54  
  114 54 46 57  
  115 54 57 65  
  116 52 54 62  
  117 65 57 68  
  118 54 65 62  
  119 57 53 63  
  120 57 63 68  
  121 68 63 75  
  122 68 75 76  
  123 76 75 84  
  124 76 84 86  
  125 68 77 65  
  126 12 15 19  
  127 12 19 21  
  128 12 21 13  
  129 9 4 7  
  130 6 12 8  
  131 14 9 7  
  132 14 7 17  
  133 29 35 31  
  134 4 6 2  
  135 31 38 30  
  136 75 69 80  
  137 32 28 44  
  138 21 31 30  
  139 12 13 8  
  140 8 13 10  
  141 8 10 5  
  142 19 31 21  
  143 13 21 18  
  144 60 62 73  
  145 73 62 65  
  146 59 53 44  
  147 19 23 31  
  148 86 88 81  
  149 89 93 86  
  150 7 4 3  
  151 6 8 2  
  152 4 2 1  
  153 81 88 83  
  154 81 83 73  
  155 86 81 77  
  156 77 81 73  
  157 86 77 76  
  158 76 77 68  
  159 2 8 5  
  160 2 5 1  
  161 11 17 7  
  162 11 7 3  
  163 27 18 21  
  164 13 18 10  
  165 30 27 21  
  166 80 91 87  
  167 80 87 75  
  168 65 77 73  
  169 94 87 91  
  170 1 3 4  
  END_ELEMENTS  
  COORDINATES  
   1   5.576271e+00  3.307042e+00   
   2   5.982083e+00  2.796484e+00   
   3   4.919072e+00  2.989899e+00   
   4   5.536165e+00  2.570532e+00   
   5   6.300682e+00  3.151515e+00   
   6   5.954448e+00  2.297351e+00   
   7   4.992873e+00  2.334451e+00   
   8   6.402304e+00  2.519438e+00   
   9   5.510149e+00  2.071621e+00   
   10   6.770405e+00  2.828283e+00   
   11   4.565617e+00  2.505051e+00   
   12   6.370354e+00  2.020563e+00   
   13   6.705619e+00  2.291747e+00   
   14   5.062752e+00  1.849404e+00   
   15   5.922065e+00  1.800051e+00   
   16   5.477316e+00  1.573157e+00   
   17   4.363482e+00  2.020202e+00   
   18   7.197551e+00  2.343434e+00   
   19   6.340194e+00  1.526210e+00   
   20   4.631830e+00  1.610647e+00   
   21   6.856314e+00  1.744174e+00   
   22   5.028010e+00  1.357986e+00   
   23   5.893697e+00  1.301575e+00   
   24   5.445851e+00  1.085787e+00   
   25   4.200051e+00  1.373737e+00   
   26   4.594550e+00  1.119557e+00   
   27   7.489057e+00  1.858586e+00   
   28   4.999143e+00  8.641211e-01   
   29   5.914863e+00  7.827382e-01   
   30   7.257660e+00  1.280905e+00   
   31   6.633760e+00  8.877707e-01   
   32   5.414973e+00  5.870711e-01   
   33   4.149826e+00  9.696970e-01   
   34   4.544325e+00  7.155162e-01   
   35   6.249660e+00  4.923608e-01   
   36   5.826578e+00  3.063388e-01   
   37   7.743526e+00  1.212121e+00   
   38   7.057546e+00  6.230675e-01   
   39   6.617585e+00  3.883707e-01   
   40   7.471336e+00  8.391592e-01   
   41   4.099601e+00  5.656566e-01   
   42   5.479928e+00  1.244575e-01   
   43   4.422150e+00  3.178911e-01   
   44   4.908191e+00  1.446479e-01   
   45   6.255516e+00  9.658548e-02   
   46   5.818598e+00 -9.599455e-02   
   47   4.091687e+00  1.616162e-01   
   48   4.430907e+00  1.750287e-03   
   49   7.043289e+00  1.287093e-01   
   50   7.468180e+00  3.474354e-01   
   51   7.879991e+00  5.656566e-01   
   52   6.638873e+00 -1.630024e-01   
   53   5.395264e+00 -3.200441e-01   
   54   6.211703e+00 -3.959350e-01   
   55   4.083772e+00 -2.424242e-01   
   56   4.519594e+00 -4.107735e-01   
   57   5.809484e+00 -5.907362e-01   
   58   7.895591e+00  1.616162e-01   
   59   4.967430e+00 -5.781587e-01   
   60   7.095620e+00 -3.630779e-01   
   61   7.523461e+00 -1.999109e-01   
   62   6.601860e+00 -5.830360e-01   
   63   5.403720e+00 -8.196376e-01   
   64   4.116194e+00 -6.464646e-01   
   65   6.199338e+00 -8.830480e-01   
   66   4.552016e+00 -8.148139e-01   
   67   7.911190e+00 -2.424242e-01   
   68   5.744648e+00 -1.083336e+00   
   69   4.946513e+00 -1.106554e+00   
   70   7.400132e+00 -7.851703e-01   
   71   7.850225e+00 -6.464646e-01   
   72   4.148615e+00 -1.050505e+00   
   73   6.863765e+00 -1.110117e+00   
   74   4.568757e+00 -1.306536e+00   
   75   5.373626e+00 -1.467637e+00   
   76   5.825506e+00 -1.555671e+00   
   77   6.277098e+00 -1.521169e+00   
   78   7.789260e+00 -1.050505e+00   
   79   7.350752e+00 -1.275596e+00   
   80   4.813531e+00 -1.652544e+00   
   81   6.749513e+00 -1.684918e+00   
   82   4.270535e+00 -1.696970e+00   
   83   7.144166e+00 -1.708285e+00   
   84   5.697892e+00 -1.949528e+00   
   85   7.610169e+00 -1.595424e+00   
   86   6.264595e+00 -1.962226e+00   
   87   5.205791e+00 -2.027961e+00   
   88   6.843788e+00 -2.175909e+00   
   89   5.991986e+00 -2.345469e+00   
   90   5.524308e+00 -2.411187e+00   
   91   4.488417e+00 -2.343434e+00   
   92   7.307473e+00 -2.181818e+00   
   93   6.466382e+00 -2.502921e+00   
   94   5.138493e+00 -2.621185e+00   
   95   6.936144e+00 -2.666667e+00   
   96   6.093359e+00 -2.834924e+00   
   97   4.773956e+00 -2.828283e+00   
   98   5.601197e+00 -2.903824e+00   
   99   6.568074e+00 -2.989899e+00   
   100   5.237288e+00 -3.212419e+00   
   101   5.915254e+00 -3.288971e+00   
  END_COORDINATES
  BOUNDARIES, ELEMENT
    1         67     58         1     
    2         58     51         2     
    3         41     47         3     
    4         47     55         4     
    5         25     33         5     
    6         33     41         6     
    7         55     64         7     
    8         64     72         8     
    9         78     71         9     
    10         71     67         10     
    11         99     95         34     
    12         51     37         35     
    13         37     27         37     
    14         72     82         40     
    15         17     25         46     
    16         85     78         50     
    17         92     85         53     
    18         82     91         61     
    19         95     92         84     
    20         101     99         88     
    21         100     101         91     
    22         97     100         94     
    23         91     97         95     
    24         10     5         141     
    25         5     1         160     
    26         11     17         161     
    27         3     11         162     
    28         27     18         163     
    29         18     10         164     
    30         1     3         170     
  END_BOUNDARIES
  MATERIALS, NUMBER= 1, DEFAULT=1
  END_MATERIALS
  SUBDOMAINS
  END_SUBDOMAINS
  CHARACTERISTICS
  END_CHARACTERISTICS
